1, 0, 232.7142857142857, 69.42857142857143, 7.2857142857142865, 17.57142857142857, -1, -1, -1, -1
2, 0, 231.64964233115478, 68.73602318152622, 8.35035766884521, 19.66699668238106, -1, -1, -1, -1
3, 0, 230.58499894802384, 68.04347493448101, 9.415001051976134, 21.762564793333553, -1, -1, -1, -1
4, 0, 229.52035556489292, 67.35092668743582, 10.479644435107048, 23.858132904286045, -1, -1, -1, -1
5, 0, 228.455712181762, 66.6583784403906, 11.544287818237962, 25.953701015238536, -1, -1, -1, -1
6, 0, 227.39106879863107, 65.9658301933454, 12.60893120136889, 28.049269126191025, -1, -1, -1, -1
7, 0, 226.32642541550015, 65.27328194630019, 13.673574584499818, 30.144837237143513, -1, -1, -1, -1
8, 0, 225.2617820323751, 64.58073369925982, 14.738217967624863, 30.72470113990877, -1, -1, -1, -1
9, 0, 224.19713864925004, 63.88818545221946, 15.802861350749907, 31.304565042674028, -1, -1, -1, -1
10, 0, 223.13249526612498, 63.195637205179096, 16.86750473387495, 31.884428945439286, -1, -1, -1, -1
11, 0, 222.06785188299992, 62.50308895813873, 17.93214811699999, 32.46429284820454, -1, -1, -1, -1
12, 0, 221.0032084998788, 62.302574450562815, 18.996791500121116, 32.756724790792575, -1, -1, -1, -1
13, 0, 219.9385651167577, 62.1020599429869, 20.061434883242242, 33.04915673338061, -1, -1, -1, -1
14, 0, 218.8739217336366, 61.90154543541098, 21.126078266363372, 33.34158867596866, -1, -1, -1, -1
15, 0, 217.80927835051548, 61.701030927835056, 22.1907216494845, 33.634020618556704, -1, -1, -1, -1
16, 0, 216.78075462102538, 61.681701030923804, 23.219245378974627, 33.698453608243646, -1, -1, -1, -1
17, 0, 215.75223089153525, 61.662371134012545, 24.24776910846475, 33.76288659793059, -1, -1, -1, -1
18, 0, 214.72370716204512, 61.64304123710129, 25.27629283795487, 33.827319587617524, -1, -1, -1, -1
19, 0, 213.69518343255498, 61.62371134019004, 26.304816567444988, 33.89175257730446, -1, -1, -1, -1
20, 0, 212.66665970306485, 61.60438144327879, 27.33334029693512, 33.9561855669914, -1, -1, -1, -1
21, 0, 211.63813597357472, 61.58505154636754, 28.361864026425252, 34.02061855667834, -1, -1, -1, -1
22, 0, 210.6096122440846, 61.56572164945628, 29.39038775591537, 34.08505154636529, -1, -1, -1, -1
23, 0, 209.58108851459448, 61.54639175254503, 30.418911485405488, 34.149484536052235, -1, -1, -1, -1
24, 0, 208.55256478510438, 61.527061855633775, 31.44743521489559, 34.21391752573918, -1, -1, -1, -1
25, 0, 207.52404105561425, 61.507731958722516, 32.475958944385695, 34.27835051542611, -1, -1, -1, -1
26, 0, 206.49551732612412, 61.488402061811264, 33.504482673875835, 34.342783505113054, -1, -1, -1, -1
27, 0, 205.46699359663398, 61.46907216490001, 34.533006403365974, 34.4072164948, -1, -1, -1, -1
28, 0, 204.52003607518736, 61.449742267991674, 35.47996392481257, 34.47164948449166, -1, -1, -1, -1
29, 0, 203.57307855374077, 61.430412371083335, 36.42692144625917, 34.53608247418332, -1, -1, -1, -1
30, 0, 202.62612103229418, 61.411082474175004, 37.373878967705764, 34.600515463874984, -1, -1, -1, -1
31, 0, 201.6791635108476, 61.391752577266665, 38.320836489152356, 34.664948453566645, -1, -1, -1, -1
32, 0, 200.732205989401, 61.372422680358326, 39.26779401059896, 34.729381443258305, -1, -1, -1, -1
33, 0, 199.78524846795437, 61.353092783449995, 40.21475153204557, 34.79381443294996, -1, -1, -1, -1
34, 0, 198.83829094650775, 61.333762886541656, 41.161709053492174, 34.85824742264162, -1, -1, -1, -1
35, 0, 197.89133342506116, 61.31443298963332, 42.10866657493878, 34.92268041233328, -1, -1, -1, -1
36, 0, 196.94437590361457, 61.29510309272498, 43.05562409638537, 34.987113402024946, -1, -1, -1, -1
37, 0, 195.99741838216798, 61.27577319581664, 44.002581617831964, 35.05154639171661, -1, -1, -1, -1
38, 0, 195.0504608607214, 61.25644329890831, 44.94953913927858, 35.115979381408266, -1, -1, -1, -1
39, 0, 194.10350333927477, 61.23711340199997, 45.89649666072519, 35.180412371099926, -1, -1, -1, -1
40, 0, 193.27477022944632, 61.21778350509997, 46.725229770553646, 35.24484536079994, -1, -1, -1, -1
41, 0, 192.44603711961787, 61.19845360819997, 47.5539628803821, 35.30927835049995, -1, -1, -1, -1
42, 0, 191.6173040097894, 61.179123711299965, 48.382695990210564, 35.37371134019996, -1, -1, -1, -1
43, 0, 190.78857089996094, 61.15979381439997, 49.21142910003903, 35.43814432989996, -1, -1, -1, -1
44, 0, 189.9598377901325, 61.14046391749997, 50.04016220986748, 35.50257731959998, -1, -1, -1, -1
45, 0, 189.13110468030405, 61.12113402059997, 50.86889531969594, 35.567010309299995, -1, -1, -1, -1
46, 0, 188.3437899827276, 61.10180412369585, 51.65621001727239, 35.63144329898711, -1, -1, -1, -1
47, 0, 187.55647528515115, 61.08247422679173, 52.44352471484885, 35.695876288674214, -1, -1, -1, -1
48, 0, 186.7691605875747, 61.06314432988761, 53.23083941242528, 35.76030927836133, -1, -1, -1, -1
49, 0, 185.98184588999825, 61.043814432983496, 54.01815411000172, 35.82474226804845, -1, -1, -1, -1
50, 0, 185.1945311924218, 61.02448453607938, 54.805468807578166, 35.889175257735566, -1, -1, -1, -1
51, 0, 184.40721649484536, 61.00515463917526, 55.59278350515461, 35.95360824742268, -1, -1, -1, -1
52, 0, 183.69974226804283, 61.02835051546553, 56.30025773195713, 35.98840206185476, -1, -1, -1, -1
53, 0, 182.99226804124032, 61.0515463917558, 57.00773195875965, 36.02319587628683, -1, -1, -1, -1
54, 0, 182.28479381443782, 61.074742268046066, 57.71520618556217, 36.057989690718905, -1, -1, -1, -1
55, 0, 181.5773195876353, 61.09793814433633, 58.422680412364684, 36.09278350515098, -1, -1, -1, -1
56, 0, 180.86984536083276, 61.1211340206266, 59.1301546391672, 36.127577319583054, -1, -1, -1, -1
57, 0, 180.16237113403025, 61.14432989691687, 59.83762886596972, 36.16237113401512, -1, -1, -1, -1
58, 0, 179.45489690722775, 61.167525773207146, 60.54510309277224, 36.197164948447195, -1, -1, -1, -1
59, 0, 178.74742268042522, 61.19072164949741, 61.252577319574755, 36.231958762879266, -1, -1, -1, -1
60, 0, 178.03994845362269, 61.21391752578768, 61.9600515463773, 36.266752577311344, -1, -1, -1, -1
61, 0, 177.33247422682015, 61.237113402077945, 62.66752577317985, 36.30154639174342, -1, -1, -1, -1
62, 0, 176.62500000001762, 61.26030927836821, 63.374999999982364, 36.33634020617549, -1, -1, -1, -1
63, 0, 175.91752577321512, 61.283505154658485, 64.08247422678488, 36.37113402060757, -1, -1, -1, -1
64, 0, 175.21005154641261, 61.30670103094876, 64.7899484535874, 36.405927835039634, -1, -1, -1, -1
65, 0, 174.50257731961008, 61.329896907239025, 65.49742268038992, 36.440721649471705, -1, -1, -1, -1
66, 0, 173.79510309280755, 61.35309278352929, 66.20489690719243, 36.47551546390378, -1, -1, -1, -1
67, 0, 173.08762886600505, 61.37628865981956, 66.91237113399495, 36.51030927833586, -1, -1, -1, -1
68, 0, 172.38015463920254, 61.399484536109824, 67.61984536079746, 36.54510309276793, -1, -1, -1, -1
69, 0, 171.6726804124, 61.4226804124001, 68.32731958759997, 36.5798969072, -1, -1, -1, -1
70, 0, 170.96520618558128, 61.44587628867424, 68.87081439093353, 36.61469072164124, -1, -1, -1, -1
71, 0, 170.25773195876258, 61.46907216494838, 69.41430919426708, 36.649484536082475, -1, -1, -1, -1
72, 0, 169.59278350515433, 61.49999999999993, 69.48967414552347, 36.641752577319586, -1, -1, -1, -1
73, 0, 168.9278350515461, 61.53092783505148, 69.56503909677986, 36.6340206185567, -1, -1, -1, -1
74, 0, 168.26288659793786, 61.56185567010303, 69.64040404803625, 36.626288659793815, -1, -1, -1, -1
75, 0, 167.59793814432962, 61.59278350515457, 69.71576899929264, 36.618556701030926, -1, -1, -1, -1
76, 0, 166.9329896907214, 61.62371134020612, 69.79113395054902, 36.61082474226804, -1, -1, -1, -1
77, 0, 166.26804123711315, 61.65463917525767, 69.86649890180541, 36.60309278350516, -1, -1, -1, -1
78, 0, 165.6030927835049, 61.68556701030922, 69.9418638530618, 36.59536082474227, -1, -1, -1, -1
79, 0, 164.9381443298967, 61.71649484536077, 70.0172288043182, 36.58762886597938, -1, -1, -1, -1
80, 0, 164.27319587628847, 61.74742268041232, 70.09259375557458, 36.579896907216494, -1, -1, -1, -1
81, 0, 163.60824742268022, 61.77835051546387, 70.16795870683097, 36.572164948453604, -1, -1, -1, -1
82, 0, 162.94329896907198, 61.80927835051541, 70.24332365808736, 36.564432989690715, -1, -1, -1, -1
83, 0, 162.27835051546373, 61.84020618556696, 70.31868860934375, 36.55670103092783, -1, -1, -1, -1
84, 0, 161.61340206185548, 61.87113402061851, 70.39405356060014, 36.548969072164944, -1, -1, -1, -1
85, 0, 160.94845360824726, 61.90206185567006, 70.46941851185653, 36.541237113402055, -1, -1, -1, -1
86, 0, 160.28350515463904, 61.93298969072161, 70.54478346311292, 36.53350515463917, -1, -1, -1, -1
87, 0, 159.6185567010308, 61.96391752577316, 70.62014841436931, 36.52577319587629, -1, -1, -1, -1
88, 0, 158.95360824742255, 61.99484536082471, 70.6955133656257, 36.5180412371134, -1, -1, -1, -1
89, 0, 158.28865979381433, 62.02577319587626, 70.77087831688209, 36.51030927835051, -1, -1, -1, -1
90, 0, 157.62371134020609, 62.05670103092781, 70.84624326813848, 36.50257731958763, -1, -1, -1, -1
91, 0, 156.95876288659784, 62.087628865979354, 70.92160821939487, 36.49484536082474, -1, -1, -1, -1
92, 0, 156.29381443298962, 62.118556701030904, 70.99697317065126, 36.48711340206185, -1, -1, -1, -1
93, 0, 155.62886597938137, 62.149484536082454, 71.07233812190765, 36.47938144329896, -1, -1, -1, -1
94, 0, 154.96391752577313, 62.180412371134004, 71.14770307316404, 36.47164948453607, -1, -1, -1, -1
95, 0, 154.2989690721649, 62.211340206185554, 71.22306802442043, 36.463917525773184, -1, -1, -1, -1
96, 0, 153.6340206185567, 62.242268041237104, 71.29843297567682, 36.4561855670103, -1, -1, -1, -1
97, 0, 152.96907216494844, 62.27319587628865, 71.37379792693321, 36.44845360824742, -1, -1, -1, -1
98, 0, 152.3041237113402, 62.304123711340196, 71.4491628781896, 36.44072164948453, -1, -1, -1, -1
99, 0, 151.63917525773195, 62.335051546391746, 71.52452782944599, 36.43298969072165, -1, -1, -1, -1
100, 0, 150.9742268041237, 62.365979381443296, 71.59989278070238, 36.425257731958766, -1, -1, -1, -1
101, 0, 150.30927835051548, 62.396907216494846, 71.67525773195877, 36.41752577319588, -1, -1, -1, -1
102, 0, 149.4902633442575, 62.43095634735069, 71.70227220812772, 36.419088579534986, -1, -1, -1, -1
103, 0, 148.67124833799951, 62.46500547820653, 71.72928668429668, 36.4206513858741, -1, -1, -1, -1
104, 0, 147.85223333174156, 62.49905460906237, 71.75630116046564, 36.422214192213225, -1, -1, -1, -1
105, 0, 147.03321832548357, 62.53310373991821, 71.7833156366346, 36.42377699855235, -1, -1, -1, -1
106, 0, 146.2142033192256, 62.56715287077405, 71.81033011280356, 36.425339804891465, -1, -1, -1, -1
107, 0, 145.3951883129676, 62.6012020016299, 71.83734458897251, 36.426902611230574, -1, -1, -1, -1
108, 0, 144.57617330670962, 62.63525113248574, 71.86435906514147, 36.4284654175697, -1, -1, -1, -1
109, 0, 143.75715830045166, 62.66930026334158, 71.89137354131043, 36.43002822390882, -1, -1, -1, -1
110, 0, 142.93814329419368, 62.703349394197424, 71.91838801747939, 36.43159103024794, -1, -1, -1, -1
111, 0, 142.1191282879357, 62.737398525053266, 71.94540249364834, 36.43315383658705, -1, -1, -1, -1
112, 0, 141.30011328167774, 62.77144765590911, 71.9724169698173, 36.434716642926176, -1, -1, -1, -1
113, 0, 140.48109827541975, 62.80549678676495, 71.99943144598626, 36.4362794492653, -1, -1, -1, -1
114, 0, 139.66208326916177, 62.839545917620796, 72.02644592215522, 36.43784225560441, -1, -1, -1, -1
115, 0, 138.84306826290378, 62.87359504847664, 72.05346039832418, 36.439405061943525, -1, -1, -1, -1
116, 0, 138.0240532566458, 62.90764417933248, 72.08047487449313, 36.44096786828265, -1, -1, -1, -1
117, 0, 137.20503825038784, 62.94169331018832, 72.10748935066209, 36.44253067462177, -1, -1, -1, -1
118, 0, 136.38602324412986, 62.97574244104416, 72.13450382683104, 36.44409348096089, -1, -1, -1, -1
119, 0, 135.56700823787187, 63.0097915719, 72.161518303, 36.4456562873, -1, -1, -1, -1
120, 0, 134.5027790578941, 63.04666576653, 72.21220044332, 36.45313600968, -1, -1, -1, -1
121, 0, 133.43854987791633, 63.08353996116, 72.26288258364002, 36.460615732060006, -1, -1, -1, -1
122, 0, 132.37432069793857, 63.12041415579, 72.31356472396001, 36.468095454440004, -1, -1, -1, -1
123, 0, 131.31009151796079, 63.15728835042, 72.36424686428, 36.47557517682001, -1, -1, -1, -1
124, 0, 130.245862337983, 63.19416254505, 72.41492900460001, 36.483054899200006, -1, -1, -1, -1
125, 0, 129.18163315800524, 63.23103673968, 72.46561114492002, 36.490534621580004, -1, -1, -1, -1
126, 0, 128.11740397802748, 63.267910934309995, 72.51629328524001, 36.49801434396001, -1, -1, -1, -1
127, 0, 127.05317479804971, 63.30478512894, 72.56697542555999, 36.505494066340006, -1, -1, -1, -1
128, 0, 125.98894561807194, 63.34165932357, 72.61765756588, 36.512973788720004, -1, -1, -1, -1
129, 0, 124.92471643809417, 63.378533518199994, 72.6683397062, 36.5204535111, -1, -1, -1, -1
130, 0, 123.71362199730085, 63.41540771282547, 72.78562740698531, 36.527933233475814, -1, -1, -1, -1
131, 0, 122.50252755650753, 63.45228190745095, 72.90291510777062, 36.535412955851626, -1, -1, -1, -1
132, 0, 121.2914331157142, 63.489156102076436, 73.02020280855592, 36.542892678227425, -1, -1, -1, -1
133, 0, 120.08033867492088, 63.52603029670192, 73.13749050934123, 36.55037240060322, -1, -1, -1, -1
134, 0, 118.86924423412756, 63.5629044913274, 73.25477821012655, 36.55785212297903, -1, -1, -1, -1
135, 0, 117.65814979333425, 63.59977868595288, 73.37206591091186, 36.56533184535484, -1, -1, -1, -1
136, 0, 116.44705535254093, 63.63665288057836, 73.48935361169717, 36.57281156773064, -1, -1, -1, -1
137, 0, 115.2359609117476, 63.67352707520384, 73.60664131248247, 36.58029129010644, -1, -1, -1, -1
138, 0, 114.02486647095428, 63.71040126982932, 73.72392901326776, 36.58777101248225, -1, -1, -1, -1
139, 0, 112.81377203016096, 63.7472754644548, 73.84121671405308, 36.59525073485806, -1, -1, -1, -1
140, 0, 111.43732236234132, 63.76148641587803, 73.82075581989777, 36.591882777832254, -1, -1, -1, -1
141, 0, 110.06087269452166, 63.77569736730126, 73.80029492574246, 36.58851482080644, -1, -1, -1, -1
142, 0, 108.684423026702, 63.78990831872449, 73.77983403158714, 36.585146863780636, -1, -1, -1, -1
143, 0, 107.30797335888236, 63.80411927014772, 73.75937313743184, 36.581778906754835, -1, -1, -1, -1
144, 0, 105.93152369106272, 63.81833022157096, 73.73891224327653, 36.57841094972902, -1, -1, -1, -1
145, 0, 104.55507402324307, 63.83254117299419, 73.71845134912124, 36.57504299270321, -1, -1, -1, -1
146, 0, 103.17862435542341, 63.84675212441742, 73.69799045496593, 36.57167503567741, -1, -1, -1, -1
147, 0, 101.80217468760375, 63.86096307584065, 73.67752956081063, 36.56830707865161, -1, -1, -1, -1
148, 0, 100.4257250197841, 63.87517402726388, 73.6570686666553, 36.5649391216258, -1, -1, -1, -1
149, 0, 99.04927535196445, 63.88938497868711, 73.6366077725, 36.5615711646, -1, -1, -1, -1
150, 0, 97.5229631730985, 63.93356843231089, 73.65182842859613, 36.55820320757574, -1, -1, -1, -1
151, 0, 95.99665099423254, 63.97775188593468, 73.66704908469225, 36.55483525055148, -1, -1, -1, -1
152, 0, 94.47033881536657, 64.02193533955847, 73.68226974078837, 36.55146729352722, -1, -1, -1, -1
153, 0, 92.94402663650062, 64.06611879318226, 73.6974903968845, 36.54809933650296, -1, -1, -1, -1
154, 0, 91.41771445763467, 64.11030224680604, 73.71271105298064, 36.544731379478705, -1, -1, -1, -1
155, 0, 89.89140227876871, 64.15448570042982, 73.72793170907676, 36.54136342245445, -1, -1, -1, -1
156, 0, 88.36509009990274, 64.1986691540536, 73.7431523651729, 36.5379954654302, -1, -1, -1, -1
157, 0, 86.83877792103678, 64.24285260767739, 73.75837302126905, 36.53462750840595, -1, -1, -1, -1
158, 0, 85.31246574217082, 64.28703606130118, 73.77359367736517, 36.53125955138169, -1, -1, -1, -1
159, 0, 83.78615356330486, 64.33121951492497, 73.7888143334613, 36.52789159435743, -1, -1, -1, -1
160, 0, 82.25984138443891, 64.37540296854874, 73.80403498955744, 36.524523637333175, -1, -1, -1, -1
161, 0, 80.73352920557295, 64.41958642217253, 73.81925564565356, 36.52115568030892, -1, -1, -1, -1
162, 0, 79.20721702670699, 64.46376987579632, 73.83447630174967, 36.51778772328467, -1, -1, -1, -1
163, 0, 77.68090484784103, 64.5079533294201, 73.84969695784581, 36.51441976626041, -1, -1, -1, -1
164, 0, 76.0001782796997, 64.54046010307582, 73.82428767487842, 36.47690002427038, -1, -1, -1, -1
165, 0, 74.31945171155836, 64.57296687673151, 73.79887839191103, 36.43938028228034, -1, -1, -1, -1
166, 0, 72.63872514341702, 64.60547365038721, 73.77346910894364, 36.401860540290315, -1, -1, -1, -1
167, 0, 70.95799857527568, 64.63798042404292, 73.74805982597626, 36.36434079830029, -1, -1, -1, -1
168, 0, 69.27727200713434, 64.67048719769863, 73.72265054300887, 36.32682105631026, -1, -1, -1, -1
169, 0, 67.596545438993, 64.70299397135433, 73.69724126004148, 36.28930131432023, -1, -1, -1, -1
170, 0, 65.91581887085167, 64.73550074501004, 73.67183197707408, 36.25178157233019, -1, -1, -1, -1
171, 0, 64.23509230271033, 64.76800751866575, 73.64642269410668, 36.21426183034015, -1, -1, -1, -1
172, 0, 62.55436573456899, 64.80051429232145, 73.62101341113929, 36.17674208835012, -1, -1, -1, -1
173, 0, 60.87363916642765, 64.83302106597716, 73.5956041281719, 36.139222346360086, -1, -1, -1, -1
174, 0, 59.19291259828631, 64.86552783963288, 73.5701948452045, 36.10170260437006, -1, -1, -1, -1
175, 0, 57.51218603014498, 64.89803461328857, 73.54478556223711, 36.06418286238004, -1, -1, -1, -1
176, 0, 55.83145946200364, 64.93054138694427, 73.51937627926972, 36.02666312039, -1, -1, -1, -1
177, 0, 54.150732893862305, 64.96304816059998, 73.49396699630235, 35.989143378399966, -1, -1, -1, -1
178, 0, 52.39233220273162, 64.99555493426243, 73.36841884886854, 35.95162363640452, -1, -1, -1, -1
179, 0, 50.63393151160094, 65.02806170792489, 73.24287070143475, 35.91410389440908, -1, -1, -1, -1
180, 0, 48.87553082047026, 65.06056848158734, 73.11732255400095, 35.87658415241364, -1, -1, -1, -1
181, 0, 47.11713012933958, 65.09307525524979, 72.99177440656715, 35.8390644104182, -1, -1, -1, -1
182, 0, 45.3587294382089, 65.12558202891225, 72.86622625913336, 35.80154466842275, -1, -1, -1, -1
183, 0, 43.60032874707822, 65.1580888025747, 72.74067811169955, 35.7640249264273, -1, -1, -1, -1
184, 0, 41.84192805594754, 65.19059557623714, 72.61512996426575, 35.72650518443186, -1, -1, -1, -1
185, 0, 40.08352736481686, 65.22310234989959, 72.48958181683196, 35.68898544243642, -1, -1, -1, -1
186, 0, 38.32512667368618, 65.25560912356204, 72.36403366939817, 35.65146570044097, -1, -1, -1, -1
187, 0, 36.566725982555496, 65.2881158972245, 72.23848552196436, 35.61394595844553, -1, -1, -1, -1
188, 0, 34.78633667292995, 65.31752453535205, 72.23289455546441, 35.607733196600975, -1, -1, -1, -1
189, 0, 33.005947363304394, 65.34693317347958, 72.22730358896445, 35.601520434756424, -1, -1, -1, -1
190, 0, 31.225558053678846, 65.37634181160713, 72.22171262246448, 35.595307672911865, -1, -1, -1, -1
191, 0, 29.445168744053298, 65.40575044973468, 72.21612165596451, 35.589094911067306, -1, -1, -1, -1
192, 0, 27.664779434427746, 65.43515908786222, 72.21053068946455, 35.58288214922275, -1, -1, -1, -1
193, 0, 25.884390124802195, 65.46456772598977, 72.20493972296458, 35.57666938737819, -1, -1, -1, -1
194, 0, 24.104000815176647, 65.49397636411732, 72.19934875646462, 35.57045662553363, -1, -1, -1, -1
195, 0, 22.323611505551096, 65.52338500224486, 72.19375778996465, 35.56424386368907, -1, -1, -1, -1
196, 0, 20.543222195925544, 65.55279364037241, 72.18816682346468, 35.55803110184452, -1, -1, -1, -1
197, 0, 18.762832886299996, 65.58220227849995, 72.18257585696473, 35.55181833999997, -1, -1, -1, -1
198, 0, 17.03381535112534, 65.61161091662495, 72.02508912123767, 35.54560557816247, -1, -1, -1, -1
199, 0, 15.304797815950685, 65.64101955474996, 71.86760238551062, 35.53939281632498, -1, -1, -1, -1
200, 0, 13.57578028077603, 65.67042819287497, 71.71011564978357, 35.53318005448749, -1, -1, -1, -1
201, 0, 11.846762745601373, 65.69983683099997, 71.55262891405654, 35.52696729265, -1, -1, -1, -1
202, 0, 10.117745210426715, 65.72924546912498, 71.39514217832951, 35.520754530812496, -1, -1, -1, -1
203, 0, 8.38872767525206, 65.75865410725, 71.23765544260246, 35.51454176897499, -1, -1, -1, -1
204, 0, 6.659710140077404, 65.788062745375, 71.08016870687541, 35.508329007137505, -1, -1, -1, -1
205, 0, 4.930692604902749, 65.8174713835, 70.92268197114836, 35.50211624530001, -1, -1, -1, -1
206, 0, 2.944816197437911, 65.84688002164683, 70.23960304935048, 35.49590348347471, -1, -1, -1, -1
207, 0, 0.958939789973073, 65.87628865979366, 69.5565241275526, 35.48969072164942, -1, -1, -1, -1
208, 0, 0.4794698949865365, 66.05025773194681, 68.99056464680041, 35.19974226802469, -1, -1, -1, -1
209, 0, 0, 66.22422680409997, 68.42460516604821, 34.90979381439996, -1, -1, -1, -1
210, 0, 0.0, 66.39819587627679, 66.22261186137462, 34.61984536080823, -1, -1, -1, -1
211, 0, 0, 66.57216494845362, 64.02061855670104, 34.329896907216494, -1, -1, -1, -1
212, 0, 1.0301038372810726e-16, 66.60287908014261, 62.164948453608254, 34.284685352847085, -1, -1, -1, -1
213, 0, 2.0602076745621452e-16, 66.63359321183161, 60.30927835051547, 34.239473798477675, -1, -1, -1, -1
214, 0, 3.090311511843218e-16, 66.66430734352062, 58.453608247422686, 34.19426224410826, -1, -1, -1, -1
215, 0, 4.1204153491242905e-16, 66.69502147520961, 56.5979381443299, 34.14905068973884, -1, -1, -1, -1
216, 0, 5.150519186405363e-16, 66.72573560689861, 54.74226804123712, 34.103839135369434, -1, -1, -1, -1
217, 0, 6.180623023686436e-16, 66.7564497385876, 52.886597938144334, 34.058627581000025, -1, -1, -1, -1
218, 0, 7.210726860967509e-16, 66.7871638702766, 51.03092783505155, 34.01341602663062, -1, -1, -1, -1
219, 0, 8.240830698248581e-16, 66.8178780019656, 49.175257731958766, 33.96820447226122, -1, -1, -1, -1
220, 0, 9.270934535529652e-16, 66.84859213365459, 47.31958762886598, 33.92299291789181, -1, -1, -1, -1
221, 0, 1.0301038372810726e-15, 66.87930626534359, 45.4639175257732, 33.8777813635224, -1, -1, -1, -1
222, 0, 1.13311422100918e-15, 66.91002039703258, 43.60824742268041, 33.83256980915299, -1, -1, -1, -1
223, 0, 1.2361246047372872e-15, 66.94073452872158, 41.75257731958762, 33.787358254783584, -1, -1, -1, -1
224, 0, 1.3391349884653946e-15, 66.97144866041057, 39.89690721649484, 33.74214670041417, -1, -1, -1, -1
225, 0, 1.4421453721935017e-15, 67.00216279209958, 38.041237113402055, 33.69693514604475, -1, -1, -1, -1
226, 0, 1.5451557559216089e-15, 67.03287692378858, 36.18556701030927, 33.65172359167534, -1, -1, -1, -1
227, 0, 1.6481661396497162e-15, 67.06359105547757, 34.32989690721649, 33.60651203730593, -1, -1, -1, -1
228, 0, 1.4421453721935017e-15, 67.11814217354288, 32.56121134020618, 33.55196091924063, -1, -1, -1, -1
229, 0, 1.2361246047372872e-15, 67.17269329160818, 30.79252577319587, 33.49740980117532, -1, -1, -1, -1
230, 0, 1.0301038372810726e-15, 67.22724440967349, 29.02384020618556, 33.442858683110025, -1, -1, -1, -1
231, 0, 8.240830698248581e-16, 67.28179552773878, 27.255154639175252, 33.38830756504473, -1, -1, -1, -1
232, 0, 6.180623023686435e-16, 67.33634664580408, 25.486469072164944, 33.33375644697942, -1, -1, -1, -1
233, 0, 4.1204153491242895e-16, 67.39089776386939, 23.71778350515464, 33.27920532891412, -1, -1, -1, -1
234, 0, 2.0602076745621448e-16, 67.4454488819347, 21.94909793814433, 33.22465421084881, -1, -1, -1, -1
235, 0, 0, 67.5, 20.18041237113402, 33.170103092783506, -1, -1, -1, -1
236, 0, 0.0, 67.50177396344138, 18.35373711340051, 32.75707940399702, -1, -1, -1, -1
237, 0, 0.0, 67.50354792688276, 16.527061855666997, 32.34405571521053, -1, -1, -1, -1
238, 0, 0.0, 67.50532189032414, 14.700386597933484, 31.93103202642404, -1, -1, -1, -1
239, 0, 0, 67.50709585376552, 12.873711340199973, 31.51800833763755, -1, -1, -1, -1
240, 0, 0.0, 67.4908684951038, 11.047036082449955, 29.219969957747686, -1, -1, -1, -1
241, 0, 0, 67.47464113644207, 9.220360824699936, 26.92193157785782, -1, -1, -1, -1
242, 0, 0.0, 68.76309376409733, 7.393685566989143, 23.319213211609323, -1, -1, -1, -1
243, 0, 0, 70.05154639175258, 5.567010309278351, 19.716494845360824, -1, -1, -1, -1
244, 0, 0.0, 70.05154639175258, 5.567010309278351, 19.716494845360824, -1, -1, -1, -1
