1, 0, 232.7142857142857, 69.42857142857143, 7.2857142857142865, 17.57142857142857, -1, -1, -1, -1
2, 0, 232.18196402272025, 69.08229730504883, 7.818035977279748, 18.619212626904815, -1, -1, -1, -1
3, 0, 231.64964233115478, 68.73602318152622, 8.35035766884521, 19.66699668238106, -1, -1, -1, -1
4, 0, 231.1173206395893, 68.38974905800362, 8.882679360410672, 20.714780737857307, -1, -1, -1, -1
5, 0, 230.58499894802384, 68.04347493448101, 9.415001051976134, 21.762564793333553, -1, -1, -1, -1
6, 0, 230.05267725645837, 67.6972008109584, 9.94732274354159, 22.8103488488098, -1, -1, -1, -1
7, 0, 229.52035556489292, 67.35092668743582, 10.479644435107048, 23.858132904286045, -1, -1, -1, -1
8, 0, 228.98803387332748, 67.00465256391321, 11.011966126672505, 24.90591695976229, -1, -1, -1, -1
9, 0, 228.455712181762, 66.6583784403906, 11.544287818237962, 25.953701015238536, -1, -1, -1, -1
10, 0, 227.92339049019654, 66.312104316868, 12.076609509803426, 27.00148507071478, -1, -1, -1, -1
11, 0, 227.39106879863107, 65.9658301933454, 12.60893120136889, 28.049269126191025, -1, -1, -1, -1
12, 0, 226.8587471070656, 65.61955606982279, 13.141252892934354, 29.09705318166727, -1, -1, -1, -1
13, 0, 226.32642541550015, 65.27328194630019, 13.673574584499818, 30.144837237143513, -1, -1, -1, -1
14, 0, 225.7941037239376, 64.92700782278001, 14.20589627606234, 30.43476918852614, -1, -1, -1, -1
15, 0, 225.2617820323751, 64.58073369925982, 14.738217967624863, 30.72470113990877, -1, -1, -1, -1
16, 0, 224.72946034081258, 64.23445957573963, 15.270539659187385, 31.0146330912914, -1, -1, -1, -1
17, 0, 224.19713864925004, 63.88818545221946, 15.802861350749907, 31.304565042674028, -1, -1, -1, -1
18, 0, 223.6648169576875, 63.54191132869928, 16.33518304231243, 31.594496994056655, -1, -1, -1, -1
19, 0, 223.13249526612498, 63.195637205179096, 16.86750473387495, 31.884428945439286, -1, -1, -1, -1
20, 0, 222.60017357456246, 62.849363081658915, 17.399826425437467, 32.174360896821916, -1, -1, -1, -1
21, 0, 222.06785188299992, 62.50308895813873, 17.93214811699999, 32.46429284820454, -1, -1, -1, -1
22, 0, 221.53553019143936, 62.402831704350774, 18.46446980856055, 32.61050881949856, -1, -1, -1, -1
23, 0, 221.0032084998788, 62.302574450562815, 18.996791500121116, 32.756724790792575, -1, -1, -1, -1
24, 0, 220.47088680831826, 62.20231719677486, 19.52911319168168, 32.902940762086594, -1, -1, -1, -1
25, 0, 219.9385651167577, 62.1020599429869, 20.061434883242242, 33.04915673338061, -1, -1, -1, -1
26, 0, 219.40624342519715, 62.00180268919894, 20.593756574802807, 33.19537270467464, -1, -1, -1, -1
27, 0, 218.8739217336366, 61.90154543541098, 21.126078266363372, 33.34158867596866, -1, -1, -1, -1
28, 0, 218.34160004207604, 61.80128818162302, 21.658399957923937, 33.48780464726268, -1, -1, -1, -1
29, 0, 217.80927835051548, 61.701030927835056, 22.1907216494845, 33.634020618556704, -1, -1, -1, -1
30, 0, 217.29501648577042, 61.69136597937943, 22.704983514229564, 33.66623711340017, -1, -1, -1, -1
31, 0, 216.78075462102538, 61.681701030923804, 23.219245378974627, 33.698453608243646, -1, -1, -1, -1
32, 0, 216.26649275628031, 61.672036082468175, 23.73350724371969, 33.73067010308712, -1, -1, -1, -1
33, 0, 215.75223089153525, 61.662371134012545, 24.24776910846475, 33.76288659793059, -1, -1, -1, -1
34, 0, 215.23796902679018, 61.65270618555692, 24.76203097320981, 33.795103092774056, -1, -1, -1, -1
35, 0, 214.72370716204512, 61.64304123710129, 25.27629283795487, 33.827319587617524, -1, -1, -1, -1
36, 0, 214.20944529730005, 61.633376288645664, 25.79055470269993, 33.85953608246099, -1, -1, -1, -1
37, 0, 213.69518343255498, 61.62371134019004, 26.304816567444988, 33.89175257730446, -1, -1, -1, -1
38, 0, 213.18092156780992, 61.61404639173442, 26.819078432190054, 33.923969072147926, -1, -1, -1, -1
39, 0, 212.66665970306485, 61.60438144327879, 27.33334029693512, 33.9561855669914, -1, -1, -1, -1
40, 0, 212.15239783831979, 61.59471649482316, 27.847602161680186, 33.988402061834876, -1, -1, -1, -1
41, 0, 211.63813597357472, 61.58505154636754, 28.361864026425252, 34.02061855667834, -1, -1, -1, -1
42, 0, 211.12387410882965, 61.57538659791191, 28.87612589117031, 34.05283505152182, -1, -1, -1, -1
43, 0, 210.6096122440846, 61.56572164945628, 29.39038775591537, 34.08505154636529, -1, -1, -1, -1
44, 0, 210.09535037933955, 61.55605670100066, 29.90464962066043, 34.11726804120876, -1, -1, -1, -1
45, 0, 209.58108851459448, 61.54639175254503, 30.418911485405488, 34.149484536052235, -1, -1, -1, -1
46, 0, 209.06682664984942, 61.5367268040894, 30.93317335015054, 34.18170103089571, -1, -1, -1, -1
47, 0, 208.55256478510438, 61.527061855633775, 31.44743521489559, 34.21391752573918, -1, -1, -1, -1
48, 0, 208.0383029203593, 61.517396907178146, 31.961697079640643, 34.246134020582645, -1, -1, -1, -1
49, 0, 207.52404105561425, 61.507731958722516, 32.475958944385695, 34.27835051542611, -1, -1, -1, -1
50, 0, 207.00977919086918, 61.498067010266894, 32.99022080913076, 34.31056701026958, -1, -1, -1, -1
51, 0, 206.49551732612412, 61.488402061811264, 33.504482673875835, 34.342783505113054, -1, -1, -1, -1
52, 0, 205.98125546137905, 61.478737113355635, 34.01874453862091, 34.37499999995653, -1, -1, -1, -1
53, 0, 205.46699359663398, 61.46907216490001, 34.533006403365974, 34.4072164948, -1, -1, -1, -1
54, 0, 204.99351483591067, 61.45940721644584, 35.00648516408927, 34.43943298964582, -1, -1, -1, -1
55, 0, 204.52003607518736, 61.449742267991674, 35.47996392481257, 34.47164948449166, -1, -1, -1, -1
56, 0, 204.04655731446405, 61.44007731953751, 35.953442685535876, 34.50386597933749, -1, -1, -1, -1
57, 0, 203.57307855374077, 61.430412371083335, 36.42692144625917, 34.53608247418332, -1, -1, -1, -1
58, 0, 203.0995997930175, 61.42074742262917, 36.90040020698247, 34.56829896902915, -1, -1, -1, -1
59, 0, 202.62612103229418, 61.411082474175004, 37.373878967705764, 34.600515463874984, -1, -1, -1, -1
60, 0, 202.15264227157087, 61.40141752572083, 37.84735772842906, 34.63273195872081, -1, -1, -1, -1
61, 0, 201.6791635108476, 61.391752577266665, 38.320836489152356, 34.664948453566645, -1, -1, -1, -1
62, 0, 201.2056847501243, 61.3820876288125, 38.79431524987566, 34.69716494841248, -1, -1, -1, -1
63, 0, 200.732205989401, 61.372422680358326, 39.26779401059896, 34.729381443258305, -1, -1, -1, -1
64, 0, 200.25872722867769, 61.36275773190416, 39.741272771322265, 34.76159793810413, -1, -1, -1, -1
65, 0, 199.78524846795437, 61.353092783449995, 40.21475153204557, 34.79381443294996, -1, -1, -1, -1
66, 0, 199.31176970723106, 61.34342783499582, 40.68823029276887, 34.826030927795784, -1, -1, -1, -1
67, 0, 198.83829094650775, 61.333762886541656, 41.161709053492174, 34.85824742264162, -1, -1, -1, -1
68, 0, 198.36481218578444, 61.32409793808749, 41.63518781421548, 34.89046391748745, -1, -1, -1, -1
69, 0, 197.89133342506116, 61.31443298963332, 42.10866657493878, 34.92268041233328, -1, -1, -1, -1
70, 0, 197.41785466433788, 61.304768041179145, 42.58214533566208, 34.95489690717911, -1, -1, -1, -1
71, 0, 196.94437590361457, 61.29510309272498, 43.05562409638537, 34.987113402024946, -1, -1, -1, -1
72, 0, 196.47089714289126, 61.28543814427081, 43.52910285710867, 35.01932989687078, -1, -1, -1, -1
73, 0, 195.99741838216798, 61.27577319581664, 44.002581617831964, 35.05154639171661, -1, -1, -1, -1
74, 0, 195.5239396214447, 61.266108247362475, 44.476060378555275, 35.08376288656244, -1, -1, -1, -1
75, 0, 195.0504608607214, 61.25644329890831, 44.94953913927858, 35.115979381408266, -1, -1, -1, -1
76, 0, 194.57698209999808, 61.246778350454136, 45.42301790000188, 35.14819587625409, -1, -1, -1, -1
77, 0, 194.10350333927477, 61.23711340199997, 45.89649666072519, 35.180412371099926, -1, -1, -1, -1
78, 0, 193.68913678436053, 61.22744845354997, 46.310863215639415, 35.21262886594994, -1, -1, -1, -1
79, 0, 193.27477022944632, 61.21778350509997, 46.725229770553646, 35.24484536079994, -1, -1, -1, -1
80, 0, 192.8604036745321, 61.20811855664997, 47.13959632546788, 35.27706185564995, -1, -1, -1, -1
81, 0, 192.44603711961787, 61.19845360819997, 47.5539628803821, 35.30927835049995, -1, -1, -1, -1
82, 0, 192.03167056470363, 61.18878865974997, 47.96832943529633, 35.341494845349956, -1, -1, -1, -1
83, 0, 191.6173040097894, 61.179123711299965, 48.382695990210564, 35.37371134019996, -1, -1, -1, -1
84, 0, 191.20293745487515, 61.16945876284997, 48.797062545124795, 35.405927835049965, -1, -1, -1, -1
85, 0, 190.78857089996094, 61.15979381439997, 49.21142910003903, 35.43814432989996, -1, -1, -1, -1
86, 0, 190.37420434504673, 61.150128865949966, 49.62579565495325, 35.470360824749974, -1, -1, -1, -1
87, 0, 189.9598377901325, 61.14046391749997, 50.04016220986748, 35.50257731959998, -1, -1, -1, -1
88, 0, 189.54547123521826, 61.13079896904997, 50.45452876478171, 35.53479381444998, -1, -1, -1, -1
89, 0, 189.13110468030405, 61.12113402059997, 50.86889531969594, 35.567010309299995, -1, -1, -1, -1
90, 0, 188.73744733151582, 61.11146907214791, 51.26255266848416, 35.599226804143555, -1, -1, -1, -1
91, 0, 188.3437899827276, 61.10180412369585, 51.65621001727239, 35.63144329898711, -1, -1, -1, -1
92, 0, 187.95013263393938, 61.09213917524379, 52.049867366060624, 35.66365979383066, -1, -1, -1, -1
93, 0, 187.55647528515115, 61.08247422679173, 52.44352471484885, 35.695876288674214, -1, -1, -1, -1
94, 0, 187.16281793636293, 61.072809278339676, 52.837182063637066, 35.72809278351777, -1, -1, -1, -1
95, 0, 186.7691605875747, 61.06314432988761, 53.23083941242528, 35.76030927836133, -1, -1, -1, -1
96, 0, 186.37550323878648, 61.05347938143555, 53.6244967612135, 35.79252577320489, -1, -1, -1, -1
97, 0, 185.98184588999825, 61.043814432983496, 54.01815411000172, 35.82474226804845, -1, -1, -1, -1
98, 0, 185.58818854121003, 61.03414948453144, 54.41181145878994, 35.856958762892006, -1, -1, -1, -1
99, 0, 185.1945311924218, 61.02448453607938, 54.805468807578166, 35.889175257735566, -1, -1, -1, -1
100, 0, 184.80087384363358, 61.014819587627315, 55.19912615636639, 35.921391752579126, -1, -1, -1, -1
101, 0, 184.40721649484536, 61.00515463917526, 55.59278350515461, 35.95360824742268, -1, -1, -1, -1
102, 0, 184.0534793814441, 61.016752577320396, 55.946520618555866, 35.97100515463872, -1, -1, -1, -1
103, 0, 183.69974226804283, 61.02835051546553, 56.30025773195713, 35.98840206185476, -1, -1, -1, -1
104, 0, 183.34600515464157, 61.03994845361066, 56.65399484535839, 36.005798969070796, -1, -1, -1, -1
105, 0, 182.99226804124032, 61.0515463917558, 57.00773195875965, 36.02319587628683, -1, -1, -1, -1
106, 0, 182.63853092783907, 61.063144329900936, 57.36146907216091, 36.040592783502866, -1, -1, -1, -1
107, 0, 182.28479381443782, 61.074742268046066, 57.71520618556217, 36.057989690718905, -1, -1, -1, -1
108, 0, 181.93105670103654, 61.086340206191196, 58.068943298963426, 36.075386597934944, -1, -1, -1, -1
109, 0, 181.5773195876353, 61.09793814433633, 58.422680412364684, 36.09278350515098, -1, -1, -1, -1
110, 0, 181.22358247423404, 61.10953608248147, 58.77641752576594, 36.110180412367015, -1, -1, -1, -1
111, 0, 180.86984536083276, 61.1211340206266, 59.1301546391672, 36.127577319583054, -1, -1, -1, -1
112, 0, 180.5161082474315, 61.132731958771735, 59.48389175256846, 36.144974226799086, -1, -1, -1, -1
113, 0, 180.16237113403025, 61.14432989691687, 59.83762886596972, 36.16237113401512, -1, -1, -1, -1
114, 0, 179.808634020629, 61.15592783506201, 60.19136597937098, 36.179768041231156, -1, -1, -1, -1
115, 0, 179.45489690722775, 61.167525773207146, 60.54510309277224, 36.197164948447195, -1, -1, -1, -1
116, 0, 179.10115979382647, 61.179123711352275, 60.898840206173496, 36.214561855663234, -1, -1, -1, -1
117, 0, 178.74742268042522, 61.19072164949741, 61.252577319574755, 36.231958762879266, -1, -1, -1, -1
118, 0, 178.39368556702397, 61.20231958764255, 61.60631443297603, 36.249355670095305, -1, -1, -1, -1
119, 0, 178.03994845362269, 61.21391752578768, 61.9600515463773, 36.266752577311344, -1, -1, -1, -1
120, 0, 177.6862113402214, 61.22551546393281, 62.313788659778574, 36.28414948452738, -1, -1, -1, -1
121, 0, 177.33247422682015, 61.237113402077945, 62.66752577317985, 36.30154639174342, -1, -1, -1, -1
122, 0, 176.9787371134189, 61.24871134022308, 63.021262886581106, 36.318943298959454, -1, -1, -1, -1
123, 0, 176.62500000001762, 61.26030927836821, 63.374999999982364, 36.33634020617549, -1, -1, -1, -1
124, 0, 176.27126288661637, 61.27190721651335, 63.72873711338362, 36.35373711339153, -1, -1, -1, -1
125, 0, 175.91752577321512, 61.283505154658485, 64.08247422678488, 36.37113402060757, -1, -1, -1, -1
126, 0, 175.56378865981387, 61.29510309280362, 64.43621134018613, 36.3885309278236, -1, -1, -1, -1
127, 0, 175.21005154641261, 61.30670103094876, 64.7899484535874, 36.405927835039634, -1, -1, -1, -1
128, 0, 174.85631443301133, 61.31829896909389, 65.14368556698867, 36.42332474225567, -1, -1, -1, -1
129, 0, 174.50257731961008, 61.329896907239025, 65.49742268038992, 36.440721649471705, -1, -1, -1, -1
130, 0, 174.14884020620883, 61.34149484538416, 65.85115979379117, 36.458118556687744, -1, -1, -1, -1
131, 0, 173.79510309280755, 61.35309278352929, 66.20489690719243, 36.47551546390378, -1, -1, -1, -1
132, 0, 173.4413659794063, 61.36469072167442, 66.5586340205937, 36.49291237111982, -1, -1, -1, -1
133, 0, 173.08762886600505, 61.37628865981956, 66.91237113399495, 36.51030927833586, -1, -1, -1, -1
134, 0, 172.7338917526038, 61.387886597964695, 67.2661082473962, 36.52770618555189, -1, -1, -1, -1
135, 0, 172.38015463920254, 61.399484536109824, 67.61984536079746, 36.54510309276793, -1, -1, -1, -1
136, 0, 172.02641752580126, 61.41108247425496, 67.97358247419871, 36.56249999998397, -1, -1, -1, -1
137, 0, 171.6726804124, 61.4226804124001, 68.32731958759997, 36.5798969072, -1, -1, -1, -1
138, 0, 171.31894329899063, 61.43427835053717, 68.59906698926676, 36.597293814420624, -1, -1, -1, -1
139, 0, 170.96520618558128, 61.44587628867424, 68.87081439093353, 36.61469072164124, -1, -1, -1, -1
140, 0, 170.61146907217193, 61.457474226811314, 69.1425617926003, 36.63208762886185, -1, -1, -1, -1
141, 0, 170.25773195876258, 61.46907216494838, 69.41430919426708, 36.649484536082475, -1, -1, -1, -1
142, 0, 169.92525773195845, 61.48453608247415, 69.45199166989528, 36.64561855670103, -1, -1, -1, -1
143, 0, 169.59278350515433, 61.49999999999993, 69.48967414552347, 36.641752577319586, -1, -1, -1, -1
144, 0, 169.26030927835023, 61.51546391752571, 69.52735662115165, 36.63788659793814, -1, -1, -1, -1
145, 0, 168.9278350515461, 61.53092783505148, 69.56503909677986, 36.6340206185567, -1, -1, -1, -1
146, 0, 168.595360824742, 61.54639175257725, 69.60272157240806, 36.63015463917526, -1, -1, -1, -1
147, 0, 168.26288659793786, 61.56185567010303, 69.64040404803625, 36.626288659793815, -1, -1, -1, -1
148, 0, 167.93041237113374, 61.5773195876288, 69.67808652366443, 36.62242268041237, -1, -1, -1, -1
149, 0, 167.59793814432962, 61.59278350515457, 69.71576899929264, 36.618556701030926, -1, -1, -1, -1
150, 0, 167.2654639175255, 61.60824742268035, 69.75345147492084, 36.61469072164948, -1, -1, -1, -1
151, 0, 166.9329896907214, 61.62371134020612, 69.79113395054902, 36.61082474226804, -1, -1, -1, -1
152, 0, 166.60051546391728, 61.63917525773189, 69.82881642617721, 36.606958762886606, -1, -1, -1, -1
153, 0, 166.26804123711315, 61.65463917525767, 69.86649890180541, 36.60309278350516, -1, -1, -1, -1
154, 0, 165.93556701030903, 61.67010309278345, 69.90418137743362, 36.59922680412372, -1, -1, -1, -1
155, 0, 165.6030927835049, 61.68556701030922, 69.9418638530618, 36.59536082474227, -1, -1, -1, -1
156, 0, 165.2706185567008, 61.70103092783499, 69.97954632868999, 36.59149484536083, -1, -1, -1, -1
157, 0, 164.9381443298967, 61.71649484536077, 70.0172288043182, 36.58762886597938, -1, -1, -1, -1
158, 0, 164.60567010309256, 61.73195876288655, 70.0549112799464, 36.58376288659794, -1, -1, -1, -1
159, 0, 164.27319587628847, 61.74742268041232, 70.09259375557458, 36.579896907216494, -1, -1, -1, -1
160, 0, 163.94072164948435, 61.76288659793809, 70.13027623120277, 36.57603092783505, -1, -1, -1, -1
161, 0, 163.60824742268022, 61.77835051546387, 70.16795870683097, 36.572164948453604, -1, -1, -1, -1
162, 0, 163.2757731958761, 61.79381443298964, 70.20564118245917, 36.56829896907216, -1, -1, -1, -1
163, 0, 162.94329896907198, 61.80927835051541, 70.24332365808736, 36.564432989690715, -1, -1, -1, -1
164, 0, 162.61082474226785, 61.82474226804119, 70.28100613371555, 36.56056701030927, -1, -1, -1, -1
165, 0, 162.27835051546373, 61.84020618556696, 70.31868860934375, 36.55670103092783, -1, -1, -1, -1
166, 0, 161.9458762886596, 61.855670103092734, 70.35637108497195, 36.55283505154639, -1, -1, -1, -1
167, 0, 161.61340206185548, 61.87113402061851, 70.39405356060014, 36.548969072164944, -1, -1, -1, -1
168, 0, 161.2809278350514, 61.88659793814429, 70.43173603622833, 36.5451030927835, -1, -1, -1, -1
169, 0, 160.94845360824726, 61.90206185567006, 70.46941851185653, 36.541237113402055, -1, -1, -1, -1
170, 0, 160.61597938144314, 61.917525773195834, 70.50710098748473, 36.53737113402062, -1, -1, -1, -1
171, 0, 160.28350515463904, 61.93298969072161, 70.54478346311292, 36.53350515463917, -1, -1, -1, -1
172, 0, 159.95103092783492, 61.94845360824739, 70.58246593874111, 36.52963917525773, -1, -1, -1, -1
173, 0, 159.6185567010308, 61.96391752577316, 70.62014841436931, 36.52577319587629, -1, -1, -1, -1
174, 0, 159.28608247422667, 61.979381443298934, 70.65783088999751, 36.521907216494846, -1, -1, -1, -1
175, 0, 158.95360824742255, 61.99484536082471, 70.6955133656257, 36.5180412371134, -1, -1, -1, -1
176, 0, 158.62113402061846, 62.01030927835049, 70.73319584125389, 36.51417525773196, -1, -1, -1, -1
177, 0, 158.28865979381433, 62.02577319587626, 70.77087831688209, 36.51030927835051, -1, -1, -1, -1
178, 0, 157.9561855670102, 62.04123711340203, 70.80856079251029, 36.506443298969074, -1, -1, -1, -1
179, 0, 157.62371134020609, 62.05670103092781, 70.84624326813848, 36.50257731958763, -1, -1, -1, -1
180, 0, 157.29123711340196, 62.07216494845358, 70.88392574376667, 36.498711340206185, -1, -1, -1, -1
181, 0, 156.95876288659784, 62.087628865979354, 70.92160821939487, 36.49484536082474, -1, -1, -1, -1
182, 0, 156.62628865979372, 62.10309278350513, 70.95929069502307, 36.490979381443296, -1, -1, -1, -1
183, 0, 156.29381443298962, 62.118556701030904, 70.99697317065126, 36.48711340206185, -1, -1, -1, -1
184, 0, 155.9613402061855, 62.134020618556676, 71.03465564627945, 36.48324742268041, -1, -1, -1, -1
185, 0, 155.62886597938137, 62.149484536082454, 71.07233812190765, 36.47938144329896, -1, -1, -1, -1
186, 0, 155.29639175257725, 62.16494845360823, 71.11002059753585, 36.47551546391752, -1, -1, -1, -1
187, 0, 154.96391752577313, 62.180412371134004, 71.14770307316404, 36.47164948453607, -1, -1, -1, -1
188, 0, 154.63144329896903, 62.195876288659775, 71.18538554879223, 36.46778350515463, -1, -1, -1, -1
189, 0, 154.2989690721649, 62.211340206185554, 71.22306802442043, 36.463917525773184, -1, -1, -1, -1
190, 0, 153.96649484536078, 62.22680412371133, 71.26075050004863, 36.46005154639174, -1, -1, -1, -1
191, 0, 153.6340206185567, 62.242268041237104, 71.29843297567682, 36.4561855670103, -1, -1, -1, -1
192, 0, 153.30154639175257, 62.257731958762875, 71.336115451305, 36.452319587628864, -1, -1, -1, -1
193, 0, 152.96907216494844, 62.27319587628865, 71.37379792693321, 36.44845360824742, -1, -1, -1, -1
194, 0, 152.63659793814432, 62.288659793814425, 71.41148040256141, 36.444587628865975, -1, -1, -1, -1
195, 0, 152.3041237113402, 62.304123711340196, 71.4491628781896, 36.44072164948453, -1, -1, -1, -1
196, 0, 151.97164948453607, 62.319587628865975, 71.48684535381778, 36.436855670103085, -1, -1, -1, -1
197, 0, 151.63917525773195, 62.335051546391746, 71.52452782944599, 36.43298969072165, -1, -1, -1, -1
198, 0, 151.30670103092783, 62.35051546391752, 71.56221030507419, 36.42912371134021, -1, -1, -1, -1
199, 0, 150.9742268041237, 62.365979381443296, 71.59989278070238, 36.425257731958766, -1, -1, -1, -1
200, 0, 150.6417525773196, 62.381443298969074, 71.63757525633056, 36.42139175257732, -1, -1, -1, -1
201, 0, 150.30927835051548, 62.396907216494846, 71.67525773195877, 36.41752577319588, -1, -1, -1, -1
202, 0, 149.8997708473865, 62.41393178192277, 71.68876497004325, 36.41830717636543, -1, -1, -1, -1
203, 0, 149.4902633442575, 62.43095634735069, 71.70227220812772, 36.419088579534986, -1, -1, -1, -1
204, 0, 149.0807558411285, 62.447980912778604, 71.7157794462122, 36.41986998270454, -1, -1, -1, -1
205, 0, 148.67124833799951, 62.46500547820653, 71.72928668429668, 36.4206513858741, -1, -1, -1, -1
206, 0, 148.26174083487052, 62.48203004363445, 71.74279392238117, 36.42143278904366, -1, -1, -1, -1
207, 0, 147.85223333174156, 62.49905460906237, 71.75630116046564, 36.422214192213225, -1, -1, -1, -1
208, 0, 147.44272582861257, 62.51607917449029, 71.76980839855011, 36.42299559538279, -1, -1, -1, -1
209, 0, 147.03321832548357, 62.53310373991821, 71.7833156366346, 36.42377699855235, -1, -1, -1, -1
210, 0, 146.62371082235458, 62.550128305346135, 71.79682287471908, 36.42455840172191, -1, -1, -1, -1
211, 0, 146.2142033192256, 62.56715287077405, 71.81033011280356, 36.425339804891465, -1, -1, -1, -1
212, 0, 145.8046958160966, 62.584177436201976, 71.82383735088803, 36.42612120806102, -1, -1, -1, -1
213, 0, 145.3951883129676, 62.6012020016299, 71.83734458897251, 36.426902611230574, -1, -1, -1, -1
214, 0, 144.9856808098386, 62.61822656705782, 71.850851827057, 36.427684014400135, -1, -1, -1, -1
215, 0, 144.57617330670962, 62.63525113248574, 71.86435906514147, 36.4284654175697, -1, -1, -1, -1
216, 0, 144.16666580358066, 62.652275697913666, 71.87786630322594, 36.42924682073926, -1, -1, -1, -1
217, 0, 143.75715830045166, 62.66930026334158, 71.89137354131043, 36.43002822390882, -1, -1, -1, -1
218, 0, 143.34765079732267, 62.6863248287695, 71.90488077939492, 36.430809627078375, -1, -1, -1, -1
219, 0, 142.93814329419368, 62.703349394197424, 71.91838801747939, 36.43159103024794, -1, -1, -1, -1
220, 0, 142.5286357910647, 62.72037395962535, 71.93189525556386, 36.4323724334175, -1, -1, -1, -1
221, 0, 142.1191282879357, 62.737398525053266, 71.94540249364834, 36.43315383658705, -1, -1, -1, -1
222, 0, 141.7096207848067, 62.75442309048118, 71.95890973173283, 36.433935239756615, -1, -1, -1, -1
223, 0, 141.30011328167774, 62.77144765590911, 71.9724169698173, 36.434716642926176, -1, -1, -1, -1
224, 0, 140.89060577854875, 62.78847222133703, 71.98592420790177, 36.43549804609574, -1, -1, -1, -1
225, 0, 140.48109827541975, 62.80549678676495, 71.99943144598626, 36.4362794492653, -1, -1, -1, -1
226, 0, 140.07159077229076, 62.82252135219287, 72.01293868407075, 36.437060852434854, -1, -1, -1, -1
227, 0, 139.66208326916177, 62.839545917620796, 72.02644592215522, 36.43784225560441, -1, -1, -1, -1
228, 0, 139.25257576603278, 62.85657048304871, 72.03995316023969, 36.43862365877396, -1, -1, -1, -1
229, 0, 138.84306826290378, 62.87359504847664, 72.05346039832418, 36.439405061943525, -1, -1, -1, -1
230, 0, 138.4335607597748, 62.89061961390456, 72.06696763640866, 36.44018646511309, -1, -1, -1, -1
231, 0, 138.0240532566458, 62.90764417933248, 72.08047487449313, 36.44096786828265, -1, -1, -1, -1
232, 0, 137.61454575351684, 62.924668744760396, 72.0939821125776, 36.44174927145221, -1, -1, -1, -1
233, 0, 137.20503825038784, 62.94169331018832, 72.10748935066209, 36.44253067462177, -1, -1, -1, -1
234, 0, 136.79553074725885, 62.958717875616244, 72.12099658874656, 36.44331207779133, -1, -1, -1, -1
235, 0, 136.38602324412986, 62.97574244104416, 72.13450382683104, 36.44409348096089, -1, -1, -1, -1
236, 0, 135.97651574100087, 62.99276700647208, 72.14801106491552, 36.44487488413044, -1, -1, -1, -1
237, 0, 135.56700823787187, 63.0097915719, 72.161518303, 36.4456562873, -1, -1, -1, -1
238, 0, 135.034893647883, 63.028228669215, 72.18685937315999, 36.449396148489996, -1, -1, -1, -1
239, 0, 134.5027790578941, 63.04666576653, 72.21220044332, 36.45313600968, -1, -1, -1, -1
240, 0, 133.9706644679052, 63.065102863845, 72.23754151348001, 36.45687587087001, -1, -1, -1, -1
241, 0, 133.43854987791633, 63.08353996116, 72.26288258364002, 36.460615732060006, -1, -1, -1, -1
242, 0, 132.90643528792745, 63.101977058475, 72.28822365380002, 36.464355593250005, -1, -1, -1, -1
243, 0, 132.37432069793857, 63.12041415579, 72.31356472396001, 36.468095454440004, -1, -1, -1, -1
244, 0, 131.84220610794966, 63.138851253105, 72.33890579412001, 36.47183531563, -1, -1, -1, -1
245, 0, 131.31009151796079, 63.15728835042, 72.36424686428, 36.47557517682001, -1, -1, -1, -1
246, 0, 130.7779769279719, 63.175725447735, 72.38958793444002, 36.47931503801001, -1, -1, -1, -1
247, 0, 130.245862337983, 63.19416254505, 72.41492900460001, 36.483054899200006, -1, -1, -1, -1
248, 0, 129.71374774799412, 63.212599642365, 72.44027007476001, 36.486794760390005, -1, -1, -1, -1
249, 0, 129.18163315800524, 63.23103673968, 72.46561114492002, 36.490534621580004, -1, -1, -1, -1
250, 0, 128.64951856801636, 63.249473836994994, 72.49095221508001, 36.49427448277001, -1, -1, -1, -1
251, 0, 128.11740397802748, 63.267910934309995, 72.51629328524001, 36.49801434396001, -1, -1, -1, -1
252, 0, 127.5852893880386, 63.286348031624996, 72.54163435539999, 36.50175420515001, -1, -1, -1, -1
253, 0, 127.05317479804971, 63.30478512894, 72.56697542555999, 36.505494066340006, -1, -1, -1, -1
254, 0, 126.52106020806082, 63.323222226255, 72.59231649571998, 36.509233927530005, -1, -1, -1, -1
255, 0, 125.98894561807194, 63.34165932357, 72.61765756588, 36.512973788720004, -1, -1, -1, -1
256, 0, 125.45683102808306, 63.360096420885, 72.64299863604, 36.51671364991, -1, -1, -1, -1
257, 0, 124.92471643809417, 63.378533518199994, 72.6683397062, 36.5204535111, -1, -1, -1, -1
258, 0, 124.3191692176975, 63.39697061551273, 72.72698355659266, 36.52419337228791, -1, -1, -1, -1
259, 0, 123.71362199730085, 63.41540771282547, 72.78562740698531, 36.527933233475814, -1, -1, -1, -1
260, 0, 123.10807477690419, 63.43384481013821, 72.84427125737797, 36.53167309466372, -1, -1, -1, -1
261, 0, 122.50252755650753, 63.45228190745095, 72.90291510777062, 36.535412955851626, -1, -1, -1, -1
262, 0, 121.89698033611086, 63.470719004763694, 72.96155895816327, 36.53915281703952, -1, -1, -1, -1
263, 0, 121.2914331157142, 63.489156102076436, 73.02020280855592, 36.542892678227425, -1, -1, -1, -1
264, 0, 120.68588589531754, 63.50759319938918, 73.07884665894858, 36.54663253941533, -1, -1, -1, -1
265, 0, 120.08033867492088, 63.52603029670192, 73.13749050934123, 36.55037240060322, -1, -1, -1, -1
266, 0, 119.47479145452422, 63.54446739401466, 73.19613435973389, 36.554112261791126, -1, -1, -1, -1
267, 0, 118.86924423412756, 63.5629044913274, 73.25477821012655, 36.55785212297903, -1, -1, -1, -1
268, 0, 118.2636970137309, 63.58134158864014, 73.3134220605192, 36.56159198416694, -1, -1, -1, -1
269, 0, 117.65814979333425, 63.59977868595288, 73.37206591091186, 36.56533184535484, -1, -1, -1, -1
270, 0, 117.05260257293759, 63.61821578326562, 73.43070976130451, 36.56907170654274, -1, -1, -1, -1
271, 0, 116.44705535254093, 63.63665288057836, 73.48935361169717, 36.57281156773064, -1, -1, -1, -1
272, 0, 115.84150813214427, 63.6550899778911, 73.54799746208982, 36.576551428918535, -1, -1, -1, -1
273, 0, 115.2359609117476, 63.67352707520384, 73.60664131248247, 36.58029129010644, -1, -1, -1, -1
274, 0, 114.63041369135094, 63.69196417251658, 73.66528516287511, 36.58403115129434, -1, -1, -1, -1
275, 0, 114.02486647095428, 63.71040126982932, 73.72392901326776, 36.58777101248225, -1, -1, -1, -1
276, 0, 113.41931925055762, 63.72883836714206, 73.78257286366042, 36.59151087367016, -1, -1, -1, -1
277, 0, 112.81377203016096, 63.7472754644548, 73.84121671405308, 36.59525073485806, -1, -1, -1, -1
278, 0, 112.12554719625115, 63.75438094016641, 73.83098626697543, 36.593566756345155, -1, -1, -1, -1
279, 0, 111.43732236234132, 63.76148641587803, 73.82075581989777, 36.591882777832254, -1, -1, -1, -1
280, 0, 110.74909752843149, 63.76859189158965, 73.81052537282011, 36.590198799319346, -1, -1, -1, -1
281, 0, 110.06087269452166, 63.77569736730126, 73.80029492574246, 36.58851482080644, -1, -1, -1, -1
282, 0, 109.37264786061183, 63.782802843012874, 73.7900644786648, 36.58683084229354, -1, -1, -1, -1
283, 0, 108.684423026702, 63.78990831872449, 73.77983403158714, 36.585146863780636, -1, -1, -1, -1
284, 0, 107.99619819279218, 63.79701379443611, 73.7696035845095, 36.583462885267735, -1, -1, -1, -1
285, 0, 107.30797335888236, 63.80411927014772, 73.75937313743184, 36.581778906754835, -1, -1, -1, -1
286, 0, 106.61974852497255, 63.81122474585934, 73.74914269035418, 36.58009492824193, -1, -1, -1, -1
287, 0, 105.93152369106272, 63.81833022157096, 73.73891224327653, 36.57841094972902, -1, -1, -1, -1
288, 0, 105.2432988571529, 63.82543569728257, 73.72868179619888, 36.57672697121612, -1, -1, -1, -1
289, 0, 104.55507402324307, 63.83254117299419, 73.71845134912124, 36.57504299270321, -1, -1, -1, -1
290, 0, 103.86684918933324, 63.83964664870581, 73.70822090204359, 36.57335901419031, -1, -1, -1, -1
291, 0, 103.17862435542341, 63.84675212441742, 73.69799045496593, 36.57167503567741, -1, -1, -1, -1
292, 0, 102.49039952151358, 63.85385760012903, 73.68776000788827, 36.56999105716451, -1, -1, -1, -1
293, 0, 101.80217468760375, 63.86096307584065, 73.67752956081063, 36.56830707865161, -1, -1, -1, -1
294, 0, 101.11394985369392, 63.86806855155227, 73.66729911373297, 36.5666231001387, -1, -1, -1, -1
295, 0, 100.4257250197841, 63.87517402726388, 73.6570686666553, 36.5649391216258, -1, -1, -1, -1
296, 0, 99.73750018587427, 63.88227950297549, 73.64683821957766, 36.5632551431129, -1, -1, -1, -1
297, 0, 99.04927535196445, 63.88938497868711, 73.6366077725, 36.5615711646, -1, -1, -1, -1
298, 0, 98.28611926253149, 63.911476705499, 73.64421810054807, 36.55988718608786, -1, -1, -1, -1
299, 0, 97.5229631730985, 63.93356843231089, 73.65182842859613, 36.55820320757574, -1, -1, -1, -1
300, 0, 96.75980708366552, 63.955660159122786, 73.65943875664419, 36.55651922906361, -1, -1, -1, -1
301, 0, 95.99665099423254, 63.97775188593468, 73.66704908469225, 36.55483525055148, -1, -1, -1, -1
302, 0, 95.23349490479956, 63.999843612746574, 73.67465941274031, 36.553151272039344, -1, -1, -1, -1
303, 0, 94.47033881536657, 64.02193533955847, 73.68226974078837, 36.55146729352722, -1, -1, -1, -1
304, 0, 93.70718272593359, 64.04402706637036, 73.68988006883643, 36.54978331501509, -1, -1, -1, -1
305, 0, 92.94402663650062, 64.06611879318226, 73.6974903968845, 36.54809933650296, -1, -1, -1, -1
306, 0, 92.18087054706766, 64.08821051999415, 73.70510072493258, 36.54641535799083, -1, -1, -1, -1
307, 0, 91.41771445763467, 64.11030224680604, 73.71271105298064, 36.544731379478705, -1, -1, -1, -1
308, 0, 90.65455836820169, 64.13239397361792, 73.7203213810287, 36.54304740096658, -1, -1, -1, -1
309, 0, 89.89140227876871, 64.15448570042982, 73.72793170907676, 36.54136342245445, -1, -1, -1, -1
310, 0, 89.12824618933573, 64.17657742724171, 73.73554203712483, 36.539679443942326, -1, -1, -1, -1
311, 0, 88.36509009990274, 64.1986691540536, 73.7431523651729, 36.5379954654302, -1, -1, -1, -1
312, 0, 87.60193401046976, 64.2207608808655, 73.75076269322098, 36.53631148691807, -1, -1, -1, -1
313, 0, 86.83877792103678, 64.24285260767739, 73.75837302126905, 36.53462750840595, -1, -1, -1, -1
314, 0, 86.0756218316038, 64.26494433448929, 73.76598334931711, 36.532943529893814, -1, -1, -1, -1
315, 0, 85.31246574217082, 64.28703606130118, 73.77359367736517, 36.53125955138169, -1, -1, -1, -1
316, 0, 84.54930965273783, 64.30912778811307, 73.78120400541323, 36.52957557286956, -1, -1, -1, -1
317, 0, 83.78615356330486, 64.33121951492497, 73.7888143334613, 36.52789159435743, -1, -1, -1, -1
318, 0, 83.0229974738719, 64.35331124173686, 73.79642466150938, 36.5262076158453, -1, -1, -1, -1
319, 0, 82.25984138443891, 64.37540296854874, 73.80403498955744, 36.524523637333175, -1, -1, -1, -1
320, 0, 81.49668529500593, 64.39749469536063, 73.8116453176055, 36.52283965882105, -1, -1, -1, -1
321, 0, 80.73352920557295, 64.41958642217253, 73.81925564565356, 36.52115568030892, -1, -1, -1, -1
322, 0, 79.97037311613997, 64.44167814898442, 73.82686597370162, 36.519471701796796, -1, -1, -1, -1
323, 0, 79.20721702670699, 64.46376987579632, 73.83447630174967, 36.51778772328467, -1, -1, -1, -1
324, 0, 78.444060937274, 64.48586160260821, 73.84208662979773, 36.516103744772536, -1, -1, -1, -1
325, 0, 77.68090484784103, 64.5079533294201, 73.84969695784581, 36.51441976626041, -1, -1, -1, -1
326, 0, 76.84054156377036, 64.52420671624796, 73.83699231636211, 36.49565989526539, -1, -1, -1, -1
327, 0, 76.0001782796997, 64.54046010307582, 73.82428767487842, 36.47690002427038, -1, -1, -1, -1
328, 0, 75.15981499562903, 64.55671348990367, 73.81158303339473, 36.45814015327536, -1, -1, -1, -1
329, 0, 74.31945171155836, 64.57296687673151, 73.79887839191103, 36.43938028228034, -1, -1, -1, -1
330, 0, 73.47908842748768, 64.58922026355935, 73.78617375042734, 36.42062041128533, -1, -1, -1, -1
331, 0, 72.63872514341702, 64.60547365038721, 73.77346910894364, 36.401860540290315, -1, -1, -1, -1
332, 0, 71.79836185934636, 64.62172703721507, 73.76076446745995, 36.3831006692953, -1, -1, -1, -1
333, 0, 70.95799857527568, 64.63798042404292, 73.74805982597626, 36.36434079830029, -1, -1, -1, -1
334, 0, 70.117635291205, 64.65423381087078, 73.73535518449256, 36.34558092730528, -1, -1, -1, -1
335, 0, 69.27727200713434, 64.67048719769863, 73.72265054300887, 36.32682105631026, -1, -1, -1, -1
336, 0, 68.43690872306368, 64.68674058452649, 73.70994590152517, 36.30806118531524, -1, -1, -1, -1
337, 0, 67.596545438993, 64.70299397135433, 73.69724126004148, 36.28930131432023, -1, -1, -1, -1
338, 0, 66.75618215492233, 64.71924735818219, 73.68453661855779, 36.27054144332521, -1, -1, -1, -1
339, 0, 65.91581887085167, 64.73550074501004, 73.67183197707408, 36.25178157233019, -1, -1, -1, -1
340, 0, 65.075455586781, 64.7517541318379, 73.65912733559037, 36.23302170133517, -1, -1, -1, -1
341, 0, 64.23509230271033, 64.76800751866575, 73.64642269410668, 36.21426183034015, -1, -1, -1, -1
342, 0, 63.39472901863966, 64.7842609054936, 73.63371805262298, 36.19550195934514, -1, -1, -1, -1
343, 0, 62.55436573456899, 64.80051429232145, 73.62101341113929, 36.17674208835012, -1, -1, -1, -1
344, 0, 61.71400245049832, 64.81676767914931, 73.6083087696556, 36.1579822173551, -1, -1, -1, -1
345, 0, 60.87363916642765, 64.83302106597716, 73.5956041281719, 36.139222346360086, -1, -1, -1, -1
346, 0, 60.03327588235698, 64.84927445280502, 73.5828994866882, 36.12046247536507, -1, -1, -1, -1
347, 0, 59.19291259828631, 64.86552783963288, 73.5701948452045, 36.10170260437006, -1, -1, -1, -1
348, 0, 58.35254931421565, 64.88178122646073, 73.5574902037208, 36.08294273337505, -1, -1, -1, -1
349, 0, 57.51218603014498, 64.89803461328857, 73.54478556223711, 36.06418286238004, -1, -1, -1, -1
350, 0, 56.67182274607431, 64.91428800011641, 73.53208092075342, 36.04542299138502, -1, -1, -1, -1
351, 0, 55.83145946200364, 64.93054138694427, 73.51937627926972, 36.02666312039, -1, -1, -1, -1
352, 0, 54.991096177932974, 64.94679477377213, 73.50667163778604, 36.007903249394985, -1, -1, -1, -1
353, 0, 54.150732893862305, 64.96304816059998, 73.49396699630235, 35.989143378399966, -1, -1, -1, -1
354, 0, 53.27153254829696, 64.9793015474312, 73.43119292258544, 35.970383507402246, -1, -1, -1, -1
355, 0, 52.39233220273162, 64.99555493426243, 73.36841884886854, 35.95162363640452, -1, -1, -1, -1
356, 0, 51.513131857166286, 65.01180832109367, 73.30564477515165, 35.9328637654068, -1, -1, -1, -1
357, 0, 50.63393151160094, 65.02806170792489, 73.24287070143475, 35.91410389440908, -1, -1, -1, -1
358, 0, 49.7547311660356, 65.04431509475612, 73.18009662771786, 35.89534402341136, -1, -1, -1, -1
359, 0, 48.87553082047026, 65.06056848158734, 73.11732255400095, 35.87658415241364, -1, -1, -1, -1
360, 0, 47.99633047490492, 65.07682186841856, 73.05454848028404, 35.85782428141592, -1, -1, -1, -1
361, 0, 47.11713012933958, 65.09307525524979, 72.99177440656715, 35.8390644104182, -1, -1, -1, -1
362, 0, 46.237929783774234, 65.10932864208101, 72.92900033285025, 35.820304539420476, -1, -1, -1, -1
363, 0, 45.3587294382089, 65.12558202891225, 72.86622625913336, 35.80154466842275, -1, -1, -1, -1
364, 0, 44.47952909264356, 65.14183541574347, 72.80345218541646, 35.78278479742502, -1, -1, -1, -1
365, 0, 43.60032874707822, 65.1580888025747, 72.74067811169955, 35.7640249264273, -1, -1, -1, -1
366, 0, 42.721128401512885, 65.17434218940592, 72.67790403798264, 35.74526505542958, -1, -1, -1, -1
367, 0, 41.84192805594754, 65.19059557623714, 72.61512996426575, 35.72650518443186, -1, -1, -1, -1
368, 0, 40.9627277103822, 65.20684896306837, 72.55235589054885, 35.70774531343414, -1, -1, -1, -1
369, 0, 40.08352736481686, 65.22310234989959, 72.48958181683196, 35.68898544243642, -1, -1, -1, -1
370, 0, 39.20432701925152, 65.23935573673081, 72.42680774311506, 35.67022557143869, -1, -1, -1, -1
371, 0, 38.32512667368618, 65.25560912356204, 72.36403366939817, 35.65146570044097, -1, -1, -1, -1
372, 0, 37.445926328120834, 65.27186251039328, 72.30125959568127, 35.63270582944325, -1, -1, -1, -1
373, 0, 36.566725982555496, 65.2881158972245, 72.23848552196436, 35.61394595844553, -1, -1, -1, -1
374, 0, 35.67653132774272, 65.30282021628827, 72.23569003871438, 35.61083957752325, -1, -1, -1, -1
375, 0, 34.78633667292995, 65.31752453535205, 72.23289455546441, 35.607733196600975, -1, -1, -1, -1
376, 0, 33.896142018117175, 65.33222885441582, 72.23009907221443, 35.6046268156787, -1, -1, -1, -1
377, 0, 33.005947363304394, 65.34693317347958, 72.22730358896445, 35.601520434756424, -1, -1, -1, -1
378, 0, 32.11575270849162, 65.36163749254337, 72.22450810571446, 35.59841405383415, -1, -1, -1, -1
379, 0, 31.225558053678846, 65.37634181160713, 72.22171262246448, 35.595307672911865, -1, -1, -1, -1
380, 0, 30.335363398866072, 65.3910461306709, 72.2189171392145, 35.59220129198958, -1, -1, -1, -1
381, 0, 29.445168744053298, 65.40575044973468, 72.21612165596451, 35.589094911067306, -1, -1, -1, -1
382, 0, 28.554974089240524, 65.42045476879845, 72.21332617271453, 35.58598853014503, -1, -1, -1, -1
383, 0, 27.664779434427746, 65.43515908786222, 72.21053068946455, 35.58288214922275, -1, -1, -1, -1
384, 0, 26.77458477961497, 65.449863406926, 72.20773520621456, 35.579775768300465, -1, -1, -1, -1
385, 0, 25.884390124802195, 65.46456772598977, 72.20493972296458, 35.57666938737819, -1, -1, -1, -1
386, 0, 24.99419546998942, 65.47927204505353, 72.2021442397146, 35.57356300645591, -1, -1, -1, -1
387, 0, 24.104000815176647, 65.49397636411732, 72.19934875646462, 35.57045662553363, -1, -1, -1, -1
388, 0, 23.213806160363873, 65.5086806831811, 72.19655327321463, 35.56735024461135, -1, -1, -1, -1
389, 0, 22.323611505551096, 65.52338500224486, 72.19375778996465, 35.56424386368907, -1, -1, -1, -1
390, 0, 21.43341685073832, 65.53808932130863, 72.19096230671467, 35.561137482766796, -1, -1, -1, -1
391, 0, 20.543222195925544, 65.55279364037241, 72.18816682346468, 35.55803110184452, -1, -1, -1, -1
392, 0, 19.65302754111277, 65.56749795943618, 72.18537134021472, 35.554924720922244, -1, -1, -1, -1
393, 0, 18.762832886299996, 65.58220227849995, 72.18257585696473, 35.55181833999997, -1, -1, -1, -1
394, 0, 17.89832411871267, 65.59690659756245, 72.1038324891012, 35.54871195908122, -1, -1, -1, -1
395, 0, 17.03381535112534, 65.61161091662495, 72.02508912123767, 35.54560557816247, -1, -1, -1, -1
396, 0, 16.169306583538013, 65.62631523568746, 71.94634575337415, 35.54249919724373, -1, -1, -1, -1
397, 0, 15.304797815950685, 65.64101955474996, 71.86760238551062, 35.53939281632498, -1, -1, -1, -1
398, 0, 14.440289048363358, 65.65572387381246, 71.7888590176471, 35.53628643540623, -1, -1, -1, -1
399, 0, 13.57578028077603, 65.67042819287497, 71.71011564978357, 35.53318005448749, -1, -1, -1, -1
400, 0, 12.711271513188702, 65.68513251193747, 71.63137228192005, 35.530073673568744, -1, -1, -1, -1
401, 0, 11.846762745601373, 65.69983683099997, 71.55262891405654, 35.52696729265, -1, -1, -1, -1
402, 0, 10.982253978014043, 65.71454115006247, 71.47388554619303, 35.52386091173125, -1, -1, -1, -1
403, 0, 10.117745210426715, 65.72924546912498, 71.39514217832951, 35.520754530812496, -1, -1, -1, -1
404, 0, 9.253236442839388, 65.74394978818748, 71.31639881046598, 35.517648149893745, -1, -1, -1, -1
405, 0, 8.38872767525206, 65.75865410725, 71.23765544260246, 35.51454176897499, -1, -1, -1, -1
406, 0, 7.524218907664732, 65.7733584263125, 71.15891207473894, 35.51143538805625, -1, -1, -1, -1
407, 0, 6.659710140077404, 65.788062745375, 71.08016870687541, 35.508329007137505, -1, -1, -1, -1
408, 0, 5.795201372490077, 65.8027670644375, 71.00142533901189, 35.50522262621875, -1, -1, -1, -1
409, 0, 4.930692604902749, 65.8174713835, 70.92268197114836, 35.50211624530001, -1, -1, -1, -1
410, 0, 3.93775440117033, 65.83217570257341, 70.58114251024942, 35.49900986438736, -1, -1, -1, -1
411, 0, 2.944816197437911, 65.84688002164683, 70.23960304935048, 35.49590348347471, -1, -1, -1, -1
412, 0, 1.951877993705492, 65.86158434072024, 69.89806358845155, 35.492797102562065, -1, -1, -1, -1
413, 0, 0.958939789973073, 65.87628865979366, 69.5565241275526, 35.48969072164942, -1, -1, -1, -1
414, 0, 0.7192048424798048, 65.96327319587024, 69.27354438717651, 35.34471649483706, -1, -1, -1, -1
415, 0, 0.4794698949865365, 66.05025773194681, 68.99056464680041, 35.19974226802469, -1, -1, -1, -1
416, 0, 0.23973494749326826, 66.13724226802339, 68.7075849064243, 35.05476804121233, -1, -1, -1, -1
417, 0, 0.0, 66.22422680409997, 68.42460516604821, 34.90979381439996, -1, -1, -1, -1
418, 0, 0.0, 66.31121134018838, 67.3236085137114, 34.764819587604094, -1, -1, -1, -1
419, 0, 0.0, 66.39819587627679, 66.22261186137462, 34.61984536080823, -1, -1, -1, -1
420, 0, 0.0, 66.4851804123652, 65.12161520903783, 34.47487113401236, -1, -1, -1, -1
421, 0, 0.0, 66.57216494845362, 64.02061855670104, 34.329896907216494, -1, -1, -1, -1
422, 0, 5.150519186405363e-17, 66.58752201429812, 63.09278350515464, 34.307291130031786, -1, -1, -1, -1
423, 0, 1.0301038372810726e-16, 66.60287908014261, 62.164948453608254, 34.284685352847085, -1, -1, -1, -1
424, 0, 1.545155755921609e-16, 66.61823614598711, 61.237113402061865, 34.26207957566238, -1, -1, -1, -1
425, 0, 2.0602076745621452e-16, 66.63359321183161, 60.30927835051547, 34.239473798477675, -1, -1, -1, -1
426, 0, 2.5752595932026814e-16, 66.64895027767611, 59.381443298969074, 34.21686802129297, -1, -1, -1, -1
427, 0, 3.090311511843218e-16, 66.66430734352062, 58.453608247422686, 34.19426224410826, -1, -1, -1, -1
428, 0, 3.6053634304837543e-16, 66.67966440936512, 57.5257731958763, 34.17165646692355, -1, -1, -1, -1
429, 0, 4.1204153491242905e-16, 66.69502147520961, 56.5979381443299, 34.14905068973884, -1, -1, -1, -1
430, 0, 4.635467267764826e-16, 66.71037854105411, 55.670103092783506, 34.126444912554135, -1, -1, -1, -1
431, 0, 5.150519186405363e-16, 66.72573560689861, 54.74226804123712, 34.103839135369434, -1, -1, -1, -1
432, 0, 5.6655711050459e-16, 66.74109267274311, 53.81443298969073, 34.08123335818473, -1, -1, -1, -1
433, 0, 6.180623023686436e-16, 66.7564497385876, 52.886597938144334, 34.058627581000025, -1, -1, -1, -1
434, 0, 6.695674942326973e-16, 66.7718068044321, 51.95876288659794, 34.03602180381532, -1, -1, -1, -1
435, 0, 7.210726860967509e-16, 66.7871638702766, 51.03092783505155, 34.01341602663062, -1, -1, -1, -1
436, 0, 7.725778779608044e-16, 66.8025209361211, 50.10309278350516, 33.99081024944592, -1, -1, -1, -1
437, 0, 8.240830698248581e-16, 66.8178780019656, 49.175257731958766, 33.96820447226122, -1, -1, -1, -1
438, 0, 8.755882616889117e-16, 66.8332350678101, 48.24742268041237, 33.94559869507651, -1, -1, -1, -1
439, 0, 9.270934535529652e-16, 66.84859213365459, 47.31958762886598, 33.92299291789181, -1, -1, -1, -1
440, 0, 9.78598645417019e-16, 66.86394919949909, 46.39175257731959, 33.90038714070711, -1, -1, -1, -1
441, 0, 1.0301038372810726e-15, 66.87930626534359, 45.4639175257732, 33.8777813635224, -1, -1, -1, -1
442, 0, 1.0816090291451262e-15, 66.89466333118808, 44.5360824742268, 33.855175586337694, -1, -1, -1, -1
443, 0, 1.13311422100918e-15, 66.91002039703258, 43.60824742268041, 33.83256980915299, -1, -1, -1, -1
444, 0, 1.1846194128732336e-15, 66.92537746287708, 42.68041237113401, 33.80996403196829, -1, -1, -1, -1
445, 0, 1.2361246047372872e-15, 66.94073452872158, 41.75257731958762, 33.787358254783584, -1, -1, -1, -1
446, 0, 1.287629796601341e-15, 66.95609159456608, 40.824742268041234, 33.764752477598876, -1, -1, -1, -1
447, 0, 1.3391349884653946e-15, 66.97144866041057, 39.89690721649484, 33.74214670041417, -1, -1, -1, -1
448, 0, 1.390640180329448e-15, 66.98680572625508, 38.96907216494844, 33.71954092322946, -1, -1, -1, -1
449, 0, 1.4421453721935017e-15, 67.00216279209958, 38.041237113402055, 33.69693514604475, -1, -1, -1, -1
450, 0, 1.4936505640575554e-15, 67.01751985794408, 37.113402061855666, 33.67432936886004, -1, -1, -1, -1
451, 0, 1.5451557559216089e-15, 67.03287692378858, 36.18556701030927, 33.65172359167534, -1, -1, -1, -1
452, 0, 1.5966609477856625e-15, 67.04823398963308, 35.257731958762875, 33.62911781449064, -1, -1, -1, -1
453, 0, 1.6481661396497162e-15, 67.06359105547757, 34.32989690721649, 33.60651203730593, -1, -1, -1, -1
454, 0, 1.5451557559216089e-15, 67.09086661451022, 33.44555412371133, 33.57923647827328, -1, -1, -1, -1
455, 0, 1.4421453721935017e-15, 67.11814217354288, 32.56121134020618, 33.55196091924063, -1, -1, -1, -1
456, 0, 1.3391349884653946e-15, 67.14541773257554, 31.676868556701024, 33.524685360207975, -1, -1, -1, -1
457, 0, 1.2361246047372872e-15, 67.17269329160818, 30.79252577319587, 33.49740980117532, -1, -1, -1, -1
458, 0, 1.13311422100918e-15, 67.19996885064083, 29.908182989690715, 33.47013424214268, -1, -1, -1, -1
459, 0, 1.0301038372810726e-15, 67.22724440967349, 29.02384020618556, 33.442858683110025, -1, -1, -1, -1
460, 0, 9.270934535529652e-16, 67.25451996870613, 28.139497422680407, 33.41558312407737, -1, -1, -1, -1
461, 0, 8.240830698248581e-16, 67.28179552773878, 27.255154639175252, 33.38830756504473, -1, -1, -1, -1
462, 0, 7.210726860967508e-16, 67.30907108677144, 26.370811855670098, 33.361032006012074, -1, -1, -1, -1
463, 0, 6.180623023686435e-16, 67.33634664580408, 25.486469072164944, 33.33375644697942, -1, -1, -1, -1
464, 0, 5.150519186405363e-16, 67.36362220483673, 24.60212628865979, 33.30648088794677, -1, -1, -1, -1
465, 0, 4.1204153491242895e-16, 67.39089776386939, 23.71778350515464, 33.27920532891412, -1, -1, -1, -1
466, 0, 3.090311511843217e-16, 67.41817332290205, 22.833440721649485, 33.251929769881464, -1, -1, -1, -1
467, 0, 2.0602076745621448e-16, 67.4454488819347, 21.94909793814433, 33.22465421084881, -1, -1, -1, -1
468, 0, 1.0301038372810724e-16, 67.47272444096734, 21.064755154639176, 33.19737865181616, -1, -1, -1, -1
469, 0, 0.0, 67.5, 20.18041237113402, 33.170103092783506, -1, -1, -1, -1
470, 0, 0.0, 67.5008869817207, 19.267074742267265, 32.96359124839026, -1, -1, -1, -1
471, 0, 0.0, 67.50177396344138, 18.35373711340051, 32.75707940399702, -1, -1, -1, -1
472, 0, 0.0, 67.50266094516206, 17.440399484533753, 32.55056755960378, -1, -1, -1, -1
473, 0, 0.0, 67.50354792688276, 16.527061855666997, 32.34405571521053, -1, -1, -1, -1
474, 0, 0.0, 67.50443490860346, 15.61372422680024, 32.13754387081728, -1, -1, -1, -1
475, 0, 0.0, 67.50532189032414, 14.700386597933484, 31.93103202642404, -1, -1, -1, -1
476, 0, 0.0, 67.50620887204482, 13.787048969066728, 31.724520182030794, -1, -1, -1, -1
477, 0, 0.0, 67.50709585376552, 12.873711340199973, 31.51800833763755, -1, -1, -1, -1
478, 0, 0.0, 67.49898217443466, 11.960373711324964, 30.368989147692616, -1, -1, -1, -1
479, 0, 0.0, 67.4908684951038, 11.047036082449955, 29.219969957747686, -1, -1, -1, -1
480, 0, 0.0, 67.48275481577294, 10.133698453574945, 28.070950767802753, -1, -1, -1, -1
481, 0, 0.0, 67.47464113644207, 9.220360824699936, 26.92193157785782, -1, -1, -1, -1
482, 0, 0.0, 68.1188674502697, 8.30702319584454, 25.12057239473357, -1, -1, -1, -1
483, 0, 0.0, 68.76309376409733, 7.393685566989143, 23.319213211609323, -1, -1, -1, -1
484, 0, 0.0, 69.40732007792496, 6.480347938133747, 21.517854028485075, -1, -1, -1, -1
485, 0, 0.0, 70.05154639175258, 5.567010309278351, 19.716494845360824, -1, -1, -1, -1
486, 0, 0.0, 70.05154639175258, 5.567010309278351, 19.716494845360824, -1, -1, -1, -1
487, 0, 0.0, 70.05154639175258, 5.567010309278351, 19.716494845360824, -1, -1, -1, -1
488, 0, 0.0, 70.05154639175258, 5.567010309278351, 19.716494845360824, -1, -1, -1, -1
