8, 0, 0, 83.96907216494846, 7.88659793814433, 36.18556701030928, -1, -1, -1, -1
9, 0, 8.240830698248581e-16, 82.80927835052425, 14.891752577322167, 39.94737819347455, -1, -1, -1, -1
10, 0, 1.6481661396497162e-15, 81.64948453610005, 21.896907216500004, 43.709189376639834, -1, -1, -1, -1
11, 0, 1.0987774264331443e-15, 80.4896907216612, 28.902061855673544, 45.91781009989046, -1, -1, -1, -1
12, 0, 5.493887132165721e-16, 79.32989690722235, 35.907216494847084, 48.12643082314112, -1, -1, -1, -1
13, 0, 0, 78.1701030927835, 42.912371134020624, 50.33505154639175, -1, -1, -1, -1
14, 0, 0.0, 77.97128129602233, 49.45982369085673, 50.666421207661145, -1, -1, -1, -1
15, 0, 0.0, 77.77245949926113, 56.00727624769283, 50.99779086893058, -1, -1, -1, -1
16, 0, 0, 77.57363770249995, 62.554728804528935, 51.32916053019998, -1, -1, -1, -1
17, 0, 3.3009981767635827e-15, 77.37481590574097, 68.18240375870559, 51.66053019146443, -1, -1, -1, -1
18, 0, 6.601996353527165e-15, 77.17599410898198, 73.81007871288223, 51.991899852728906, -1, -1, -1, -1
19, 0, 9.902994530290748e-15, 76.97717231222299, 79.43775366705886, 52.32326951399335, -1, -1, -1, -1
20, 0, 1.320399270705433e-14, 76.77835051546401, 85.06542862123551, 52.654639175257806, -1, -1, -1, -1
21, 0, 9.902994530290748e-15, 76.77835051546398, 89.60448383706066, 52.94458762886606, -1, -1, -1, -1
22, 0, 6.601996353527165e-15, 76.77835051546397, 94.14353905288581, 53.234536082474264, -1, -1, -1, -1
23, 0, 3.3009981767635823e-15, 76.77835051546396, 98.68259426871094, 53.52448453608247, -1, -1, -1, -1
24, 0, 0, 76.77835051546393, 103.22164948453609, 53.81443298969072, -1, -1, -1, -1
25, 0, 0, 76.77835051549971, 107.57727993397833, 53.9072164947999, -1, -1, -1, -1
26, 0, 0, 76.77835051549978, 111.65022971966505, 53.99999999999987, -1, -1, -1, -1
27, 0, 2.279582049411783, 76.87473084291224, 112.01740461293252, 54.09278350514995, -1, -1, -1, -1
28, 0, 4.559164098823566, 76.9711111703247, 112.3845795062, 54.1855670103, -1, -1, -1, -1
29, 0, 6.371050228412887, 76.76414479828699, 113.5737027909055, 54.278350515499866, -1, -1, -1, -1
30, 0, 8.260810779498367, 76.7669859417435, 113.77648800590273, 54.37113402064993, -1, -1, -1, -1
31, 0, 10.150571330583846, 76.7698270852, 113.9792732209, 54.4639175258, -1, -1, -1, -1
32, 0, 11.560861986712254, 76.77266822862131, 114.18205843592645, 54.5567010309457, -1, -1, -1, -1
33, 0, 12.971152642840664, 76.77550937204262, 114.38484365095292, 54.64948453609142, -1, -1, -1, -1
34, 0, 14.381443298969073, 76.77835051546393, 114.58762886597938, 54.74226804123712, -1, -1, -1, -1
35, 0, 15.084080341569232, 76.80154639175115, 114.5328323065435, 54.719072164949694, -1, -1, -1, -1
36, 0, 15.78671738416939, 76.82474226803835, 114.47803574710763, 54.69587628866226, -1, -1, -1, -1
37, 0, 16.489354426769548, 76.84793814432557, 114.42323918767173, 54.672680412374845, -1, -1, -1, -1
38, 0, 17.191991469369707, 76.87113402061277, 114.36844262823585, 54.649484536087414, -1, -1, -1, -1
39, 0, 17.894628511969866, 76.89432989689999, 114.3136460688, 54.6262886598, -1, -1, -1, -1
40, 0, 17.811893866574287, 76.91752577319004, 114.25884950938175, 54.603092783510064, -1, -1, -1, -1
41, 0, 17.72915922117871, 76.94072164948007, 114.2040529499635, 54.57989690722012, -1, -1, -1, -1
42, 0, 17.646424575783126, 76.96391752577011, 114.14925639054522, 54.556701030930185, -1, -1, -1, -1
43, 0, 17.563689930387547, 76.98711340206015, 114.09445983112698, 54.53350515464024, -1, -1, -1, -1
44, 0, 17.480955284991968, 77.01030927835019, 114.03966327170873, 54.5103092783503, -1, -1, -1, -1
45, 0, 17.34679158991772, 76.98922211808781, 114.15273980652057, 54.51030927835032, -1, -1, -1, -1
46, 0, 17.212627894843475, 76.96813495782541, 114.26581634133245, 54.51030927835035, -1, -1, -1, -1
47, 0, 17.07846419976923, 76.94704779756303, 114.3788928761443, 54.51030927835036, -1, -1, -1, -1
48, 0, 16.944300504694983, 76.92596063730065, 114.49196941095616, 54.51030927835038, -1, -1, -1, -1
49, 0, 16.810136809620737, 76.90487347703825, 114.60504594576804, 54.510309278350405, -1, -1, -1, -1
50, 0, 16.67597311454649, 76.88378631677587, 114.71812248057988, 54.51030927835042, -1, -1, -1, -1
51, 0, 16.541809419472244, 76.86269915651347, 114.83119901539176, 54.51030927835045, -1, -1, -1, -1
52, 0, 16.407645724397998, 76.84161199625109, 114.94427555020361, 54.51030927835046, -1, -1, -1, -1
53, 0, 16.273482029323752, 76.8205248359887, 115.05735208501545, 54.510309278350476, -1, -1, -1, -1
54, 0, 16.139318334249506, 76.79943767572631, 115.17042861982733, 54.510309278350505, -1, -1, -1, -1
55, 0, 16.00515463917526, 76.77835051546393, 115.28350515463919, 54.51030927835052, -1, -1, -1, -1
56, 0, 16.07652656621729, 76.77835051546393, 115.24781919111817, 54.43893735130848, -1, -1, -1, -1
57, 0, 16.14789849325932, 76.77835051546393, 115.21213322759716, 54.367565424266445, -1, -1, -1, -1
58, 0, 16.21927042030135, 76.77835051546393, 115.17644726407616, 54.296193497224436, -1, -1, -1, -1
59, 0, 16.29064234734338, 76.77835051546393, 115.14076130055511, 54.2248215701824, -1, -1, -1, -1
60, 0, 16.36201427438541, 76.77835051546393, 115.1050753370341, 54.15344964314036, -1, -1, -1, -1
61, 0, 16.43338620142744, 76.77835051546393, 115.06938937351309, 54.082077716098325, -1, -1, -1, -1
62, 0, 16.504758128469472, 76.77835051546393, 115.03370340999207, 54.01070578905632, -1, -1, -1, -1
63, 0, 16.576130055511502, 76.77835051546393, 114.99801744647107, 53.93933386201428, -1, -1, -1, -1
64, 0, 16.647501982553532, 76.77835051546393, 114.96233148295005, 53.86796193497224, -1, -1, -1, -1
65, 0, 16.718873909595562, 76.77835051546393, 114.92664551942902, 53.796590007930206, -1, -1, -1, -1
66, 0, 16.79024583663759, 76.77835051546393, 114.890959555908, 53.7252180808882, -1, -1, -1, -1
67, 0, 16.86161776367962, 76.77835051546393, 114.855273592387, 53.65384615384616, -1, -1, -1, -1
68, 0, 16.93298969072165, 76.77835051546393, 114.81958762886599, 53.58247422680412, -1, -1, -1, -1
69, 0, 17.231222385861564, 76.77835051546393, 114.90243004418261, 53.681885125184095, -1, -1, -1, -1
70, 0, 17.529455081001476, 76.77835051546393, 114.98527245949926, 53.78129602356407, -1, -1, -1, -1
71, 0, 17.827687776141385, 76.77835051546393, 115.06811487481589, 53.88070692194404, -1, -1, -1, -1
72, 0, 18.125920471281297, 76.77835051546393, 115.15095729013257, 53.98011782032401, -1, -1, -1, -1
73, 0, 18.42415316642121, 76.77835051546393, 115.2337997054492, 54.07952871870398, -1, -1, -1, -1
74, 0, 18.722385861561122, 76.77835051546393, 115.31664212076583, 54.178939617083955, -1, -1, -1, -1
75, 0, 19.02061855670103, 76.77835051546393, 115.39948453608247, 54.27835051546393, -1, -1, -1, -1
76, 0, 19.318851251840943, 76.77835051546393, 115.48232695139912, 54.3777614138439, -1, -1, -1, -1
77, 0, 19.617083946980856, 76.77835051546393, 115.56516936671575, 54.47717231222387, -1, -1, -1, -1
78, 0, 19.915316642120768, 76.77835051546393, 115.64801178203238, 54.57658321060384, -1, -1, -1, -1
79, 0, 20.21354933726068, 76.77835051546393, 115.73085419734906, 54.675994108983815, -1, -1, -1, -1
80, 0, 20.51178203240059, 76.77835051546393, 115.8136966126657, 54.77540500736379, -1, -1, -1, -1
81, 0, 20.8100147275405, 76.77835051546393, 115.89653902798233, 54.87481590574376, -1, -1, -1, -1
82, 0, 21.108247422680414, 76.77835051546393, 115.97938144329898, 54.97422680412372, -1, -1, -1, -1
83, 0, 21.86796087254534, 76.73379151580326, 115.77901019057099, 54.99206978588643, -1, -1, -1, -1
84, 0, 22.627674322410265, 76.68923251614261, 115.57863893784304, 55.00991276764914, -1, -1, -1, -1
85, 0, 23.38738777227519, 76.64467351648194, 115.37826768511508, 55.02775574941184, -1, -1, -1, -1
86, 0, 24.147101222140115, 76.60011451682128, 115.17789643238709, 55.045598731174536, -1, -1, -1, -1
87, 0, 24.90681467200504, 76.55555551716063, 114.97752517965911, 55.06344171293725, -1, -1, -1, -1
88, 0, 25.666528121869966, 76.51099651749996, 114.77715392693116, 55.081284694699946, -1, -1, -1, -1
89, 0, 26.87267965476104, 76.46643751783438, 115.0595746698593, 55.09912767644994, -1, -1, -1, -1
90, 0, 28.078831187652113, 76.4218785181688, 115.34199541278743, 55.11697065819996, -1, -1, -1, -1
91, 0, 29.284982720543187, 76.37731951850321, 115.62441615571558, 55.13481363994998, -1, -1, -1, -1
92, 0, 30.49113425343426, 76.33276051883763, 115.90683689864372, 55.152656621699975, -1, -1, -1, -1
93, 0, 31.697285786325335, 76.28820151917205, 116.18925764157184, 55.17049960344997, -1, -1, -1, -1
94, 0, 32.90343731921641, 76.24364251950647, 116.4716783845, 55.1883425852, -1, -1, -1, -1
95, 0, 34.347163312619564, 76.1639382527398, 116.5127031296, 55.20618556696667, -1, -1, -1, -1
96, 0, 35.79088930602271, 76.08423398597311, 116.55372787470003, 55.22402854873333, -1, -1, -1, -1
97, 0, 37.23461529942587, 76.00452971920645, 116.5947526198, 55.2418715305, -1, -1, -1, -1
98, 0, 39.12463039893057, 76.03639772895258, 116.63577736490001, 55.25971451225715, -1, -1, -1, -1
99, 0, 41.014645498435264, 76.06826573869871, 116.67680211000001, 55.27755749401429, -1, -1, -1, -1
100, 0, 42.904660597939966, 76.10013374844485, 116.71782685510001, 55.29540047577143, -1, -1, -1, -1
101, 0, 44.79467569744467, 76.13200175819098, 116.75885160020002, 55.31324345752857, -1, -1, -1, -1
102, 0, 46.68469079694937, 76.16386976793711, 116.7998763453, 55.33108643928571, -1, -1, -1, -1
103, 0, 48.57470589645406, 76.19573777768325, 116.84090109040001, 55.348929421042854, -1, -1, -1, -1
104, 0, 50.464720995958764, 76.22760578742938, 116.8819258355, 55.3667724028, -1, -1, -1, -1
105, 0, 52.95066331702585, 76.7783505155, 116.9229505806, 55.384615384599996, -1, -1, -1, -1
106, 0, 54.9385408406, 76.77835051550001, 116.96397532565169, 55.40245836640001, -1, -1, -1, -1
107, 0, 56.348136399681444, 76.77835051548197, 117.63147219890834, 55.420301348148456, -1, -1, -1, -1
108, 0, 57.75773195876289, 76.77835051546393, 118.29896907216495, 55.43814432989691, -1, -1, -1, -1
109, 0, 60.36305385224144, 76.79381443298753, 118.11340206185847, 55.298969072167225, -1, -1, -1, -1
110, 0, 62.968375745719996, 76.80927835051114, 117.92783505155198, 55.159793814437535, -1, -1, -1, -1
111, 0, 65.57369763919854, 76.82474226803475, 117.74226804124547, 55.02061855670783, -1, -1, -1, -1
112, 0, 68.1790195326771, 76.84020618555836, 117.55670103093897, 54.88144329897814, -1, -1, -1, -1
113, 0, 70.78434142615566, 76.85567010308196, 117.37113402063247, 54.74226804124845, -1, -1, -1, -1
114, 0, 73.38966331963421, 76.87113402060557, 117.18556701032598, 54.60309278351876, -1, -1, -1, -1
115, 0, 75.99498521311276, 76.88659793812917, 117.0000000000195, 54.46391752578907, -1, -1, -1, -1
116, 0, 78.60030710659132, 76.90206185565279, 116.81443298971297, 54.32474226805937, -1, -1, -1, -1
117, 0, 81.20562900006988, 76.9175257731764, 116.62886597940647, 54.18556701032968, -1, -1, -1, -1
118, 0, 83.81095089354842, 76.9329896907, 116.4432989691, 54.0463917526, -1, -1, -1, -1
119, 0, 86.6260803024676, 76.9484536082301, 116.25773195878516, 53.90721649486349, -1, -1, -1, -1
120, 0, 89.44120971138679, 76.96391752576021, 116.07216494847032, 53.76804123712701, -1, -1, -1, -1
121, 0, 92.25633912030597, 76.97938144329031, 115.88659793815546, 53.62886597939051, -1, -1, -1, -1
122, 0, 95.07146852922516, 76.99484536082042, 115.70103092784062, 53.48969072165403, -1, -1, -1, -1
123, 0, 97.88659793814433, 77.01030927835052, 115.51546391752578, 53.35051546391753, -1, -1, -1, -1
124, 0, 101.30271790066159, 76.92596063730043, 114.9594989474483, 53.49812558576001, -1, -1, -1, -1
125, 0, 104.71883786317885, 76.84161199625035, 114.4035339773708, 53.64573570760248, -1, -1, -1, -1
126, 0, 108.1349578256961, 76.75726335520027, 113.8475690072933, 53.79334582944496, -1, -1, -1, -1
127, 0, 111.55107778821338, 76.67291471415018, 113.29160403721579, 53.940955951287435, -1, -1, -1, -1
128, 0, 114.96719775073063, 76.5885660731001, 112.73563906713832, 54.08856607312991, -1, -1, -1, -1
129, 0, 118.38331771324789, 76.50421743205001, 112.17967409706083, 54.23617619497239, -1, -1, -1, -1
130, 0, 121.79943767576515, 76.41986879099993, 111.62370912698333, 54.38378631681486, -1, -1, -1, -1
131, 0, 125.2155576382824, 76.33552014994984, 111.06774415690583, 54.53139643865734, -1, -1, -1, -1
132, 0, 128.63167760079966, 76.25117150889976, 110.51177918682835, 54.67900656049981, -1, -1, -1, -1
133, 0, 132.04779756329935, 76.16682286789957, 107.95220243670063, 54.826616682299715, -1, -1, -1, -1
134, 0, 135.4639175257732, 76.08247422680412, 104.53608247422677, 54.97422680412372, -1, -1, -1, -1
135, 0, 139.37822164948454, 76.0534793814433, 100.62177835051546, 54.858247422680435, -1, -1, -1, -1
136, 0, 143.2925257731959, 76.02448453608247, 96.7074742268041, 54.74226804123714, -1, -1, -1, -1
137, 0, 147.20682989690724, 75.99548969072166, 92.79317010309276, 54.62628865979383, -1, -1, -1, -1
138, 0, 151.12113402061857, 75.96649484536083, 88.87886597938143, 54.51030927835053, -1, -1, -1, -1
139, 0, 155.0354381443299, 75.9375, 84.96456185567007, 54.39432989690724, -1, -1, -1, -1
140, 0, 158.94974226804123, 75.90850515463919, 81.05025773195874, 54.27835051546393, -1, -1, -1, -1
141, 0, 162.8640463917526, 75.87951030927836, 77.13595360824738, 54.16237113402063, -1, -1, -1, -1
142, 0, 166.77835051546393, 75.85051546391753, 73.22164948453604, 54.04639175257732, -1, -1, -1, -1
143, 0, 171.03092783505156, 76.35309278350516, 68.96907216494841, 53.50515463917526, -1, -1, -1, -1
144, 0, 175.2835051546392, 76.85567010309279, 64.71649484536078, 52.96391752577321, -1, -1, -1, -1
145, 0, 179.53608247422682, 77.35824742268042, 60.463917525773155, 52.422680412371136, -1, -1, -1, -1
146, 0, 183.78865979381445, 77.86082474226804, 56.211340206185525, 51.881443298969074, -1, -1, -1, -1
147, 0, 188.04123711340208, 78.36340206185567, 51.958762886597896, 51.34020618556703, -1, -1, -1, -1
148, 0, 192.2938144329897, 78.8659793814433, 47.70618556701027, 50.79896907216495, -1, -1, -1, -1
149, 0, 196.33916198997883, 78.8659793814433, 43.66083801002114, 50.45103092783505, -1, -1, -1, -1
150, 0, 200.384509546968, 78.8659793814433, 39.61549045303201, 50.10309278350515, -1, -1, -1, -1
151, 0, 204.42985710395712, 78.8659793814433, 35.57014289604288, 49.755154639175274, -1, -1, -1, -1
152, 0, 208.47520466094625, 78.8659793814433, 31.524795339053743, 49.407216494845365, -1, -1, -1, -1
153, 0, 212.45960104959698, 79.53966852927456, 27.540398950403016, 47.039845861456286, -1, -1, -1, -1
154, 0, 216.44399743824772, 80.21335767710582, 23.55600256175228, 44.67247522806723, -1, -1, -1, -1
155, 0, 220.42839382689849, 80.88704682493709, 19.571606173101486, 42.30510459467814, -1, -1, -1, -1
156, 0, 224.41279021554922, 81.56073597276834, 15.58720978445075, 39.937733961289084, -1, -1, -1, -1
157, 0, 228.39718660419996, 82.23442512059961, 11.6028133958, 37.5703633279, -1, -1, -1, -1
158, 0, 232.38158299279957, 83.47901907234063, 7.6184170071999695, 35.202992694563754, -1, -1, -1, -1
159, 0, 236.3659793814433, 84.89690721649485, 3.634020618556666, 25.283505154639176, -1, -1, -1, -1
