1, 1603472011687027727
2, 1603472011708561152
3, 1603472011730094727
4, 1603472011751628288
5, 1603472011773161727
6, 1603472011794695680
7, 1603472011816229727
8, 1603472011837763072
9, 1603472011859296727
10, 1603472011880830208
11, 1603472011902363727, 0, 0, 87.44845360824743, 4.175257731958763, 24.587628865979383
12, 1603472011923897088, 0, 8.40564731221356e-14, 85.08220887176412, 7.451675257729384, 32.27452448469631
13, 1603472011945430727, 0, 1.681129462442712e-13, 82.71596413528081, 10.728092783500005, 39.96142010341323
14, 1603472011966964224, 0, 1.40094121870226e-13, 82.2675989787134, 14.004510309274057, 40.83984321332546
15, 1603472011988497727, 0, 1.1207529749618081e-13, 81.81923382214597, 17.28092783504811, 41.718266323237685
16, 1603472012010031616, 0, 8.40564731221356e-14, 81.37086866557856, 20.557345360822165, 42.59668943314991
17, 1603472012031565727, 0, 5.6037648748090404e-14, 80.92250350901114, 23.83376288659622, 43.47511254306214
18, 1603472012053099264, 0, 2.8018824374045202e-14, 80.47413835244372, 27.110180412370276, 44.35353565297437
19, 1603472012074632727, 0, 0, 80.0257731958763, 30.38659793814433, 45.2319587628866
20, 1603472012096166144, 0, 1.1537162977548017e-14, 79.34878962568574, 34.03994845360825, 46.10610728151143
21, 1603472012117699727, 0, 2.3074325955096034e-14, 78.67180605549518, 37.69329896907216, 46.98025580013626
22, 1603472012139233280, 0, 3.461148893264405e-14, 77.99482248530461, 41.34664948453607, 47.8544043187611
23, 1603472012160766727, 0, 4.614865191019207e-14, 77.31783891511405, 44.999999999999986, 48.72855283738594
24, 1603472012182300160, 0, 3.845720992516005e-14, 77.1265208899764, 48.65335051546664, 49.11703581099023
25, 1603472012203833727, 0, 3.076576794012804e-14, 76.93520286483876, 52.30670103093329, 49.50551878459453
26, 1603472012225367552, 0, 2.307432595509603e-14, 76.74388483970111, 55.96005154639994, 49.894001758198826
27, 1603472012246901727, 0, 1.538288397006402e-14, 76.55256681456346, 59.61340206186659, 50.28248473180312
28, 1603472012268435200, 0, 7.69144198503201e-15, 76.36124878942582, 63.266752577333236, 50.67096770540741
29, 1603472012289968727, 0, 0, 76.16993076428817, 66.92010309279989, 51.059450679011704
30, 1603472012311502080, 0, 0.0, 76.11479335796244, 70.57345360826217, 51.31175303379095
31, 1603472012333035727, 0, 0.0, 76.05965595163671, 74.22680412372445, 51.564055388570196
32, 1603472012354569216, 0, 0.0, 76.00451854531099, 77.88015463918673, 51.816357743349435
33, 1603472012376102727, 0, 0.0, 75.94938113898527, 81.533505154649, 52.068660098128674
34, 1603472012397636096, 0, 0.0, 75.89424373265955, 85.18685567011129, 52.32096245290792
35, 1603472012419169727, 0, 0.0, 75.83910632633382, 88.84020618557356, 52.57326480768717
36, 1603472012440703744, 0, 0.0, 75.7839689200081, 92.49355670103584, 52.825567162466406
37, 1603472012462237727, 0, 0.0, 75.72883151368238, 96.14690721649812, 53.077869517245645
38, 1603472012483771136, 0, 0.0, 75.67369410735665, 99.8002577319604, 53.330171872024884
39, 1603472012505304727, 0, 0, 75.61855670103093, 103.45360824742268, 53.58247422680412
40, 1603472012526838272, 0, 0.0, 75.64175257731539, 107.28092783506133, 53.60567010310201
41, 1603472012548371727, 0, 0, 75.66494845359985, 111.1082474227, 53.62886597939989
42, 1603472012569905152, 0, 3.130112041782036, 75.68814432987489, 111.80545496854296, 53.65206185567491
43, 1603472012591438727, 0, 6.260224083564072, 75.71134020614991, 112.50266251438593, 53.67525773194993
44, 1603472012612972288, 0, 9.390336125346108, 75.73453608242494, 113.1998700602289, 53.698453608224966
45, 1603472012634505727, 0, 12.520448167128144, 75.75773195869998, 113.89707760607186, 53.7216494845
46, 1603472012656039680, 0, 16.02076766370287, 75.78092783499986, 114.2240776971469, 53.744845360799914
47, 1603472012677573727, 0, 19.5210871602776, 75.80412371129975, 114.55107778822192, 53.76804123709984
48, 1603472012699107072, 0, 23.015581068437292, 75.82731958759973, 114.8839034676871, 53.791237113399816
49, 1603472012720640727, 0, 26.51007497659699, 75.8505154638997, 115.21672914715228, 53.814432989699796
50, 1603472012742174208, 0, 30.004568884756683, 75.87371134019966, 115.54955482661745, 53.837628865999775
51, 1603472012763707727, 0, 33.49906279291638, 75.89690721649964, 115.88238050608264, 53.86082474229976
52, 1603472012785241088, 0, 37.169283036585334, 75.9201030927877, 116.03947985003882, 53.88402061858447
53, 1603472012806774727, 0, 40.83950328025429, 75.94329896907576, 116.19657919399498, 53.907216494869175
54, 1603472012828308224, 0, 44.50972352392325, 75.96649484536383, 116.35367853795114, 53.93041237115386
55, 1603472012849841727, 0, 48.179943767592206, 75.98969072165188, 116.51077788190729, 53.95360824743854
56, 1603472012871375616, 0, 51.850164011261164, 76.01288659793994, 116.66787722586346, 53.97680412372322
57, 1603472012892909727, 0, 55.52038425493012, 76.03608247422801, 116.82497656981963, 54.0000000000079
58, 1603472012914443264, 0, 59.19060449859908, 76.05927835051607, 116.98207591377579, 54.02319587629261
59, 1603472012935976727, 0, 62.860824742268036, 76.08247422680412, 117.13917525773196, 54.04639175257732
60, 1603472012957510144, 0, 66.51417525773121, 76.0476804123737, 116.92875119445284, 54.05798969071958
61, 1603472012979043727, 0, 70.16752577319438, 76.01288659794328, 116.71832713117372, 54.06958762886184
62, 1603472013000577280, 0, 73.82087628865756, 75.97809278351286, 116.50790306789462, 54.081185567004084
63, 1603472013022110727, 0, 77.47422680412073, 75.94329896908245, 116.29747900461551, 54.09278350514633
64, 1603472013043644160, 0, 81.1275773195839, 75.90850515465203, 116.08705494133639, 54.104381443288595
65, 1603472013065177727, 0, 84.7809278350471, 75.8737113402216, 115.87663087805726, 54.11597938143086
66, 1603472013086711552, 0, 88.43427835051027, 75.83891752579119, 115.66620681477815, 54.127577319573106
67, 1603472013108245727, 0, 92.08762886597344, 75.80412371136077, 115.45578275149904, 54.13917525771535
68, 1603472013129779200, 0, 95.74097938143662, 75.76932989693034, 115.24535868821994, 54.150773195857624
69, 1603472013151312727, 0, 99.39432989689979, 75.73453608249993, 115.03493462494082, 54.1623711339999
70, 1603472013172846080, 0, 103.04768041236227, 75.6997422680624, 114.57792604424826, 54.17396907214988
71, 1603472013194379727, 0, 106.70103092782473, 75.66494845362486, 114.1209174635557, 54.18556701029986
72, 1603472013215913216, 0, 110.3543814432872, 75.63015463918734, 113.66390888286315, 54.197164948449846
73, 1603472013237446727, 0, 114.00773195874967, 75.5953608247498, 113.20690030217062, 54.20876288659983
74, 1603472013258980096, 0, 117.66108247421215, 75.56056701031227, 112.7498917214781, 54.22036082474983
75, 1603472013280513727, 0, 121.31443298967461, 75.52577319587473, 112.29288314078555, 54.231958762899836
76, 1603472013302047744, 0, 124.96778350513708, 75.4909793814372, 111.83587456009299, 54.243556701049826
77, 1603472013323581727, 0, 128.62113402059956, 75.45618556699966, 111.37886597940043, 54.25515463919982
78, 1603472013345115136, 0, 132.27448453607298, 75.42139175257199, 107.725515463927, 54.26675257733187
79, 1603472013366648727, 0, 135.9278350515464, 75.38659793814433, 104.07216494845358, 54.27835051546392
80, 1603472013388182272, 0, 139.33762886598174, 75.43164802217538, 100.66237113401822, 54.15211486442206
81, 1603472013409715727, 0, 142.74742268041712, 75.47669810620641, 97.25257731958285, 54.02587921338019
82, 1603472013431249152, 0, 146.1572164948525, 75.52174819023745, 93.8427835051475, 53.89964356233834
83, 1603472013452782727, 0, 149.56701030928784, 75.56679827426848, 90.43298969071213, 53.77340791129649
84, 1603472013474316288, 0, 152.97680412372318, 75.61184835829951, 87.02319587627676, 53.64717226025464
85, 1603472013495849727, 0, 156.38659793815856, 75.65689844233056, 83.61340206184138, 53.5209366092128
86, 1603472013517383680, 0, 159.79639175259393, 75.70194852636159, 80.20360824740602, 53.394700958170944
87, 1603472013538917727, 0, 163.20618556702928, 75.74699861039262, 76.79381443297066, 53.26846530712909
88, 1603472013560451072, 0, 166.61597938146463, 75.79204869442367, 73.3840206185353, 53.14222965608723
89, 1603472013581984727, 0, 170.0257731959, 75.8370987784547, 69.97422680409994, 53.01599400504537
90, 1603472013603518208, 0, 173.4355670103306, 76.09359508617624, 66.56443298966933, 52.67831213031403
91, 1603472013625051727, 0, 176.84536082476123, 76.35009139389778, 63.154639175238714, 52.340630255582695
92, 1603472013646585088, 0, 180.25515463919186, 76.60658770161933, 59.744845360808085, 52.00294838085136
93, 1603472013668118727, 0, 183.6649484536225, 76.86308400934087, 56.33505154637746, 51.66526650612002
94, 1603472013689652224, 0, 187.07474226805311, 77.1195803170624, 52.92525773194686, 51.32758463138867
95, 1603472013711185727, 0, 190.48453608248371, 77.37607662478395, 49.51546391751626, 50.989902756657315
96, 1603472013732719616, 0, 193.89432989691434, 77.6325729325055, 46.10567010308563, 50.65222088192598
97, 1603472013754253727, 0, 197.30412371134497, 77.88906924022703, 42.695876288655, 50.31453900719464
98, 1603472013775787264, 0, 200.71391752577557, 78.14556554794856, 39.286082474224386, 49.9768571324633
99, 1603472013797320727, 0, 204.1237113402062, 78.40206185567011, 35.87628865979378, 49.639175257731964
100, 1603472013818854144, 0, 206.9536082474227, 78.88917525773198, 33.04639175257728, 48.34020618556701
101, 1603472013840387727, 0, 209.7835051546392, 79.37628865979383, 30.216494845360785, 47.04123711340206
102, 1603472013861921280, 0, 212.61340206185568, 79.86340206185568, 27.38659793814429, 45.74226804123712
103, 1603472013883454727, 0, 215.44329896907217, 80.35051546391753, 24.556701030927798, 44.443298969072174
104, 1603472013904988160, 0, 218.27319587628867, 80.83762886597938, 21.726804123711304, 43.144329896907216
105, 1603472013926521727, 0, 221.10309278350516, 81.32474226804125, 18.89690721649481, 41.84536082474226
106, 1603472013948055552, 0, 223.93298969072166, 81.8118556701031, 16.067010309278317, 40.546391752577314
107, 1603472013969589727, 0, 226.76288659793815, 82.29896907216495, 13.237113402061823, 39.24742268041237
108, 1603472013991123200, 0, 229.59278350515464, 82.78608247422682, 10.407216494845327, 37.94845360824742
109, 1603472014012656727, 0, 232.42268041237114, 83.27319587628867, 7.577319587628831, 36.649484536082475
110, 1603472014034190080, 0, 234.85824742268042, 84.54896907216497, 5.1417525773195525, 30.27061855670103
111, 1603472014055723727, 0, 237.2938144329897, 85.82474226804125, 2.706185567010274, 23.89175257731959
112, 1603472014077257216, 0, 237.2938144329897, 85.82474226804125, 2.706185567010274, 23.89175257731959
113, 1603472014098790727
114, 1603472014120324096
115, 1603472014141857727
116, 1603472014163391744
117, 1603472014184925727
118, 1603472014206459136
119, 1603472014227992727
120, 1603472014249526272
121, 1603472014271059727
122, 1603472014292593152
123, 1603472014314126727
124, 1603472014335660288
125, 1603472014357193727
126, 1603472014378727680
127, 1603472014400261727
128, 1603472014421795072
129, 1603472014443328727
