81, 0, 0.0, 87.44845360824743, 4.175257731958763, 24.587628865979383, -1, -1, -1, -1
82, 0, 1.050705914026695e-14, 87.15267301618702, 4.5848099226800905, 25.548490818319, -1, -1, -1, -1
83, 0, 2.10141182805339e-14, 86.85689242412661, 4.994362113401419, 26.509352770658616, -1, -1, -1, -1
84, 0, 3.152117742080085e-14, 86.56111183206619, 5.403914304122746, 27.47021472299823, -1, -1, -1, -1
85, 0, 4.20282365610678e-14, 86.26533124000578, 5.813466494844073, 28.431076675337845, -1, -1, -1, -1
86, 0, 5.2535295701334753e-14, 85.96955064794537, 6.2230186855654015, 29.39193862767746, -1, -1, -1, -1
87, 0, 6.30423548416017e-14, 85.67377005588494, 6.632570876286729, 30.352800580017075, -1, -1, -1, -1
88, 0, 7.354941398186866e-14, 85.37798946382453, 7.042123067008056, 31.31366253235669, -1, -1, -1, -1
89, 0, 8.40564731221356e-14, 85.08220887176412, 7.451675257729384, 32.27452448469631, -1, -1, -1, -1
90, 0, 9.456353226240255e-14, 84.78642827970371, 7.861227448450712, 33.23538643703593, -1, -1, -1, -1
91, 0, 1.0507059140266951e-13, 84.4906476876433, 8.270779639172039, 34.19624838937554, -1, -1, -1, -1
92, 0, 1.1557765054293646e-13, 84.19486709558288, 8.680331829893365, 35.15711034171515, -1, -1, -1, -1
93, 0, 1.260847096832034e-13, 83.89908650352247, 9.089884020614694, 36.117972294054766, -1, -1, -1, -1
94, 0, 1.3659176882347038e-13, 83.60330591146206, 9.499436211336022, 37.07883424639438, -1, -1, -1, -1
95, 0, 1.4709882796373732e-13, 83.30752531940163, 9.90898840205735, 38.039696198734, -1, -1, -1, -1
96, 0, 1.5760588710400427e-13, 83.01174472734122, 10.318540592778678, 39.00055815107362, -1, -1, -1, -1
97, 0, 1.681129462442712e-13, 82.71596413528081, 10.728092783500005, 39.96142010341323, -1, -1, -1, -1
98, 0, 1.6461059319751555e-13, 82.65991849070988, 11.137644974221761, 40.07122299215226, -1, -1, -1, -1
99, 0, 1.611082401507599e-13, 82.60387284613896, 11.547197164943519, 40.18102588089129, -1, -1, -1, -1
100, 0, 1.5760588710400427e-13, 82.54782720156803, 11.956749355665275, 40.29082876963032, -1, -1, -1, -1
101, 0, 1.541035340572486e-13, 82.4917815569971, 12.366301546387032, 40.40063165836935, -1, -1, -1, -1
102, 0, 1.5060118101049295e-13, 82.43573591242617, 12.775853737108788, 40.510434547108375, -1, -1, -1, -1
103, 0, 1.4709882796373732e-13, 82.37969026785524, 13.185405927830544, 40.6202374358474, -1, -1, -1, -1
104, 0, 1.4359647491698167e-13, 82.32364462328431, 13.5949581185523, 40.730040324586426, -1, -1, -1, -1
105, 0, 1.40094121870226e-13, 82.2675989787134, 14.004510309274057, 40.83984321332546, -1, -1, -1, -1
106, 0, 1.3659176882347035e-13, 82.21155333414248, 14.414062499995813, 40.94964610206449, -1, -1, -1, -1
107, 0, 1.330894157767147e-13, 82.15550768957155, 14.82361469071757, 41.05944899080352, -1, -1, -1, -1
108, 0, 1.2958706272995906e-13, 82.09946204500062, 15.233166881439328, 41.16925187954254, -1, -1, -1, -1
109, 0, 1.260847096832034e-13, 82.04341640042969, 15.642719072161084, 41.27905476828157, -1, -1, -1, -1
110, 0, 1.2258235663644775e-13, 81.98737075585876, 16.05227126288284, 41.388857657020594, -1, -1, -1, -1
111, 0, 1.1908000358969212e-13, 81.93132511128783, 16.461823453604598, 41.49866054575963, -1, -1, -1, -1
112, 0, 1.1557765054293646e-13, 81.8752794667169, 16.871375644326356, 41.60846343449866, -1, -1, -1, -1
113, 0, 1.1207529749618081e-13, 81.81923382214597, 17.28092783504811, 41.718266323237685, -1, -1, -1, -1
114, 0, 1.0857294444942515e-13, 81.76318817757505, 17.690480025769865, 41.82806921197671, -1, -1, -1, -1
115, 0, 1.0507059140266951e-13, 81.70714253300412, 18.100032216491623, 41.937872100715744, -1, -1, -1, -1
116, 0, 1.0156823835591386e-13, 81.65109688843319, 18.50958440721338, 42.04767498945478, -1, -1, -1, -1
117, 0, 9.80658853091582e-14, 81.59505124386226, 18.919136597935136, 42.1574778781938, -1, -1, -1, -1
118, 0, 9.456353226240255e-14, 81.53900559929133, 19.328688788656894, 42.26728076693283, -1, -1, -1, -1
119, 0, 9.10611792156469e-14, 81.4829599547204, 19.738240979378652, 42.37708365567185, -1, -1, -1, -1
120, 0, 8.755882616889126e-14, 81.42691431014947, 20.147793170100407, 42.48688654441088, -1, -1, -1, -1
121, 0, 8.40564731221356e-14, 81.37086866557856, 20.557345360822165, 42.59668943314991, -1, -1, -1, -1
122, 0, 8.055412007537995e-14, 81.31482302100764, 20.966897551543923, 42.706492321888945, -1, -1, -1, -1
123, 0, 7.70517670286243e-14, 81.25877737643671, 21.376449742265677, 42.81629521062797, -1, -1, -1, -1
124, 0, 7.354941398186866e-14, 81.20273173186578, 21.786001932987435, 42.926098099366996, -1, -1, -1, -1
125, 0, 7.0047060935113e-14, 81.14668608729485, 22.195554123709194, 43.03590098810602, -1, -1, -1, -1
126, 0, 6.654470788835735e-14, 81.09064044272392, 22.605106314430948, 43.14570387684505, -1, -1, -1, -1
127, 0, 6.30423548416017e-14, 81.034594798153, 23.014658505152706, 43.25550676558408, -1, -1, -1, -1
128, 0, 5.954000179484606e-14, 80.97854915358207, 23.424210695874464, 43.36530965432311, -1, -1, -1, -1
129, 0, 5.6037648748090404e-14, 80.92250350901114, 23.83376288659622, 43.47511254306214, -1, -1, -1, -1
130, 0, 5.2535295701334753e-14, 80.8664578644402, 24.243315077317977, 43.584915431801164, -1, -1, -1, -1
131, 0, 4.90329426545791e-14, 80.81041221986928, 24.652867268039735, 43.6947183205402, -1, -1, -1, -1
132, 0, 4.553058960782345e-14, 80.75436657529835, 25.06241945876149, 43.80452120927923, -1, -1, -1, -1
133, 0, 4.20282365610678e-14, 80.69832093072742, 25.471971649483248, 43.914324098018255, -1, -1, -1, -1
134, 0, 3.852588351431215e-14, 80.64227528615649, 25.881523840205006, 44.02412698675728, -1, -1, -1, -1
135, 0, 3.50235304675565e-14, 80.58622964158556, 26.29107603092676, 44.133929875496314, -1, -1, -1, -1
136, 0, 3.152117742080085e-14, 80.53018399701463, 26.70062822164852, 44.24373276423535, -1, -1, -1, -1
137, 0, 2.8018824374045202e-14, 80.47413835244372, 27.110180412370276, 44.35353565297437, -1, -1, -1, -1
138, 0, 2.451647132728955e-14, 80.4180927078728, 27.51973260309203, 44.4633385417134, -1, -1, -1, -1
139, 0, 2.10141182805339e-14, 80.36204706330187, 27.92928479381379, 44.57314143045243, -1, -1, -1, -1
140, 0, 1.751176523377825e-14, 80.30600141873094, 28.338836984535547, 44.68294431919146, -1, -1, -1, -1
141, 0, 1.4009412187022601e-14, 80.24995577416001, 28.7483891752573, 44.79274720793049, -1, -1, -1, -1
142, 0, 1.050705914026695e-14, 80.19391012958909, 29.15794136597906, 44.902550096669515, -1, -1, -1, -1
143, 0, 7.0047060935113004e-15, 80.13786448501816, 29.567493556700818, 45.01235298540854, -1, -1, -1, -1
144, 0, 3.5023530467556502e-15, 80.08181884044723, 29.977045747422572, 45.122155874147566, -1, -1, -1, -1
145, 0, 0.0, 80.0257731958763, 30.38659793814433, 45.2319587628866, -1, -1, -1, -1
146, 0, 1.4421453721935021e-15, 79.94115024960249, 30.84326675257732, 45.341227327714705, -1, -1, -1, -1
147, 0, 2.8842907443870042e-15, 79.85652730332866, 31.29993556701031, 45.450495892542804, -1, -1, -1, -1
148, 0, 4.3264361165805065e-15, 79.77190435705484, 31.7566043814433, 45.55976445737091, -1, -1, -1, -1
149, 0, 5.7685814887740085e-15, 79.68728141078103, 32.21327319587629, 45.66903302219902, -1, -1, -1, -1
150, 0, 7.210726860967511e-15, 79.6026584645072, 32.669942010309285, 45.778301587027116, -1, -1, -1, -1
151, 0, 8.652872233161013e-15, 79.51803551823338, 33.12661082474227, 45.88757015185522, -1, -1, -1, -1
152, 0, 1.0095017605354515e-14, 79.43341257195956, 33.58327963917526, 45.99683871668333, -1, -1, -1, -1
153, 0, 1.1537162977548017e-14, 79.34878962568574, 34.03994845360825, 46.10610728151143, -1, -1, -1, -1
154, 0, 1.297930834974152e-14, 79.26416667941191, 34.496617268041234, 46.21537584633953, -1, -1, -1, -1
155, 0, 1.4421453721935022e-14, 79.1795437331381, 34.95328608247422, 46.32464441116764, -1, -1, -1, -1
156, 0, 1.5863599094128524e-14, 79.09492078686428, 35.40995489690721, 46.43391297599574, -1, -1, -1, -1
157, 0, 1.7305744466322026e-14, 79.01029784059045, 35.8666237113402, 46.543181540823845, -1, -1, -1, -1
158, 0, 1.8747889838515528e-14, 78.92567489431664, 36.3232925257732, 46.65245010565195, -1, -1, -1, -1
159, 0, 2.019003521070903e-14, 78.84105194804282, 36.779961340206185, 46.76171867048005, -1, -1, -1, -1
160, 0, 2.1632180582902532e-14, 78.75642900176899, 37.23663015463917, 46.87098723530816, -1, -1, -1, -1
161, 0, 2.3074325955096034e-14, 78.67180605549518, 37.69329896907216, 46.98025580013626, -1, -1, -1, -1
162, 0, 2.451647132728954e-14, 78.58718310922136, 38.14996778350515, 47.08952436496437, -1, -1, -1, -1
163, 0, 2.595861669948304e-14, 78.50256016294753, 38.606636597938135, 47.198792929792475, -1, -1, -1, -1
164, 0, 2.7400762071676543e-14, 78.41793721667372, 39.06330541237112, 47.308061494620574, -1, -1, -1, -1
165, 0, 2.8842907443870045e-14, 78.3333142703999, 39.519974226804116, 47.41733005944868, -1, -1, -1, -1
166, 0, 3.0285052816063547e-14, 78.24869132412607, 39.97664304123711, 47.52659862427679, -1, -1, -1, -1
167, 0, 3.172719818825705e-14, 78.16406837785226, 40.4333118556701, 47.635867189104886, -1, -1, -1, -1
168, 0, 3.316934356045055e-14, 78.07944543157843, 40.889980670103085, 47.74513575393299, -1, -1, -1, -1
169, 0, 3.461148893264405e-14, 77.99482248530461, 41.34664948453607, 47.8544043187611, -1, -1, -1, -1
170, 0, 3.6053634304837554e-14, 77.9101995390308, 41.80331829896906, 47.963672883589204, -1, -1, -1, -1
171, 0, 3.7495779677031056e-14, 77.82557659275697, 42.25998711340205, 48.07294144841731, -1, -1, -1, -1
172, 0, 3.893792504922456e-14, 77.74095364648315, 42.716655927835035, 48.18221001324542, -1, -1, -1, -1
173, 0, 4.038007042141806e-14, 77.65633070020934, 43.17332474226803, 48.29147857807352, -1, -1, -1, -1
174, 0, 4.182221579361156e-14, 77.57170775393551, 43.629993556701024, 48.40074714290163, -1, -1, -1, -1
175, 0, 4.3264361165805064e-14, 77.48708480766169, 44.08666237113401, 48.510015707729735, -1, -1, -1, -1
176, 0, 4.4706506537998566e-14, 77.40246186138788, 44.543331185567, 48.619284272557834, -1, -1, -1, -1
177, 0, 4.614865191019207e-14, 77.31783891511405, 44.999999999999986, 48.72855283738594, -1, -1, -1, -1
178, 0, 4.518722166206306e-14, 77.29392416197186, 45.456668814433314, 48.77711320908648, -1, -1, -1, -1
179, 0, 4.422579141393406e-14, 77.27000940882965, 45.91333762886665, 48.82567358078701, -1, -1, -1, -1
180, 0, 4.326436116580506e-14, 77.24609465568744, 46.370006443299985, 48.87423395248755, -1, -1, -1, -1
181, 0, 4.2302930917676056e-14, 77.22217990254524, 46.826675257733314, 48.92279432418809, -1, -1, -1, -1
182, 0, 4.1341500669547055e-14, 77.19826514940303, 47.28334407216664, 48.97135469588862, -1, -1, -1, -1
183, 0, 4.0380070421418054e-14, 77.17435039626082, 47.74001288659998, 49.01991506758916, -1, -1, -1, -1
184, 0, 3.941864017328905e-14, 77.15043564311861, 48.19668170103331, 49.0684754392897, -1, -1, -1, -1
185, 0, 3.845720992516005e-14, 77.1265208899764, 48.65335051546664, 49.11703581099023, -1, -1, -1, -1
186, 0, 3.749577967703105e-14, 77.1026061368342, 49.11001932989997, 49.16559618269077, -1, -1, -1, -1
187, 0, 3.653434942890205e-14, 77.07869138369199, 49.566688144333305, 49.21415655439131, -1, -1, -1, -1
188, 0, 3.557291918077305e-14, 77.05477663054978, 50.02335695876664, 49.26271692609184, -1, -1, -1, -1
189, 0, 3.4611488932644046e-14, 77.03086187740757, 50.48002577319997, 49.31127729779238, -1, -1, -1, -1
190, 0, 3.3650058684515045e-14, 77.00694712426537, 50.9366945876333, 49.35983766949292, -1, -1, -1, -1
191, 0, 3.2688628436386044e-14, 76.98303237112316, 51.393363402066626, 49.40839804119345, -1, -1, -1, -1
192, 0, 3.172719818825704e-14, 76.95911761798095, 51.850032216499955, 49.45695841289399, -1, -1, -1, -1
193, 0, 3.076576794012804e-14, 76.93520286483876, 52.30670103093329, 49.50551878459453, -1, -1, -1, -1
194, 0, 2.980433769199904e-14, 76.91128811169656, 52.763369845366626, 49.55407915629507, -1, -1, -1, -1
195, 0, 2.884290744387004e-14, 76.88737335855436, 53.220038659799954, 49.602639527995606, -1, -1, -1, -1
196, 0, 2.7881477195741037e-14, 76.86345860541215, 53.67670747423328, 49.65119989969614, -1, -1, -1, -1
197, 0, 2.6920046947612036e-14, 76.83954385226994, 54.13337628866661, 49.69976027139668, -1, -1, -1, -1
198, 0, 2.5958616699483035e-14, 76.81562909912773, 54.59004510309994, 49.748320643097216, -1, -1, -1, -1
199, 0, 2.4997186451354033e-14, 76.79171434598553, 55.046713917533275, 49.79688101479775, -1, -1, -1, -1
200, 0, 2.4035756203225032e-14, 76.76779959284332, 55.50338273196661, 49.84544138649829, -1, -1, -1, -1
201, 0, 2.307432595509603e-14, 76.74388483970111, 55.96005154639994, 49.894001758198826, -1, -1, -1, -1
202, 0, 2.211289570696703e-14, 76.7199700865589, 56.41672036083327, 49.942562129899365, -1, -1, -1, -1
203, 0, 2.1151465458838028e-14, 76.6960553334167, 56.8733891752666, 49.991122501599904, -1, -1, -1, -1
204, 0, 2.0190035210709027e-14, 76.67214058027449, 57.33005798969994, 50.039682873300436, -1, -1, -1, -1
205, 0, 1.9228604962580026e-14, 76.64822582713228, 57.78672680413327, 50.088243245000974, -1, -1, -1, -1
206, 0, 1.8267174714451024e-14, 76.62431107399007, 58.243395618566595, 50.13680361670151, -1, -1, -1, -1
207, 0, 1.7305744466322023e-14, 76.60039632084786, 58.70006443299992, 50.185363988402045, -1, -1, -1, -1
208, 0, 1.6344314218193022e-14, 76.57648156770566, 59.15673324743325, 50.233924360102584, -1, -1, -1, -1
209, 0, 1.538288397006402e-14, 76.55256681456346, 59.61340206186659, 50.28248473180312, -1, -1, -1, -1
210, 0, 1.442145372193502e-14, 76.52865206142127, 60.07007087629992, 50.331045103503655, -1, -1, -1, -1
211, 0, 1.3460023473806018e-14, 76.50473730827906, 60.52673969073325, 50.379605475204194, -1, -1, -1, -1
212, 0, 1.2498593225677017e-14, 76.48082255513685, 60.98340850516658, 50.42816584690473, -1, -1, -1, -1
213, 0, 1.1537162977548015e-14, 76.45690780199465, 61.44007731959991, 50.476726218605265, -1, -1, -1, -1
214, 0, 1.0575732729419014e-14, 76.43299304885244, 61.896746134033236, 50.525286590305804, -1, -1, -1, -1
215, 0, 9.614302481290013e-15, 76.40907829571023, 62.35341494846657, 50.57384696200634, -1, -1, -1, -1
216, 0, 8.652872233161012e-15, 76.38516354256802, 62.81008376289991, 50.622407333706875, -1, -1, -1, -1
217, 0, 7.69144198503201e-15, 76.36124878942582, 63.266752577333236, 50.67096770540741, -1, -1, -1, -1
218, 0, 6.730011736903009e-15, 76.33733403628361, 63.72342139176657, 50.71952807710795, -1, -1, -1, -1
219, 0, 5.768581488774008e-15, 76.3134192831414, 64.1800902061999, 50.768088448808484, -1, -1, -1, -1
220, 0, 4.8071512406450064e-15, 76.28950452999919, 64.63675902063324, 50.81664882050902, -1, -1, -1, -1
221, 0, 3.845720992516005e-15, 76.26558977685698, 65.09342783506656, 50.86520919220956, -1, -1, -1, -1
222, 0, 2.884290744387004e-15, 76.24167502371478, 65.55009664949989, 50.913769563910094, -1, -1, -1, -1
223, 0, 1.9228604962580026e-15, 76.21776027057257, 66.00676546393322, 50.96232993561063, -1, -1, -1, -1
224, 0, 9.614302481290013e-16, 76.19384551743036, 66.46343427836655, 51.01089030731117, -1, -1, -1, -1
225, 0, 0.0, 76.16993076428817, 66.92010309279989, 51.059450679011704, -1, -1, -1, -1
226, 0, 0.0, 76.16303858849744, 67.37677190723267, 51.09098847335911, -1, -1, -1, -1
227, 0, 0.0, 76.15614641270673, 67.83344072166545, 51.12252626770652, -1, -1, -1, -1
228, 0, 0.0, 76.14925423691602, 68.29010953609824, 51.15406406205392, -1, -1, -1, -1
229, 0, 0.0, 76.14236206112531, 68.74677835053103, 51.18560185640133, -1, -1, -1, -1
230, 0, 0.0, 76.1354698853346, 69.20344716496382, 51.217139650748734, -1, -1, -1, -1
231, 0, 0.0, 76.12857770954388, 69.66011597939661, 51.248677445096135, -1, -1, -1, -1
232, 0, 0.0, 76.12168553375315, 70.1167847938294, 51.28021523944354, -1, -1, -1, -1
233, 0, 0.0, 76.11479335796244, 70.57345360826217, 51.31175303379095, -1, -1, -1, -1
234, 0, 0.0, 76.10790118217173, 71.03012242269494, 51.34329082813836, -1, -1, -1, -1
235, 0, 0.0, 76.101009006381, 71.48679123712773, 51.374828622485765, -1, -1, -1, -1
236, 0, 0.0, 76.09411683059028, 71.94346005156052, 51.406366416833166, -1, -1, -1, -1
237, 0, 0.0, 76.08722465479957, 72.40012886599331, 51.43790421118057, -1, -1, -1, -1
238, 0, 0.0, 76.08033247900886, 72.8567976804261, 51.46944200552798, -1, -1, -1, -1
239, 0, 0.0, 76.07344030321815, 73.31346649485889, 51.50097979987538, -1, -1, -1, -1
240, 0, 0.0, 76.06654812742744, 73.77013530929167, 51.53251759422279, -1, -1, -1, -1
241, 0, 0.0, 76.05965595163671, 74.22680412372445, 51.564055388570196, -1, -1, -1, -1
242, 0, 0.0, 76.05276377584599, 74.68347293815722, 51.5955931829176, -1, -1, -1, -1
243, 0, 0.0, 76.04587160005528, 75.14014175259001, 51.627130977265004, -1, -1, -1, -1
244, 0, 0.0, 76.03897942426457, 75.5968105670228, 51.65866877161241, -1, -1, -1, -1
245, 0, 0.0, 76.03208724847386, 76.05347938145559, 51.69020656595981, -1, -1, -1, -1
246, 0, 0.0, 76.02519507268315, 76.51014819588838, 51.72174436030722, -1, -1, -1, -1
247, 0, 0.0, 76.01830289689242, 76.96681701032117, 51.75328215465463, -1, -1, -1, -1
248, 0, 0.0, 76.0114107211017, 77.42348582475395, 51.78481994900203, -1, -1, -1, -1
249, 0, 0.0, 76.00451854531099, 77.88015463918673, 51.816357743349435, -1, -1, -1, -1
250, 0, 0.0, 75.99762636952028, 78.3368234536195, 51.84789553769684, -1, -1, -1, -1
251, 0, 0.0, 75.99073419372957, 78.79349226805229, 51.87943333204424, -1, -1, -1, -1
252, 0, 0.0, 75.98384201793885, 79.25016108248508, 51.91097112639165, -1, -1, -1, -1
253, 0, 0.0, 75.97694984214813, 79.70682989691787, 51.94250892073906, -1, -1, -1, -1
254, 0, 0.0, 75.9700576663574, 80.16349871135066, 51.97404671508646, -1, -1, -1, -1
255, 0, 0.0, 75.9631654905667, 80.62016752578344, 52.00558450943387, -1, -1, -1, -1
256, 0, 0.0, 75.95627331477598, 81.07683634021623, 52.037122303781274, -1, -1, -1, -1
257, 0, 0.0, 75.94938113898527, 81.533505154649, 52.068660098128674, -1, -1, -1, -1
258, 0, 0.0, 75.94248896319456, 81.99017396908178, 52.10019789247608, -1, -1, -1, -1
259, 0, 0.0, 75.93559678740384, 82.44684278351457, 52.13173568682349, -1, -1, -1, -1
260, 0, 0.0, 75.92870461161311, 82.90351159794736, 52.16327348117089, -1, -1, -1, -1
261, 0, 0.0, 75.9218124358224, 83.36018041238015, 52.1948112755183, -1, -1, -1, -1
262, 0, 0.0, 75.91492026003169, 83.81684922681293, 52.226349069865705, -1, -1, -1, -1
263, 0, 0.0, 75.90802808424098, 84.27351804124572, 52.257886864213106, -1, -1, -1, -1
264, 0, 0.0, 75.90113590845027, 84.73018685567851, 52.28942465856051, -1, -1, -1, -1
265, 0, 0.0, 75.89424373265955, 85.18685567011129, 52.32096245290792, -1, -1, -1, -1
266, 0, 0.0, 75.88735155686882, 85.64352448454406, 52.35250024725533, -1, -1, -1, -1
267, 0, 0.0, 75.88045938107811, 86.10019329897685, 52.384038041602736, -1, -1, -1, -1
268, 0, 0.0, 75.8735672052874, 86.55686211340964, 52.415575835950136, -1, -1, -1, -1
269, 0, 0.0, 75.86667502949669, 87.01353092784242, 52.447113630297544, -1, -1, -1, -1
270, 0, 0.0, 75.85978285370598, 87.47019974227521, 52.47865142464495, -1, -1, -1, -1
271, 0, 0.0, 75.85289067791525, 87.926868556708, 52.51018921899235, -1, -1, -1, -1
272, 0, 0.0, 75.84599850212453, 88.38353737114079, 52.54172701333976, -1, -1, -1, -1
273, 0, 0.0, 75.83910632633382, 88.84020618557356, 52.57326480768717, -1, -1, -1, -1
274, 0, 0.0, 75.83221415054311, 89.29687500000634, 52.60480260203457, -1, -1, -1, -1
275, 0, 0.0, 75.8253219747524, 89.75354381443913, 52.636340396381975, -1, -1, -1, -1
276, 0, 0.0, 75.81842979896169, 90.21021262887191, 52.66787819072938, -1, -1, -1, -1
277, 0, 0.0, 75.81153762317096, 90.6668814433047, 52.69941598507678, -1, -1, -1, -1
278, 0, 0.0, 75.80464544738024, 91.12355025773749, 52.73095377942419, -1, -1, -1, -1
279, 0, 0.0, 75.79775327158953, 91.58021907217028, 52.7624915737716, -1, -1, -1, -1
280, 0, 0.0, 75.79086109579882, 92.03688788660307, 52.794029368119, -1, -1, -1, -1
281, 0, 0.0, 75.7839689200081, 92.49355670103584, 52.825567162466406, -1, -1, -1, -1
282, 0, 0.0, 75.7770767442174, 92.95022551546862, 52.857104956813814, -1, -1, -1, -1
283, 0, 0.0, 75.77018456842667, 93.4068943299014, 52.888642751161214, -1, -1, -1, -1
284, 0, 0.0, 75.76329239263595, 93.8635631443342, 52.92018054550862, -1, -1, -1, -1
285, 0, 0.0, 75.75640021684524, 94.32023195876698, 52.95171833985603, -1, -1, -1, -1
286, 0, 0.0, 75.74950804105453, 94.77690077319977, 52.98325613420343, -1, -1, -1, -1
287, 0, 0.0, 75.74261586526382, 95.23356958763256, 53.01479392855084, -1, -1, -1, -1
288, 0, 0.0, 75.7357236894731, 95.69023840206535, 53.046331722898245, -1, -1, -1, -1
289, 0, 0.0, 75.72883151368238, 96.14690721649812, 53.077869517245645, -1, -1, -1, -1
290, 0, 0.0, 75.72193933789165, 96.6035760309309, 53.109407311593046, -1, -1, -1, -1
291, 0, 0.0, 75.71504716210094, 97.06024484536368, 53.14094510594045, -1, -1, -1, -1
292, 0, 0.0, 75.70815498631023, 97.51691365979647, 53.17248290028786, -1, -1, -1, -1
293, 0, 0.0, 75.70126281051952, 97.97358247422926, 53.20402069463526, -1, -1, -1, -1
294, 0, 0.0, 75.69437063472881, 98.43025128866205, 53.23555848898267, -1, -1, -1, -1
295, 0, 0.0, 75.68747845893809, 98.88692010309484, 53.267096283330076, -1, -1, -1, -1
296, 0, 0.0, 75.68058628314736, 99.34358891752763, 53.29863407767748, -1, -1, -1, -1
297, 0, 0.0, 75.67369410735665, 99.8002577319604, 53.330171872024884, -1, -1, -1, -1
298, 0, 0.0, 75.66680193156594, 100.25692654639317, 53.36170966637229, -1, -1, -1, -1
299, 0, 0.0, 75.65990975577522, 100.71359536082596, 53.39324746071969, -1, -1, -1, -1
300, 0, 0.0, 75.65301757998449, 101.17026417525875, 53.4247852550671, -1, -1, -1, -1
301, 0, 0.0, 75.64612540419378, 101.62693298969154, 53.45632304941451, -1, -1, -1, -1
302, 0, 0.0, 75.63923322840307, 102.08360180412433, 53.48786084376191, -1, -1, -1, -1
303, 0, 0.0, 75.63234105261236, 102.54027061855712, 53.519398638109315, -1, -1, -1, -1
304, 0, 0.0, 75.62544887682165, 102.9969394329899, 53.55093643245672, -1, -1, -1, -1
305, 0, 0.0, 75.61855670103093, 103.45360824742268, 53.58247422680412, -1, -1, -1, -1
306, 0, 0.0, 75.62145618556647, 103.93202319587752, 53.58537371134136, -1, -1, -1, -1
307, 0, 0.0, 75.62435567010203, 104.41043814433235, 53.58827319587859, -1, -1, -1, -1
308, 0, 0.0, 75.6272551546376, 104.88885309278717, 53.59117268041582, -1, -1, -1, -1
309, 0, 0.0, 75.63015463917316, 105.367268041242, 53.59407216495306, -1, -1, -1, -1
310, 0, 0.0, 75.63305412370872, 105.84568298969683, 53.5969716494903, -1, -1, -1, -1
311, 0, 0.0, 75.63595360824428, 106.32409793815167, 53.59987113402754, -1, -1, -1, -1
312, 0, 0.0, 75.63885309277984, 106.80251288660651, 53.602770618564776, -1, -1, -1, -1
313, 0, 0.0, 75.64175257731539, 107.28092783506133, 53.60567010310201, -1, -1, -1, -1
314, 0, 0.0, 75.64465206185093, 107.75934278351616, 53.60856958763924, -1, -1, -1, -1
315, 0, 0.0, 75.6475515463865, 108.237757731971, 53.611469072176476, -1, -1, -1, -1
316, 0, 0.0, 75.65045103092206, 108.71617268042584, 53.614368556713714, -1, -1, -1, -1
317, 0, 0.0, 75.65335051545762, 109.19458762888067, 53.61726804125095, -1, -1, -1, -1
318, 0, 0.0, 75.65624999999318, 109.6730025773355, 53.62016752578819, -1, -1, -1, -1
319, 0, 0.0, 75.65914948452874, 110.15141752579034, 53.62306701032542, -1, -1, -1, -1
320, 0, 0.0, 75.6620489690643, 110.62983247424518, 53.62596649486265, -1, -1, -1, -1
321, 0, 0.0, 75.66494845359985, 111.1082474227, 53.62886597939989, -1, -1, -1, -1
322, 0, 0.3912640052227545, 75.66784793813423, 111.19539836593037, 53.63176546393427, -1, -1, -1, -1
323, 0, 0.782528010445509, 75.6707474226686, 111.28254930916074, 53.63466494846865, -1, -1, -1, -1
324, 0, 1.1737920156682635, 75.67364690720298, 111.36970025239111, 53.63756443300302, -1, -1, -1, -1
325, 0, 1.565056020891018, 75.67654639173736, 111.45685119562148, 53.6404639175374, -1, -1, -1, -1
326, 0, 1.9563200261137725, 75.67944587627174, 111.54400213885185, 53.64336340207178, -1, -1, -1, -1
327, 0, 2.347584031336527, 75.68234536080612, 111.63115308208222, 53.64626288660615, -1, -1, -1, -1
328, 0, 2.7388480365592818, 75.6852448453405, 111.71830402531259, 53.649162371140534, -1, -1, -1, -1
329, 0, 3.130112041782036, 75.68814432987489, 111.80545496854296, 53.65206185567491, -1, -1, -1, -1
330, 0, 3.5213760470047903, 75.69104381440927, 111.89260591177333, 53.65496134020928, -1, -1, -1, -1
331, 0, 3.912640052227545, 75.69394329894365, 111.9797568550037, 53.657860824743665, -1, -1, -1, -1
332, 0, 4.3039040574503, 75.69684278347802, 112.06690779823407, 53.66076030927804, -1, -1, -1, -1
333, 0, 4.695168062673054, 75.6997422680124, 112.15405874146444, 53.663659793812414, -1, -1, -1, -1
334, 0, 5.086432067895808, 75.70264175254678, 112.24120968469481, 53.666559278346796, -1, -1, -1, -1
335, 0, 5.4776960731185635, 75.70554123708115, 112.32836062792518, 53.66945876288117, -1, -1, -1, -1
336, 0, 5.868960078341318, 75.70844072161553, 112.41551157115555, 53.672358247415545, -1, -1, -1, -1
337, 0, 6.260224083564072, 75.71134020614991, 112.50266251438593, 53.67525773194993, -1, -1, -1, -1
338, 0, 6.651488088786826, 75.7142396906843, 112.58981345761632, 53.67815721648431, -1, -1, -1, -1
339, 0, 7.042752094009581, 75.71713917521868, 112.67696440084669, 53.68105670101869, -1, -1, -1, -1
340, 0, 7.434016099232336, 75.72003865975304, 112.76411534407706, 53.68395618555307, -1, -1, -1, -1
341, 0, 7.82528010445509, 75.72293814428743, 112.85126628730742, 53.686855670087446, -1, -1, -1, -1
342, 0, 8.216544109677844, 75.72583762882181, 112.9384172305378, 53.68975515462182, -1, -1, -1, -1
343, 0, 8.6078081149006, 75.72873711335617, 113.02556817376816, 53.6926546391562, -1, -1, -1, -1
344, 0, 8.999072120123355, 75.73163659789056, 113.11271911699853, 53.695554123690584, -1, -1, -1, -1
345, 0, 9.390336125346108, 75.73453608242494, 113.1998700602289, 53.698453608224966, -1, -1, -1, -1
346, 0, 9.781600130568862, 75.73743556695932, 113.28702100345927, 53.70135309275935, -1, -1, -1, -1
347, 0, 10.172864135791617, 75.7403350514937, 113.37417194668964, 53.70425257729372, -1, -1, -1, -1
348, 0, 10.564128141014372, 75.74323453602808, 113.46132288992001, 53.7071520618281, -1, -1, -1, -1
349, 0, 10.955392146237127, 75.74613402056247, 113.54847383315038, 53.71005154636248, -1, -1, -1, -1
350, 0, 11.346656151459882, 75.74903350509685, 113.63562477638075, 53.71295103089686, -1, -1, -1, -1
351, 0, 11.737920156682636, 75.75193298963123, 113.72277571961112, 53.71585051543124, -1, -1, -1, -1
352, 0, 12.129184161905389, 75.7548324741656, 113.80992666284149, 53.718749999965624, -1, -1, -1, -1
353, 0, 12.520448167128144, 75.75773195869998, 113.89707760607186, 53.7216494845, -1, -1, -1, -1
354, 0, 12.957988104199984, 75.76063144323746, 113.93795261745623, 53.724548969037485, -1, -1, -1, -1
355, 0, 13.395528041271826, 75.76353092777495, 113.97882762884062, 53.72744845357498, -1, -1, -1, -1
356, 0, 13.833067978343667, 75.76643041231243, 114.019702640225, 53.730347938112466, -1, -1, -1, -1
357, 0, 14.270607915415507, 75.76932989684991, 114.06057765160938, 53.73324742264995, -1, -1, -1, -1
358, 0, 14.708147852487347, 75.7722293813874, 114.10145266299375, 53.73614690718745, -1, -1, -1, -1
359, 0, 15.145687789559188, 75.77512886592488, 114.14232767437814, 53.73904639172493, -1, -1, -1, -1
360, 0, 15.58322772663103, 75.77802835046236, 114.18320268576252, 53.74194587626242, -1, -1, -1, -1
361, 0, 16.02076766370287, 75.78092783499986, 114.2240776971469, 53.744845360799914, -1, -1, -1, -1
362, 0, 16.45830760077471, 75.78382731953735, 114.26495270853127, 53.74774484533741, -1, -1, -1, -1
363, 0, 16.895847537846553, 75.78672680407483, 114.30582771991565, 53.750644329874895, -1, -1, -1, -1
364, 0, 17.333387474918396, 75.78962628861231, 114.34670273130004, 53.75354381441238, -1, -1, -1, -1
365, 0, 17.770927411990236, 75.7925257731498, 114.38757774268441, 53.756443298949875, -1, -1, -1, -1
366, 0, 18.208467349062076, 75.7954252576873, 114.42845275406879, 53.75934278348737, -1, -1, -1, -1
367, 0, 18.646007286133916, 75.79832474222478, 114.46932776545316, 53.762242268024856, -1, -1, -1, -1
368, 0, 19.083547223205755, 75.80122422676226, 114.51020277683753, 53.76514175256234, -1, -1, -1, -1
369, 0, 19.5210871602776, 75.80412371129975, 114.55107778822192, 53.76804123709984, -1, -1, -1, -1
370, 0, 19.95789889879756, 75.80702319583725, 114.59268099815506, 53.77094072163733, -1, -1, -1, -1
371, 0, 20.394710637317523, 75.80992268037474, 114.63428420808822, 53.77384020617483, -1, -1, -1, -1
372, 0, 20.831522375837483, 75.81282216491223, 114.67588741802136, 53.77673969071233, -1, -1, -1, -1
373, 0, 21.268334114357444, 75.81572164944974, 114.7174906279545, 53.77963917524983, -1, -1, -1, -1
374, 0, 21.705145852877408, 75.81862113398725, 114.75909383788766, 53.78253865978732, -1, -1, -1, -1
375, 0, 22.141957591397368, 75.82152061852474, 114.8006970478208, 53.78543814432482, -1, -1, -1, -1
376, 0, 22.57876932991733, 75.82442010306224, 114.84230025775395, 53.78833762886232, -1, -1, -1, -1
377, 0, 23.015581068437292, 75.82731958759973, 114.8839034676871, 53.791237113399816, -1, -1, -1, -1
378, 0, 23.452392806957256, 75.83021907213723, 114.92550667762025, 53.79413659793731, -1, -1, -1, -1
379, 0, 23.889204545477217, 75.83311855667472, 114.96710988755339, 53.79703608247481, -1, -1, -1, -1
380, 0, 24.326016283997177, 75.83601804121221, 115.00871309748655, 53.79993556701231, -1, -1, -1, -1
381, 0, 24.76282802251714, 75.83891752574971, 115.05031630741969, 53.802835051549806, -1, -1, -1, -1
382, 0, 25.199639761037105, 75.8418170102872, 115.09191951735284, 53.8057345360873, -1, -1, -1, -1
383, 0, 25.636451499557065, 75.8447164948247, 115.13352272728599, 53.8086340206248, -1, -1, -1, -1
384, 0, 26.073263238077026, 75.84761597936219, 115.17512593721914, 53.8115335051623, -1, -1, -1, -1
385, 0, 26.51007497659699, 75.8505154638997, 115.21672914715228, 53.814432989699796, -1, -1, -1, -1
386, 0, 26.946886715116953, 75.8534149484372, 115.25833235708542, 53.81733247423729, -1, -1, -1, -1
387, 0, 27.383698453636914, 75.8563144329747, 115.29993556701857, 53.82023195877479, -1, -1, -1, -1
388, 0, 27.820510192156874, 75.85921391751219, 115.34153877695172, 53.82313144331229, -1, -1, -1, -1
389, 0, 28.257321930676838, 75.86211340204969, 115.38314198688487, 53.826030927849786, -1, -1, -1, -1
390, 0, 28.6941336691968, 75.86501288658718, 115.42474519681801, 53.82893041238728, -1, -1, -1, -1
391, 0, 29.13094540771676, 75.86791237112467, 115.46634840675117, 53.83182989692478, -1, -1, -1, -1
392, 0, 29.567757146236723, 75.87081185566217, 115.50795161668431, 53.83472938146228, -1, -1, -1, -1
393, 0, 30.004568884756683, 75.87371134019966, 115.54955482661745, 53.837628865999775, -1, -1, -1, -1
394, 0, 30.441380623276643, 75.87661082473716, 115.59115803655061, 53.84052835053727, -1, -1, -1, -1
395, 0, 30.878192361796607, 75.87951030927465, 115.63276124648375, 53.84342783507477, -1, -1, -1, -1
396, 0, 31.315004100316568, 75.88240979381214, 115.6743644564169, 53.84632731961227, -1, -1, -1, -1
397, 0, 31.751815838836528, 75.88530927834965, 115.71596766635005, 53.849226804149765, -1, -1, -1, -1
398, 0, 32.188627577356485, 75.88820876288716, 115.7575708762832, 53.852126288687266, -1, -1, -1, -1
399, 0, 32.62543931587645, 75.89110824742465, 115.79917408621634, 53.85502577322477, -1, -1, -1, -1
400, 0, 33.06225105439641, 75.89400773196215, 115.8407772961495, 53.85792525776226, -1, -1, -1, -1
401, 0, 33.49906279291638, 75.89690721649964, 115.88238050608264, 53.86082474229976, -1, -1, -1, -1
402, 0, 33.957840323374995, 75.89980670103566, 115.90201792407717, 53.863724226835345, -1, -1, -1, -1
403, 0, 34.416617853833614, 75.90270618557166, 115.92165534207169, 53.866623711370934, -1, -1, -1, -1
404, 0, 34.87539538429223, 75.90560567010766, 115.9412927600662, 53.869523195906524, -1, -1, -1, -1
405, 0, 35.33417291475085, 75.90850515464368, 115.96093017806072, 53.872422680442114, -1, -1, -1, -1
406, 0, 35.79295044520947, 75.91140463917968, 115.98056759605524, 53.8753221649777, -1, -1, -1, -1
407, 0, 36.25172797566809, 75.91430412371568, 116.00020501404977, 53.87822164951329, -1, -1, -1, -1
408, 0, 36.71050550612671, 75.9172036082517, 116.0198424320443, 53.88112113404888, -1, -1, -1, -1
409, 0, 37.169283036585334, 75.9201030927877, 116.03947985003882, 53.88402061858447, -1, -1, -1, -1
410, 0, 37.62806056704396, 75.9230025773237, 116.05911726803333, 53.88692010312006, -1, -1, -1, -1
411, 0, 38.08683809750258, 75.92590206185972, 116.07875468602785, 53.88981958765565, -1, -1, -1, -1
412, 0, 38.5456156279612, 75.92880154639572, 116.09839210402237, 53.89271907219124, -1, -1, -1, -1
413, 0, 39.004393158419816, 75.93170103093172, 116.1180295220169, 53.895618556726824, -1, -1, -1, -1
414, 0, 39.463170688878435, 75.93460051546774, 116.13766694001143, 53.898518041262406, -1, -1, -1, -1
415, 0, 39.921948219337054, 75.93750000000374, 116.15730435800594, 53.901417525797996, -1, -1, -1, -1
416, 0, 40.38072574979567, 75.94039948453974, 116.17694177600046, 53.904317010333585, -1, -1, -1, -1
417, 0, 40.83950328025429, 75.94329896907576, 116.19657919399498, 53.907216494869175, -1, -1, -1, -1
418, 0, 41.29828081071291, 75.94619845361177, 116.2162166119895, 53.910115979404765, -1, -1, -1, -1
419, 0, 41.75705834117153, 75.94909793814777, 116.23585402998401, 53.91301546394035, -1, -1, -1, -1
420, 0, 42.21583587163015, 75.95199742268377, 116.25549144797853, 53.91591494847593, -1, -1, -1, -1
421, 0, 42.67461340208877, 75.95489690721979, 116.27512886597306, 53.91881443301152, -1, -1, -1, -1
422, 0, 43.133390932547385, 75.9577963917558, 116.29476628396759, 53.9217139175471, -1, -1, -1, -1
423, 0, 43.592168463006004, 75.96069587629181, 116.3144037019621, 53.924613402082684, -1, -1, -1, -1
424, 0, 44.05094599346462, 75.96359536082781, 116.33404111995662, 53.927512886618274, -1, -1, -1, -1
425, 0, 44.50972352392325, 75.96649484536383, 116.35367853795114, 53.93041237115386, -1, -1, -1, -1
426, 0, 44.968501054381875, 75.96939432989984, 116.37331595594566, 53.93331185568944, -1, -1, -1, -1
427, 0, 45.427278584840494, 75.97229381443584, 116.39295337394017, 53.93621134022503, -1, -1, -1, -1
428, 0, 45.88605611529911, 75.97519329897185, 116.41259079193469, 53.93911082476061, -1, -1, -1, -1
429, 0, 46.34483364575773, 75.97809278350786, 116.4322282099292, 53.942010309296194, -1, -1, -1, -1
430, 0, 46.80361117621635, 75.98099226804386, 116.45186562792372, 53.94490979383178, -1, -1, -1, -1
431, 0, 47.26238870667497, 75.98389175257986, 116.47150304591824, 53.947809278367366, -1, -1, -1, -1
432, 0, 47.72116623713359, 75.98679123711588, 116.49114046391276, 53.95070876290295, -1, -1, -1, -1
433, 0, 48.179943767592206, 75.98969072165188, 116.51077788190729, 53.95360824743854, -1, -1, -1, -1
434, 0, 48.638721298050825, 75.99259020618788, 116.53041529990182, 53.95650773197413, -1, -1, -1, -1
435, 0, 49.097498828509444, 75.9954896907239, 116.55005271789634, 53.95940721650971, -1, -1, -1, -1
436, 0, 49.55627635896806, 75.9983891752599, 116.56969013589085, 53.96230670104529, -1, -1, -1, -1
437, 0, 50.01505388942668, 76.0012886597959, 116.58932755388537, 53.96520618558088, -1, -1, -1, -1
438, 0, 50.4738314198853, 76.00418814433192, 116.60896497187989, 53.968105670116465, -1, -1, -1, -1
439, 0, 50.93260895034392, 76.00708762886792, 116.62860238987442, 53.97100515465205, -1, -1, -1, -1
440, 0, 51.39138648080254, 76.00998711340392, 116.64823980786895, 53.97390463918764, -1, -1, -1, -1
441, 0, 51.850164011261164, 76.01288659793994, 116.66787722586346, 53.97680412372322, -1, -1, -1, -1
442, 0, 52.30894154171979, 76.01578608247596, 116.68751464385798, 53.9797036082588, -1, -1, -1, -1
443, 0, 52.76771907217841, 76.01868556701196, 116.7071520618525, 53.98260309279439, -1, -1, -1, -1
444, 0, 53.22649660263703, 76.02158505154796, 116.72678947984701, 53.985502577329974, -1, -1, -1, -1
445, 0, 53.685274133095646, 76.02448453608397, 116.74642689784154, 53.98840206186556, -1, -1, -1, -1
446, 0, 54.144051663554265, 76.02738402061999, 116.76606431583608, 53.99130154640115, -1, -1, -1, -1
447, 0, 54.602829194012884, 76.03028350515599, 116.78570173383059, 53.99420103093673, -1, -1, -1, -1
448, 0, 55.0616067244715, 76.033182989692, 116.80533915182511, 53.99710051547231, -1, -1, -1, -1
449, 0, 55.52038425493012, 76.03608247422801, 116.82497656981963, 54.0000000000079, -1, -1, -1, -1
450, 0, 55.97916178538874, 76.03898195876403, 116.84461398781414, 54.00289948454349, -1, -1, -1, -1
451, 0, 56.43793931584736, 76.04188144330003, 116.86425140580866, 54.00579896907908, -1, -1, -1, -1
452, 0, 56.89671684630598, 76.04478092783603, 116.88388882380318, 54.00869845361467, -1, -1, -1, -1
453, 0, 57.3554943767646, 76.04768041237205, 116.9035262417977, 54.01159793815026, -1, -1, -1, -1
454, 0, 57.814271907223215, 76.05057989690805, 116.92316365979224, 54.01449742268585, -1, -1, -1, -1
455, 0, 58.273049437681834, 76.05347938144405, 116.94280107778675, 54.01739690722144, -1, -1, -1, -1
456, 0, 58.73182696814045, 76.05637886598007, 116.96243849578127, 54.02029639175703, -1, -1, -1, -1
457, 0, 59.19060449859908, 76.05927835051607, 116.98207591377579, 54.02319587629261, -1, -1, -1, -1
458, 0, 59.649382029057705, 76.06217783505207, 117.0017133317703, 54.026095360828194, -1, -1, -1, -1
459, 0, 60.108159559516324, 76.06507731958808, 117.02135074976484, 54.02899484536378, -1, -1, -1, -1
460, 0, 60.56693708997494, 76.06797680412409, 117.04098816775937, 54.03189432989937, -1, -1, -1, -1
461, 0, 61.02571462043356, 76.07087628866009, 117.06062558575388, 54.03479381443496, -1, -1, -1, -1
462, 0, 61.48449215089218, 76.0737757731961, 117.0802630037484, 54.03769329897055, -1, -1, -1, -1
463, 0, 61.9432696813508, 76.0766752577321, 117.09990042174292, 54.04059278350614, -1, -1, -1, -1
464, 0, 62.40204721180942, 76.07957474226811, 117.11953783973743, 54.04349226804173, -1, -1, -1, -1
465, 0, 62.860824742268036, 76.08247422680412, 117.13917525773196, 54.04639175257732, -1, -1, -1, -1
466, 0, 63.31749355670094, 76.07812500000031, 117.11287224982206, 54.0478414948451, -1, -1, -1, -1
467, 0, 63.77416237113383, 76.07377577319652, 117.08656924191217, 54.04929123711288, -1, -1, -1, -1
468, 0, 64.23083118556673, 76.06942654639272, 117.06026623400228, 54.05074097938066, -1, -1, -1, -1
469, 0, 64.68749999999963, 76.06507731958891, 117.0339632260924, 54.05219072164845, -1, -1, -1, -1
470, 0, 65.14416881443253, 76.0607280927851, 117.00766021818251, 54.05364046391624, -1, -1, -1, -1
471, 0, 65.60083762886542, 76.0563788659813, 116.98135721027262, 54.05509020618402, -1, -1, -1, -1
472, 0, 66.05750644329831, 76.0520296391775, 116.95505420236273, 54.0565399484518, -1, -1, -1, -1
473, 0, 66.51417525773121, 76.0476804123737, 116.92875119445284, 54.05798969071958, -1, -1, -1, -1
474, 0, 66.97084407216411, 76.04333118556988, 116.90244818654295, 54.05943943298736, -1, -1, -1, -1
475, 0, 67.427512886597, 76.03898195876609, 116.87614517863307, 54.06088917525514, -1, -1, -1, -1
476, 0, 67.88418170102989, 76.03463273196229, 116.84984217072318, 54.06233891752292, -1, -1, -1, -1
477, 0, 68.34085051546279, 76.03028350515848, 116.82353916281329, 54.06378865979071, -1, -1, -1, -1
478, 0, 68.79751932989569, 76.02593427835468, 116.7972361549034, 54.0652384020585, -1, -1, -1, -1
479, 0, 69.2541881443286, 76.02158505155089, 116.77093314699351, 54.06668814432628, -1, -1, -1, -1
480, 0, 69.7108569587615, 76.01723582474708, 116.74463013908363, 54.06813788659406, -1, -1, -1, -1
481, 0, 70.16752577319438, 76.01288659794328, 116.71832713117372, 54.06958762886184, -1, -1, -1, -1
482, 0, 70.62419458762727, 76.00853737113948, 116.69202412326383, 54.07103737112962, -1, -1, -1, -1
483, 0, 71.08086340206017, 76.00418814433567, 116.66572111535395, 54.0724871133974, -1, -1, -1, -1
484, 0, 71.53753221649308, 75.99983891753187, 116.63941810744406, 54.07393685566518, -1, -1, -1, -1
485, 0, 71.99420103092598, 75.99548969072808, 116.61311509953417, 54.07538659793296, -1, -1, -1, -1
486, 0, 72.45086984535888, 75.99114046392427, 116.58681209162428, 54.07683634020074, -1, -1, -1, -1
487, 0, 72.90753865979177, 75.98679123712047, 116.5605090837144, 54.07828608246852, -1, -1, -1, -1
488, 0, 73.36420747422466, 75.98244201031667, 116.5342060758045, 54.079735824736304, -1, -1, -1, -1
489, 0, 73.82087628865756, 75.97809278351286, 116.50790306789462, 54.081185567004084, -1, -1, -1, -1
490, 0, 74.27754510309046, 75.97374355670905, 116.48160005998473, 54.082635309271865, -1, -1, -1, -1
491, 0, 74.73421391752335, 75.96939432990526, 116.45529705207484, 54.084085051539645, -1, -1, -1, -1
492, 0, 75.19088273195624, 75.96504510310146, 116.42899404416495, 54.085534793807426, -1, -1, -1, -1
493, 0, 75.64755154638914, 75.96069587629765, 116.40269103625506, 54.08698453607521, -1, -1, -1, -1
494, 0, 76.10422036082204, 75.95634664949385, 116.37638802834518, 54.08843427834299, -1, -1, -1, -1
495, 0, 76.56088917525494, 75.95199742269006, 116.35008502043529, 54.08988402061077, -1, -1, -1, -1
496, 0, 77.01755798968784, 75.94764819588625, 116.3237820125254, 54.09133376287855, -1, -1, -1, -1
497, 0, 77.47422680412073, 75.94329896908245, 116.29747900461551, 54.09278350514633, -1, -1, -1, -1
498, 0, 77.93089561855362, 75.93894974227865, 116.27117599670561, 54.09423324741411, -1, -1, -1, -1
499, 0, 78.38756443298652, 75.93460051547484, 116.24487298879572, 54.0956829896819, -1, -1, -1, -1
500, 0, 78.84423324741942, 75.93025128867104, 116.21856998088583, 54.097132731949685, -1, -1, -1, -1
501, 0, 79.30090206185233, 75.92590206186725, 116.19226697297594, 54.098582474217466, -1, -1, -1, -1
502, 0, 79.75757087628523, 75.92155283506344, 116.16596396506606, 54.100032216485246, -1, -1, -1, -1
503, 0, 80.21423969071812, 75.91720360825964, 116.13966095715617, 54.10148195875303, -1, -1, -1, -1
504, 0, 80.670908505151, 75.91285438145584, 116.11335794924628, 54.10293170102081, -1, -1, -1, -1
505, 0, 81.1275773195839, 75.90850515465203, 116.08705494133639, 54.104381443288595, -1, -1, -1, -1
506, 0, 81.58424613401681, 75.90415592784822, 116.0607519334265, 54.10583118555638, -1, -1, -1, -1
507, 0, 82.04091494844971, 75.89980670104443, 116.03444892551661, 54.10728092782416, -1, -1, -1, -1
508, 0, 82.49758376288261, 75.89545747424063, 116.00814591760673, 54.108730670091944, -1, -1, -1, -1
509, 0, 82.9542525773155, 75.89110824743682, 115.98184290969682, 54.110180412359725, -1, -1, -1, -1
510, 0, 83.41092139174839, 75.88675902063301, 115.95553990178692, 54.111630154627505, -1, -1, -1, -1
511, 0, 83.86759020618129, 75.88240979382921, 115.92923689387703, 54.11307989689529, -1, -1, -1, -1
512, 0, 84.32425902061419, 75.87806056702541, 115.90293388596714, 54.11452963916308, -1, -1, -1, -1
513, 0, 84.7809278350471, 75.8737113402216, 115.87663087805726, 54.11597938143086, -1, -1, -1, -1
514, 0, 85.23759664948, 75.8693621134178, 115.85032787014737, 54.11742912369864, -1, -1, -1, -1
515, 0, 85.69426546391288, 75.865012886614, 115.82402486223748, 54.11887886596642, -1, -1, -1, -1
516, 0, 86.15093427834577, 75.8606636598102, 115.79772185432759, 54.1203286082342, -1, -1, -1, -1
517, 0, 86.60760309277867, 75.85631443300639, 115.7714188464177, 54.121778350501984, -1, -1, -1, -1
518, 0, 87.06427190721158, 75.85196520620259, 115.74511583850781, 54.123228092769764, -1, -1, -1, -1
519, 0, 87.52094072164448, 75.8476159793988, 115.71881283059793, 54.124677835037545, -1, -1, -1, -1
520, 0, 87.97760953607738, 75.84326675259499, 115.69250982268804, 54.126127577305326, -1, -1, -1, -1
521, 0, 88.43427835051027, 75.83891752579119, 115.66620681477815, 54.127577319573106, -1, -1, -1, -1
522, 0, 88.89094716494316, 75.83456829898739, 115.63990380686826, 54.12902706184089, -1, -1, -1, -1
523, 0, 89.34761597937606, 75.83021907218358, 115.61360079895837, 54.13047680410867, -1, -1, -1, -1
524, 0, 89.80428479380896, 75.82586984537978, 115.58729779104848, 54.13192654637645, -1, -1, -1, -1
525, 0, 90.26095360824186, 75.82152061857599, 115.5609947831386, 54.13337628864423, -1, -1, -1, -1
526, 0, 90.71762242267476, 75.81717139177218, 115.53469177522871, 54.13482603091201, -1, -1, -1, -1
527, 0, 91.17429123710765, 75.81282216496838, 115.50838876731882, 54.13627577317979, -1, -1, -1, -1
528, 0, 91.63096005154054, 75.80847293816458, 115.48208575940893, 54.13772551544757, -1, -1, -1, -1
529, 0, 92.08762886597344, 75.80412371136077, 115.45578275149904, 54.13917525771535, -1, -1, -1, -1
530, 0, 92.54429768040634, 75.79977448455696, 115.42947974358916, 54.14062499998313, -1, -1, -1, -1
531, 0, 93.00096649483923, 75.79542525775317, 115.40317673567927, 54.14207474225092, -1, -1, -1, -1
532, 0, 93.45763530927212, 75.79107603094937, 115.37687372776938, 54.14352448451871, -1, -1, -1, -1
533, 0, 93.91430412370502, 75.78672680414556, 115.35057071985949, 54.14497422678649, -1, -1, -1, -1
534, 0, 94.37097293813792, 75.78237757734175, 115.3242677119496, 54.14642396905427, -1, -1, -1, -1
535, 0, 94.82764175257083, 75.77802835053795, 115.29796470403971, 54.147873711322056, -1, -1, -1, -1
536, 0, 95.28431056700373, 75.77367912373415, 115.27166169612983, 54.149323453589844, -1, -1, -1, -1
537, 0, 95.74097938143662, 75.76932989693034, 115.24535868821994, 54.150773195857624, -1, -1, -1, -1
538, 0, 96.1976481958695, 75.76498067012653, 115.21905568031005, 54.152222938125405, -1, -1, -1, -1
539, 0, 96.6543170103024, 75.76063144332274, 115.19275267240016, 54.15367268039319, -1, -1, -1, -1
540, 0, 97.11098582473531, 75.75628221651894, 115.16644966449027, 54.15512242266098, -1, -1, -1, -1
541, 0, 97.56765463916821, 75.75193298971513, 115.14014665658038, 54.15657216492876, -1, -1, -1, -1
542, 0, 98.02432345360111, 75.74758376291133, 115.1138436486705, 54.15802190719654, -1, -1, -1, -1
543, 0, 98.480992268034, 75.74323453610754, 115.08754064076061, 54.15947164946433, -1, -1, -1, -1
544, 0, 98.93766108246689, 75.73888530930373, 115.06123763285072, 54.16092139173212, -1, -1, -1, -1
545, 0, 99.39432989689979, 75.73453608249993, 115.03493462494082, 54.1623711339999, -1, -1, -1, -1
546, 0, 99.85099871133261, 75.73018685569524, 114.97780855235425, 54.163820876268645, -1, -1, -1, -1
547, 0, 100.30766752576541, 75.72583762889055, 114.92068247976768, 54.16527061853739, -1, -1, -1, -1
548, 0, 100.76433634019821, 75.72148840208585, 114.86355640718111, 54.16672036080614, -1, -1, -1, -1
549, 0, 101.22100515463103, 75.71713917528116, 114.80643033459454, 54.168170103074885, -1, -1, -1, -1
550, 0, 101.67767396906385, 75.71278994847647, 114.74930426200797, 54.16961984534363, -1, -1, -1, -1
551, 0, 102.13434278349665, 75.70844072167178, 114.6921781894214, 54.17106958761238, -1, -1, -1, -1
552, 0, 102.59101159792945, 75.70409149486709, 114.63505211683483, 54.172519329881126, -1, -1, -1, -1
553, 0, 103.04768041236227, 75.6997422680624, 114.57792604424826, 54.17396907214988, -1, -1, -1, -1
554, 0, 103.50434922679509, 75.6953930412577, 114.52079997166169, 54.175418814418634, -1, -1, -1, -1
555, 0, 103.96101804122789, 75.69104381445301, 114.46367389907512, 54.17686855668738, -1, -1, -1, -1
556, 0, 104.41768685566069, 75.68669458764832, 114.40654782648855, 54.17831829895613, -1, -1, -1, -1
557, 0, 104.87435567009351, 75.68234536084363, 114.34942175390198, 54.179768041224875, -1, -1, -1, -1
558, 0, 105.33102448452631, 75.67799613403893, 114.29229568131541, 54.18121778349362, -1, -1, -1, -1
559, 0, 105.78769329895911, 75.67364690723424, 114.23516960872884, 54.18266752576237, -1, -1, -1, -1
560, 0, 106.24436211339193, 75.66929768042955, 114.17804353614227, 54.184117268031116, -1, -1, -1, -1
561, 0, 106.70103092782473, 75.66494845362486, 114.1209174635557, 54.18556701029986, -1, -1, -1, -1
562, 0, 107.15769974225753, 75.66059922682018, 114.06379139096913, 54.18701675256861, -1, -1, -1, -1
563, 0, 107.61436855669035, 75.65625000001549, 114.00666531838257, 54.18846649483736, -1, -1, -1, -1
564, 0, 108.07103737112315, 75.6519007732108, 113.949539245796, 54.189916237106104, -1, -1, -1, -1
565, 0, 108.52770618555596, 75.6475515464061, 113.89241317320943, 54.19136597937485, -1, -1, -1, -1
566, 0, 108.98437499998877, 75.64320231960141, 113.83528710062286, 54.1928157216436, -1, -1, -1, -1
567, 0, 109.44104381442158, 75.63885309279672, 113.7781610280363, 54.194265463912345, -1, -1, -1, -1
568, 0, 109.89771262885438, 75.63450386599203, 113.72103495544972, 54.19571520618109, -1, -1, -1, -1
569, 0, 110.3543814432872, 75.63015463918734, 113.66390888286315, 54.197164948449846, -1, -1, -1, -1
570, 0, 110.81105025772001, 75.62580541238265, 113.60678281027658, 54.1986146907186, -1, -1, -1, -1
571, 0, 111.26771907215281, 75.62145618557796, 113.54965673769001, 54.20006443298735, -1, -1, -1, -1
572, 0, 111.72438788658562, 75.61710695877326, 113.49253066510346, 54.201514175256094, -1, -1, -1, -1
573, 0, 112.18105670101843, 75.61275773196857, 113.43540459251689, 54.20296391752484, -1, -1, -1, -1
574, 0, 112.63772551545125, 75.60840850516388, 113.37827851993032, 54.20441365979359, -1, -1, -1, -1
575, 0, 113.09439432988405, 75.60405927835919, 113.32115244734376, 54.205863402062334, -1, -1, -1, -1
576, 0, 113.55106314431686, 75.5997100515545, 113.2640263747572, 54.20731314433108, -1, -1, -1, -1
577, 0, 114.00773195874967, 75.5953608247498, 113.20690030217062, 54.20876288659983, -1, -1, -1, -1
578, 0, 114.46440077318249, 75.59101159794511, 113.14977422958405, 54.210212628868575, -1, -1, -1, -1
579, 0, 114.92106958761529, 75.58666237114042, 113.09264815699748, 54.21166237113733, -1, -1, -1, -1
580, 0, 115.3777384020481, 75.58231314433573, 113.03552208441093, 54.21311211340608, -1, -1, -1, -1
581, 0, 115.83440721648091, 75.57796391753104, 112.97839601182436, 54.21456185567483, -1, -1, -1, -1
582, 0, 116.29107603091373, 75.57361469072634, 112.92126993923779, 54.21601159794358, -1, -1, -1, -1
583, 0, 116.74774484534653, 75.56926546392165, 112.86414386665123, 54.21746134021233, -1, -1, -1, -1
584, 0, 117.20441365977933, 75.56491623711696, 112.80701779406466, 54.218911082481085, -1, -1, -1, -1
585, 0, 117.66108247421215, 75.56056701031227, 112.7498917214781, 54.22036082474983, -1, -1, -1, -1
586, 0, 118.11775128864497, 75.55621778350758, 112.69276564889152, 54.22181056701858, -1, -1, -1, -1
587, 0, 118.57442010307777, 75.55186855670289, 112.63563957630495, 54.22326030928733, -1, -1, -1, -1
588, 0, 119.03108891751057, 75.5475193298982, 112.57851350371838, 54.22471005155609, -1, -1, -1, -1
589, 0, 119.48775773194339, 75.5431701030935, 112.52138743113181, 54.226159793824834, -1, -1, -1, -1
590, 0, 119.94442654637619, 75.53882087628881, 112.46426135854524, 54.22760953609358, -1, -1, -1, -1
591, 0, 120.401095360809, 75.53447164948412, 112.40713528595867, 54.229059278362335, -1, -1, -1, -1
592, 0, 120.85776417524181, 75.53012242267943, 112.35000921337212, 54.23050902063109, -1, -1, -1, -1
593, 0, 121.31443298967461, 75.52577319587473, 112.29288314078555, 54.231958762899836, -1, -1, -1, -1
594, 0, 121.77110180410742, 75.52142396907004, 112.23575706819898, 54.23340850516858, -1, -1, -1, -1
595, 0, 122.22777061854023, 75.51707474226535, 112.17863099561241, 54.23485824743733, -1, -1, -1, -1
596, 0, 122.68443943297304, 75.51272551546066, 112.12150492302584, 54.23630798970608, -1, -1, -1, -1
597, 0, 123.14110824740584, 75.50837628865597, 112.06437885043927, 54.23775773197483, -1, -1, -1, -1
598, 0, 123.59777706183866, 75.50402706185127, 112.0072527778527, 54.239207474243585, -1, -1, -1, -1
599, 0, 124.05444587627146, 75.49967783504658, 111.95012670526613, 54.24065721651233, -1, -1, -1, -1
600, 0, 124.51111469070426, 75.49532860824189, 111.89300063267956, 54.24210695878108, -1, -1, -1, -1
601, 0, 124.96778350513708, 75.4909793814372, 111.83587456009299, 54.243556701049826, -1, -1, -1, -1
602, 0, 125.4244523195699, 75.48663015463251, 111.77874848750642, 54.24500644331857, -1, -1, -1, -1
603, 0, 125.8811211340027, 75.48228092782782, 111.72162241491985, 54.24645618558733, -1, -1, -1, -1
604, 0, 126.3377899484355, 75.47793170102312, 111.66449634233328, 54.24790592785608, -1, -1, -1, -1
605, 0, 126.79445876286832, 75.47358247421843, 111.60737026974671, 54.24935567012483, -1, -1, -1, -1
606, 0, 127.25112757730113, 75.46923324741374, 111.55024419716014, 54.250805412393575, -1, -1, -1, -1
607, 0, 127.70779639173394, 75.46488402060905, 111.49311812457357, 54.25225515466232, -1, -1, -1, -1
608, 0, 128.16446520616674, 75.46053479380436, 111.435992051987, 54.25370489693107, -1, -1, -1, -1
609, 0, 128.62113402059956, 75.45618556699966, 111.37886597940043, 54.25515463919982, -1, -1, -1, -1
610, 0, 129.0778028350337, 75.45183634019621, 110.92219716496626, 54.25660438146633, -1, -1, -1, -1
611, 0, 129.5344716494679, 75.44748711339275, 110.46552835053208, 54.25805412373283, -1, -1, -1, -1
612, 0, 129.99114046390207, 75.44313788658928, 110.0088595360979, 54.25950386599934, -1, -1, -1, -1
613, 0, 130.44780927833625, 75.43878865978583, 109.55219072166372, 54.26095360826585, -1, -1, -1, -1
614, 0, 130.90447809277043, 75.43443943298237, 109.09552190722954, 54.26240335053235, -1, -1, -1, -1
615, 0, 131.3611469072046, 75.4300902061789, 108.63885309279536, 54.26385309279886, -1, -1, -1, -1
616, 0, 131.8178157216388, 75.42574097937545, 108.18218427836118, 54.26530283506537, -1, -1, -1, -1
617, 0, 132.27448453607298, 75.42139175257199, 107.725515463927, 54.26675257733187, -1, -1, -1, -1
618, 0, 132.73115335050716, 75.41704252576854, 107.26884664949282, 54.26820231959837, -1, -1, -1, -1
619, 0, 133.18782216494134, 75.41269329896508, 106.81217783505863, 54.26965206186488, -1, -1, -1, -1
620, 0, 133.64449097937552, 75.40834407216163, 106.35550902062445, 54.27110180413139, -1, -1, -1, -1
621, 0, 134.1011597938097, 75.40399484535817, 105.89884020619029, 54.27255154639789, -1, -1, -1, -1
622, 0, 134.55782860824388, 75.39964561855471, 105.44217139175612, 54.2740012886644, -1, -1, -1, -1
623, 0, 135.01449742267806, 75.39529639175126, 104.98550257732194, 54.27545103093091, -1, -1, -1, -1
624, 0, 135.47116623711224, 75.39094716494779, 104.52883376288776, 54.27690077319741, -1, -1, -1, -1
625, 0, 135.9278350515464, 75.38659793814433, 104.07216494845358, 54.27835051546392, -1, -1, -1, -1
626, 0, 136.3540592783508, 75.39222919864821, 103.64594072164915, 54.26257105908368, -1, -1, -1, -1
627, 0, 136.78028350515524, 75.3978604591521, 103.21971649484473, 54.24679160270345, -1, -1, -1, -1
628, 0, 137.20650773195965, 75.40349171965597, 102.79349226804031, 54.23101214632322, -1, -1, -1, -1
629, 0, 137.63273195876405, 75.40912298015985, 102.36726804123589, 54.215232689942994, -1, -1, -1, -1
630, 0, 138.0589561855685, 75.41475424066374, 101.94104381443147, 54.199453233562764, -1, -1, -1, -1
631, 0, 138.4851804123729, 75.42038550116762, 101.51481958762704, 54.18367377718253, -1, -1, -1, -1
632, 0, 138.9114046391773, 75.42601676167149, 101.08859536082264, 54.16789432080229, -1, -1, -1, -1
633, 0, 139.33762886598174, 75.43164802217538, 100.66237113401822, 54.15211486442206, -1, -1, -1, -1
634, 0, 139.76385309278618, 75.43727928267926, 100.2361469072138, 54.13633540804183, -1, -1, -1, -1
635, 0, 140.19007731959059, 75.44291054318313, 99.80992268040939, 54.12055595166159, -1, -1, -1, -1
636, 0, 140.616301546395, 75.44854180368702, 99.38369845360496, 54.10477649528136, -1, -1, -1, -1
637, 0, 141.04252577319943, 75.4541730641909, 98.95747422680054, 54.08899703890113, -1, -1, -1, -1
638, 0, 141.46875000000387, 75.45980432469477, 98.53124999999612, 54.0732175825209, -1, -1, -1, -1
639, 0, 141.89497422680827, 75.46543558519866, 98.1050257731917, 54.05743812614066, -1, -1, -1, -1
640, 0, 142.32119845361268, 75.47106684570254, 97.67880154638728, 54.04165866976042, -1, -1, -1, -1
641, 0, 142.74742268041712, 75.47669810620641, 97.25257731958285, 54.02587921338019, -1, -1, -1, -1
642, 0, 143.17364690722155, 75.48232936671029, 96.82635309277843, 54.01009975699996, -1, -1, -1, -1
643, 0, 143.59987113402596, 75.48796062721416, 96.40012886597401, 53.994320300619734, -1, -1, -1, -1
644, 0, 144.02609536083037, 75.49359188771805, 95.97390463916959, 53.978540844239504, -1, -1, -1, -1
645, 0, 144.4523195876348, 75.49922314822193, 95.54768041236517, 53.96276138785927, -1, -1, -1, -1
646, 0, 144.87854381443924, 75.5048544087258, 95.12145618556075, 53.94698193147903, -1, -1, -1, -1
647, 0, 145.30476804124365, 75.5104856692297, 94.69523195875632, 53.9312024750988, -1, -1, -1, -1
648, 0, 145.73099226804806, 75.51611692973357, 94.26900773195192, 53.91542301871857, -1, -1, -1, -1
649, 0, 146.1572164948525, 75.52174819023745, 93.8427835051475, 53.89964356233834, -1, -1, -1, -1
650, 0, 146.58344072165693, 75.52737945074132, 93.41655927834307, 53.88386410595811, -1, -1, -1, -1
651, 0, 147.00966494846134, 75.5330107112452, 92.99033505153866, 53.86808464957788, -1, -1, -1, -1
652, 0, 147.43588917526574, 75.53864197174909, 92.56411082473424, 53.85230519319765, -1, -1, -1, -1
653, 0, 147.86211340207018, 75.54427323225296, 92.13788659792982, 53.836525736817414, -1, -1, -1, -1
654, 0, 148.2883376288746, 75.54990449275684, 91.7116623711254, 53.82074628043718, -1, -1, -1, -1
655, 0, 148.714561855679, 75.55553575326073, 91.28543814432098, 53.80496682405695, -1, -1, -1, -1
656, 0, 149.14078608248343, 75.5611670137646, 90.85921391751656, 53.78918736767672, -1, -1, -1, -1
657, 0, 149.56701030928784, 75.56679827426848, 90.43298969071213, 53.77340791129649, -1, -1, -1, -1
658, 0, 149.99323453609225, 75.57242953477235, 90.00676546390771, 53.75762845491626, -1, -1, -1, -1
659, 0, 150.41945876289668, 75.57806079527623, 89.58054123710329, 53.74184899853603, -1, -1, -1, -1
660, 0, 150.8456829897011, 75.58369205578012, 89.15431701029887, 53.7260695421558, -1, -1, -1, -1
661, 0, 151.2719072165055, 75.589323316284, 88.72809278349445, 53.71029008577557, -1, -1, -1, -1
662, 0, 151.69813144330993, 75.59495457678787, 88.30186855669002, 53.69451062939534, -1, -1, -1, -1
663, 0, 152.12435567011434, 75.60058583729176, 87.8756443298856, 53.67873117301511, -1, -1, -1, -1
664, 0, 152.55057989691875, 75.60621709779564, 87.44942010308118, 53.66295171663488, -1, -1, -1, -1
665, 0, 152.97680412372318, 75.61184835829951, 87.02319587627676, 53.64717226025464, -1, -1, -1, -1
666, 0, 153.40302835052762, 75.6174796188034, 86.59697164947234, 53.631392803874405, -1, -1, -1, -1
667, 0, 153.82925257733203, 75.62311087930728, 86.17074742266792, 53.615613347494175, -1, -1, -1, -1
668, 0, 154.25547680413644, 75.62874213981115, 85.7445231958635, 53.599833891113946, -1, -1, -1, -1
669, 0, 154.68170103094087, 75.63437340031504, 85.31829896905907, 53.584054434733716, -1, -1, -1, -1
670, 0, 155.1079252577453, 75.64000466081892, 84.89207474225465, 53.568274978353486, -1, -1, -1, -1
671, 0, 155.53414948454972, 75.64563592132279, 84.46585051545023, 53.552495521973256, -1, -1, -1, -1
672, 0, 155.96037371135412, 75.65126718182668, 84.0396262886458, 53.536716065593026, -1, -1, -1, -1
673, 0, 156.38659793815856, 75.65689844233056, 83.61340206184138, 53.5209366092128, -1, -1, -1, -1
674, 0, 156.812822164963, 75.66252970283443, 83.18717783503696, 53.50515715283257, -1, -1, -1, -1
675, 0, 157.2390463917674, 75.66816096333832, 82.76095360823254, 53.48937769645234, -1, -1, -1, -1
676, 0, 157.6652706185718, 75.6737922238422, 82.33472938142812, 53.47359824007211, -1, -1, -1, -1
677, 0, 158.09149484537625, 75.67942348434607, 81.9085051546237, 53.45781878369187, -1, -1, -1, -1
678, 0, 158.51771907218068, 75.68505474484995, 81.48228092781928, 53.44203932731163, -1, -1, -1, -1
679, 0, 158.9439432989851, 75.69068600535383, 81.05605670101485, 53.4262598709314, -1, -1, -1, -1
680, 0, 159.3701675257895, 75.69631726585772, 80.62983247421045, 53.410480414551174, -1, -1, -1, -1
681, 0, 159.79639175259393, 75.70194852636159, 80.20360824740602, 53.394700958170944, -1, -1, -1, -1
682, 0, 160.22261597939837, 75.70757978686547, 79.7773840206016, 53.378921501790714, -1, -1, -1, -1
683, 0, 160.64884020620278, 75.71321104736936, 79.3511597937972, 53.363142045410484, -1, -1, -1, -1
684, 0, 161.07506443300719, 75.71884230787323, 78.92493556699277, 53.347362589030254, -1, -1, -1, -1
685, 0, 161.50128865981162, 75.7244735683771, 78.49871134018835, 53.33158313265002, -1, -1, -1, -1
686, 0, 161.92751288661603, 75.73010482888098, 78.07248711338393, 53.31580367626978, -1, -1, -1, -1
687, 0, 162.35373711342044, 75.73573608938486, 77.6462628865795, 53.30002421988955, -1, -1, -1, -1
688, 0, 162.77996134022487, 75.74136734988875, 77.22003865977508, 53.28424476350932, -1, -1, -1, -1
689, 0, 163.20618556702928, 75.74699861039262, 76.79381443297066, 53.26846530712909, -1, -1, -1, -1
690, 0, 163.6324097938337, 75.7526298708965, 76.36759020616624, 53.25268585074886, -1, -1, -1, -1
691, 0, 164.05863402063812, 75.75826113140039, 75.94136597936182, 53.236906394368624, -1, -1, -1, -1
692, 0, 164.48485824744253, 75.76389239190426, 75.5151417525574, 53.22112693798839, -1, -1, -1, -1
693, 0, 164.91108247424694, 75.76952365240814, 75.08891752575298, 53.20534748160816, -1, -1, -1, -1
694, 0, 165.33730670105138, 75.77515491291203, 74.66269329894855, 53.18956802522793, -1, -1, -1, -1
695, 0, 165.76353092785578, 75.7807861734159, 74.23646907214413, 53.1737885688477, -1, -1, -1, -1
696, 0, 166.1897551546602, 75.78641743391978, 73.81024484533972, 53.15800911246747, -1, -1, -1, -1
697, 0, 166.61597938146463, 75.79204869442367, 73.3840206185353, 53.14222965608723, -1, -1, -1, -1
698, 0, 167.04220360826906, 75.79767995492755, 72.95779639173088, 53.126450199706994, -1, -1, -1, -1
699, 0, 167.46842783507347, 75.80331121543142, 72.53157216492647, 53.110670743326764, -1, -1, -1, -1
700, 0, 167.89465206187788, 75.80894247593531, 72.10534793812205, 53.094891286946535, -1, -1, -1, -1
701, 0, 168.3208762886823, 75.81457373643919, 71.67912371131763, 53.079111830566305, -1, -1, -1, -1
702, 0, 168.74710051548675, 75.82020499694306, 71.25289948451321, 53.063332374186075, -1, -1, -1, -1
703, 0, 169.17332474229116, 75.82583625744695, 70.82667525770879, 53.04755291780584, -1, -1, -1, -1
704, 0, 169.59954896909557, 75.83146751795083, 70.40045103090436, 53.0317734614256, -1, -1, -1, -1
705, 0, 170.0257731959, 75.8370987784547, 69.97422680409994, 53.01599400504537, -1, -1, -1, -1
706, 0, 170.4519974227038, 75.8691608169199, 69.54800257729612, 52.97378377070395, -1, -1, -1, -1
707, 0, 170.87822164950765, 75.90122285538509, 69.12177835049229, 52.931573536362535, -1, -1, -1, -1
708, 0, 171.3044458763115, 75.93328489385027, 68.69555412368847, 52.88936330202112, -1, -1, -1, -1
709, 0, 171.7306701031153, 75.96534693231547, 68.26932989688464, 52.8471530676797, -1, -1, -1, -1
710, 0, 172.1568943299191, 75.99740897078067, 67.84310567008082, 52.80494283333828, -1, -1, -1, -1
711, 0, 172.58311855672295, 76.02947100924585, 67.41688144327699, 52.76273259899686, -1, -1, -1, -1
712, 0, 173.0093427835268, 76.06153304771104, 66.99065721647315, 52.72052236465545, -1, -1, -1, -1
713, 0, 173.4355670103306, 76.09359508617624, 66.56443298966933, 52.67831213031403, -1, -1, -1, -1
714, 0, 173.8617912371344, 76.12565712464144, 66.1382087628655, 52.636101895972615, -1, -1, -1, -1
715, 0, 174.28801546393825, 76.15771916310662, 65.71198453606166, 52.593891661631204, -1, -1, -1, -1
716, 0, 174.7142396907421, 76.1897812015718, 65.28576030925784, 52.551681427289786, -1, -1, -1, -1
717, 0, 175.1404639175459, 76.221843240037, 64.85953608245401, 52.50947119294837, -1, -1, -1, -1
718, 0, 175.56668814434974, 76.2539052785022, 64.43331185565019, 52.46726095860695, -1, -1, -1, -1
719, 0, 175.99291237115358, 76.2859673169674, 64.00708762884636, 52.42505072426553, -1, -1, -1, -1
720, 0, 176.4191365979574, 76.3180293554326, 63.58086340204254, 52.382840489924114, -1, -1, -1, -1
721, 0, 176.84536082476123, 76.35009139389778, 63.154639175238714, 52.340630255582695, -1, -1, -1, -1
722, 0, 177.27158505156507, 76.38215343236297, 62.72841494843489, 52.29842002124128, -1, -1, -1, -1
723, 0, 177.69780927836888, 76.41421547082817, 62.30219072163106, 52.25620978689986, -1, -1, -1, -1
724, 0, 178.12403350517272, 76.44627750929337, 61.875966494827225, 52.21399955255844, -1, -1, -1, -1
725, 0, 178.55025773197656, 76.47833954775857, 61.4497422680234, 52.17178931821702, -1, -1, -1, -1
726, 0, 178.97648195878037, 76.51040158622376, 61.023518041219575, 52.129579083875605, -1, -1, -1, -1
727, 0, 179.4027061855842, 76.54246362468895, 60.59729381441574, 52.08736884953419, -1, -1, -1, -1
728, 0, 179.82893041238805, 76.57452566315413, 60.17106958761191, 52.045158615192776, -1, -1, -1, -1
729, 0, 180.25515463919186, 76.60658770161933, 59.744845360808085, 52.00294838085136, -1, -1, -1, -1
730, 0, 180.68137886599567, 76.63864974008453, 59.31862113400426, 51.96073814650994, -1, -1, -1, -1
731, 0, 181.1076030927995, 76.67071177854972, 58.89239690720043, 51.91852791216853, -1, -1, -1, -1
732, 0, 181.53382731960335, 76.7027738170149, 58.466172680396596, 51.87631767782711, -1, -1, -1, -1
733, 0, 181.96005154640716, 76.7348358554801, 58.03994845359277, 51.83410744348569, -1, -1, -1, -1
734, 0, 182.386275773211, 76.7668978939453, 57.613724226788946, 51.791897209144274, -1, -1, -1, -1
735, 0, 182.81250000001484, 76.79895993241048, 57.187499999985114, 51.749686974802856, -1, -1, -1, -1
736, 0, 183.23872422681865, 76.83102197087567, 56.76127577318128, 51.70747674046144, -1, -1, -1, -1
737, 0, 183.6649484536225, 76.86308400934087, 56.33505154637746, 51.66526650612002, -1, -1, -1, -1
738, 0, 184.09117268042633, 76.89514604780607, 55.90882731957363, 51.6230562717786, -1, -1, -1, -1
739, 0, 184.51739690723014, 76.92720808627125, 55.48260309276981, 51.58084603743718, -1, -1, -1, -1
740, 0, 184.94362113403398, 76.95927012473643, 55.05637886596598, 51.538635803095765, -1, -1, -1, -1
741, 0, 185.36984536083781, 76.99133216320163, 54.63015463916216, 51.49642556875435, -1, -1, -1, -1
742, 0, 185.79606958764163, 77.02339420166683, 54.20393041235833, 51.45421533441293, -1, -1, -1, -1
743, 0, 186.22229381444546, 77.05545624013202, 53.77770618555451, 51.41200510007151, -1, -1, -1, -1
744, 0, 186.6485180412493, 77.0875182785972, 53.35148195875068, 51.369794865730086, -1, -1, -1, -1
745, 0, 187.07474226805311, 77.1195803170624, 52.92525773194686, 51.32758463138867, -1, -1, -1, -1
746, 0, 187.50096649485693, 77.1516423555276, 52.49903350514303, 51.28537439704725, -1, -1, -1, -1
747, 0, 187.92719072166076, 77.18370439399278, 52.07280927833921, 51.243164162705824, -1, -1, -1, -1
748, 0, 188.3534149484646, 77.21576643245797, 51.64658505153538, 51.200953928364406, -1, -1, -1, -1
749, 0, 188.77963917526841, 77.24782847092317, 51.22036082473156, 51.15874369402299, -1, -1, -1, -1
750, 0, 189.20586340207223, 77.27989050938837, 50.79413659792773, 51.11653345968157, -1, -1, -1, -1
751, 0, 189.63208762887606, 77.31195254785356, 50.36791237112391, 51.07432322534015, -1, -1, -1, -1
752, 0, 190.0583118556799, 77.34401458631876, 49.94168814432008, 51.03211299099873, -1, -1, -1, -1
753, 0, 190.48453608248371, 77.37607662478395, 49.51546391751626, 50.989902756657315, -1, -1, -1, -1
754, 0, 190.91076030928753, 77.40813866324913, 49.08923969071243, 50.9476925223159, -1, -1, -1, -1
755, 0, 191.33698453609136, 77.44020070171433, 48.6630154639086, 50.90548228797448, -1, -1, -1, -1
756, 0, 191.7632087628952, 77.47226274017953, 48.23679123710477, 50.86327205363306, -1, -1, -1, -1
757, 0, 192.18943298969901, 77.50432477864473, 47.81056701030094, 50.82106181929164, -1, -1, -1, -1
758, 0, 192.61565721650285, 77.53638681710993, 47.38434278349712, 50.778851584950225, -1, -1, -1, -1
759, 0, 193.0418814433067, 77.56844885557511, 46.958118556693286, 50.73664135060881, -1, -1, -1, -1
760, 0, 193.4681056701105, 77.6005108940403, 46.531894329889454, 50.694431116267396, -1, -1, -1, -1
761, 0, 193.89432989691434, 77.6325729325055, 46.10567010308563, 50.65222088192598, -1, -1, -1, -1
762, 0, 194.32055412371818, 77.6646349709707, 45.679445876281804, 50.61001064758456, -1, -1, -1, -1
763, 0, 194.746778350522, 77.69669700943588, 45.25322164947797, 50.56780041324315, -1, -1, -1, -1
764, 0, 195.17300257732583, 77.72875904790106, 44.82699742267414, 50.52559017890173, -1, -1, -1, -1
765, 0, 195.59922680412967, 77.76082108636626, 44.400773195870315, 50.48337994456031, -1, -1, -1, -1
766, 0, 196.02545103093348, 77.79288312483146, 43.97454896906649, 50.441169710218894, -1, -1, -1, -1
767, 0, 196.45167525773732, 77.82494516329665, 43.54832474226266, 50.398959475877476, -1, -1, -1, -1
768, 0, 196.87789948454116, 77.85700720176183, 43.122100515458825, 50.35674924153606, -1, -1, -1, -1
769, 0, 197.30412371134497, 77.88906924022703, 42.695876288655, 50.31453900719464, -1, -1, -1, -1
770, 0, 197.73034793814878, 77.92113127869223, 42.269652061851176, 50.27232877285322, -1, -1, -1, -1
771, 0, 198.15657216495262, 77.95319331715741, 41.84342783504735, 50.2301185385118, -1, -1, -1, -1
772, 0, 198.58279639175646, 77.9852553556226, 41.417203608243526, 50.187908304170385, -1, -1, -1, -1
773, 0, 199.00902061856027, 78.0173173940878, 40.99097938143969, 50.14569806982897, -1, -1, -1, -1
774, 0, 199.43524484536408, 78.049379432553, 40.56475515463586, 50.10348783548755, -1, -1, -1, -1
775, 0, 199.86146907216792, 78.08144147101818, 40.138530927832036, 50.06127760114613, -1, -1, -1, -1
776, 0, 200.28769329897176, 78.11350350948337, 39.71230670102821, 50.01906736680472, -1, -1, -1, -1
777, 0, 200.71391752577557, 78.14556554794856, 39.286082474224386, 49.9768571324633, -1, -1, -1, -1
778, 0, 201.14014175257938, 78.17762758641376, 38.85985824742056, 49.93464689812188, -1, -1, -1, -1
779, 0, 201.56636597938322, 78.20968962487895, 38.433634020616736, 49.89243666378047, -1, -1, -1, -1
780, 0, 201.99259020618706, 78.24175166334413, 38.00740979381291, 49.850226429439054, -1, -1, -1, -1
781, 0, 202.41881443299087, 78.27381370180933, 37.581185567009086, 49.808016195097636, -1, -1, -1, -1
782, 0, 202.8450386597947, 78.30587574027453, 37.15496134020526, 49.76580596075622, -1, -1, -1, -1
783, 0, 203.27126288659855, 78.33793777873973, 36.728737113401436, 49.7235957264148, -1, -1, -1, -1
784, 0, 203.69748711340236, 78.36999981720493, 36.30251288659761, 49.68138549207338, -1, -1, -1, -1
785, 0, 204.1237113402062, 78.40206185567011, 35.87628865979378, 49.639175257731964, -1, -1, -1, -1
786, 0, 204.47744845360825, 78.46295103092785, 35.52255154639171, 49.47680412371135, -1, -1, -1, -1
787, 0, 204.83118556701032, 78.52384020618558, 35.16881443298965, 49.31443298969073, -1, -1, -1, -1
788, 0, 205.1849226804124, 78.58472938144331, 34.81507731958759, 49.15206185567011, -1, -1, -1, -1
789, 0, 205.53865979381445, 78.64561855670104, 34.461340206185525, 48.98969072164949, -1, -1, -1, -1
790, 0, 205.8923969072165, 78.70650773195877, 34.107603092783464, 48.827319587628864, -1, -1, -1, -1
791, 0, 206.24613402061857, 78.76739690721651, 33.7538659793814, 48.66494845360825, -1, -1, -1, -1
792, 0, 206.59987113402065, 78.82828608247425, 33.40012886597934, 48.50257731958763, -1, -1, -1, -1
793, 0, 206.9536082474227, 78.88917525773198, 33.04639175257728, 48.34020618556701, -1, -1, -1, -1
794, 0, 207.30734536082474, 78.9500644329897, 32.69265463917522, 48.177835051546396, -1, -1, -1, -1
795, 0, 207.66108247422682, 79.01095360824743, 32.338917525773155, 48.01546391752578, -1, -1, -1, -1
796, 0, 208.0148195876289, 79.07184278350516, 31.985180412371093, 47.85309278350516, -1, -1, -1, -1
797, 0, 208.36855670103094, 79.1327319587629, 31.63144329896903, 47.69072164948454, -1, -1, -1, -1
798, 0, 208.722293814433, 79.19362113402065, 31.27770618556697, 47.52835051546391, -1, -1, -1, -1
799, 0, 209.07603092783506, 79.25451030927837, 30.92396907216491, 47.365979381443296, -1, -1, -1, -1
800, 0, 209.42976804123714, 79.3153994845361, 30.570231958762847, 47.20360824742268, -1, -1, -1, -1
801, 0, 209.7835051546392, 79.37628865979383, 30.216494845360785, 47.04123711340206, -1, -1, -1, -1
802, 0, 210.13724226804123, 79.43717783505156, 29.862757731958723, 46.878865979381445, -1, -1, -1, -1
803, 0, 210.4909793814433, 79.49806701030928, 29.50902061855666, 46.71649484536083, -1, -1, -1, -1
804, 0, 210.8447164948454, 79.55895618556701, 29.1552835051546, 46.55412371134021, -1, -1, -1, -1
805, 0, 211.19845360824743, 79.61984536082475, 28.801546391752538, 46.39175257731959, -1, -1, -1, -1
806, 0, 211.55219072164948, 79.6807345360825, 28.447809278350476, 46.229381443298976, -1, -1, -1, -1
807, 0, 211.90592783505156, 79.74162371134022, 28.094072164948415, 46.06701030927836, -1, -1, -1, -1
808, 0, 212.25966494845363, 79.80251288659795, 27.740335051546353, 45.90463917525774, -1, -1, -1, -1
809, 0, 212.61340206185568, 79.86340206185568, 27.38659793814429, 45.74226804123712, -1, -1, -1, -1
810, 0, 212.96713917525773, 79.92429123711341, 27.03286082474223, 45.579896907216494, -1, -1, -1, -1
811, 0, 213.3208762886598, 79.98518041237114, 26.679123711340168, 45.41752577319588, -1, -1, -1, -1
812, 0, 213.67461340206188, 80.04606958762886, 26.325386597938106, 45.25515463917526, -1, -1, -1, -1
813, 0, 214.02835051546393, 80.1069587628866, 25.971649484536044, 45.09278350515464, -1, -1, -1, -1
814, 0, 214.38208762886597, 80.16784793814435, 25.617912371133983, 44.930412371134025, -1, -1, -1, -1
815, 0, 214.73582474226805, 80.22873711340208, 25.26417525773192, 44.76804123711341, -1, -1, -1, -1
816, 0, 215.08956185567013, 80.2896262886598, 24.91043814432986, 44.60567010309279, -1, -1, -1, -1
817, 0, 215.44329896907217, 80.35051546391753, 24.556701030927798, 44.443298969072174, -1, -1, -1, -1
818, 0, 215.79703608247422, 80.41140463917526, 24.202963917525736, 44.28092783505156, -1, -1, -1, -1
819, 0, 216.1507731958763, 80.47229381443299, 23.849226804123674, 44.11855670103093, -1, -1, -1, -1
820, 0, 216.50451030927837, 80.53318298969072, 23.495489690721612, 43.95618556701031, -1, -1, -1, -1
821, 0, 216.85824742268042, 80.59407216494846, 23.14175257731955, 43.79381443298969, -1, -1, -1, -1
822, 0, 217.21198453608247, 80.6549613402062, 22.78801546391749, 43.631443298969074, -1, -1, -1, -1
823, 0, 217.56572164948454, 80.71585051546393, 22.434278350515427, 43.46907216494846, -1, -1, -1, -1
824, 0, 217.91945876288662, 80.77673969072166, 22.080541237113366, 43.30670103092784, -1, -1, -1, -1
825, 0, 218.27319587628867, 80.83762886597938, 21.726804123711304, 43.144329896907216, -1, -1, -1, -1
826, 0, 218.62693298969072, 80.89851804123711, 21.373067010309242, 42.98195876288659, -1, -1, -1, -1
827, 0, 218.9806701030928, 80.95940721649485, 21.01932989690718, 42.819587628865975, -1, -1, -1, -1
828, 0, 219.33440721649487, 81.0202963917526, 20.66559278350512, 42.65721649484536, -1, -1, -1, -1
829, 0, 219.68814432989691, 81.08118556701032, 20.311855670103057, 42.49484536082474, -1, -1, -1, -1
830, 0, 220.04188144329896, 81.14207474226805, 19.958118556700995, 42.33247422680412, -1, -1, -1, -1
831, 0, 220.39561855670104, 81.20296391752578, 19.604381443298934, 42.1701030927835, -1, -1, -1, -1
832, 0, 220.7493556701031, 81.2638530927835, 19.250644329896872, 42.007731958762875, -1, -1, -1, -1
833, 0, 221.10309278350516, 81.32474226804125, 18.89690721649481, 41.84536082474226, -1, -1, -1, -1
834, 0, 221.4568298969072, 81.38563144329899, 18.54317010309275, 41.68298969072164, -1, -1, -1, -1
835, 0, 221.81056701030928, 81.44652061855672, 18.189432989690687, 41.520618556701024, -1, -1, -1, -1
836, 0, 222.16430412371136, 81.50740979381445, 17.835695876288625, 41.35824742268041, -1, -1, -1, -1
837, 0, 222.5180412371134, 81.56829896907217, 17.481958762886563, 41.19587628865979, -1, -1, -1, -1
838, 0, 222.87177835051546, 81.6291881443299, 17.1282216494845, 41.03350515463917, -1, -1, -1, -1
839, 0, 223.22551546391753, 81.69007731958763, 16.77448453608244, 40.871134020618555, -1, -1, -1, -1
840, 0, 223.5792525773196, 81.75096649484536, 16.42074742268038, 40.70876288659794, -1, -1, -1, -1
841, 0, 223.93298969072166, 81.8118556701031, 16.067010309278317, 40.546391752577314, -1, -1, -1, -1
842, 0, 224.2867268041237, 81.87274484536084, 15.713273195876255, 40.38402061855669, -1, -1, -1, -1
843, 0, 224.64046391752578, 81.93363402061857, 15.359536082474193, 40.22164948453607, -1, -1, -1, -1
844, 0, 224.99420103092785, 81.9945231958763, 15.005798969072131, 40.059278350515456, -1, -1, -1, -1
845, 0, 225.3479381443299, 82.05541237113403, 14.65206185567007, 39.89690721649484, -1, -1, -1, -1
846, 0, 225.70167525773195, 82.11630154639175, 14.298324742268008, 39.73453608247422, -1, -1, -1, -1
847, 0, 226.05541237113403, 82.17719072164948, 13.944587628865946, 39.572164948453604, -1, -1, -1, -1
848, 0, 226.4091494845361, 82.23807989690721, 13.590850515463885, 39.40979381443299, -1, -1, -1, -1
849, 0, 226.76288659793815, 82.29896907216495, 13.237113402061823, 39.24742268041237, -1, -1, -1, -1
850, 0, 227.1166237113402, 82.3598582474227, 12.883376288659761, 39.08505154639175, -1, -1, -1, -1
851, 0, 227.47036082474227, 82.42074742268042, 12.5296391752577, 38.922680412371136, -1, -1, -1, -1
852, 0, 227.82409793814435, 82.48163659793815, 12.175902061855638, 38.76030927835052, -1, -1, -1, -1
853, 0, 228.1778350515464, 82.54252577319588, 11.822164948453576, 38.597938144329895, -1, -1, -1, -1
854, 0, 228.53157216494844, 82.6034149484536, 11.468427835051514, 38.43556701030927, -1, -1, -1, -1
855, 0, 228.88530927835052, 82.66430412371135, 11.114690721649453, 38.27319587628865, -1, -1, -1, -1
856, 0, 229.2390463917526, 82.72519329896909, 10.760953608247391, 38.110824742268036, -1, -1, -1, -1
857, 0, 229.59278350515464, 82.78608247422682, 10.407216494845327, 37.94845360824742, -1, -1, -1, -1
858, 0, 229.9465206185567, 82.84697164948454, 10.053479381443264, 37.7860824742268, -1, -1, -1, -1
859, 0, 230.30025773195877, 82.90786082474227, 9.699742268041202, 37.623711340206185, -1, -1, -1, -1
860, 0, 230.65399484536084, 82.96875, 9.34600515463914, 37.46134020618557, -1, -1, -1, -1
861, 0, 231.0077319587629, 83.02963917525774, 8.992268041237079, 37.29896907216495, -1, -1, -1, -1
862, 0, 231.36146907216494, 83.09052835051548, 8.638530927835017, 37.136597938144334, -1, -1, -1, -1
863, 0, 231.715206185567, 83.15141752577321, 8.284793814432955, 36.97422680412372, -1, -1, -1, -1
864, 0, 232.0689432989691, 83.21230670103094, 7.931056701030894, 36.8118556701031, -1, -1, -1, -1
865, 0, 232.42268041237114, 83.27319587628867, 7.577319587628831, 36.649484536082475, -1, -1, -1, -1
866, 0, 232.7271262886598, 83.43266752577321, 7.272873711340171, 35.85212628865979, -1, -1, -1, -1
867, 0, 233.03157216494844, 83.59213917525774, 6.968427835051511, 35.05476804123711, -1, -1, -1, -1
868, 0, 233.3360180412371, 83.75161082474227, 6.663981958762851, 34.25740979381443, -1, -1, -1, -1
869, 0, 233.64046391752578, 83.91108247422682, 6.359536082474191, 33.46005154639175, -1, -1, -1, -1
870, 0, 233.94490979381445, 84.07055412371136, 6.055090206185532, 32.662693298969074, -1, -1, -1, -1
871, 0, 234.2493556701031, 84.23002577319589, 5.750644329896872, 31.865335051546392, -1, -1, -1, -1
872, 0, 234.55380154639175, 84.38949742268042, 5.446198453608212, 31.06797680412371, -1, -1, -1, -1
873, 0, 234.85824742268042, 84.54896907216497, 5.1417525773195525, 30.27061855670103, -1, -1, -1, -1
874, 0, 235.1626932989691, 84.70844072164951, 4.837306701030893, 29.473260309278352, -1, -1, -1, -1
875, 0, 235.46713917525773, 84.86791237113404, 4.532860824742233, 28.67590206185567, -1, -1, -1, -1
876, 0, 235.7715850515464, 85.02738402061857, 4.228414948453573, 27.878543814432987, -1, -1, -1, -1
877, 0, 236.07603092783506, 85.18685567010311, 3.923969072164913, 27.08118556701031, -1, -1, -1, -1
878, 0, 236.38047680412373, 85.34632731958764, 3.619523195876253, 26.28382731958763, -1, -1, -1, -1
879, 0, 236.6849226804124, 85.50579896907217, 3.3150773195875933, 25.48646907216495, -1, -1, -1, -1
880, 0, 236.98936855670104, 85.66527061855672, 3.0106314432989336, 24.689110824742272, -1, -1, -1, -1
881, 0, 237.2938144329897, 85.82474226804125, 2.706185567010274, 23.89175257731959, -1, -1, -1, -1
882, 0, 237.2938144329897, 85.82474226804125, 2.706185567010274, 23.89175257731959, -1, -1, -1, -1
883, 0, 237.2938144329897, 85.82474226804125, 2.706185567010274, 23.89175257731959, -1, -1, -1, -1
884, 0, 237.2938144329897, 85.82474226804125, 2.706185567010274, 23.89175257731959, -1, -1, -1, -1
885, 0, 237.2938144329897, 85.82474226804125, 2.706185567010274, 23.89175257731959, -1, -1, -1, -1
886, 0, 237.2938144329897, 85.82474226804125, 2.706185567010274, 23.89175257731959, -1, -1, -1, -1
887, 0, 237.2938144329897, 85.82474226804125, 2.706185567010274, 23.89175257731959, -1, -1, -1, -1
888, 0, 237.2938144329897, 85.82474226804125, 2.706185567010274, 23.89175257731959, -1, -1, -1, -1
889, 0, 237.2938144329897, 85.82474226804125, 2.706185567010274, 23.89175257731959, -1, -1, -1, -1
890, 0, 237.2938144329897, 85.82474226804125, 2.706185567010274, 23.89175257731959, -1, -1, -1, -1
891, 0, 237.2938144329897, 85.82474226804125, 2.706185567010274, 23.89175257731959, -1, -1, -1, -1
892, 0, 237.2938144329897, 85.82474226804125, 2.706185567010274, 23.89175257731959, -1, -1, -1, -1
893, 0, 237.2938144329897, 85.82474226804125, 2.706185567010274, 23.89175257731959, -1, -1, -1, -1
894, 0, 237.2938144329897, 85.82474226804125, 2.706185567010274, 23.89175257731959, -1, -1, -1, -1
895, 0, 237.2938144329897, 85.82474226804125, 2.706185567010274, 23.89175257731959, -1, -1, -1, -1
896, 0, 237.2938144329897, 85.82474226804125, 2.706185567010274, 23.89175257731959, -1, -1, -1, -1
