1, 1581957114204134936
2, 1581957114214901504
3, 1581957114225668352
4, 1581957114236435200
5, 1581957114247201936, 0, 234.64285714285714, 79.5, 5.357142857142857, 13.285714285714285
6, 1581957114257968896, 0, 234.03337365874182, 79.31167157584683, 5.966626341258152, 13.714206816747316
7, 1581957114268735488, 0, 233.42389017462654, 79.12334315169366, 6.5761098253734485, 14.142699347780347
8, 1581957114279502336, 0, 232.81440669051125, 78.9350147275405, 7.185593309488744, 14.571191878813378
9, 1581957114290268936, 0, 232.20492320639596, 78.74668630338734, 7.795076793604039, 14.99968440984641
10, 1581957114301035520, 0, 231.59543972228067, 78.55835787923417, 8.404560277719334, 15.428176940879439
11, 1581957114311802368, 0, 230.9859562381654, 78.37002945508101, 9.014043761834628, 15.856669471912468
12, 1581957114322569216, 0, 230.3764727540501, 78.18170103092784, 9.623527245949923, 16.285162002945498
13, 1581957114333335936, 0, 229.76698926993478, 77.99337260677467, 10.233010730065217, 16.713654533978527
14, 1581957114344103168, 0, 229.15750578581947, 77.8050441826215, 10.842494214180512, 17.14214706501156
15, 1581957114354870016, 0, 228.54802230170418, 77.61671575846833, 11.451977698295806, 17.570639596044593
16, 1581957114365636864, 0, 227.9385388175889, 77.42838733431518, 12.0614611824111, 17.999132127077626
17, 1581957114376403936, 0, 227.3290553334736, 77.240058910162, 12.670944666526395, 18.42762465811066
18, 1581957114387170816, 0, 226.71957184935832, 77.05173048600884, 13.28042815064169, 18.856117189143692
19, 1581957114397937408, 0, 226.110088365243, 76.86340206185568, 13.889911634756984, 19.284609720176725
20, 1581957114408704256, 0, 225.50060488112769, 76.67507363770251, 14.499395118872279, 19.713102251209758
21, 1581957114419470936, 0, 224.8911213970124, 76.48674521354934, 15.108878602987573, 20.14159478224279
22, 1581957114430237440, 0, 224.2816379128971, 76.29841678939617, 15.718362087102868, 20.570087313275824
23, 1581957114441004288, 0, 223.67215442878182, 76.110088365243, 16.327845571218162, 20.998579844308857
24, 1581957114451771136, 0, 223.06267094466654, 75.92175994108985, 16.937329055333457, 21.42707237534189
25, 1581957114462537936, 0, 222.45318746055122, 75.73343151693668, 17.54681253944875, 21.855564906374923
26, 1581957114473304832, 0, 221.8437039764359, 75.5451030927835, 18.156296023564046, 22.284057437407952
27, 1581957114484071424, 0, 221.23422049232062, 75.35677466863035, 18.76577950767934, 22.71254996844098
28, 1581957114494838272, 0, 220.62473700820533, 75.16844624447718, 19.375262991794635, 23.14104249947401
29, 1581957114505604936, 0, 220.01525352409004, 74.98011782032401, 19.98474647590993, 23.56953503050704
30, 1581957114516371456, 0, 219.40577003997475, 74.79178939617084, 20.594229960025224, 23.998027561540074
31, 1581957114527138304, 0, 218.79628655585947, 74.60346097201767, 21.203713444140515, 24.426520092573107
32, 1581957114537905152, 0, 218.18680307174418, 74.41513254786452, 21.813196928255806, 24.855012623606143
33, 1581957114548671936, 0, 217.57731958762886, 74.22680412371135, 22.4226804123711, 25.283505154639176
34, 1581957114559439104, 0, 216.93943298969072, 74.22153233364574, 23.060567010309242, 25.33622305529522
35, 1581957114570205952, 0, 216.3015463917526, 74.21626054358013, 23.698453608247387, 25.388940955951263
36, 1581957114580973056, 0, 215.66365979381445, 74.21098875351453, 24.336340206185533, 25.441658856607308
37, 1581957114591739936, 0, 215.0257731958763, 74.20571696344892, 24.974226804123674, 25.494376757263353
38, 1581957114602506496, 0, 214.38788659793815, 74.20044517338332, 25.612113402061823, 25.5470946579194
39, 1581957114613273344, 0, 213.75, 74.19517338331772, 26.24999999999997, 25.599812558575444
40, 1581957114624040192, 0, 213.11211340206185, 74.18990159325212, 26.88788659793812, 25.65253045923149
41, 1581957114634806936, 0, 212.4742268041237, 74.18462980318651, 27.52577319587627, 25.705248359887534
42, 1581957114645573888, 0, 211.83634020618555, 74.1793580131209, 28.16365979381441, 25.75796626054358
43, 1581957114656340480, 0, 211.1984536082474, 74.1740862230553, 28.801546391752552, 25.810684161199624
44, 1581957114667107328, 0, 210.56056701030928, 74.16881443298969, 29.439432989690694, 25.86340206185567
45, 1581957114677873936, 0, 209.92268041237114, 74.16354264292409, 30.077319587628836, 25.916119962511715
46, 1581957114688640512, 0, 209.284793814433, 74.15827085285848, 30.715206185566977, 25.96883786316776
47, 1581957114699407360, 0, 208.64690721649487, 74.15299906279287, 31.35309278350512, 26.021555763823805
48, 1581957114710174208, 0, 208.00902061855672, 74.14772727272728, 31.99097938144326, 26.07427366447985
49, 1581957114720940936, 0, 207.37113402061857, 74.14245548266167, 32.6288659793814, 26.126991565135896
50, 1581957114731707904, 0, 206.73324742268042, 74.13718369259607, 33.26675257731955, 26.17970946579194
51, 1581957114742474496, 0, 206.09536082474227, 74.13191190253046, 33.9046391752577, 26.232427366447986
52, 1581957114753241088, 0, 205.45747422680412, 74.12664011246486, 34.54252577319585, 26.28514526710403
53, 1581957114764007936, 0, 204.81958762886597, 74.12136832239925, 35.180412371134, 26.337863167760077
54, 1581957114774774784, 0, 204.18170103092783, 74.11609653233364, 35.81829896907214, 26.39058106841612
55, 1581957114785541888, 0, 203.54381443298968, 74.11082474226805, 36.45618556701028, 26.443298969072167
56, 1581957114796308992, 0, 202.90592783505156, 74.10555295220244, 37.09407216494842, 26.496016869728212
57, 1581957114807075936, 0, 202.2680412371134, 74.10028116213684, 37.73195876288656, 26.548734770384257
58, 1581957114817842432, 0, 201.63015463917526, 74.09500937207123, 38.369845360824705, 26.601452671040303
59, 1581957114828609280, 0, 200.99226804123714, 74.08973758200563, 39.00773195876285, 26.654170571696348
60, 1581957114839376128, 0, 200.354381443299, 74.08446579194002, 39.64561855670099, 26.706888472352393
61, 1581957114850142936, 0, 199.71649484536084, 74.07919400187441, 40.28350515463913, 26.759606373008438
62, 1581957114860909824, 0, 199.0786082474227, 74.0739222118088, 40.92139175257728, 26.812324273664483
63, 1581957114871676416, 0, 198.44072164948454, 74.0686504217432, 41.55927835051543, 26.86504217432053
64, 1581957114882443264, 0, 197.8028350515464, 74.06337863167761, 42.197164948453576, 26.917760074976574
65, 1581957114893209936, 0, 197.16494845360825, 74.058106841612, 42.835051546391725, 26.97047797563262
66, 1581957114903976448, 0, 196.5270618556701, 74.0528350515464, 43.472938144329866, 27.023195876288664
67, 1581957114914743296, 0, 195.88917525773195, 74.04756326148079, 44.11082474226801, 27.07591377694471
68, 1581957114925510144, 0, 195.25128865979383, 74.04229147141518, 44.74871134020615, 27.128631677600755
69, 1581957114936276936, 0, 194.61340206185568, 74.03701968134958, 45.38659793814429, 27.1813495782568
70, 1581957114947043840, 0, 193.97551546391753, 74.03174789128397, 46.02448453608244, 27.234067478912845
71, 1581957114957810432, 0, 193.33762886597938, 74.02647610121838, 46.66237113402059, 27.28678537956889
72, 1581957114968577280, 0, 192.69974226804123, 74.02120431115277, 47.30025773195874, 27.339503280224935
73, 1581957114979343936, 0, 192.06185567010309, 74.01593252108717, 47.938144329896886, 27.39222118088098
74, 1581957114990110720, 0, 191.42396907216494, 74.01066073102156, 48.57603092783503, 27.444939081537022
75, 1581957115000877824, 0, 190.78608247422682, 74.00538894095595, 49.21391752577317, 27.497656982193067
76, 1581957115011644928, 0, 190.14819587628867, 74.00011715089035, 49.85180412371131, 27.550374882849113
77, 1581957115022411936, 0, 189.51030927835052, 73.99484536082474, 50.48969072164945, 27.603092783505154
78, 1581957115033178880, 0, 188.8840206185567, 74.04123711340206, 51.11597938144327, 27.626288659793815
79, 1581957115043945472, 0, 188.2577319587629, 74.08762886597938, 51.74226804123708, 27.649484536082472
80, 1581957115054712320, 0, 187.6314432989691, 74.1340206185567, 52.3685567010309, 27.67268041237113
81, 1581957115065478936, 0, 187.00515463917526, 74.18041237113403, 52.99484536082471, 27.69587628865979
82, 1581957115076245504, 0, 186.37886597938143, 74.22680412371135, 53.62113402061853, 27.71907216494845
83, 1581957115087012352, 0, 185.75257731958763, 74.27319587628867, 54.24742268041234, 27.74226804123711
84, 1581957115097779200, 0, 185.12628865979383, 74.31958762886597, 54.87371134020616, 27.76546391752577
85, 1581957115108545936, 0, 184.5, 74.3659793814433, 55.49999999999997, 27.788659793814432
86, 1581957115119312896, 0, 183.87371134020617, 74.41237113402062, 56.12628865979379, 27.811855670103093
87, 1581957115130079488, 0, 183.24742268041237, 74.45876288659794, 56.7525773195876, 27.835051546391753
88, 1581957115140846336, 0, 182.62113402061857, 74.50515463917526, 57.378865979381416, 27.858247422680414
89, 1581957115151612936, 0, 181.99484536082474, 74.55154639175258, 58.00515463917523, 27.881443298969074
90, 1581957115162379520, 0, 181.3685567010309, 74.5979381443299, 58.631443298969046, 27.904639175257735
91, 1581957115173146368, 0, 180.7422680412371, 74.64432989690721, 59.25773195876286, 27.927835051546396
92, 1581957115183913216, 0, 180.1159793814433, 74.69072164948453, 59.884020618556676, 27.951030927835056
93, 1581957115194679936, 0, 179.48969072164948, 74.73711340206185, 60.51030927835049, 27.974226804123717
94, 1581957115205446656, 0, 178.86340206185565, 74.78350515463917, 61.136597938144305, 27.997422680412377
95, 1581957115216213760, 0, 178.23711340206185, 74.8298969072165, 61.76288659793812, 28.020618556701034
96, 1581957115226980864, 0, 177.61082474226805, 74.87628865979381, 62.389175257731935, 28.04381443298969
97, 1581957115237747936, 0, 176.98453608247422, 74.92268041237114, 63.01546391752574, 28.067010309278352
98, 1581957115248514816, 0, 176.4720998308166, 74.93924889543543, 63.07989690721607, 28.069771723122024
99, 1581957115259281408, 0, 175.95966357915898, 74.95581737849972, 63.1443298969064, 28.072533136965692
100, 1581957115270048256, 0, 175.44722732750137, 74.97238586156402, 63.20876288659672, 28.07529455080936
101, 1581957115280814936, 0, 174.93479107584372, 74.98895434462831, 63.27319587628705, 28.078055964653032
102, 1581957115291581440, 0, 174.4223548241861, 75.0055228276926, 63.337628865977365, 28.080817378496707
103, 1581957115302348288, 0, 173.90991857252848, 75.02209131075689, 63.40206185566768, 28.083578792340383
104, 1581957115313115136, 0, 173.39748232087086, 75.03865979382118, 63.466494845358, 28.086340206184058
105, 1581957115323881936, 0, 172.88504606921325, 75.05522827688547, 63.53092783504832, 28.089101620027733
106, 1581957115334648832, 0, 172.3726098175556, 75.07179675994976, 63.59536082473865, 28.09186303387141
107, 1581957115345415424, 0, 171.86017356589798, 75.08836524301407, 63.65979381442898, 28.094624447715084
108, 1581957115356182272, 0, 171.34773731424036, 75.10493372607836, 63.72422680411931, 28.09738586155876
109, 1581957115366948936, 0, 170.83530106258274, 75.12150220914265, 63.78865979380964, 28.100147275402435
110, 1581957115377715456, 0, 170.32286481092513, 75.13807069220694, 63.85309278349997, 28.10290868924611
111, 1581957115388482304, 0, 169.8104285592675, 75.15463917527123, 63.91752577319029, 28.105670103089786
112, 1581957115399249152, 0, 169.2979923076099, 75.17120765833552, 63.981958762880616, 28.10843151693346
113, 1581957115410015936, 0, 168.78555605595224, 75.18777614139981, 64.04639175257094, 28.111192930777136
114, 1581957115420783104, 0, 168.2731198042946, 75.2043446244641, 64.11082474226126, 28.113954344620808
115, 1581957115431549952, 0, 167.76068355263698, 75.22091310752839, 64.17525773195159, 28.11671575846448
116, 1581957115442317056, 0, 167.24824730097936, 75.2374815905927, 64.23969072164192, 28.11947717230815
117, 1581957115453083936, 0, 166.73581104932174, 75.25405007365698, 64.30412371133224, 28.122238586151823
118, 1581957115463850496, 0, 166.22337479766412, 75.27061855672127, 64.36855670102256, 28.1249999999955
119, 1581957115474617344, 0, 165.7109385460065, 75.28718703978556, 64.43298969071287, 28.127761413839174
120, 1581957115485384192, 0, 165.19850229434888, 75.30375552284985, 64.49742268040319, 28.13052282768285
121, 1581957115496150936, 0, 164.68606604269127, 75.32032400591415, 64.56185567009351, 28.133284241526525
122, 1581957115506917888, 0, 164.17362979103365, 75.33689248897844, 64.62628865978382, 28.136045655370197
123, 1581957115517684480, 0, 163.66119353937603, 75.35346097204274, 64.69072164947416, 28.13880706921387
124, 1581957115528451328, 0, 163.1487572877184, 75.37002945510703, 64.75515463916449, 28.14156848305754
125, 1581957115539217936, 0, 162.63632103606076, 75.38659793817132, 64.8195876288548, 28.144329896901212
126, 1581957115549984512, 0, 162.12388478440312, 75.40316642123561, 64.88402061854512, 28.147091310744887
127, 1581957115560751360, 0, 161.6114485327455, 75.4197349042999, 64.94845360823545, 28.149852724588563
128, 1581957115571518208, 0, 161.09901228108788, 75.43630338736419, 65.01288659792579, 28.152614138432238
129, 1581957115582284936, 0, 160.58657602943026, 75.45287187042848, 65.0773195876161, 28.155375552275913
130, 1581957115593051904, 0, 160.07413977777264, 75.46944035349277, 65.14175257730643, 28.15813696611959
131, 1581957115603818496, 0, 159.56170352611502, 75.48600883655706, 65.20618556699677, 28.160898379963264
132, 1581957115614585344, 0, 159.0492672744574, 75.50257731962137, 65.2706185566871, 28.16365979380694
133, 1581957115625351936, 0, 158.53683102279976, 75.51914580268566, 65.33505154637743, 28.166421207650615
134, 1581957115636119040, 0, 158.02439477114214, 75.53571428574995, 65.39948453606775, 28.16918262149429
135, 1581957115646885888, 0, 157.51195851948452, 75.55228276881424, 65.46391752575806, 28.171944035337965
136, 1581957115657652992, 0, 156.9995222678269, 75.56885125187853, 65.52835051544838, 28.17470544918164
137, 1581957115668419936, 0, 156.4870860161693, 75.58541973494282, 65.5927835051387, 28.177466863025316
138, 1581957115679186432, 0, 155.97464976451164, 75.60198821800711, 65.65721649482902, 28.180228276868988
139, 1581957115689953280, 0, 155.46221351285402, 75.61855670107141, 65.72164948451935, 28.18298969071266
140, 1581957115700720128, 0, 154.9497772611964, 75.6351251841357, 65.78608247420968, 28.18575110455633
141, 1581957115711486936, 0, 154.43734100953878, 75.65169366719999, 65.8505154639, 28.1885125184
142, 1581957115722253824, 0, 153.99200026780545, 75.66826215026227, 65.91494845359117, 28.191273932244123
143, 1581957115733020416, 0, 153.54665952607215, 75.68483063332454, 65.97938144328232, 28.19403534608825
144, 1581957115743787264, 0, 153.10131878433884, 75.7013991163868, 66.04381443297348, 28.196796759932372
145, 1581957115754553936, 0, 152.6559780426055, 75.71796759944907, 66.10824742266465, 28.199558173776495
146, 1581957115765320448, 0, 152.2106373008722, 75.73453608251134, 66.1726804123558, 28.202319587620618
147, 1581957115776087296, 0, 151.7652965591389, 75.7511045655736, 66.23711340204696, 28.20508100146474
148, 1581957115786854144, 0, 151.31995581740557, 75.76767304863587, 66.30154639173811, 28.207842415308864
149, 1581957115797620936, 0, 150.87461507567227, 75.78424153169814, 66.36597938142927, 28.210603829152987
150, 1581957115808387840, 0, 150.42927433393896, 75.80081001476042, 66.43041237112043, 28.21336524299711
151, 1581957115819154432, 0, 149.98393359220563, 75.81737849782269, 66.49484536081158, 28.216126656841233
152, 1581957115829921280, 0, 149.53859285047233, 75.83394698088495, 66.55927835050274, 28.218888070685356
153, 1581957115840687936, 0, 149.09325210873902, 75.85051546394722, 66.62371134019389, 28.22164948452948
154, 1581957115851454720, 0, 148.6479113670057, 75.86708394700949, 66.68814432988506, 28.224410898373602
155, 1581957115862221824, 0, 148.2025706252724, 75.88365243007175, 66.75257731957622, 28.227172312217725
156, 1581957115872988928, 0, 147.75722988353908, 75.90022091313402, 66.81701030926737, 28.229933726061848
157, 1581957115883755936, 0, 147.31188914180575, 75.9167893961963, 66.88144329895854, 28.23269513990597
158, 1581957115894522880, 0, 146.86654840007242, 75.93335787925855, 66.94587628864971, 28.2354565537501
159, 1581957115905289472, 0, 146.4212076583391, 75.94992636232082, 67.01030927834087, 28.23821796759423
160, 1581957115916056320, 0, 145.9758669166058, 75.9664948453831, 67.07474226803203, 28.24097938143836
161, 1581957115926822936, 0, 145.53052617487248, 75.98306332844535, 67.1391752577232, 28.24374079528249
162, 1581957115937589504, 0, 145.08518543313917, 75.99963181150763, 67.20360824741437, 28.246502209126614
163, 1581957115948356352, 0, 144.63984469140587, 76.0162002945699, 67.26804123710552, 28.249263622970737
164, 1581957115959123200, 0, 144.19450394967254, 76.03276877763216, 67.33247422679668, 28.25202503681486
165, 1581957115969889936, 0, 143.74916320793923, 76.04933726069443, 67.39690721648785, 28.254786450658983
166, 1581957115980656896, 0, 143.30382246620593, 76.0659057437567, 67.461340206179, 28.257547864503106
167, 1581957115991423488, 0, 142.8584817244726, 76.08247422681896, 67.52577319587016, 28.26030927834723
168, 1581957116002190336, 0, 142.4131409827393, 76.09904270988123, 67.59020618556131, 28.263070692191352
169, 1581957116012956936, 0, 141.967800241006, 76.1156111929435, 67.65463917525247, 28.265832106035475
170, 1581957116023723520, 0, 141.52245949927266, 76.13217967600578, 67.71907216494364, 28.268593519879598
171, 1581957116034490368, 0, 141.07711875753935, 76.14874815906805, 67.7835051546348, 28.27135493372372
172, 1581957116045257216, 0, 140.63177801580605, 76.1653166421303, 67.84793814432595, 28.274116347567844
173, 1581957116056023936, 0, 140.18643727407272, 76.18188512519258, 67.91237113401712, 28.276877761411967
174, 1581957116066791168, 0, 139.74109653233938, 76.19845360825485, 67.97680412370829, 28.27963917525609
175, 1581957116077558016, 0, 139.29575579060608, 76.21502209131711, 68.04123711339945, 28.282400589100213
176, 1581957116088324864, 0, 138.85041504887278, 76.23159057437938, 68.1056701030906, 28.285162002944336
177, 1581957116099091936, 0, 138.40507430713944, 76.24815905744165, 68.17010309278177, 28.28792341678846
178, 1581957116109858816, 0, 137.95973356540614, 76.26472754050393, 68.23453608247293, 28.290684830632582
179, 1581957116120625408, 0, 137.51439282367284, 76.2812960235662, 68.29896907216408, 28.293446244476705
180, 1581957116131392256, 0, 137.0690520819395, 76.29786450662846, 68.36340206185524, 28.296207658320828
181, 1581957116142158936, 0, 136.6237113402062, 76.31443298969073, 68.4278350515464, 28.29896907216495
182, 1581957116152925440, 0, 136.3461270686069, 76.33104292628121, 68.43493583000273, 28.295418682938326
183, 1581957116163692288, 0, 136.06854279700764, 76.34765286287171, 68.44203660845908, 28.2918682937117
184, 1581957116174459136, 0, 135.79095852540834, 76.3642627994622, 68.44913738691542, 28.288317904485076
185, 1581957116185225936, 0, 135.51337425380905, 76.38087273605268, 68.45623816537176, 28.28476751525845
186, 1581957116195992832, 0, 135.23578998220975, 76.39748267264316, 68.46333894382809, 28.28121712603183
187, 1581957116206759424, 0, 134.95820571061046, 76.41409260923365, 68.47043972228444, 28.27766673680521
188, 1581957116217526272, 0, 134.68062143901116, 76.43070254582415, 68.47754050074079, 28.274116347578587
189, 1581957116228292936, 0, 134.40303716741187, 76.44731248241463, 68.48464127919712, 28.270565958351966
190, 1581957116239059456, 0, 134.12545289581257, 76.46392241900512, 68.49174205765345, 28.26701556912534
191, 1581957116249826304, 0, 133.84786862421328, 76.48053235559561, 68.4988428361098, 28.263465179898716
192, 1581957116260593152, 0, 133.570284352614, 76.4971422921861, 68.50594361456615, 28.25991479067209
193, 1581957116271359936, 0, 133.29270008101471, 76.51375222877658, 68.51304439302248, 28.256364401445467
194, 1581957116282127104, 0, 133.01511580941542, 76.53036216536707, 68.52014517147882, 28.252814012218842
195, 1581957116292893952, 0, 132.73753153781615, 76.54697210195755, 68.52724594993516, 28.249263622992217
196, 1581957116303661056, 0, 132.45994726621686, 76.56358203854805, 68.53434672839151, 28.245713233765592
197, 1581957116314427936, 0, 132.18236299461756, 76.58019197513853, 68.54144750684785, 28.242162844538967
198, 1581957116325194496, 0, 131.90477872301827, 76.59680191172902, 68.54854828530418, 28.238612455312342
199, 1581957116335961344, 0, 131.62719445141897, 76.61341184831952, 68.55564906376051, 28.235062066085717
200, 1581957116346728192, 0, 131.3496101798197, 76.63002178491, 68.56274984221685, 28.231511676859093
201, 1581957116357494936, 0, 131.0720259082204, 76.64663172150048, 68.56985062067318, 28.227961287632468
202, 1581957116368261888, 0, 130.79444163662112, 76.66324165809097, 68.57695139912951, 28.224410898405846
203, 1581957116379028480, 0, 130.51685736502185, 76.67985159468145, 68.58405217758586, 28.220860509179225
204, 1581957116389795328, 0, 130.23927309342255, 76.69646153127195, 68.59115295604221, 28.217310119952604
205, 1581957116400561936, 0, 129.96168882182326, 76.71307146786243, 68.59825373449854, 28.213759730725982
206, 1581957116411328512, 0, 129.68410455022396, 76.72968140445292, 68.60535451295489, 28.210209341499358
207, 1581957116422095360, 0, 129.40652027862467, 76.74629134104342, 68.61245529141124, 28.206658952272733
208, 1581957116432862208, 0, 129.12893600702537, 76.7629012776339, 68.61955606986758, 28.203108563046108
209, 1581957116443628936, 0, 128.85135173542608, 76.77951121422439, 68.62665684832393, 28.199558173819483
210, 1581957116454395904, 0, 128.57376746382678, 76.79612115081487, 68.63375762678027, 28.196007784592858
211, 1581957116465162496, 0, 128.2961831922275, 76.81273108740535, 68.64085840523661, 28.192457395366233
212, 1581957116475929088, 0, 128.01859892062822, 76.82934102399585, 68.64795918369296, 28.18890700613961
213, 1581957116486695936, 0, 127.74101464902893, 76.84595096058634, 68.6550599621493, 28.185356616912983
214, 1581957116497462784, 0, 127.46343037742963, 76.86256089717682, 68.66216074060563, 28.181806227686362
215, 1581957116508229888, 0, 127.18584610583035, 76.87917083376732, 68.66926151906196, 28.17825583845974
216, 1581957116518996992, 0, 126.90826183423107, 76.8957807703578, 68.6763622975183, 28.17470544923312
217, 1581957116529763936, 0, 126.63067756263177, 76.91239070694829, 68.68346307597463, 28.171155060006498
218, 1581957116540530432, 0, 126.35309329103248, 76.92900064353877, 68.69056385443098, 28.167604670779873
219, 1581957116551297280, 0, 126.07550901943318, 76.94561058012926, 68.69766463288732, 28.16405428155325
220, 1581957116562064128, 0, 125.79792474783389, 76.96222051671975, 68.70476541134366, 28.160503892326624
221, 1581957116572830936, 0, 125.52034047623461, 76.97883045331024, 68.7118661898, 28.1569535031
222, 1581957116583597824, 0, 125.27771135305139, 76.98283941063403, 68.71896696825627, 28.153403113871875
223, 1581957116594364416, 0, 125.03508222986815, 76.9868483679578, 68.72606774671252, 28.14985272464375
224, 1581957116605131264, 0, 124.79245310668493, 76.99085732528158, 68.73316852516876, 28.146302335415626
225, 1581957116615897936, 0, 124.54982398350171, 76.99486628260537, 68.74026930362501, 28.142751946187502
226, 1581957116626664448, 0, 124.30719486031849, 76.99887523992916, 68.74737008208126, 28.139201556959378
227, 1581957116637431296, 0, 124.06456573713527, 77.00288419725294, 68.75447086053751, 28.135651167731254
228, 1581957116648198144, 0, 123.82193661395203, 77.00689315457672, 68.76157163899376, 28.13210077850313
229, 1581957116658964936, 0, 123.57930749076881, 77.0109021119005, 68.76867241744999, 28.128550389275006
230, 1581957116669731840, 0, 123.33667836758559, 77.0149110692243, 68.77577319590625, 28.12500000004688
231, 1581957116680498432, 0, 123.09404924440236, 77.01892002654807, 68.7828739743625, 28.121449610818757
232, 1581957116691265280, 0, 122.85142012121914, 77.02292898387185, 68.78997475281875, 28.117899221590633
233, 1581957116702031936, 0, 122.60879099803591, 77.02693794119564, 68.797075531275, 28.11434883236251
234, 1581957116712798720, 0, 122.3661618748527, 77.03094689851943, 68.80417630973125, 28.110798443134378
235, 1581957116723565824, 0, 122.12353275166947, 77.03495585584321, 68.8112770881875, 28.107248053906247
236, 1581957116734332928, 0, 121.88090362848624, 77.038964813167, 68.81837786664374, 28.103697664678116
237, 1581957116745099936, 0, 121.63827450530302, 77.04297377049079, 68.8254786451, 28.100147275449984
238, 1581957116755866880, 0, 121.3956453821198, 77.04698272781457, 68.83257942355624, 28.09659688622186
239, 1581957116766633472, 0, 121.15301625893656, 77.05099168513836, 68.83968020201249, 28.093046496993736
240, 1581957116777400320, 0, 120.91038713575334, 77.05500064246215, 68.84678098046874, 28.089496107765612
241, 1581957116788166936, 0, 120.66775801257012, 77.05900959978592, 68.85388175892498, 28.085945718537488
242, 1581957116798933504, 0, 120.4251288893869, 77.0630185571097, 68.86098253738123, 28.082395329309364
243, 1581957116809700352, 0, 120.18249976620368, 77.06702751443349, 68.86808331583748, 28.07884494008124
244, 1581957116820467200, 0, 119.93987064302044, 77.07103647175728, 68.87518409429373, 28.075294550853116
245, 1581957116831233936, 0, 119.69724151983722, 77.07504542908106, 68.88228487274999, 28.07174416162499
246, 1581957116842000896, 0, 119.454612396654, 77.07905438640483, 68.88938565120625, 28.068193772396867
247, 1581957116852767488, 0, 119.21198327347076, 77.08306334372863, 68.8964864296625, 28.064643383168743
248, 1581957116863534336, 0, 118.96935415028754, 77.08707230105242, 68.90358720811875, 28.06109299394062
249, 1581957116874300936, 0, 118.72672502710432, 77.09108125837619, 68.910687986575, 28.057542604712495
250, 1581957116885067520, 0, 118.48409590392109, 77.09509021569997, 68.91778876503125, 28.05399221548437
251, 1581957116895834368, 0, 118.24146678073787, 77.09909917302376, 68.9248895434875, 28.050441826256247
252, 1581957116906601216, 0, 117.99883765755465, 77.10310813034755, 68.93199032194374, 28.046891437028123
253, 1581957116917367936, 0, 117.75620853437141, 77.10711708767133, 68.93909110039999, 28.0433410478
254, 1581957116928134656, 0, 117.51357941118819, 77.1111260449951, 68.94619187885624, 28.039790658571874
255, 1581957116938901760, 0, 117.27095028800497, 77.1151350023189, 68.95329265731249, 28.03624026934375
256, 1581957116949668864, 0, 117.02832116482175, 77.11914395964268, 68.96039343576874, 28.032689880115626
257, 1581957116960435936, 0, 116.78569204163853, 77.12315291696646, 68.96749421422498, 28.029139490887502
258, 1581957116971202816, 0, 116.54306291845529, 77.12716187429024, 68.97459499268123, 28.025589101659378
259, 1581957116981969408, 0, 116.30043379527207, 77.13117083161403, 68.9816957711375, 28.022038712431254
260, 1581957116992736256, 0, 116.05780467208885, 77.13517978893782, 68.98879654959376, 28.01848832320313
261, 1581957117003502936, 0, 115.81517554890561, 77.1391887462616, 68.99589732805, 28.014937933975006
262, 1581957117014269440, 0, 115.5725464257224, 77.14319770358537, 69.00299810650625, 28.01138754474688
263, 1581957117025036288, 0, 115.32991730253917, 77.14720666090916, 69.0100988849625, 28.007837155518757
264, 1581957117035803136, 0, 115.08728817935594, 77.15121561823295, 69.01719966341875, 28.004286766290633
265, 1581957117046569936, 0, 114.84465905617272, 77.15522457555673, 69.02430044187501, 28.00073637706251
266, 1581957117057336832, 0, 114.6020299329895, 77.1592335328805, 69.03140122033125, 27.997185987834385
267, 1581957117068103424, 0, 114.35940080980626, 77.1632424902043, 69.0385019987875, 27.99363559860626
268, 1581957117078870272, 0, 114.11677168662304, 77.16725144752809, 69.04560277724374, 27.990085209378137
269, 1581957117089636936, 0, 113.87414256343982, 77.17126040485186, 69.05270355569999, 27.986534820150013
270, 1581957117100403456, 0, 113.6315134402566, 77.17526936217565, 69.05980433415624, 27.98298443092188
271, 1581957117111170304, 0, 113.38888431707338, 77.17927831949945, 69.06690511261249, 27.97943404169375
272, 1581957117121937152, 0, 113.14625519389014, 77.18328727682322, 69.07400589106874, 27.97588365246562
273, 1581957117132703936, 0, 112.90362607070692, 77.18729623414701, 69.081106669525, 27.972333263237488
274, 1581957117143471104, 0, 112.6609969475237, 77.1913051914708, 69.08820744798126, 27.968782874009364
275, 1581957117154237952, 0, 112.41836782434046, 77.19531414879458, 69.09530822643751, 27.96523248478124
276, 1581957117165005056, 0, 112.17573870115724, 77.19932310611836, 69.10240900489376, 27.961682095553115
277, 1581957117175771936, 0, 111.93310957797402, 77.20333206344215, 69.10950978335, 27.95813170632499
278, 1581957117186538496, 0, 111.6904804547908, 77.20734102076594, 69.11661056180625, 27.954581317096867
279, 1581957117197305344, 0, 111.44785133160758, 77.21134997808971, 69.1237113402625, 27.951030927868743
280, 1581957117208072192, 0, 111.20522220842435, 77.21535893541349, 69.13081211871875, 27.94748053864062
281, 1581957117218838936, 0, 110.96259308524112, 77.21936789273728, 69.13791289717499, 27.943930149412495
282, 1581957117229605888, 0, 110.7199639620579, 77.22337685006107, 69.14501367563125, 27.94037976018437
283, 1581957117240372480, 0, 110.47733483887467, 77.22738580738485, 69.1521144540875, 27.936829370956247
284, 1581957117251139328, 0, 110.23470571569145, 77.23139476470863, 69.15921523254374, 27.933278981728122
285, 1581957117261905936, 0, 109.99207659250823, 77.23540372203242, 69.166316011, 27.9297285925
286, 1581957117272672512, 0, 109.75388355854511, 77.2430422069005, 69.17341678945417, 27.926178203270833
287, 1581957117283439360, 0, 109.515690524582, 77.25068069176857, 69.18051756790832, 27.922627814041668
288, 1581957117294206208, 0, 109.27749749061888, 77.25831917663663, 69.18761834636248, 27.919077424812503
289, 1581957117304972936, 0, 109.03930445665576, 77.26595766150471, 69.19471912481664, 27.915527035583338
290, 1581957117315739904, 0, 108.80111142269263, 77.2735961463728, 69.2018199032708, 27.91197664635417
291, 1581957117326506496, 0, 108.56291838872951, 77.28123463124086, 69.20892068172498, 27.908426257125
292, 1581957117337273344, 0, 108.3247253547664, 77.28887311610893, 69.21602146017915, 27.904875867895832
293, 1581957117348039936, 0, 108.08653232080329, 77.29651160097701, 69.22312223863332, 27.901325478666664
294, 1581957117358807040, 0, 107.84833928684017, 77.3041500858451, 69.2302230170875, 27.8977750894375
295, 1581957117369573888, 0, 107.61014625287706, 77.31178857071316, 69.23732379554167, 27.894224700208333
296, 1581957117380340992, 0, 107.37195321891394, 77.31942705558123, 69.24442457399584, 27.89067431097917
297, 1581957117391107936, 0, 107.13376018495082, 77.32706554044931, 69.25152535245, 27.887123921750003
298, 1581957117401874432, 0, 106.89556715098769, 77.3347040253174, 69.25862613090416, 27.883573532520835
299, 1581957117412641280, 0, 106.65737411702457, 77.34234251018546, 69.26572690935834, 27.880023143291666
300, 1581957117423408128, 0, 106.41918108306146, 77.34998099505353, 69.2728276878125, 27.876472754062497
301, 1581957117434174936, 0, 106.18098804909835, 77.35761947992161, 69.27992846626665, 27.87292236483333
302, 1581957117444941824, 0, 105.94279501513523, 77.36525796478969, 69.28702924472081, 27.869371975604164
303, 1581957117455708416, 0, 105.70460198117212, 77.37289644965776, 69.29413002317497, 27.865821586375
304, 1581957117466475264, 0, 105.466408947209, 77.38053493452583, 69.30123080162915, 27.862271197145834
305, 1581957117477241936, 0, 105.22821591324588, 77.38817341939391, 69.3083315800833, 27.85872080791667
306, 1581957117488008448, 0, 104.99002287928275, 77.39581190426199, 69.31543235853746, 27.8551704186875
307, 1581957117498775296, 0, 104.75182984531963, 77.40345038913006, 69.32253313699164, 27.85162002945833
308, 1581957117509542144, 0, 104.51363681135652, 77.41108887399812, 69.32963391544581, 27.848069640229163
309, 1581957117520308936, 0, 104.2754437773934, 77.4187273588662, 69.33673469389998, 27.844519250999994
310, 1581957117531075840, 0, 104.03725074343029, 77.42636584373429, 69.34383547235416, 27.84096886177083
311, 1581957117541842432, 0, 103.79905770946716, 77.43400432860236, 69.35093625080833, 27.837418472541664
312, 1581957117552609280, 0, 103.56086467550404, 77.44164281347042, 69.3580370292625, 27.8338680833125
313, 1581957117563375936, 0, 103.32267164154092, 77.4492812983385, 69.36513780771668, 27.830317694083334
314, 1581957117574142720, 0, 103.08447860757781, 77.45691978320659, 69.37223858617084, 27.82676730485417
315, 1581957117584909824, 0, 102.8462855736147, 77.46455826807465, 69.379339364625, 27.823216915625004
316, 1581957117595676928, 0, 102.60809253965158, 77.47219675294272, 69.38644014307917, 27.81966652639584
317, 1581957117606443936, 0, 102.36989950568845, 77.4798352378108, 69.39354092153333, 27.816116137166674
318, 1581957117617210880, 0, 102.13170647172532, 77.48747372267889, 69.40064169998749, 27.812565747937505
319, 1581957117627977472, 0, 101.89351343776221, 77.49511220754695, 69.40774247844166, 27.809015358708336
320, 1581957117638744320, 0, 101.6553204037991, 77.50275069241502, 69.41484325689582, 27.805464969479168
321, 1581957117649510936, 0, 101.41712736983598, 77.5103891772831, 69.42194403534998, 27.80191458025
322, 1581957117660277504, 0, 101.17893433587287, 77.51802766215118, 69.42904481380415, 27.798364191020834
323, 1581957117671044352, 0, 100.94074130190975, 77.52566614701925, 69.43614559225833, 27.79481380179167
324, 1581957117681811200, 0, 100.70254826794664, 77.53330463188732, 69.4432463707125, 27.791263412562504
325, 1581957117692577936, 0, 100.46435523398351, 77.5409431167554, 69.45034714916666, 27.78771302333334
326, 1581957117703344896, 0, 100.22616220002038, 77.54858160162348, 69.45744792762082, 27.78416263410417
327, 1581957117714111488, 0, 99.98796916605727, 77.55622008649155, 69.46454870607499, 27.780612244875
328, 1581957117724878336, 0, 99.74977613209415, 77.56385857135962, 69.47164948452917, 27.777061855645833
329, 1581957117735644936, 0, 99.51158309813104, 77.5714970562277, 69.47875026298334, 27.773511466416664
330, 1581957117746411520, 0, 99.27339006416793, 77.57913554109578, 69.48585104143751, 27.7699610771875
331, 1581957117757178368, 0, 99.03519703020481, 77.58677402596385, 69.49295181989167, 27.766410687958334
332, 1581957117767945216, 0, 98.7970039962417, 77.59441251083192, 69.50005259834583, 27.762860298729166
333, 1581957117778711936, 0, 98.55881096227857, 77.6020509957, 69.5071533768, 27.7593099095
334, 1581957117789479168, 0, 98.24304135980879, 77.60968948056811, 69.51425415525604, 27.755759520272846
335, 1581957117800246016, 0, 97.92727175733901, 77.61732796543622, 69.52135493371208, 27.752209131045696
336, 1581957117811012864, 0, 97.61150215486924, 77.62496645030433, 69.52845571216812, 27.74865874181854
337, 1581957117821779936, 0, 97.29573255239946, 77.63260493517244, 69.53555649062416, 27.745108352591387
338, 1581957117832546816, 0, 96.97996294992967, 77.64024342004055, 69.5426572690802, 27.74155796336423
339, 1581957117843313408, 0, 96.6641933474599, 77.64788190490867, 69.54975804753624, 27.73800757413707
340, 1581957117854080256, 0, 96.34842374499011, 77.65552038977678, 69.5568588259923, 27.734457184909914
341, 1581957117864846936, 0, 96.03265414252033, 77.66315887464489, 69.56395960444834, 27.730906795682756
342, 1581957117875613440, 0, 95.71688454005056, 77.670797359513, 69.57106038290439, 27.727356406455602
343, 1581957117886380288, 0, 95.40111493758077, 77.67843584438111, 69.57816116136044, 27.723806017228448
344, 1581957117897147136, 0, 95.08534533511099, 77.68607432924922, 69.58526193981649, 27.720255628001294
345, 1581957117907913936, 0, 94.76957573264121, 77.69371281411733, 69.59236271827254, 27.71670523877414
346, 1581957117918680832, 0, 94.45380613017143, 77.70135129898544, 69.59946349672859, 27.71315484954698
347, 1581957117929447424, 0, 94.13803652770164, 77.70898978385355, 69.60656427518464, 27.709604460319824
348, 1581957117940214272, 0, 93.82226692523187, 77.71662826872168, 69.61366505364069, 27.706054071092666
349, 1581957117950980936, 0, 93.50649732276209, 77.72426675358979, 69.62076583209672, 27.702503681865508
350, 1581957117961747456, 0, 93.1907277202923, 77.7319052384579, 69.62786661055276, 27.698953292638354
351, 1581957117972514304, 0, 92.87495811782253, 77.73954372332601, 69.6349673890088, 27.6954029034112
352, 1581957117983281152, 0, 92.55918851535276, 77.74718220819412, 69.64206816746486, 27.691852514184045
353, 1581957117994047936, 0, 92.24341891288297, 77.75482069306223, 69.64916894592089, 27.68830212495689
354, 1581957118004815104, 0, 91.92764931041319, 77.76245917793034, 69.65626972437693, 27.684751735729737
355, 1581957118015581952, 0, 91.61187970794342, 77.77009766279846, 69.66337050283298, 27.681201346502583
356, 1581957118026349056, 0, 91.29611010547363, 77.77773614766657, 69.67047128128903, 27.67765095727543
357, 1581957118037115936, 0, 90.98034050300384, 77.78537463253468, 69.67757205974507, 27.674100568048274
358, 1581957118047882496, 0, 90.66457090053407, 77.7930131174028, 69.68467283820112, 27.67055017882112
359, 1581957118058649344, 0, 90.34880129806429, 77.8006516022709, 69.69177361665716, 27.666999789593966
360, 1581957118069416192, 0, 90.0330316955945, 77.80829008713901, 69.6988743951132, 27.66344940036681
361, 1581957118080182936, 0, 89.71726209312473, 77.81592857200712, 69.70597517356924, 27.659899011139657
362, 1581957118090949888, 0, 89.40149249065495, 77.82356705687523, 69.71307595202529, 27.6563486219125
363, 1581957118101716480, 0, 89.08572288818516, 77.83120554174334, 69.72017673048134, 27.652798232685342
364, 1581957118112483328, 0, 88.76995328571539, 77.83884402661147, 69.72727750893739, 27.649247843458184
365, 1581957118123249936, 0, 88.4541836832456, 77.84648251147958, 69.73437828739343, 27.645697454231026
366, 1581957118134016512, 0, 88.13841408077582, 77.85412099634769, 69.74147906584948, 27.642147065003872
367, 1581957118144783360, 0, 87.82264447830605, 77.8617594812158, 69.74857984430552, 27.638596675776718
368, 1581957118155550208, 0, 87.50687487583627, 77.86939796608391, 69.75568062276157, 27.635046286549564
369, 1581957118166316936, 0, 87.19110527336649, 77.87703645095202, 69.76278140121762, 27.63149589732241
370, 1581957118177083904, 0, 86.8753356708967, 77.88467493582013, 69.76988217967366, 27.62794550809525
371, 1581957118187850496, 0, 86.55956606842693, 77.89231342068825, 69.77698295812971, 27.624395118868094
372, 1581957118198617088, 0, 86.24379646595715, 77.89995190555636, 69.78408373658576, 27.620844729640936
373, 1581957118209383936, 0, 85.92802686348736, 77.90759039042447, 69.7911845150418, 27.61729434041378
374, 1581957118220150784, 0, 85.61225726101759, 77.91522887529258, 69.79828529349786, 27.61374395118662
375, 1581957118230917888, 0, 85.2964876585478, 77.9228673601607, 69.8053860719539, 27.610193561959466
376, 1581957118241684992, 0, 84.98071805607802, 77.9305058450288, 69.81248685040995, 27.606643172732312
377, 1581957118252451936, 0, 84.66494845360825, 77.93814432989691, 69.81958762886599, 27.603092783505154
378, 1581957118263218432, 0, 84.26479328752964, 77.94341611996157, 69.82485941893128, 27.5925492033738
379, 1581957118273985280, 0, 83.86463812145104, 77.94868791002621, 69.83013120899656, 27.58200562324244
380, 1581957118284752128, 0, 83.46448295537243, 77.95395970009085, 69.83540299906184, 27.571462043111083
381, 1581957118295518936, 0, 83.06432778929384, 77.9592314901555, 69.84067478912714, 27.56091846297973
382, 1581957118306285824, 0, 82.66417262321525, 77.96450328022016, 69.84594657919243, 27.550374882848374
383, 1581957118317052416, 0, 82.26401745713665, 77.9697750702848, 69.85121836925771, 27.53983130271702
384, 1581957118327819264, 0, 81.86386229105804, 77.97504686034944, 69.856490159323, 27.529287722585664
385, 1581957118338585936, 0, 81.46370712497944, 77.98031865041409, 69.8617619493883, 27.51874414245431
386, 1581957118349352448, 0, 81.06355195890083, 77.98559044047875, 69.86703373945359, 27.50820056232295
387, 1581957118360119296, 0, 80.66339679282223, 77.99086223054339, 69.87230552951888, 27.497656982191593
388, 1581957118370886144, 0, 80.26324162674362, 77.99613402060803, 69.87757731958419, 27.487113402060235
389, 1581957118381652936, 0, 79.86308646066503, 78.00140581067268, 69.88284910964948, 27.476569821928877
390, 1581957118392419840, 0, 79.46293129458644, 78.00667760073733, 69.88812089971478, 27.466026241797515
391, 1581957118403186432, 0, 79.06277612850783, 78.01194939080199, 69.89339268978006, 27.455482661666153
392, 1581957118413953280, 0, 78.66262096242923, 78.01722118086664, 69.89866447984535, 27.44493908153479
393, 1581957118424719936, 0, 78.26246579635063, 78.02249297093128, 69.90393626991064, 27.43439550140343
394, 1581957118435486720, 0, 77.86231063027202, 78.02776476099592, 69.90920805997594, 27.423851921272075
395, 1581957118446253824, 0, 77.46215546419342, 78.03303655106058, 69.91447985004123, 27.41330834114072
396, 1581957118457020928, 0, 77.06200029811481, 78.03830834112523, 69.91975164010651, 27.402764761009365
397, 1581957118467787936, 0, 76.66184513203622, 78.04358013118987, 69.9250234301718, 27.39222118087801
398, 1581957118478554880, 0, 76.26168996595763, 78.04885192125451, 69.9302952202371, 27.381677600746652
399, 1581957118489321472, 0, 75.86153479987902, 78.05412371131916, 69.9355670103024, 27.371134020615294
400, 1581957118500088320, 0, 75.46137963380042, 78.05939550138382, 69.9408388003677, 27.360590440483936
401, 1581957118510854936, 0, 75.06122446772181, 78.06466729144846, 69.946110590433, 27.350046860352577
402, 1581957118521621504, 0, 74.66106930164321, 78.0699390815131, 69.95138238049829, 27.33950328022122
403, 1581957118532388352, 0, 74.2609141355646, 78.07521087157775, 69.95665417056358, 27.32895970008986
404, 1581957118543155200, 0, 73.860758969486, 78.0804826616424, 69.96192596062888, 27.318416119958503
405, 1581957118553921936, 0, 73.4606038034074, 78.08575445170705, 69.96719775069417, 27.307872539827144
406, 1581957118564688896, 0, 73.06044863732879, 78.09102624177169, 69.97246954075946, 27.29732895969579
407, 1581957118575455488, 0, 72.66029347125018, 78.09629803183634, 69.97774133082476, 27.286785379564435
408, 1581957118586222336, 0, 72.26013830517158, 78.101569821901, 69.98301312089004, 27.27624179943308
409, 1581957118596988936, 0, 71.85998313909299, 78.10684161196563, 69.98828491095533, 27.265698219301726
410, 1581957118607755520, 0, 71.4598279730144, 78.11211340203027, 69.99355670102062, 27.255154639170364
411, 1581957118618522368, 0, 71.0596728069358, 78.11738519209493, 69.9988284910859, 27.244611059039002
412, 1581957118629289216, 0, 70.65951764085719, 78.12265698215958, 70.0041002811512, 27.23406747890764
413, 1581957118640055936, 0, 70.25936247477858, 78.12792877222424, 70.00937207121649, 27.22352389877628
414, 1581957118650822656, 0, 69.85920730869998, 78.13320056228889, 70.01464386128178, 27.21298031864492
415, 1581957118661589760, 0, 69.45905214262137, 78.13847235235353, 70.01991565134708, 27.202436738513562
416, 1581957118672356864, 0, 69.05889697654277, 78.14374414241817, 70.02518744141236, 27.191893158382204
417, 1581957118683123936, 0, 68.65874181046418, 78.14901593248283, 70.03045923147765, 27.181349578250845
418, 1581957118693890816, 0, 68.25858664438559, 78.15428772254748, 70.03573102154294, 27.17080599811949
419, 1581957118704657408, 0, 67.85843147830698, 78.15955951261212, 70.04100281160825, 27.160262417988136
420, 1581957118715424256, 0, 67.45827631222838, 78.16483130267676, 70.04627460167355, 27.14971883785678
421, 1581957118726190936, 0, 67.05812114614977, 78.17010309274141, 70.05154639173884, 27.139175257725427
422, 1581957118736957440, 0, 66.65796598007117, 78.17537488280607, 70.05681818180413, 27.128631677594072
423, 1581957118747724288, 0, 66.25781081399256, 78.18064667287071, 70.06208997186943, 27.118088097462714
424, 1581957118758491136, 0, 65.85765564791396, 78.18591846293535, 70.0673617619347, 27.107544517331355
425, 1581957118769257936, 0, 65.45750048183537, 78.191190253, 70.072633552, 27.0970009372
426, 1581957118780024832, 0, 64.95186193886164, 78.19646204306676, 70.07790534206597, 27.086457357068966
427, 1581957118790791424, 0, 64.44622339588793, 78.20173383313352, 70.08317713213196, 27.075913776937934
428, 1581957118801558272, 0, 63.94058485291421, 78.20700562320027, 70.08844892219794, 27.065370196806903
429, 1581957118812324936, 0, 63.43494630994049, 78.21227741326702, 70.09372071226392, 27.054826616675868
430, 1581957118823091456, 0, 62.92930776696677, 78.21754920333376, 70.09899250232989, 27.04428303654484
431, 1581957118833858304, 0, 62.42366922399305, 78.22282099340052, 70.10426429239587, 27.033739456413812
432, 1581957118844625152, 0, 61.91803068101933, 78.22809278346728, 70.10953608246184, 27.023195876282784
433, 1581957118855391936, 0, 61.41239213804561, 78.23336457353402, 70.11480787252782, 27.012652296151757
434, 1581957118866159104, 0, 60.90675359507189, 78.23863636360076, 70.12007966259381, 27.002108716020725
435, 1581957118876925952, 0, 60.40111505209818, 78.24390815366752, 70.12535145265979, 26.991565135889694
436, 1581957118887693056, 0, 59.89547650912446, 78.24917994373428, 70.13062324272576, 26.981021555758662
437, 1581957118898459936, 0, 59.389837966150736, 78.25445173380103, 70.13589503279175, 26.97047797562763
438, 1581957118909226496, 0, 58.884199423177016, 78.25972352386779, 70.14116682285774, 26.9599343954966
439, 1581957118919993344, 0, 58.378560880203295, 78.26499531393455, 70.14643861292372, 26.949390815365568
440, 1581957118930760192, 0, 57.87292233722958, 78.2702671040013, 70.15171040298969, 26.938847235234537
441, 1581957118941526936, 0, 57.36728379425586, 78.27553889406805, 70.15698219305568, 26.928303655103505
442, 1581957118952293888, 0, 56.86164525128214, 78.28081068413479, 70.16225398312166, 26.917760074972474
443, 1581957118963060480, 0, 56.35600670830843, 78.28608247420155, 70.16752577318763, 26.907216494841443
444, 1581957118973827328, 0, 55.85036816533471, 78.2913542642683, 70.17279756325361, 26.89667291471041
445, 1581957118984593936, 0, 55.34472962236099, 78.29662605433506, 70.17806935331959, 26.88612933457938
446, 1581957118995360512, 0, 54.839091079387266, 78.30189784440182, 70.18334114338556, 26.87558575444835
447, 1581957119006127360, 0, 54.333452536413546, 78.30716963446856, 70.18861293345154, 26.865042174317317
448, 1581957119016894208, 0, 53.827813993439825, 78.31244142453531, 70.19388472351753, 26.854498594186285
449, 1581957119027660936, 0, 53.322175450466105, 78.31771321460207, 70.1991565135835, 26.843955014055254
450, 1581957119038427904, 0, 52.816536907492385, 78.32298500466882, 70.20442830364948, 26.833411433924223
451, 1581957119049194496, 0, 52.310898364518664, 78.32825679473558, 70.20970009371547, 26.82286785379319
452, 1581957119059961344, 0, 51.80525982154495, 78.33352858480234, 70.21497188378144, 26.81232427366216
453, 1581957119070727936, 0, 51.29962127857123, 78.33880037486908, 70.22024367384742, 26.80178069353113
454, 1581957119081495040, 0, 50.79398273559751, 78.34407216493582, 70.2255154639134, 26.791237113400097
455, 1581957119092261888, 0, 50.288344192623796, 78.34934395500258, 70.23078725397937, 26.780693533269066
456, 1581957119103028992, 0, 49.782705649650076, 78.35461574506934, 70.23605904404536, 26.770149953138034
457, 1581957119113795936, 0, 49.277067106676355, 78.3598875351361, 70.24133083411134, 26.759606373007003
458, 1581957119124562432, 0, 48.771428563702635, 78.36515932520285, 70.24660262417731, 26.749062792875975
459, 1581957119135329280, 0, 48.265790020728915, 78.3704311152696, 70.2518744142433, 26.738519212744947
460, 1581957119146096128, 0, 47.760151477755194, 78.37570290533634, 70.2571462043093, 26.72797563261392
461, 1581957119156862936, 0, 47.254512934781474, 78.3809746954031, 70.26241799437527, 26.71743205248289
462, 1581957119167629824, 0, 46.74887439180775, 78.38624648546985, 70.26768978444125, 26.70688847235186
463, 1581957119178396416, 0, 46.24323584883403, 78.39151827553661, 70.27296157450722, 26.69634489222083
464, 1581957119189163264, 0, 45.73759730586032, 78.39679006560337, 70.2782333645732, 26.685801312089797
465, 1581957119199929936, 0, 45.2319587628866, 78.40206185567011, 70.28350515463917, 26.675257731958766
466, 1581957119210696448, 0, 44.66655927835052, 78.43105670103094, 70.24001288659792, 26.695554123711343
467, 1581957119221463296, 0, 44.10115979381443, 78.46005154639175, 70.19652061855669, 26.71585051546392
468, 1581957119232230144, 0, 43.53576030927835, 78.48904639175258, 70.15302835051546, 26.736146907216497
469, 1581957119242996936, 0, 42.97036082474227, 78.51804123711341, 70.10953608247422, 26.756443298969074
470, 1581957119253763840, 0, 42.404961340206185, 78.54703608247424, 70.06604381443299, 26.776739690721655
471, 1581957119264530432, 0, 41.839561855670105, 78.57603092783506, 70.02255154639175, 26.797036082474236
472, 1581957119275297280, 0, 41.274162371134025, 78.60502577319588, 69.97905927835052, 26.817332474226816
473, 1581957119286063936, 0, 40.70876288659794, 78.6340206185567, 69.93556701030928, 26.837628865979397
474, 1581957119296830720, 0, 40.14336340206186, 78.66301546391753, 69.89207474226805, 26.85792525773197
475, 1581957119307597824, 0, 39.57796391752578, 78.69201030927836, 69.8485824742268, 26.878221649484544
476, 1581957119318364928, 0, 39.01256443298969, 78.72100515463919, 69.80509020618555, 26.898518041237118
477, 1581957119329131936, 0, 38.44716494845361, 78.75000000000001, 69.76159793814432, 26.91881443298969
478, 1581957119339898880, 0, 37.88176546391753, 78.77899484536084, 69.71810567010309, 26.93911082474227
479, 1581957119350665472, 0, 37.316365979381445, 78.80798969072166, 69.67461340206185, 26.959407216494846
480, 1581957119361432320, 0, 36.75096649484536, 78.83698453608248, 69.63112113402062, 26.979703608247423
481, 1581957119372198936, 0, 36.18556701030928, 78.86597938144331, 69.58762886597938, 27.0
482, 1581957119382965504, 0, 35.6201675257732, 78.89497422680414, 69.54413659793815, 27.020296391752577
483, 1581957119393732352, 0, 35.05476804123711, 78.92396907216497, 69.50064432989691, 27.040592783505154
484, 1581957119404499200, 0, 34.48936855670103, 78.95296391752578, 69.45715206185568, 27.06088917525773
485, 1581957119415265936, 0, 33.92396907216495, 78.9819587628866, 69.41365979381443, 27.08118556701031
486, 1581957119426032896, 0, 33.358569587628864, 79.01095360824743, 69.3701675257732, 27.101481958762886
487, 1581957119436799488, 0, 32.793170103092784, 79.03994845360825, 69.32667525773196, 27.121778350515463
488, 1581957119447566336, 0, 32.227770618556704, 79.06894329896907, 69.28318298969073, 27.14207474226804
489, 1581957119458332936, 0, 31.66237113402062, 79.0979381443299, 69.2396907216495, 27.162371134020617
490, 1581957119469099520, 0, 31.096971649484537, 79.12693298969073, 69.19619845360825, 27.182667525773198
491, 1581957119479866368, 0, 30.531572164948457, 79.15592783505156, 69.15270618556701, 27.20296391752578
492, 1581957119490633216, 0, 29.966172680412374, 79.18492268041237, 69.10921391752578, 27.22326030927836
493, 1581957119501399936, 0, 29.40077319587629, 79.2139175257732, 69.06572164948454, 27.24355670103094
494, 1581957119512167168, 0, 28.835373711340207, 79.24291237113403, 69.02222938144331, 27.263853092783513
495, 1581957119522934016, 0, 28.269974226804123, 79.27190721649485, 68.97873711340208, 27.284149484536087
496, 1581957119533700864, 0, 27.704574742268044, 79.30090206185568, 68.93524484536084, 27.30444587628866
497, 1581957119544467936, 0, 27.13917525773196, 79.32989690721651, 68.8917525773196, 27.324742268041234
498, 1581957119555234816, 0, 26.573775773195877, 79.35889175257734, 68.84826030927834, 27.34503865979381
499, 1581957119566001408, 0, 26.008376288659797, 79.38788659793815, 68.80476804123711, 27.36533505154639
500, 1581957119576768256, 0, 25.442976804123713, 79.41688144329898, 68.76127577319588, 27.385631443298966
501, 1581957119587534936, 0, 24.87757731958763, 79.4458762886598, 68.71778350515464, 27.405927835051543
502, 1581957119598301440, 0, 24.312177835051546, 79.47487113402063, 68.67429123711341, 27.426224226804123
503, 1581957119609068288, 0, 23.746778350515463, 79.50386597938146, 68.63079896907217, 27.446520618556704
504, 1581957119619835136, 0, 23.181378865979383, 79.53286082474227, 68.58730670103094, 27.466817010309285
505, 1581957119630601936, 0, 22.6159793814433, 79.5618556701031, 68.54381443298969, 27.487113402061865
506, 1581957119641368832, 0, 22.050579896907216, 79.59085051546393, 68.50032216494844, 27.507409793814443
507, 1581957119652135424, 0, 21.485180412371136, 79.61984536082474, 68.45682989690721, 27.52770618556702
508, 1581957119662902272, 0, 20.919780927835053, 79.64884020618557, 68.41333762886597, 27.548002577319597
509, 1581957119673668936, 0, 20.35438144329897, 79.6778350515464, 68.36984536082474, 27.568298969072174
510, 1581957119684435456, 0, 19.78898195876289, 79.70682989690722, 68.3263530927835, 27.58859536082475
511, 1581957119695202304, 0, 19.223582474226806, 79.73582474226805, 68.28286082474227, 27.60889175257733
512, 1581957119705969152, 0, 18.658182989690722, 79.76481958762886, 68.23936855670104, 27.629188144329905
513, 1581957119716735936, 0, 18.092783505154642, 79.79381443298969, 68.19587628865979, 27.649484536082483
514, 1581957119727503104, 0, 17.52738402061856, 79.82280927835052, 68.15238402061856, 27.669780927835056
515, 1581957119738269952, 0, 16.961984536082475, 79.85180412371135, 68.10889175257732, 27.69007731958763
516, 1581957119749037056, 0, 16.396585051546396, 79.88079896907217, 68.06539948453609, 27.710373711340203
517, 1581957119759803936, 0, 15.831185567010312, 79.909793814433, 68.02190721649485, 27.730670103092777
518, 1581957119770570496, 0, 15.265786082474229, 79.93878865979383, 67.9784149484536, 27.750966494845354
519, 1581957119781337344, 0, 14.700386597938147, 79.96778350515464, 67.93492268041237, 27.77126288659793
520, 1581957119792104192, 0, 14.134987113402065, 79.99677835051547, 67.89143041237114, 27.79155927835051
521, 1581957119802870936, 0, 13.569587628865982, 80.0257731958763, 67.8479381443299, 27.811855670103085
522, 1581957119813637888, 0, 13.004188144329898, 80.05476804123712, 67.80444587628867, 27.832152061855666
523, 1581957119824404480, 0, 12.438788659793815, 80.08376288659795, 67.76095360824742, 27.852448453608247
524, 1581957119835171328, 0, 11.873389175257731, 80.11275773195877, 67.71746134020617, 27.872744845360828
525, 1581957119845937936, 0, 11.307989690721648, 80.1417525773196, 67.67396907216494, 27.893041237113408
526, 1581957119856704512, 0, 10.742590206185566, 80.17074742268042, 67.6304768041237, 27.913337628865985
527, 1581957119867471360, 0, 10.177190721649485, 80.19974226804123, 67.58698453608247, 27.933634020618562
528, 1581957119878238208, 0, 9.611791237113403, 80.22873711340206, 67.54349226804123, 27.95393041237114
529, 1581957119889004936, 0, 9.046391752577321, 80.25773195876289, 67.5, 27.974226804123717
530, 1581957119899771904, 0, 8.48099226804124, 80.28672680412372, 67.45650773195877, 27.994523195876294
531, 1581957119910538496, 0, 7.915592783505158, 80.31572164948454, 67.41301546391753, 28.01481958762887
532, 1581957119921305088, 0, 7.350193298969076, 80.34471649484536, 67.3695231958763, 28.035115979381448
533, 1581957119932071936, 0, 6.7847938144329945, 80.37371134020619, 67.32603092783506, 28.055412371134025
534, 1581957119942838784, 0, 6.219394329896911, 80.40270618556701, 67.28253865979383, 28.075708762886602
535, 1581957119953605888, 0, 5.6539948453608275, 80.43170103092784, 67.23904639175258, 28.09600515463918
536, 1581957119964372992, 0, 5.088595360824744, 80.46069587628867, 67.19555412371133, 28.116301546391757
537, 1581957119975139936, 0, 4.523195876288661, 80.4896907216495, 67.1520618556701, 28.136597938144334
538, 1581957119985906432, 0, 3.957796391752579, 80.51868556701032, 67.10856958762886, 28.15689432989691
539, 1581957119996673280, 0, 3.3923969072164972, 80.54768041237114, 67.06507731958763, 28.177190721649488
540, 1581957120007440128, 0, 2.8269974226804155, 80.57667525773196, 67.0215850515464, 28.197487113402065
541, 1581957120018206936, 0, 2.261597938144334, 80.60567010309279, 66.97809278350515, 28.217783505154642
542, 1581957120028973824, 0, 1.6961984536082504, 80.63466494845362, 66.93460051546391, 28.23807989690722
543, 1581957120039740416, 0, 1.130798969072167, 80.66365979381445, 66.89110824742268, 28.258376288659797
544, 1581957120050507264, 0, 0.5653994845360835, 80.69265463917526, 66.84761597938144, 28.278672680412374
545, 1581957120061273936, 0, 0.0, 80.72164948453609, 66.80412371134021, 28.29896907216495
546, 1581957120072040448, 0, 0.0, 80.76804123711341, 66.18702107448263, 28.33264656967734
547, 1581957120082807296, 0, 0.0, 80.81443298969072, 65.56991843762503, 28.36632406718973
548, 1581957120093574144, 0, 0.0, 80.86082474226802, 64.95281580076744, 28.40000156470212
549, 1581957120104340936, 0, 0.0, 80.90721649484534, 64.33571316390986, 28.43367906221451
550, 1581957120115107840, 0, 0.0, 80.95360824742266, 63.71861052705227, 28.467356559726895
551, 1581957120125874432, 0, 0.0, 80.99999999999997, 63.10150789019468, 28.50103405723928
552, 1581957120136641280, 0, 0.0, 81.04639175257728, 62.484405253337094, 28.534711554751667
553, 1581957120147407936, 0, 0.0, 81.0927835051546, 61.867302616479506, 28.568389052264052
554, 1581957120158174720, 0, 0.0, 81.13917525773192, 61.25019997962192, 28.602066549776442
555, 1581957120168941824, 0, 0.0, 81.18556701030923, 60.63309734276433, 28.63574404728883
556, 1581957120179708928, 0, 0.0, 81.23195876288653, 60.01599470590674, 28.66942154480122
557, 1581957120190475936, 0, 0.0, 81.27835051546386, 59.398892069049154, 28.70309904231361
558, 1581957120201242880, 0, 0.0, 81.32474226804118, 58.781789432191566, 28.736776539825996
559, 1581957120212009472, 0, 0.0, 81.37113402061848, 58.16468679533398, 28.770454037338382
560, 1581957120222776320, 0, 0.0, 81.41752577319579, 57.54758415847638, 28.804131534850768
561, 1581957120233542936, 0, 0.0, 81.46391752577311, 56.930481521618795, 28.837809032363154
562, 1581957120244309504, 0, 0.0, 81.51030927835043, 56.31337888476121, 28.871486529875543
563, 1581957120255076352, 0, 0.0, 81.55670103092774, 55.69627624790362, 28.905164027387933
564, 1581957120265843200, 0, 0.0, 81.60309278350505, 55.07917361104603, 28.938841524900322
565, 1581957120276609936, 0, 0.0, 81.64948453608237, 54.46207097418844, 28.972519022412712
566, 1581957120287376896, 0, 0.0, 81.72487243265269, 53.80585944401312, 28.921758629026655
567, 1581957120298143488, 0, 0.0, 81.80026032922302, 53.14964791383781, 28.8709982356406
568, 1581957120308910336, 0, 0.0, 81.87564822579336, 52.49343638366249, 28.820237842254542
569, 1581957120319676936, 0, 0.0, 81.95103612236369, 51.83722485348717, 28.769477448868486
570, 1581957120330443520, 0, 0.0, 82.02642401893402, 51.18101332331185, 28.718717055482433
571, 1581957120341210368, 0, 0.0, 82.10181191550434, 50.52480179313653, 28.66795666209638
572, 1581957120351977216, 0, 0.0, 82.17719981207466, 49.86859026296122, 28.617196268710327
573, 1581957120362743936, 0, 0.0, 82.252587708645, 49.2123787327859, 28.566435875324274
574, 1581957120373510656, 0, 0.0, 82.32797560521533, 48.55616720261058, 28.515675481938217
575, 1581957120384277760, 0, 0.0, 82.40336350178566, 47.89995567243527, 28.46491508855216
576, 1581957120395044864, 0, 0.0, 82.478751398356, 47.24374414225995, 28.414154695166104
577, 1581957120405811936, 0, 0.0, 82.55413929492632, 46.58753261208463, 28.363394301780048
578, 1581957120416578816, 0, 0.0, 82.62952719149663, 45.93132108190931, 28.31263390839399
579, 1581957120427345408, 0, 0.0, 82.70491508806697, 45.27510955173399, 28.261873515007935
580, 1581957120438112256, 0, 0.0, 82.7803029846373, 44.61889802155868, 28.211113121621878
581, 1581957120448878936, 0, 0.0, 82.85569088120764, 43.96268649138336, 28.16035272823582
582, 1581957120459645440, 0, 0.0, 82.93107877777797, 43.30647496120804, 28.10959233484977
583, 1581957120470412288, 0, 0.0, 83.00646667434829, 42.65026343103273, 28.058831941463716
584, 1581957120481179136, 0, 0.0, 83.08185457091861, 41.99405190085741, 28.008071548077663
585, 1581957120491945936, 0, 0.0, 83.15724246748894, 41.33784037068209, 27.95731115469161
586, 1581957120502712832, 0, 0.0, 83.23263036405928, 40.68162884050677, 27.906550761305553
587, 1581957120513479424, 0, 0.0, 83.30801826062961, 40.02541731033145, 27.855790367919496
588, 1581957120524246272, 0, 0.0, 83.38340615719994, 39.369205780156136, 27.80502997453344
589, 1581957120535012936, 0, 0.0, 83.45879405377026, 38.71299424998082, 27.754269581147383
590, 1581957120545779456, 0, 0.0, 83.53418195034058, 38.0567827198055, 27.703509187761327
591, 1581957120556546304, 0, 0.0, 83.60956984691092, 37.400571189630185, 27.65274879437527
592, 1581957120567313152, 0, 0.0, 83.68495774348125, 36.744359659454865, 27.601988400989214
593, 1581957120578079936, 0, 0.0, 83.76034564005158, 36.088148129279546, 27.551228007603157
594, 1581957120588847104, 0, 0.0, 83.83573353662192, 35.431936599104226, 27.500467614217104
595, 1581957120599613952, 0, 0.0, 83.91112143319224, 34.77572506892891, 27.44970722083105
596, 1581957120610381056, 0, 0.0, 83.98650932976255, 34.119513538753594, 27.398946827445
597, 1581957120621147936, 0, 0.0, 84.06189722633289, 33.463302008578275, 27.348186434058945
598, 1581957120631914496, 0, 0.0, 84.13728512290322, 32.807090478402955, 27.29742604067289
599, 1581957120642681344, 0, 0.0, 84.21267301947356, 32.15087894822764, 27.246665647286832
600, 1581957120653448192, 0, 0.0, 84.28806091604389, 31.494667418052323, 27.195905253900776
601, 1581957120664214936, 0, 0.0, 84.36344881261421, 30.838455887877004, 27.14514486051472
602, 1581957120674981888, 0, 0.0, 84.43883670918453, 30.182244357701684, 27.094384467128663
603, 1581957120685748480, 0, 0.0, 84.51422460575486, 29.526032827526368, 27.043624073742606
604, 1581957120696515328, 0, 0.0, 84.5896125023252, 28.869821297351052, 26.99286368035655
605, 1581957120707281936, 0, 0.0, 84.66500039889553, 28.213609767175733, 26.942103286970493
606, 1581957120718048512, 0, 0.0, 84.74038829546586, 27.557398237000413, 26.89134289358444
607, 1581957120728815360, 0, 0.0, 84.81577619203618, 26.901186706825097, 26.840582500198387
608, 1581957120739582208, 0, 0.0, 84.8911640886065, 26.24497517664978, 26.789822106812334
609, 1581957120750348936, 0, 0.0, 84.96655198517684, 25.58876364647446, 26.73906171342628
610, 1581957120761115904, 0, 0.0, 85.04193988174717, 24.932552116299142, 26.688301320040225
611, 1581957120771882496, 0, 0.0, 85.1173277783175, 24.276340586123826, 26.637540926654168
612, 1581957120782649344, 0, 0.0, 85.19271567488784, 23.62012905594851, 26.58678053326811
613, 1581957120793415936, 0, 0.0, 85.26810357145816, 22.96391752577319, 26.53602013988206
614, 1581957120804183040, 0, 0.0, 85.50778909857891, 22.268041237113398, 26.354324303482947
615, 1581957120814949888, 0, 0.0, 85.74747462569967, 21.572164948453604, 26.17262846708384
616, 1581957120825716992, 0, 0.0, 85.98716015282042, 20.87628865979381, 25.990932630684732
617, 1581957120836483936, 0, 0.0, 86.22684567994118, 20.180412371134018, 25.809236794285624
618, 1581957120847250432, 0, 0.0, 86.46653120706193, 19.484536082474225, 25.62754095788652
619, 1581957120858017280, 0, 0.0, 86.70621673418269, 18.788659793814432, 25.445845121487416
620, 1581957120868784128, 0, 0.0, 86.94590226130344, 18.09278350515464, 25.264149285088312
621, 1581957120879550936, 0, 0.0, 87.1855877884242, 17.396907216494846, 25.082453448689208
622, 1581957120890317824, 0, 0.0, 87.42527331554496, 16.701030927835053, 24.9007576122901
623, 1581957120901084416, 0, 0.0, 87.66495884266571, 16.00515463917526, 24.719061775890996
624, 1581957120911851264, 0, 0.0, 87.90464436978647, 15.309278350515466, 24.53736593949189
625, 1581957120922617936, 0, 0.0, 88.14432989690722, 14.613402061855671, 24.355670103092784
626, 1581957120933384448, 0, 4.120415349124284e-16, 88.35458185921367, 13.932023195873711, 24.055951811840757
627, 1581957120944151296, 0, 8.240830698248568e-16, 88.56483382152011, 13.250644329891752, 23.756233520588726
628, 1581957120954918144, 0, 1.2361246047372853e-15, 88.77508578382655, 12.569265463909794, 23.456515229336695
629, 1581957120965684936, 0, 1.6481661396497136e-15, 88.985337746133, 11.887886597927833, 23.156796938084668
630, 1581957120976451840, 0, 2.060207674562142e-15, 89.19558970843944, 11.206507731945873, 22.857078646832644
631, 1581957120987218432, 0, 2.4722492094745706e-15, 89.40584167074589, 10.525128865963914, 22.55736035558062
632, 1581957120997985280, 0, 2.884290744386999e-15, 89.61609363305233, 9.843749999981956, 22.257642064328593
633, 1581957121008751936, 0, 3.2963322792994273e-15, 89.82634559535877, 9.162371133999995, 21.95792377307657
634, 1581957121019518720, 0, 2.884290744386999e-15, 90.31196992171212, 8.480992268023192, 20.92387917773066
635, 1581957121030285824, 0, 2.4722492094745706e-15, 90.79759424806548, 7.799613402046388, 19.88983458238475
636, 1581957121041052928, 0, 2.060207674562142e-15, 91.28321857441883, 7.1182345360695845, 18.85578998703884
637, 1581957121051819936, 0, 1.6481661396497136e-15, 91.76884290077217, 6.436855670092781, 17.82174539169293
638, 1581957121062586880, 0, 1.2361246047372853e-15, 92.25446722712552, 5.755476804115977, 16.787700796347018
639, 1581957121073353472, 0, 8.240830698248568e-16, 92.74009155347886, 5.0740979381391735, 15.753656201001103
640, 1581957121084120320, 0, 4.120415349124284e-16, 93.22571587983222, 4.39271907216237, 14.719611605655192
641, 1581957121094886936, 0, 0.0, 93.71134020618557, 3.711340206185567, 13.68556701030928
642, 1581957121105653504, 0, 0.0, 93.71134020618557, 3.711340206185567, 13.68556701030928
643, 1581957121116420352, 0, 0.0, 93.71134020618557, 3.711340206185567, 13.68556701030928
644, 1581957121127187200, 0, 0.0, 93.71134020618557, 3.711340206185567, 13.68556701030928
645, 1581957121137953936
646, 1581957121148720896
647, 1581957121159487488
648, 1581957121170254336
649, 1581957121181020936
