2, 0, 234.64285714285714, 79.5, 5.357142857142857, 13.285714285714285, -1, -1, -1, -1
3, 0, 232.20492320639596, 78.74668630338734, 7.795076793604039, 14.99968440984641, -1, -1, -1, -1
4, 0, 229.76698926993478, 77.99337260677467, 10.233010730065217, 16.713654533978527, -1, -1, -1, -1
5, 0, 227.3290553334736, 77.240058910162, 12.670944666526395, 18.42762465811066, -1, -1, -1, -1
6, 0, 224.8911213970124, 76.48674521354934, 15.108878602987573, 20.14159478224279, -1, -1, -1, -1
7, 0, 222.45318746055122, 75.73343151693668, 17.54681253944875, 21.855564906374923, -1, -1, -1, -1
8, 0, 220.01525352409004, 74.98011782032401, 19.98474647590993, 23.56953503050704, -1, -1, -1, -1
9, 0, 217.57731958762886, 74.22680412371135, 22.4226804123711, 25.283505154639176, -1, -1, -1, -1
10, 0, 215.0257731958763, 74.20571696344892, 24.974226804123674, 25.494376757263353, -1, -1, -1, -1
11, 0, 212.4742268041237, 74.18462980318651, 27.52577319587627, 25.705248359887534, -1, -1, -1, -1
12, 0, 209.92268041237114, 74.16354264292409, 30.077319587628836, 25.916119962511715, -1, -1, -1, -1
13, 0, 207.37113402061857, 74.14245548266167, 32.6288659793814, 26.126991565135896, -1, -1, -1, -1
14, 0, 204.81958762886597, 74.12136832239925, 35.180412371134, 26.337863167760077, -1, -1, -1, -1
15, 0, 202.2680412371134, 74.10028116213684, 37.73195876288656, 26.548734770384257, -1, -1, -1, -1
16, 0, 199.71649484536084, 74.07919400187441, 40.28350515463913, 26.759606373008438, -1, -1, -1, -1
17, 0, 197.16494845360825, 74.058106841612, 42.835051546391725, 26.97047797563262, -1, -1, -1, -1
18, 0, 194.61340206185568, 74.03701968134958, 45.38659793814429, 27.1813495782568, -1, -1, -1, -1
19, 0, 192.06185567010309, 74.01593252108717, 47.938144329896886, 27.39222118088098, -1, -1, -1, -1
20, 0, 189.51030927835052, 73.99484536082474, 50.48969072164945, 27.603092783505154, -1, -1, -1, -1
21, 0, 187.00515463917526, 74.18041237113403, 52.99484536082471, 27.69587628865979, -1, -1, -1, -1
22, 0, 184.5, 74.3659793814433, 55.49999999999997, 27.788659793814432, -1, -1, -1, -1
23, 0, 181.99484536082474, 74.55154639175258, 58.00515463917523, 27.881443298969074, -1, -1, -1, -1
24, 0, 179.48969072164948, 74.73711340206185, 60.51030927835049, 27.974226804123717, -1, -1, -1, -1
25, 0, 176.98453608247422, 74.92268041237114, 63.01546391752574, 28.067010309278352, -1, -1, -1, -1
26, 0, 174.93479107584372, 74.98895434462831, 63.27319587628705, 28.078055964653032, -1, -1, -1, -1
27, 0, 172.88504606921325, 75.05522827688547, 63.53092783504832, 28.089101620027733, -1, -1, -1, -1
28, 0, 170.83530106258274, 75.12150220914265, 63.78865979380964, 28.100147275402435, -1, -1, -1, -1
29, 0, 168.78555605595224, 75.18777614139981, 64.04639175257094, 28.111192930777136, -1, -1, -1, -1
30, 0, 166.73581104932174, 75.25405007365698, 64.30412371133224, 28.122238586151823, -1, -1, -1, -1
31, 0, 164.68606604269127, 75.32032400591415, 64.56185567009351, 28.133284241526525, -1, -1, -1, -1
32, 0, 162.63632103606076, 75.38659793817132, 64.8195876288548, 28.144329896901212, -1, -1, -1, -1
33, 0, 160.58657602943026, 75.45287187042848, 65.0773195876161, 28.155375552275913, -1, -1, -1, -1
34, 0, 158.53683102279976, 75.51914580268566, 65.33505154637743, 28.166421207650615, -1, -1, -1, -1
35, 0, 156.4870860161693, 75.58541973494282, 65.5927835051387, 28.177466863025316, -1, -1, -1, -1
36, 0, 154.43734100953878, 75.65169366719999, 65.8505154639, 28.1885125184, -1, -1, -1, -1
37, 0, 152.6559780426055, 75.71796759944907, 66.10824742266465, 28.199558173776495, -1, -1, -1, -1
38, 0, 150.87461507567227, 75.78424153169814, 66.36597938142927, 28.210603829152987, -1, -1, -1, -1
39, 0, 149.09325210873902, 75.85051546394722, 66.62371134019389, 28.22164948452948, -1, -1, -1, -1
40, 0, 147.31188914180575, 75.9167893961963, 66.88144329895854, 28.23269513990597, -1, -1, -1, -1
41, 0, 145.53052617487248, 75.98306332844535, 67.1391752577232, 28.24374079528249, -1, -1, -1, -1
42, 0, 143.74916320793923, 76.04933726069443, 67.39690721648785, 28.254786450658983, -1, -1, -1, -1
43, 0, 141.967800241006, 76.1156111929435, 67.65463917525247, 28.265832106035475, -1, -1, -1, -1
44, 0, 140.18643727407272, 76.18188512519258, 67.91237113401712, 28.276877761411967, -1, -1, -1, -1
45, 0, 138.40507430713944, 76.24815905744165, 68.17010309278177, 28.28792341678846, -1, -1, -1, -1
46, 0, 136.6237113402062, 76.31443298969073, 68.4278350515464, 28.29896907216495, -1, -1, -1, -1
47, 0, 135.51337425380905, 76.38087273605268, 68.45623816537176, 28.28476751525845, -1, -1, -1, -1
48, 0, 134.40303716741187, 76.44731248241463, 68.48464127919712, 28.270565958351966, -1, -1, -1, -1
49, 0, 133.29270008101471, 76.51375222877658, 68.51304439302248, 28.256364401445467, -1, -1, -1, -1
50, 0, 132.18236299461756, 76.58019197513853, 68.54144750684785, 28.242162844538967, -1, -1, -1, -1
51, 0, 131.0720259082204, 76.64663172150048, 68.56985062067318, 28.227961287632468, -1, -1, -1, -1
52, 0, 129.96168882182326, 76.71307146786243, 68.59825373449854, 28.213759730725982, -1, -1, -1, -1
53, 0, 128.85135173542608, 76.77951121422439, 68.62665684832393, 28.199558173819483, -1, -1, -1, -1
54, 0, 127.74101464902893, 76.84595096058634, 68.6550599621493, 28.185356616912983, -1, -1, -1, -1
55, 0, 126.63067756263177, 76.91239070694829, 68.68346307597463, 28.171155060006498, -1, -1, -1, -1
56, 0, 125.52034047623461, 76.97883045331024, 68.7118661898, 28.1569535031, -1, -1, -1, -1
57, 0, 124.54982398350171, 76.99486628260537, 68.74026930362501, 28.142751946187502, -1, -1, -1, -1
58, 0, 123.57930749076881, 77.0109021119005, 68.76867241744999, 28.128550389275006, -1, -1, -1, -1
59, 0, 122.60879099803591, 77.02693794119564, 68.797075531275, 28.11434883236251, -1, -1, -1, -1
60, 0, 121.63827450530302, 77.04297377049079, 68.8254786451, 28.100147275449984, -1, -1, -1, -1
61, 0, 120.66775801257012, 77.05900959978592, 68.85388175892498, 28.085945718537488, -1, -1, -1, -1
62, 0, 119.69724151983722, 77.07504542908106, 68.88228487274999, 28.07174416162499, -1, -1, -1, -1
63, 0, 118.72672502710432, 77.09108125837619, 68.910687986575, 28.057542604712495, -1, -1, -1, -1
64, 0, 117.75620853437141, 77.10711708767133, 68.93909110039999, 28.0433410478, -1, -1, -1, -1
65, 0, 116.78569204163853, 77.12315291696646, 68.96749421422498, 28.029139490887502, -1, -1, -1, -1
66, 0, 115.81517554890561, 77.1391887462616, 68.99589732805, 28.014937933975006, -1, -1, -1, -1
67, 0, 114.84465905617272, 77.15522457555673, 69.02430044187501, 28.00073637706251, -1, -1, -1, -1
68, 0, 113.87414256343982, 77.17126040485186, 69.05270355569999, 27.986534820150013, -1, -1, -1, -1
69, 0, 112.90362607070692, 77.18729623414701, 69.081106669525, 27.972333263237488, -1, -1, -1, -1
70, 0, 111.93310957797402, 77.20333206344215, 69.10950978335, 27.95813170632499, -1, -1, -1, -1
71, 0, 110.96259308524112, 77.21936789273728, 69.13791289717499, 27.943930149412495, -1, -1, -1, -1
72, 0, 109.99207659250823, 77.23540372203242, 69.166316011, 27.9297285925, -1, -1, -1, -1
73, 0, 109.03930445665576, 77.26595766150471, 69.19471912481664, 27.915527035583338, -1, -1, -1, -1
74, 0, 108.08653232080329, 77.29651160097701, 69.22312223863332, 27.901325478666664, -1, -1, -1, -1
75, 0, 107.13376018495082, 77.32706554044931, 69.25152535245, 27.887123921750003, -1, -1, -1, -1
76, 0, 106.18098804909835, 77.35761947992161, 69.27992846626665, 27.87292236483333, -1, -1, -1, -1
77, 0, 105.22821591324588, 77.38817341939391, 69.3083315800833, 27.85872080791667, -1, -1, -1, -1
78, 0, 104.2754437773934, 77.4187273588662, 69.33673469389998, 27.844519250999994, -1, -1, -1, -1
79, 0, 103.32267164154092, 77.4492812983385, 69.36513780771668, 27.830317694083334, -1, -1, -1, -1
80, 0, 102.36989950568845, 77.4798352378108, 69.39354092153333, 27.816116137166674, -1, -1, -1, -1
81, 0, 101.41712736983598, 77.5103891772831, 69.42194403534998, 27.80191458025, -1, -1, -1, -1
82, 0, 100.46435523398351, 77.5409431167554, 69.45034714916666, 27.78771302333334, -1, -1, -1, -1
83, 0, 99.51158309813104, 77.5714970562277, 69.47875026298334, 27.773511466416664, -1, -1, -1, -1
84, 0, 98.55881096227857, 77.6020509957, 69.5071533768, 27.7593099095, -1, -1, -1, -1
85, 0, 97.29573255239946, 77.63260493517244, 69.53555649062416, 27.745108352591387, -1, -1, -1, -1
86, 0, 96.03265414252033, 77.66315887464489, 69.56395960444834, 27.730906795682756, -1, -1, -1, -1
87, 0, 94.76957573264121, 77.69371281411733, 69.59236271827254, 27.71670523877414, -1, -1, -1, -1
88, 0, 93.50649732276209, 77.72426675358979, 69.62076583209672, 27.702503681865508, -1, -1, -1, -1
89, 0, 92.24341891288297, 77.75482069306223, 69.64916894592089, 27.68830212495689, -1, -1, -1, -1
90, 0, 90.98034050300384, 77.78537463253468, 69.67757205974507, 27.674100568048274, -1, -1, -1, -1
91, 0, 89.71726209312473, 77.81592857200712, 69.70597517356924, 27.659899011139657, -1, -1, -1, -1
92, 0, 88.4541836832456, 77.84648251147958, 69.73437828739343, 27.645697454231026, -1, -1, -1, -1
93, 0, 87.19110527336649, 77.87703645095202, 69.76278140121762, 27.63149589732241, -1, -1, -1, -1
94, 0, 85.92802686348736, 77.90759039042447, 69.7911845150418, 27.61729434041378, -1, -1, -1, -1
95, 0, 84.66494845360825, 77.93814432989691, 69.81958762886599, 27.603092783505154, -1, -1, -1, -1
96, 0, 83.06432778929384, 77.9592314901555, 69.84067478912714, 27.56091846297973, -1, -1, -1, -1
97, 0, 81.46370712497944, 77.98031865041409, 69.8617619493883, 27.51874414245431, -1, -1, -1, -1
98, 0, 79.86308646066503, 78.00140581067268, 69.88284910964948, 27.476569821928877, -1, -1, -1, -1
99, 0, 78.26246579635063, 78.02249297093128, 69.90393626991064, 27.43439550140343, -1, -1, -1, -1
100, 0, 76.66184513203622, 78.04358013118987, 69.9250234301718, 27.39222118087801, -1, -1, -1, -1
101, 0, 75.06122446772181, 78.06466729144846, 69.946110590433, 27.350046860352577, -1, -1, -1, -1
102, 0, 73.4606038034074, 78.08575445170705, 69.96719775069417, 27.307872539827144, -1, -1, -1, -1
103, 0, 71.85998313909299, 78.10684161196563, 69.98828491095533, 27.265698219301726, -1, -1, -1, -1
104, 0, 70.25936247477858, 78.12792877222424, 70.00937207121649, 27.22352389877628, -1, -1, -1, -1
105, 0, 68.65874181046418, 78.14901593248283, 70.03045923147765, 27.181349578250845, -1, -1, -1, -1
106, 0, 67.05812114614977, 78.17010309274141, 70.05154639173884, 27.139175257725427, -1, -1, -1, -1
107, 0, 65.45750048183537, 78.191190253, 70.072633552, 27.0970009372, -1, -1, -1, -1
108, 0, 63.43494630994049, 78.21227741326702, 70.09372071226392, 27.054826616675868, -1, -1, -1, -1
109, 0, 61.41239213804561, 78.23336457353402, 70.11480787252782, 27.012652296151757, -1, -1, -1, -1
110, 0, 59.389837966150736, 78.25445173380103, 70.13589503279175, 26.97047797562763, -1, -1, -1, -1
111, 0, 57.36728379425586, 78.27553889406805, 70.15698219305568, 26.928303655103505, -1, -1, -1, -1
112, 0, 55.34472962236099, 78.29662605433506, 70.17806935331959, 26.88612933457938, -1, -1, -1, -1
113, 0, 53.322175450466105, 78.31771321460207, 70.1991565135835, 26.843955014055254, -1, -1, -1, -1
114, 0, 51.29962127857123, 78.33880037486908, 70.22024367384742, 26.80178069353113, -1, -1, -1, -1
115, 0, 49.277067106676355, 78.3598875351361, 70.24133083411134, 26.759606373007003, -1, -1, -1, -1
116, 0, 47.254512934781474, 78.3809746954031, 70.26241799437527, 26.71743205248289, -1, -1, -1, -1
117, 0, 45.2319587628866, 78.40206185567011, 70.28350515463917, 26.675257731958766, -1, -1, -1, -1
118, 0, 42.97036082474227, 78.51804123711341, 70.10953608247422, 26.756443298969074, -1, -1, -1, -1
119, 0, 40.70876288659794, 78.6340206185567, 69.93556701030928, 26.837628865979397, -1, -1, -1, -1
120, 0, 38.44716494845361, 78.75000000000001, 69.76159793814432, 26.91881443298969, -1, -1, -1, -1
121, 0, 36.18556701030928, 78.86597938144331, 69.58762886597938, 27.0, -1, -1, -1, -1
122, 0, 33.92396907216495, 78.9819587628866, 69.41365979381443, 27.08118556701031, -1, -1, -1, -1
123, 0, 31.66237113402062, 79.0979381443299, 69.2396907216495, 27.162371134020617, -1, -1, -1, -1
124, 0, 29.40077319587629, 79.2139175257732, 69.06572164948454, 27.24355670103094, -1, -1, -1, -1
125, 0, 27.13917525773196, 79.32989690721651, 68.8917525773196, 27.324742268041234, -1, -1, -1, -1
126, 0, 24.87757731958763, 79.4458762886598, 68.71778350515464, 27.405927835051543, -1, -1, -1, -1
127, 0, 22.6159793814433, 79.5618556701031, 68.54381443298969, 27.487113402061865, -1, -1, -1, -1
128, 0, 20.35438144329897, 79.6778350515464, 68.36984536082474, 27.568298969072174, -1, -1, -1, -1
129, 0, 18.092783505154642, 79.79381443298969, 68.19587628865979, 27.649484536082483, -1, -1, -1, -1
130, 0, 15.831185567010312, 79.909793814433, 68.02190721649485, 27.730670103092777, -1, -1, -1, -1
131, 0, 13.569587628865982, 80.0257731958763, 67.8479381443299, 27.811855670103085, -1, -1, -1, -1
132, 0, 11.307989690721648, 80.1417525773196, 67.67396907216494, 27.893041237113408, -1, -1, -1, -1
133, 0, 9.046391752577321, 80.25773195876289, 67.5, 27.974226804123717, -1, -1, -1, -1
134, 0, 6.7847938144329945, 80.37371134020619, 67.32603092783506, 28.055412371134025, -1, -1, -1, -1
135, 0, 4.523195876288661, 80.4896907216495, 67.1520618556701, 28.136597938144334, -1, -1, -1, -1
136, 0, 2.261597938144334, 80.60567010309279, 66.97809278350515, 28.217783505154642, -1, -1, -1, -1
137, 0, 0, 80.72164948453609, 66.80412371134021, 28.29896907216495, -1, -1, -1, -1
138, 0, 0.0, 80.90721649484534, 64.33571316390986, 28.43367906221451, -1, -1, -1, -1
139, 0, 0.0, 81.0927835051546, 61.867302616479506, 28.568389052264052, -1, -1, -1, -1
140, 0, 0.0, 81.27835051546386, 59.398892069049154, 28.70309904231361, -1, -1, -1, -1
141, 0, 0.0, 81.46391752577311, 56.930481521618795, 28.837809032363154, -1, -1, -1, -1
142, 0, 0, 81.64948453608237, 54.46207097418844, 28.972519022412712, -1, -1, -1, -1
143, 0, 0.0, 81.95103612236369, 51.83722485348717, 28.769477448868486, -1, -1, -1, -1
144, 0, 0.0, 82.252587708645, 49.2123787327859, 28.566435875324274, -1, -1, -1, -1
145, 0, 0.0, 82.55413929492632, 46.58753261208463, 28.363394301780048, -1, -1, -1, -1
146, 0, 0.0, 82.85569088120764, 43.96268649138336, 28.16035272823582, -1, -1, -1, -1
147, 0, 0.0, 83.15724246748894, 41.33784037068209, 27.95731115469161, -1, -1, -1, -1
148, 0, 0.0, 83.45879405377026, 38.71299424998082, 27.754269581147383, -1, -1, -1, -1
149, 0, 0.0, 83.76034564005158, 36.088148129279546, 27.551228007603157, -1, -1, -1, -1
150, 0, 0.0, 84.06189722633289, 33.463302008578275, 27.348186434058945, -1, -1, -1, -1
151, 0, 0.0, 84.36344881261421, 30.838455887877004, 27.14514486051472, -1, -1, -1, -1
152, 0, 0.0, 84.66500039889553, 28.213609767175733, 26.942103286970493, -1, -1, -1, -1
153, 0, 0.0, 84.96655198517684, 25.58876364647446, 26.73906171342628, -1, -1, -1, -1
154, 0, 0, 85.26810357145816, 22.96391752577319, 26.53602013988206, -1, -1, -1, -1
155, 0, 0.0, 86.22684567994118, 20.180412371134018, 25.809236794285624, -1, -1, -1, -1
156, 0, 0.0, 87.1855877884242, 17.396907216494846, 25.082453448689208, -1, -1, -1, -1
157, 0, 0, 88.14432989690722, 14.613402061855671, 24.355670103092784, -1, -1, -1, -1
158, 0, 1.6481661396497136e-15, 88.985337746133, 11.887886597927833, 23.156796938084668, -1, -1, -1, -1
159, 0, 3.2963322792994273e-15, 89.82634559535877, 9.162371133999995, 21.95792377307657, -1, -1, -1, -1
160, 0, 1.6481661396497136e-15, 91.76884290077217, 6.436855670092781, 17.82174539169293, -1, -1, -1, -1
161, 0, 0, 93.71134020618557, 3.711340206185567, 13.68556701030928, -1, -1, -1, -1
