45, 0, 235.9969673995451, 66.41394996209249, 4.003032600454889, 20.197119029567855, -1, -1, -1, -1
46, 0, 235.47384382107657, 66.70962850644426, 4.5261561789234275, 20.85670962850645, -1, -1, -1, -1
47, 0, 234.95072024260804, 67.00530705079605, 5.049279757391965, 21.516300227445043, -1, -1, -1, -1
48, 0, 234.42759666413951, 67.30098559514784, 5.572403335860503, 22.175890826383636, -1, -1, -1, -1
49, 0, 233.90447308567096, 67.59666413949961, 6.095526914329042, 22.83548142532223, -1, -1, -1, -1
50, 0, 233.3813495072024, 67.8923426838514, 6.6186504927975776, 23.495072024260814, -1, -1, -1, -1
51, 0, 232.85822592873387, 68.18802122820318, 7.141774071266113, 24.1546626231994, -1, -1, -1, -1
52, 0, 232.33510235026534, 68.48369977255496, 7.664897649734648, 24.814253222137985, -1, -1, -1, -1
53, 0, 231.81197877179682, 68.77937831690674, 8.188021228203183, 25.47384382107657, -1, -1, -1, -1
54, 0, 231.3125241460097, 68.88887205072962, 8.687475853990293, 25.387294930380765, -1, -1, -1, -1
55, 0, 230.8130695202226, 68.9983657845525, 9.186930479777402, 25.30074603968496, -1, -1, -1, -1
56, 0, 230.3136148944355, 69.10785951837539, 9.686385105564511, 25.214197148989154, -1, -1, -1, -1
57, 0, 229.81416026864838, 69.21735325219827, 10.18583973135162, 25.12764825829335, -1, -1, -1, -1
58, 0, 229.31470564286127, 69.32684698602114, 10.685294357138714, 25.041099367597543, -1, -1, -1, -1
59, 0, 228.81525101707416, 69.43634071984403, 11.184748982925807, 24.954550476901737, -1, -1, -1, -1
60, 0, 228.31579639128705, 69.54583445366691, 11.684203608712899, 24.868001586205928, -1, -1, -1, -1
61, 0, 227.81634176549997, 69.65532818748979, 12.183658234499992, 24.781452695510122, -1, -1, -1, -1
62, 0, 227.2815239234559, 69.5198008966253, 12.718476076544064, 24.939924829509614, -1, -1, -1, -1
63, 0, 226.74670608141184, 69.3842736057608, 13.253293918588138, 25.098396963509103, -1, -1, -1, -1
64, 0, 226.21188823936777, 69.24874631489631, 13.78811176063221, 25.25686909750859, -1, -1, -1, -1
65, 0, 225.6770703973237, 69.11321902403182, 14.322929602676282, 25.41534123150808, -1, -1, -1, -1
66, 0, 225.1422525552796, 68.97769173316733, 14.857747444720353, 25.573813365507572, -1, -1, -1, -1
67, 0, 224.60743471323553, 68.84216444230285, 15.392565286764423, 25.732285499507064, -1, -1, -1, -1
68, 0, 224.07261687119149, 68.70663715143834, 15.927383128808493, 25.890757633506556, -1, -1, -1, -1
69, 0, 223.5377990291474, 68.57110986057386, 16.462200970852564, 26.04922976750605, -1, -1, -1, -1
70, 0, 223.00298118710333, 68.43558256970937, 16.99701881289665, 26.207701901505537, -1, -1, -1, -1
71, 0, 222.46816334505925, 68.30005527884487, 17.531836654940733, 26.366174035505026, -1, -1, -1, -1
72, 0, 221.93334550301518, 68.16452798798038, 18.066654496984818, 26.524646169504514, -1, -1, -1, -1
73, 0, 221.3985276609711, 68.02900069711589, 18.601472339028902, 26.683118303504003, -1, -1, -1, -1
74, 0, 220.86370981892702, 67.8934734062514, 19.136290181072972, 26.841590437503495, -1, -1, -1, -1
75, 0, 220.32889197688297, 67.75794611538691, 19.671108023117043, 27.000062571502987, -1, -1, -1, -1
76, 0, 219.7940741348389, 67.62241882452241, 20.205925865161113, 27.15853470550248, -1, -1, -1, -1
77, 0, 219.25925629279482, 67.48689153365792, 20.740743707205183, 27.31700683950197, -1, -1, -1, -1
78, 0, 218.72443845075074, 67.35136424279344, 21.275561549249254, 27.47547897350146, -1, -1, -1, -1
79, 0, 218.18962060870666, 67.21583695192894, 21.810379391293328, 27.63395110750095, -1, -1, -1, -1
80, 0, 217.6548027666626, 67.08030966106445, 22.3451972333374, 27.792423241500437, -1, -1, -1, -1
81, 0, 217.11998492461854, 66.94478237019996, 22.880015075381472, 27.95089537549993, -1, -1, -1, -1
82, 0, 216.64578973900865, 66.80925507934163, 23.35421026099135, 28.153571529817533, -1, -1, -1, -1
83, 0, 216.1715945533988, 66.67372778848329, 23.828405446601227, 28.356247684135134, -1, -1, -1, -1
84, 0, 215.6973993677889, 66.53820049762496, 24.302600632211103, 28.55892383845274, -1, -1, -1, -1
85, 0, 215.22320418217902, 66.40267320676662, 24.776795817820982, 28.761599992770343, -1, -1, -1, -1
86, 0, 214.74900899656916, 66.26714591590829, 25.250991003430848, 28.964276147087944, -1, -1, -1, -1
87, 0, 214.27481381095927, 66.13161862504995, 25.725186189040713, 29.166952301405544, -1, -1, -1, -1
88, 0, 213.8006186253494, 65.99609133419162, 26.199381374650578, 29.369628455723145, -1, -1, -1, -1
89, 0, 213.32642343973953, 65.86056404333328, 26.673576560260443, 29.572304610040746, -1, -1, -1, -1
90, 0, 212.85222825412964, 65.72503675247495, 27.147771745870322, 29.774980764358354, -1, -1, -1, -1
91, 0, 212.37803306851976, 65.58950946161661, 27.621966931480202, 29.977656918675958, -1, -1, -1, -1
92, 0, 211.9038378829099, 65.45398217075828, 28.09616211709008, 30.180333072993562, -1, -1, -1, -1
93, 0, 211.4296426973, 65.31845487989995, 28.57035730269996, 30.38300922731117, -1, -1, -1, -1
94, 0, 210.95544751168336, 65.18292758904161, 29.04455248831662, 30.56016125912857, -1, -1, -1, -1
95, 0, 210.48125232606668, 65.04740029818329, 29.518747673933277, 30.737313290945966, -1, -1, -1, -1
96, 0, 210.00705714045003, 64.91187300732497, 29.992942859549935, 30.914465322763363, -1, -1, -1, -1
97, 0, 209.53286195483338, 64.77634571646664, 30.467138045166593, 31.091617354580762, -1, -1, -1, -1
98, 0, 209.0586667692167, 64.64081842560832, 30.941333230783265, 31.268769386398155, -1, -1, -1, -1
99, 0, 208.58447158360005, 64.50529113475, 31.415528416399937, 31.445921418215548, -1, -1, -1, -1
100, 0, 208.1102763979834, 64.36976384389166, 31.88972360201661, 31.62307345003294, -1, -1, -1, -1
101, 0, 207.63608121236672, 64.23423655303334, 32.36391878763328, 31.800225481850333, -1, -1, -1, -1
102, 0, 207.16188602675007, 64.09870926217502, 32.83811397324993, 31.977377513667733, -1, -1, -1, -1
103, 0, 206.68769084113342, 63.963181971316686, 33.31230915886659, 32.15452954548513, -1, -1, -1, -1
104, 0, 206.21349565551674, 63.827654680458366, 33.78650434448325, 32.33168157730253, -1, -1, -1, -1
105, 0, 205.7393004699001, 63.69212738960004, 34.2606995300999, 32.508833609119925, -1, -1, -1, -1
106, 0, 205.2651052842974, 63.556600098726946, 34.734894715702595, 32.47865398869459, -1, -1, -1, -1
107, 0, 204.7909100986947, 63.42107280785386, 35.20908990130529, 32.44847436826926, -1, -1, -1, -1
108, 0, 204.316714913092, 63.285545516980775, 35.683285086907986, 32.41829474784393, -1, -1, -1, -1
109, 0, 203.8425197274893, 63.15001822610769, 36.15748027251068, 32.3881151274186, -1, -1, -1, -1
110, 0, 203.4412553453552, 63.09245217037247, 36.5587446546448, 32.45635224582908, -1, -1, -1, -1
111, 0, 203.03999096322107, 63.03488611463725, 36.96000903677892, 32.52458936423957, -1, -1, -1, -1
112, 0, 202.63872658108696, 62.97732005890204, 37.36127341891304, 32.592826482650054, -1, -1, -1, -1
113, 0, 202.23746219895284, 62.919754003166815, 37.76253780104716, 32.66106360106053, -1, -1, -1, -1
114, 0, 201.8361978168187, 62.86218794743159, 38.16380218318128, 32.72930071947102, -1, -1, -1, -1
115, 0, 201.43493343468458, 62.80462189169638, 38.565066565315405, 32.79753783788151, -1, -1, -1, -1
116, 0, 201.03366905255047, 62.74705583596116, 38.96633094744953, 32.86577495629199, -1, -1, -1, -1
117, 0, 200.63240467041635, 62.68948978022594, 39.36759532958365, 32.93401207470248, -1, -1, -1, -1
118, 0, 200.23114028828223, 62.631923724490726, 39.76885971171776, 33.00224919311297, -1, -1, -1, -1
119, 0, 199.82987590614812, 62.57435766875551, 40.17012409385187, 33.07048631152345, -1, -1, -1, -1
120, 0, 199.428611524014, 62.51679161302029, 40.57138847598598, 33.13872342993393, -1, -1, -1, -1
121, 0, 199.0273471418799, 62.45922555728507, 40.972652858120085, 33.20696054834442, -1, -1, -1, -1
122, 0, 198.62608275974577, 62.40165950154986, 41.3739172402542, 33.275197666754906, -1, -1, -1, -1
123, 0, 198.22481837761165, 62.344093445814636, 41.77518162238832, 33.343434785165385, -1, -1, -1, -1
124, 0, 197.82355399547754, 62.286527390079414, 42.17644600452243, 33.411671903575865, -1, -1, -1, -1
125, 0, 197.42228961334342, 62.2289613343442, 42.577710386656555, 33.47990902198635, -1, -1, -1, -1
126, 0, 196.94436388154838, 62.19646918660814, 43.055636118451574, 33.69464835717393, -1, -1, -1, -1
127, 0, 196.46643814975332, 62.163977038872076, 43.53356185024659, 33.90938769236152, -1, -1, -1, -1
128, 0, 195.98851241795825, 62.13148489113601, 44.01148758204161, 34.12412702754911, -1, -1, -1, -1
129, 0, 195.5105866861632, 62.09899274339995, 44.48941331383663, 34.33886636273669, -1, -1, -1, -1
130, 0, 195.13624842384675, 61.840452328903766, 44.86375157615308, 34.60413510564308, -1, -1, -1, -1
131, 0, 194.7619101615303, 61.581911914407584, 45.238089838469534, 34.86940384854947, -1, -1, -1, -1
132, 0, 194.38757189921387, 61.3233714999114, 45.61242810078599, 35.13467259145585, -1, -1, -1, -1
133, 0, 194.0132336368974, 61.06483108541523, 45.98676636310245, 35.399941334362246, -1, -1, -1, -1
134, 0, 193.63889537458095, 60.806290670919054, 46.3611046254189, 35.66521007726864, -1, -1, -1, -1
135, 0, 193.26455711226453, 60.54775025642287, 46.73544288773536, 35.930478820175026, -1, -1, -1, -1
136, 0, 192.89021884994807, 60.28920984192669, 47.109781150051816, 36.19574756308141, -1, -1, -1, -1
137, 0, 192.5158805876316, 60.03066942743051, 47.48411941236827, 36.4610163059878, -1, -1, -1, -1
138, 0, 192.14154232531516, 59.77212901293433, 47.85845767468474, 36.726285048894184, -1, -1, -1, -1
139, 0, 191.7672040629987, 59.513588598438155, 48.232795937001214, 36.99155379180057, -1, -1, -1, -1
140, 0, 191.39286580068224, 59.25504818394198, 48.607134199317684, 37.256822534706956, -1, -1, -1, -1
141, 0, 191.0185275383658, 58.9965077694458, 48.981472461634155, 37.52209127761334, -1, -1, -1, -1
142, 0, 190.64418927604933, 58.73796735494962, 49.35581072395061, 37.78736002051973, -1, -1, -1, -1
143, 0, 190.26985101373288, 58.479426940453436, 49.73014898626707, 38.05262876342612, -1, -1, -1, -1
144, 0, 189.89551275141645, 58.220886525957255, 50.104487248583524, 38.317897506332514, -1, -1, -1, -1
145, 0, 189.5211744891, 57.96234611146108, 50.47882551089997, 38.5831662492389, -1, -1, -1, -1
146, 0, 189.14683622678547, 57.97455532140293, 50.853163773214476, 38.57768536770539, -1, -1, -1, -1
147, 0, 188.77249796447097, 57.98676453134479, 51.227502035528985, 38.572204486171884, -1, -1, -1, -1
148, 0, 188.39815970215648, 57.99897374128664, 51.60184029784349, 38.566723604638376, -1, -1, -1, -1
149, 0, 188.02382143984198, 58.01118295122849, 51.97617856015799, 38.56124272310487, -1, -1, -1, -1
150, 0, 187.6494831775275, 58.02339216117035, 52.35051682247249, 38.55576184157137, -1, -1, -1, -1
151, 0, 187.275144915213, 58.0356013711122, 52.724855084786995, 38.55028096003786, -1, -1, -1, -1
152, 0, 186.9008066528985, 58.04781058105405, 53.0991933471015, 38.54480007850435, -1, -1, -1, -1
153, 0, 186.52646839058397, 58.06001979099591, 53.473531609416, 38.53931919697085, -1, -1, -1, -1
154, 0, 186.15213012826945, 58.07222900093776, 53.8478698717305, 38.53383831543734, -1, -1, -1, -1
155, 0, 185.77779186595495, 58.08443821087961, 54.222208134045005, 38.528357433903835, -1, -1, -1, -1
156, 0, 185.40345360364046, 58.09664742082147, 54.59654639635951, 38.522876552370334, -1, -1, -1, -1
157, 0, 185.02911534132596, 58.10885663076332, 54.97088465867401, 38.51739567083683, -1, -1, -1, -1
158, 0, 184.70523483315134, 58.11486893273424, 55.29476516684865, 38.5429914955472, -1, -1, -1, -1
159, 0, 184.38135432497668, 58.12088123470515, 55.61864567502329, 38.56858732025758, -1, -1, -1, -1
160, 0, 184.05747381680203, 58.126893536676064, 55.94252618319793, 38.59418314496796, -1, -1, -1, -1
161, 0, 183.7335933086274, 58.132905838646984, 56.266406691372566, 38.61977896967833, -1, -1, -1, -1
162, 0, 183.40971280045275, 58.1389181406179, 56.59028719954721, 38.6453747943887, -1, -1, -1, -1
163, 0, 183.0858322922781, 58.144930442588816, 56.91416770772186, 38.67097061909908, -1, -1, -1, -1
164, 0, 182.76195178410347, 58.15094274455973, 57.238048215896505, 38.69656644380946, -1, -1, -1, -1
165, 0, 182.43807127592882, 58.15695504653065, 57.56192872407115, 38.72216226851983, -1, -1, -1, -1
166, 0, 182.11419076775417, 58.16296734850157, 57.8858092322458, 38.7477580932302, -1, -1, -1, -1
167, 0, 181.79031025957954, 58.16897965047248, 58.209689740420444, 38.773353917940575, -1, -1, -1, -1
168, 0, 181.4664297514049, 58.17499195244339, 58.53357024859509, 38.79894974265095, -1, -1, -1, -1
169, 0, 181.14254924323023, 58.18100425441431, 58.85745075676974, 38.82454556736132, -1, -1, -1, -1
170, 0, 180.8186687350556, 58.18701655638523, 59.181331264944376, 38.85014139207169, -1, -1, -1, -1
171, 0, 180.49478822688096, 58.19302885835614, 59.505211773119015, 38.87573721678207, -1, -1, -1, -1
172, 0, 180.1709077187063, 58.199041160327056, 59.829092281293654, 38.90133304149245, -1, -1, -1, -1
173, 0, 179.84702721053168, 58.205053462297975, 60.15297278946829, 38.92692886620282, -1, -1, -1, -1
174, 0, 179.52314670235705, 58.211065764268895, 60.476853297642926, 38.952524690913194, -1, -1, -1, -1
175, 0, 179.1992661941824, 58.21707806623981, 60.80073380581756, 38.97812051562357, -1, -1, -1, -1
176, 0, 178.87538568600775, 58.22309036821072, 61.12461431399219, 39.00371634033395, -1, -1, -1, -1
177, 0, 178.55150517783312, 58.22910267018163, 61.44849482216682, 39.02931216504433, -1, -1, -1, -1
178, 0, 178.22762466965847, 58.235114972152545, 61.77237533034147, 39.05490798975471, -1, -1, -1, -1
179, 0, 177.90374416148381, 58.241127274123464, 62.096255838516115, 39.08050381446508, -1, -1, -1, -1
180, 0, 177.5798636533092, 58.24713957609438, 62.42013634669076, 39.106099639175454, -1, -1, -1, -1
181, 0, 177.25598314513454, 58.253151878065296, 62.74401685486541, 39.13169546388583, -1, -1, -1, -1
182, 0, 176.93210263695988, 58.25916418003621, 63.06789736304005, 39.15729128859621, -1, -1, -1, -1
183, 0, 176.60822212878526, 58.26517648200713, 63.3917778712147, 39.182887113306585, -1, -1, -1, -1
184, 0, 176.2843416206106, 58.27118878397805, 63.715658379389346, 39.20848293801696, -1, -1, -1, -1
185, 0, 175.96046111243595, 58.27720108594896, 64.03953888756399, 39.234078762727336, -1, -1, -1, -1
186, 0, 175.63658060426133, 58.28321338791987, 64.36341939573863, 39.25967458743771, -1, -1, -1, -1
187, 0, 175.31270009608667, 58.28922568989079, 64.68729990391327, 39.28527041214808, -1, -1, -1, -1
188, 0, 174.98881958791202, 58.29523799186171, 65.01118041208791, 39.31086623685845, -1, -1, -1, -1
189, 0, 174.6649390797374, 58.301250293832624, 65.33506092026255, 39.336462061568824, -1, -1, -1, -1
190, 0, 174.34105857156277, 58.307262595803536, 65.65894142843719, 39.3620578862792, -1, -1, -1, -1
191, 0, 174.01717806338812, 58.313274897774455, 65.98282193661183, 39.387653710989575, -1, -1, -1, -1
192, 0, 173.69329755521346, 58.319287199745375, 66.30670244478647, 39.41324953569995, -1, -1, -1, -1
193, 0, 173.36941704703884, 58.32529950171629, 66.6305829529611, 39.438845360410326, -1, -1, -1, -1
194, 0, 173.04553653886418, 58.3313118036872, 66.95446346113575, 39.4644411851207, -1, -1, -1, -1
195, 0, 172.72165603068953, 58.33732410565812, 67.27834396931038, 39.49003700983107, -1, -1, -1, -1
196, 0, 172.3977755225149, 58.34333640762904, 67.60222447748504, 39.51563283454145, -1, -1, -1, -1
197, 0, 172.07389501434025, 58.34934870959995, 67.92610498565968, 39.54122865925182, -1, -1, -1, -1
198, 0, 171.82920955564197, 58.35065961356081, 68.17079044435795, 39.57348166354438, -1, -1, -1, -1
199, 0, 171.5845240969437, 58.351970517521664, 68.41547590305623, 39.605734667836934, -1, -1, -1, -1
200, 0, 171.33983863824545, 58.35328142148252, 68.6601613617545, 39.63798767212949, -1, -1, -1, -1
201, 0, 171.09515317954717, 58.354592325443384, 68.90484682045278, 39.67024067642205, -1, -1, -1, -1
202, 0, 170.85046772084888, 58.35590322940425, 69.14953227915105, 39.7024936807146, -1, -1, -1, -1
203, 0, 170.60578226215063, 58.357214133365105, 69.39421773784932, 39.73474668500716, -1, -1, -1, -1
204, 0, 170.36109680345237, 58.35852503732596, 69.63890319654759, 39.766999689299716, -1, -1, -1, -1
205, 0, 170.11641134475408, 58.359835941286825, 69.88358865524586, 39.79925269359227, -1, -1, -1, -1
206, 0, 169.8717258860558, 58.36114684524769, 70.12827411394414, 39.83150569788482, -1, -1, -1, -1
207, 0, 169.62704042735754, 58.362457749208545, 70.37295957264242, 39.86375870217738, -1, -1, -1, -1
208, 0, 169.38235496865926, 58.3637686531694, 70.61764503134069, 39.896011706469935, -1, -1, -1, -1
209, 0, 169.13766950996097, 58.36507955713026, 70.86233049003897, 39.92826471076249, -1, -1, -1, -1
210, 0, 168.89298405126272, 58.366390461091115, 71.10701594873726, 39.96051771505505, -1, -1, -1, -1
211, 0, 168.64829859256443, 58.36770136505197, 71.35170140743553, 39.992770719347604, -1, -1, -1, -1
212, 0, 168.40361313386614, 58.36901226901283, 71.5963868661338, 40.02502372364016, -1, -1, -1, -1
213, 0, 168.1589276751679, 58.37032317297369, 71.84107232483208, 40.05727672793271, -1, -1, -1, -1
214, 0, 167.91424221646963, 58.371634076934555, 72.08575778353035, 40.089529732225266, -1, -1, -1, -1
215, 0, 167.66955675777135, 58.37294498089541, 72.33044324222863, 40.12178273651782, -1, -1, -1, -1
216, 0, 167.42487129907306, 58.37425588485627, 72.5751287009269, 40.15403574081038, -1, -1, -1, -1
217, 0, 167.1801858403748, 58.37556678881713, 72.81981415962517, 40.186288745102935, -1, -1, -1, -1
218, 0, 166.93550038167655, 58.376877692777995, 73.06449961832344, 40.218541749395484, -1, -1, -1, -1
219, 0, 166.69081492297826, 58.37818859673885, 73.30918507702171, 40.25079475368804, -1, -1, -1, -1
220, 0, 166.44612946427998, 58.37949950069971, 73.55387053571998, 40.2830477579806, -1, -1, -1, -1
221, 0, 166.20144400558172, 58.380810404660565, 73.79855599441825, 40.315300762273154, -1, -1, -1, -1
222, 0, 165.99201903195765, 58.39387480364904, 74.00798096804232, 40.20651182626868, -1, -1, -1, -1
223, 0, 165.7825940583336, 58.40693920263751, 74.21740594166639, 40.097722890264215, -1, -1, -1, -1
224, 0, 165.57316908470952, 58.42000360162598, 74.42683091529045, 39.98893395425975, -1, -1, -1, -1
225, 0, 165.36374411108545, 58.433068000614455, 74.63625588891452, 39.88014501825528, -1, -1, -1, -1
226, 0, 165.15431913746139, 58.44613239960293, 74.84568086253859, 39.771356082250804, -1, -1, -1, -1
227, 0, 164.94489416383732, 58.4591967985914, 75.05510583616267, 39.66256714624634, -1, -1, -1, -1
228, 0, 164.73546919021325, 58.47226119757987, 75.26453080978675, 39.55377821024187, -1, -1, -1, -1
229, 0, 164.52604421658918, 58.485325596568345, 75.47395578341082, 39.4449892742374, -1, -1, -1, -1
230, 0, 164.31661924296512, 58.49838999555681, 75.68338075703488, 39.336200338232935, -1, -1, -1, -1
231, 0, 164.10719426934105, 58.51145439454528, 75.89280573065895, 39.22741140222847, -1, -1, -1, -1
232, 0, 163.89776929571698, 58.52451879353376, 76.10223070428302, 39.11862246622401, -1, -1, -1, -1
233, 0, 163.68834432209292, 58.53758319252223, 76.31165567790708, 39.009833530219545, -1, -1, -1, -1
234, 0, 163.47891934846885, 58.550647591510696, 76.52108065153115, 38.90104459421508, -1, -1, -1, -1
235, 0, 163.26949437484478, 58.56371199049917, 76.73050562515522, 38.79225565821061, -1, -1, -1, -1
236, 0, 163.06006940122072, 58.57677638948765, 76.93993059877928, 38.683466722206134, -1, -1, -1, -1
237, 0, 162.85064442759665, 58.58984078847612, 77.14935557240334, 38.57467778620167, -1, -1, -1, -1
238, 0, 162.61992900670936, 58.57973714407119, 77.36287463062814, 38.676521130474406, -1, -1, -1, -1
239, 0, 162.38921358582206, 58.56963349966625, 77.57639368885293, 38.77836447474714, -1, -1, -1, -1
240, 0, 162.15849816493477, 58.55952985526132, 77.78991274707772, 38.88020781901988, -1, -1, -1, -1
241, 0, 161.92778274404748, 58.54942621085639, 78.00343180530251, 38.98205116329262, -1, -1, -1, -1
242, 0, 161.69706732316018, 58.53932256645146, 78.2169508635273, 39.08389450756536, -1, -1, -1, -1
243, 0, 161.4663519022729, 58.529218922046525, 78.4304699217521, 39.1857378518381, -1, -1, -1, -1
244, 0, 161.2356364813856, 58.51911527764159, 78.64398897997691, 39.28758119611084, -1, -1, -1, -1
245, 0, 161.0049210604983, 58.50901163323665, 78.8575080382017, 39.38942454038359, -1, -1, -1, -1
246, 0, 160.774205639611, 58.49890798883172, 79.07102709642649, 39.491267884656324, -1, -1, -1, -1
247, 0, 160.54349021872372, 58.48880434442679, 79.28454615465128, 39.59311122892906, -1, -1, -1, -1
248, 0, 160.31277479783643, 58.47870070002186, 79.49806521287607, 39.6949545732018, -1, -1, -1, -1
249, 0, 160.08205937694916, 58.468597055616925, 79.71158427110086, 39.796797917474535, -1, -1, -1, -1
250, 0, 159.85134395606187, 58.45849341121199, 79.92510332932565, 39.89864126174727, -1, -1, -1, -1
251, 0, 159.62062853517457, 58.44838976680706, 80.13862238755044, 40.00048460602001, -1, -1, -1, -1
252, 0, 159.38991311428728, 58.43828612240213, 80.35214144577523, 40.10232795029275, -1, -1, -1, -1
253, 0, 159.1591976934, 58.4281824779972, 80.56566050400001, 40.204171294565484, -1, -1, -1, -1
254, 0, 158.94963856354997, 58.43525774192255, 80.78381781517501, 40.28557766168943, -1, -1, -1, -1
255, 0, 158.74007943369998, 58.4423330058479, 81.00197512635, 40.36698402881337, -1, -1, -1, -1
256, 0, 158.53052030384998, 58.44940826977325, 81.22013243752501, 40.44839039593731, -1, -1, -1, -1
257, 0, 158.320961174, 58.4564835336986, 81.43828974870002, 40.529796763061256, -1, -1, -1, -1
258, 0, 158.11140204415, 58.46355879762395, 81.656447059875, 40.6112031301852, -1, -1, -1, -1
259, 0, 157.9018429143, 58.470634061549305, 81.87460437105, 40.69260949730915, -1, -1, -1, -1
260, 0, 157.69228378445, 58.47770932547465, 82.09276168222499, 40.774015864433096, -1, -1, -1, -1
261, 0, 157.4827246546, 58.4847845894, 82.31091899339998, 40.85542223155704, -1, -1, -1, -1
262, 0, 157.2731655247557, 58.491859853324996, 82.5290763045776, 40.83809924046716, -1, -1, -1, -1
263, 0, 157.0636063949114, 58.49893511725, 82.74723361575522, 40.82077624937728, -1, -1, -1, -1
264, 0, 156.85404726506712, 58.506010381174995, 82.96539092693284, 40.803453258287405, -1, -1, -1, -1
265, 0, 156.64448813522284, 58.51308564509999, 83.18354823811046, 40.78613026719752, -1, -1, -1, -1
266, 0, 156.43492900537854, 58.52016090902499, 83.4017055492881, 40.768807276107644, -1, -1, -1, -1
267, 0, 156.22536987553426, 58.52723617294998, 83.61986286046572, 40.75148428501777, -1, -1, -1, -1
268, 0, 156.01581074568998, 58.53431143687499, 83.83802017164334, 40.7341612939279, -1, -1, -1, -1
269, 0, 155.80625161584567, 58.54138670079998, 84.05617748282097, 40.71683830283802, -1, -1, -1, -1
270, 0, 155.59669248600136, 58.54846196472498, 84.2743347939986, 40.699515311748144, -1, -1, -1, -1
271, 0, 155.38713335615708, 58.55553722864998, 84.49249210517623, 40.68219232065826, -1, -1, -1, -1
272, 0, 155.1775742263128, 58.56261249257498, 84.71064941635385, 40.66486932956838, -1, -1, -1, -1
273, 0, 154.9680150964685, 58.569687756499974, 84.92880672753148, 40.647546338478506, -1, -1, -1, -1
274, 0, 154.7584559666242, 58.57676302042498, 85.14696403870911, 40.63022334738862, -1, -1, -1, -1
275, 0, 154.54889683677993, 58.58383828434997, 85.36512134988673, 40.612900356298745, -1, -1, -1, -1
276, 0, 154.33933770693562, 58.59091354827497, 85.58327866106436, 40.59557736520887, -1, -1, -1, -1
277, 0, 154.12977857709134, 58.59798881219997, 85.80143597224199, 40.578254374118984, -1, -1, -1, -1
278, 0, 153.92021944724706, 58.60506407612497, 86.01959328341961, 40.56093138302911, -1, -1, -1, -1
279, 0, 153.71066031740276, 58.612139340049964, 86.23775059459723, 40.54360839193923, -1, -1, -1, -1
280, 0, 153.50110118755848, 58.61921460397497, 86.45590790577485, 40.52628540084936, -1, -1, -1, -1
281, 0, 153.2915420577142, 58.62628986789996, 86.67406521695247, 40.508962409759484, -1, -1, -1, -1
282, 0, 153.0819829278699, 58.63336513182496, 86.89222252813009, 40.49163941866961, -1, -1, -1, -1
283, 0, 152.8724237980256, 58.64044039574996, 87.11037983930771, 40.47431642757972, -1, -1, -1, -1
284, 0, 152.66286466818133, 58.64751565967496, 87.32853715048535, 40.456993436489846, -1, -1, -1, -1
285, 0, 152.45330553833702, 58.654590923599955, 87.54669446166297, 40.43967044539997, -1, -1, -1, -1
286, 0, 152.23105255757775, 58.72599382497012, 87.76894744242222, 40.382702156429815, -1, -1, -1, -1
287, 0, 152.00879957681846, 58.79739672634028, 87.99120042318147, 40.32573386745967, -1, -1, -1, -1
288, 0, 151.78654659605917, 58.868799627710445, 88.21345340394072, 40.26876557848952, -1, -1, -1, -1
289, 0, 151.5642936152999, 58.940202529080615, 88.43570638469997, 40.21179728951937, -1, -1, -1, -1
290, 0, 151.3420406345416, 58.95312351157028, 88.65795936545825, 40.21331091941541, -1, -1, -1, -1
291, 0, 151.11978765378333, 58.96604449405996, 88.88021234621655, 40.21482454931146, -1, -1, -1, -1
292, 0, 150.89753467302506, 58.978965476549625, 89.10246532697484, 40.216338179207504, -1, -1, -1, -1
293, 0, 150.67528169226676, 58.99188645903929, 89.32471830773312, 40.21785180910355, -1, -1, -1, -1
294, 0, 150.45302871150847, 59.00480744152897, 89.54697128849142, 40.219365438999596, -1, -1, -1, -1
295, 0, 150.2307757307502, 59.017728424018635, 89.7692242692497, 40.22087906889564, -1, -1, -1, -1
296, 0, 150.00852274999193, 59.0306494065083, 89.99147725000799, 40.22239269879169, -1, -1, -1, -1
297, 0, 149.78626976923363, 59.04357038899798, 90.21373023076629, 40.22390632868773, -1, -1, -1, -1
298, 0, 149.56401678847533, 59.056491371487645, 90.43598321152457, 40.22541995858378, -1, -1, -1, -1
299, 0, 149.34176380771706, 59.06941235397731, 90.65823619228286, 40.226933588479824, -1, -1, -1, -1
300, 0, 149.1195108269588, 59.08233333646699, 90.88048917304114, 40.22844721837586, -1, -1, -1, -1
301, 0, 148.8972578462005, 59.095254318956655, 91.10274215379943, 40.22996084827191, -1, -1, -1, -1
302, 0, 148.67500486544222, 59.10817530144632, 91.3249951345577, 40.231474478167954, -1, -1, -1, -1
303, 0, 148.45275188468395, 59.121096283936, 91.54724811531598, 40.232988108064006, -1, -1, -1, -1
304, 0, 148.23049890392565, 59.134017266425666, 91.76950109607426, 40.23450173796005, -1, -1, -1, -1
305, 0, 148.00824592316738, 59.14693824891533, 91.99175407683254, 40.2360153678561, -1, -1, -1, -1
306, 0, 147.7859929424091, 59.159859231405, 92.21400705759082, 40.23752899775214, -1, -1, -1, -1
307, 0, 147.5637399616508, 59.17278021389467, 92.4362600383491, 40.23904262764819, -1, -1, -1, -1
308, 0, 147.3414869808925, 59.18570119638434, 92.65851301910739, 40.24055625754423, -1, -1, -1, -1
309, 0, 147.11923400013424, 59.19862217887401, 92.88076599986567, 40.24206988744027, -1, -1, -1, -1
310, 0, 146.89698101937597, 59.21154316136368, 93.10301898062397, 40.24358351733632, -1, -1, -1, -1
311, 0, 146.67472803861767, 59.22446414385335, 93.32527196138226, 40.245097147232364, -1, -1, -1, -1
312, 0, 146.45247505785937, 59.23738512634303, 93.54752494214054, 40.24661077712841, -1, -1, -1, -1
313, 0, 146.2302220771011, 59.250306108832696, 93.76977792289884, 40.248124407024456, -1, -1, -1, -1
314, 0, 146.00796909634283, 59.26322709132236, 93.99203090365712, 40.2496380369205, -1, -1, -1, -1
315, 0, 145.78571611558453, 59.27614807381204, 94.21428388441541, 40.25115166681654, -1, -1, -1, -1
316, 0, 145.56346313482624, 59.289069056301706, 94.43653686517371, 40.252665296712586, -1, -1, -1, -1
317, 0, 145.34121015406797, 59.301990038791374, 94.65878984593199, 40.25417892660863, -1, -1, -1, -1
318, 0, 145.07106948462956, 59.288015769231805, 94.92893051537038, 40.282587808558205, -1, -1, -1, -1
319, 0, 144.80092881519118, 59.27404149967224, 95.19907118480879, 40.31099669050777, -1, -1, -1, -1
320, 0, 144.53078814575278, 59.26006723011267, 95.46921185424718, 40.33940557245734, -1, -1, -1, -1
321, 0, 144.26064747631438, 59.2460929605531, 95.73935252368557, 40.36781445440691, -1, -1, -1, -1
322, 0, 143.99050680687597, 59.23211869099353, 96.00949319312397, 40.39622333635648, -1, -1, -1, -1
323, 0, 143.72036613743757, 59.21814442143396, 96.27963386256236, 40.424632218306044, -1, -1, -1, -1
324, 0, 143.4502254679992, 59.20417015187439, 96.54977453200075, 40.45304110025561, -1, -1, -1, -1
325, 0, 143.18008479856078, 59.190195882314825, 96.81991520143916, 40.48144998220518, -1, -1, -1, -1
326, 0, 142.90994412912238, 59.176221612755256, 97.09005587087756, 40.50985886415475, -1, -1, -1, -1
327, 0, 142.639803459684, 59.16224734319569, 97.36019654031595, 40.53826774610432, -1, -1, -1, -1
328, 0, 142.3696627902456, 59.14827307363612, 97.63033720975434, 40.566676628053884, -1, -1, -1, -1
329, 0, 142.0995221208072, 59.13429880407655, 97.90047787919275, 40.59508551000346, -1, -1, -1, -1
330, 0, 141.8293814513688, 59.12032453451698, 98.17061854863115, 40.623494391953024, -1, -1, -1, -1
331, 0, 141.55924078193038, 59.10635026495741, 98.44075921806954, 40.65190327390259, -1, -1, -1, -1
332, 0, 141.289100112492, 59.092375995397845, 98.71089988750794, 40.68031215585216, -1, -1, -1, -1
333, 0, 141.0189594430536, 59.078401725838276, 98.98104055694634, 40.70872103780172, -1, -1, -1, -1
334, 0, 140.7488187736152, 59.06442745627871, 99.25118122638474, 40.73712991975129, -1, -1, -1, -1
335, 0, 140.47867810417682, 59.05045318671914, 99.52132189582315, 40.765538801700856, -1, -1, -1, -1
336, 0, 140.20853743473842, 59.03647891715957, 99.79146256526155, 40.79394768365043, -1, -1, -1, -1
337, 0, 139.9383967653, 59.0225046476, 100.06160323469994, 40.822356565599996, -1, -1, -1, -1
338, 0, 139.6977254427453, 59.02957991152227, 100.17760092794404, 40.829715914063485, -1, -1, -1, -1
339, 0, 139.4570541201906, 59.03665517544454, 100.29359862118815, 40.83707526252698, -1, -1, -1, -1
340, 0, 139.2163827976359, 59.043730439366804, 100.40959631443225, 40.84443461099047, -1, -1, -1, -1
341, 0, 138.9757114750812, 59.05080570328907, 100.52559400767635, 40.85179395945396, -1, -1, -1, -1
342, 0, 138.7350401525265, 59.05788096721134, 100.64159170092046, 40.859153307917445, -1, -1, -1, -1
343, 0, 138.4943688299718, 59.06495623113361, 100.75758939416455, 40.866512656380934, -1, -1, -1, -1
344, 0, 138.2536975074171, 59.072031495055874, 100.87358708740865, 40.87387200484442, -1, -1, -1, -1
345, 0, 138.01302618486238, 59.07910675897814, 100.98958478065276, 40.88123135330791, -1, -1, -1, -1
346, 0, 137.77235486230768, 59.08618202290041, 101.10558247389687, 40.8885907017714, -1, -1, -1, -1
347, 0, 137.53168353975298, 59.09325728682268, 101.22158016714097, 40.89595005023489, -1, -1, -1, -1
348, 0, 137.29101221719827, 59.10033255074495, 101.33757786038507, 40.90330939869838, -1, -1, -1, -1
349, 0, 137.05034089464354, 59.10740781466722, 101.45357555362918, 40.91066874716187, -1, -1, -1, -1
350, 0, 136.80966957208884, 59.11448307858949, 101.56957324687329, 40.91802809562536, -1, -1, -1, -1
351, 0, 136.56899824953413, 59.121558342511754, 101.68557094011739, 40.92538744408885, -1, -1, -1, -1
352, 0, 136.32832692697943, 59.12863360643402, 101.80156863336148, 40.93274679255234, -1, -1, -1, -1
353, 0, 136.08765560442473, 59.13570887035629, 101.9175663266056, 40.940106141015825, -1, -1, -1, -1
354, 0, 135.77600692926438, 59.17163565797361, 101.94559986495514, 40.90742856816753, -1, -1, -1, -1
355, 0, 135.46435825410404, 59.20756244559092, 101.9736334033047, 40.874750995319246, -1, -1, -1, -1
356, 0, 135.1527095789437, 59.24348923320824, 102.00166694165426, 40.84207342247096, -1, -1, -1, -1
357, 0, 134.84106090378336, 59.27941602082555, 102.02970048000381, 40.809395849622675, -1, -1, -1, -1
358, 0, 134.52941222862302, 59.315342808442864, 102.05773401835337, 40.77671827677439, -1, -1, -1, -1
359, 0, 134.21776355346265, 59.35126959606018, 102.08576755670293, 40.7440407039261, -1, -1, -1, -1
360, 0, 133.9061148783023, 59.38719638367749, 102.1138010950525, 40.71136313107782, -1, -1, -1, -1
361, 0, 133.59446620314196, 59.42312317129481, 102.14183463340206, 40.67868555822954, -1, -1, -1, -1
362, 0, 133.28281752798162, 59.45904995891213, 102.1698681717516, 40.646007985381246, -1, -1, -1, -1
363, 0, 132.97116885282128, 59.494976746529446, 102.19790171010116, 40.61333041253296, -1, -1, -1, -1
364, 0, 132.65952017766094, 59.53090353414676, 102.22593524845072, 40.580652839684674, -1, -1, -1, -1
365, 0, 132.3478715025006, 59.56683032176407, 102.25396878680027, 40.54797526683639, -1, -1, -1, -1
366, 0, 132.10338565605196, 59.560870480106054, 102.21483949643627, 40.55718432326934, -1, -1, -1, -1
367, 0, 131.85889980960334, 59.554910638448035, 102.17571020607227, 40.56639337970228, -1, -1, -1, -1
368, 0, 131.61441396315473, 59.54895079679002, 102.13658091570827, 40.57560243613523, -1, -1, -1, -1
369, 0, 131.3699281167061, 59.542990955132, 102.09745162534426, 40.58481149256818, -1, -1, -1, -1
370, 0, 131.12544227025745, 59.53703111347398, 102.05832233498026, 40.59402054900113, -1, -1, -1, -1
371, 0, 130.88095642380884, 59.53107127181596, 102.01919304461626, 40.60322960543407, -1, -1, -1, -1
372, 0, 130.63647057736023, 59.52511143015794, 101.98006375425226, 40.61243866186702, -1, -1, -1, -1
373, 0, 130.3919847309116, 59.51915158849992, 101.94093446388827, 40.62164771829997, -1, -1, -1, -1
374, 0, 130.0355608366023, 59.5131917468416, 102.01374322138935, 40.6308567747333, -1, -1, -1, -1
375, 0, 129.67913694229298, 59.50723190518327, 102.08655197889041, 40.64006583116664, -1, -1, -1, -1
376, 0, 129.3227130479837, 59.50127206352494, 102.15936073639148, 40.64927488759997, -1, -1, -1, -1
377, 0, 128.9662891536744, 59.49531222186661, 102.23216949389254, 40.65848394403331, -1, -1, -1, -1
378, 0, 128.6098652593651, 59.48935238020829, 102.3049782513936, 40.66769300046664, -1, -1, -1, -1
379, 0, 128.2534413650558, 59.483392538549964, 102.37778700889467, 40.676902056899976, -1, -1, -1, -1
380, 0, 127.8970174707465, 59.47743269689164, 102.45059576639574, 40.68611111333331, -1, -1, -1, -1
381, 0, 127.54059357643722, 59.47147285523331, 102.52340452389682, 40.69532016976665, -1, -1, -1, -1
382, 0, 127.18416968212793, 59.46551301357498, 102.5962132813979, 40.70452922619998, -1, -1, -1, -1
383, 0, 126.82774578781863, 59.45955317191665, 102.66902203889896, 40.713738282633315, -1, -1, -1, -1
384, 0, 126.47132189350933, 59.45359333025833, 102.74183079640002, 40.72294733906665, -1, -1, -1, -1
385, 0, 126.11489799920004, 59.4476334886, 102.8146395539011, 40.732156395499985, -1, -1, -1, -1
386, 0, 125.80324932403752, 59.45738113291819, 102.81424438168744, 40.725657965955364, -1, -1, -1, -1
387, 0, 125.49160064887499, 59.467128777236375, 102.81384920947379, 40.71915953641074, -1, -1, -1, -1
388, 0, 125.17995197371246, 59.476876421554564, 102.81345403726013, 40.71266110686612, -1, -1, -1, -1
389, 0, 124.86830329854995, 59.48662406587275, 102.81305886504647, 40.70616267732151, -1, -1, -1, -1
390, 0, 124.55665462338743, 59.49637171019094, 102.81266369283281, 40.699664247776894, -1, -1, -1, -1
391, 0, 124.2450059482249, 59.50611935450913, 102.81226852061916, 40.69316581823227, -1, -1, -1, -1
392, 0, 123.93335727306237, 59.51586699882732, 102.8118733484055, 40.68666738868765, -1, -1, -1, -1
393, 0, 123.62170859789985, 59.52561464314551, 102.81147817619184, 40.68016895914304, -1, -1, -1, -1
394, 0, 123.31005992273734, 59.5353622874637, 102.81108300397818, 40.67367052959841, -1, -1, -1, -1
395, 0, 122.99841124757481, 59.545109931781894, 102.81068783176454, 40.66717210005379, -1, -1, -1, -1
396, 0, 122.68676257241228, 59.55485757610008, 102.81029265955088, 40.66067367050917, -1, -1, -1, -1
397, 0, 122.37511389724975, 59.56460522041827, 102.80989748733722, 40.65417524096455, -1, -1, -1, -1
398, 0, 122.06346522208722, 59.57435286473646, 102.80950231512355, 40.64767681141993, -1, -1, -1, -1
399, 0, 121.7518165469247, 59.58410050905465, 102.8091071429099, 40.64117838187531, -1, -1, -1, -1
400, 0, 121.44016787176218, 59.59384815337284, 102.80871197069624, 40.634679952330686, -1, -1, -1, -1
401, 0, 121.12851919659965, 59.60359579769103, 102.80831679848256, 40.628181522786065, -1, -1, -1, -1
402, 0, 120.81687052143712, 59.61334344200922, 102.80792162626891, 40.621683093241444, -1, -1, -1, -1
403, 0, 120.50522184627461, 59.623091086327406, 102.80752645405525, 40.61518466369683, -1, -1, -1, -1
404, 0, 120.19357317111209, 59.632838730645595, 102.80713128184159, 40.608686234152216, -1, -1, -1, -1
405, 0, 119.88192449594956, 59.642586374963784, 102.80673610962793, 40.602187804607595, -1, -1, -1, -1
406, 0, 119.57027582078703, 59.65233401928197, 102.80634093741428, 40.595689375062975, -1, -1, -1, -1
407, 0, 119.25862714562452, 59.66208166360016, 102.80594576520062, 40.589190945518354, -1, -1, -1, -1
408, 0, 118.946978470462, 59.67182930791835, 102.80555059298696, 40.58269251597373, -1, -1, -1, -1
409, 0, 118.63532979529947, 59.68157695223654, 102.8051554207733, 40.57619408642911, -1, -1, -1, -1
410, 0, 118.27720638382944, 59.71165681028565, 102.86759062681736, 40.624118305393985, -1, -1, -1, -1
411, 0, 117.9190829723594, 59.74173666833477, 102.93002583286142, 40.67204252435886, -1, -1, -1, -1
412, 0, 117.56095956088936, 59.77181652638389, 102.99246103890547, 40.719966743323724, -1, -1, -1, -1
413, 0, 117.20283614941933, 59.801896384433, 103.05489624494955, 40.7678909622886, -1, -1, -1, -1
414, 0, 116.8447127379493, 59.83197624248211, 103.11733145099362, 40.81581518125347, -1, -1, -1, -1
415, 0, 116.48658932647925, 59.862056100531234, 103.17976665703767, 40.863739400218336, -1, -1, -1, -1
416, 0, 116.12846591500922, 59.89213595858035, 103.24220186308173, 40.91166361918321, -1, -1, -1, -1
417, 0, 115.77034250353918, 59.92221581662946, 103.30463706912579, 40.95958783814808, -1, -1, -1, -1
418, 0, 115.41221909206915, 59.952295674678574, 103.36707227516985, 41.007512057112955, -1, -1, -1, -1
419, 0, 115.05409568059912, 59.98237553272769, 103.4295074812139, 41.05543627607783, -1, -1, -1, -1
420, 0, 114.69597226912907, 60.0124553907768, 103.49194268725796, 41.1033604950427, -1, -1, -1, -1
421, 0, 114.33784885765904, 60.042535248825914, 103.55437789330203, 41.15128471400757, -1, -1, -1, -1
422, 0, 113.97972544618901, 60.07261510687503, 103.6168130993461, 41.19920893297245, -1, -1, -1, -1
423, 0, 113.62160203471896, 60.10269496492414, 103.67924830539016, 41.24713315193732, -1, -1, -1, -1
424, 0, 113.26347862324893, 60.13277482297326, 103.74168351143422, 41.295057370902185, -1, -1, -1, -1
425, 0, 112.9053552117789, 60.162854681022374, 103.80411871747829, 41.34298158986706, -1, -1, -1, -1
426, 0, 112.51738991803211, 60.167935126385856, 103.7803399198873, 41.336899900568234, -1, -1, -1, -1
427, 0, 112.1294246242853, 60.173015571749346, 103.75656112229632, 41.33081821126941, -1, -1, -1, -1
428, 0, 111.7414593305385, 60.178096017112836, 103.73278232470533, 41.324736521970586, -1, -1, -1, -1
429, 0, 111.35349403679172, 60.18317646247632, 103.70900352711433, 41.31865483267176, -1, -1, -1, -1
430, 0, 110.96552874304491, 60.1882569078398, 103.68522472952336, 41.312573143372944, -1, -1, -1, -1
431, 0, 110.57756344929811, 60.19333735320329, 103.66144593193238, 41.30649145407412, -1, -1, -1, -1
432, 0, 110.18959815555132, 60.19841779856678, 103.6376671343414, 41.300409764775296, -1, -1, -1, -1
433, 0, 109.80163286180452, 60.20349824393026, 103.61388833675043, 41.29432807547648, -1, -1, -1, -1
434, 0, 109.41366756805772, 60.208578689293745, 103.59010953915944, 41.288246386177654, -1, -1, -1, -1
435, 0, 109.02570227431093, 60.213659134657235, 103.56633074156846, 41.28216469687883, -1, -1, -1, -1
436, 0, 108.63773698056414, 60.218739580020724, 103.54255194397749, 41.276083007580006, -1, -1, -1, -1
437, 0, 108.24977168681734, 60.22382002538421, 103.5187731463865, 41.27000131828118, -1, -1, -1, -1
438, 0, 107.86180639307054, 60.22890047074769, 103.4949943487955, 41.263919628982364, -1, -1, -1, -1
439, 0, 107.47384109932375, 60.23398091611118, 103.47121555120452, 41.25783793968354, -1, -1, -1, -1
440, 0, 107.08587580557695, 60.23906136147467, 103.44743675361354, 41.251756250384716, -1, -1, -1, -1
441, 0, 106.69791051183014, 60.24414180683815, 103.42365795602257, 41.2456745610859, -1, -1, -1, -1
442, 0, 106.30994521808336, 60.24922225220163, 103.39987915843159, 41.239592871787075, -1, -1, -1, -1
443, 0, 105.92197992433655, 60.25430269756512, 103.3761003608406, 41.23351118248825, -1, -1, -1, -1
444, 0, 105.53401463058975, 60.25938314292861, 103.3523215632496, 41.227429493189426, -1, -1, -1, -1
445, 0, 105.14604933684296, 60.264463588292095, 103.32854276565863, 41.2213478038906, -1, -1, -1, -1
446, 0, 104.75808404309618, 60.26954403365558, 103.30476396806765, 41.215266114591785, -1, -1, -1, -1
447, 0, 104.37011874934937, 60.27462447901907, 103.28098517047667, 41.20918442529296, -1, -1, -1, -1
448, 0, 103.98215345560257, 60.27970492438256, 103.25720637288569, 41.203102735994136, -1, -1, -1, -1
449, 0, 103.59418816185578, 60.28478536974604, 103.23342757529471, 41.19702104669532, -1, -1, -1, -1
450, 0, 103.20622286810898, 60.28986581510952, 103.20964877770373, 41.1909393573965, -1, -1, -1, -1
451, 0, 102.81825757436218, 60.29494626047301, 103.18586998011276, 41.18485766809768, -1, -1, -1, -1
452, 0, 102.43029228061539, 60.3000267058365, 103.16209118252178, 41.17877597879885, -1, -1, -1, -1
453, 0, 102.04232698686859, 60.305107151199984, 103.13831238493079, 41.17269428950003, -1, -1, -1, -1
454, 0, 101.60794747178886, 60.31018759656665, 103.16094780867255, 41.166612600200025, -1, -1, -1, -1
455, 0, 101.17356795670912, 60.31526804193331, 103.18358323241429, 41.16053091090002, -1, -1, -1, -1
456, 0, 100.73918844162938, 60.32034848729997, 103.20621865615604, 41.15444922160002, -1, -1, -1, -1
457, 0, 100.30480892654965, 60.325428932666625, 103.2288540798978, 41.148367532300014, -1, -1, -1, -1
458, 0, 99.87042941146993, 60.330509378033284, 103.25148950363956, 41.14228584300001, -1, -1, -1, -1
459, 0, 99.43604989639019, 60.33558982339994, 103.27412492738132, 41.136204153700014, -1, -1, -1, -1
460, 0, 99.00167038131045, 60.3406702687666, 103.29676035112308, 41.13012246440002, -1, -1, -1, -1
461, 0, 98.56729086623072, 60.34575071413326, 103.31939577486484, 41.12404077510001, -1, -1, -1, -1
462, 0, 98.132911351151, 60.35083115949992, 103.3420311986066, 41.11795908580001, -1, -1, -1, -1
463, 0, 97.69853183607125, 60.35591160486658, 103.36466662234835, 41.111877396500006, -1, -1, -1, -1
464, 0, 97.26415232099151, 60.360992050233236, 103.3873020460901, 41.1057957072, -1, -1, -1, -1
465, 0, 96.82977280591179, 60.3660724955999, 103.40993746983186, 41.099714017900006, -1, -1, -1, -1
466, 0, 96.39539329083206, 60.37115294096656, 103.43257289357362, 41.09363232860001, -1, -1, -1, -1
467, 0, 95.96101377575232, 60.37623338633322, 103.4552083173154, 41.08755063930001, -1, -1, -1, -1
468, 0, 95.52663426067258, 60.38131383169988, 103.47784374105716, 41.081468950000016, -1, -1, -1, -1
469, 0, 95.09225474559284, 60.386394277066536, 103.50047916479892, 41.07538726070002, -1, -1, -1, -1
470, 0, 94.6578752305131, 60.3914747224332, 103.52311458854066, 41.06930557140002, -1, -1, -1, -1
471, 0, 94.22349571543337, 60.39655516779986, 103.54575001228243, 41.06322388210002, -1, -1, -1, -1
472, 0, 93.78911620035365, 60.40163561316652, 103.56838543602419, 41.057142192800015, -1, -1, -1, -1
473, 0, 93.3547366852739, 60.40671605853318, 103.59102085976593, 41.05106050350001, -1, -1, -1, -1
474, 0, 92.92035717019417, 60.411796503899836, 103.6136562835077, 41.04497881420001, -1, -1, -1, -1
475, 0, 92.48597765511444, 60.416876949266495, 103.63629170724946, 41.03889712490001, -1, -1, -1, -1
476, 0, 92.05159814003471, 60.421957394633154, 103.65892713099122, 41.032815435600014, -1, -1, -1, -1
477, 0, 91.61721862495497, 60.42703783999981, 103.68156255473298, 41.02673374630001, -1, -1, -1, -1
478, 0, 91.18283910987523, 60.43211828536647, 103.70419797847472, 41.02065205700001, -1, -1, -1, -1
479, 0, 90.7484595947955, 60.43719873073313, 103.72683340221649, 41.0145703677, -1, -1, -1, -1
480, 0, 90.31408007971578, 60.44227917609979, 103.74946882595825, 41.0084886784, -1, -1, -1, -1
481, 0, 89.87970056463604, 60.447359621466454, 103.77210424969999, 41.0024069891, -1, -1, -1, -1
482, 0, 89.36598284086239, 60.46729236132442, 103.77153256277498, 40.988452733796905, -1, -1, -1, -1
483, 0, 88.85226511708875, 60.48722510118238, 103.77096087584995, 40.9744984784938, -1, -1, -1, -1
484, 0, 88.33854739331511, 60.507157841040346, 103.77038918892492, 40.960544223190695, -1, -1, -1, -1
485, 0, 87.82482966954146, 60.52709058089831, 103.76981750199991, 40.9465899678876, -1, -1, -1, -1
486, 0, 87.3111119457678, 60.547023320756274, 103.7692458150749, 40.93263571258449, -1, -1, -1, -1
487, 0, 86.79739422199417, 60.56695606061424, 103.76867412814988, 40.91868145728139, -1, -1, -1, -1
488, 0, 86.28367649822053, 60.5868888004722, 103.76810244122487, 40.90472720197828, -1, -1, -1, -1
489, 0, 85.76995877444688, 60.606821540330166, 103.76753075429986, 40.89077294667518, -1, -1, -1, -1
490, 0, 85.25624105067322, 60.62675428018813, 103.76695906737484, 40.87681869137208, -1, -1, -1, -1
491, 0, 84.74252332689957, 60.646687020046095, 103.76638738044983, 40.862864436068975, -1, -1, -1, -1
492, 0, 84.22880560312592, 60.66661975990406, 103.76581569352481, 40.84891018076587, -1, -1, -1, -1
493, 0, 83.71508787935228, 60.68655249976202, 103.76524400659979, 40.83495592546277, -1, -1, -1, -1
494, 0, 83.20137015557864, 60.706485239619994, 103.76467231967477, 40.82100167015966, -1, -1, -1, -1
495, 0, 82.68765243180499, 60.72641797947796, 103.76410063274976, 40.807047414856555, -1, -1, -1, -1
496, 0, 82.17393470803134, 60.74635071933592, 103.76352894582475, 40.79309315955345, -1, -1, -1, -1
497, 0, 81.6602169842577, 60.766283459193886, 103.76295725889973, 40.779138904250345, -1, -1, -1, -1
498, 0, 81.14649926048406, 60.78621619905185, 103.7623855719747, 40.76518464894724, -1, -1, -1, -1
499, 0, 80.63278153671041, 60.806148938909814, 103.76181388504969, 40.75123039364414, -1, -1, -1, -1
500, 0, 80.11906381293676, 60.82608167876778, 103.76124219812468, 40.737276138341045, -1, -1, -1, -1
501, 0, 79.60534608916312, 60.84601441862574, 103.76067051119965, 40.72332188303794, -1, -1, -1, -1
502, 0, 79.09162836538948, 60.865947158483706, 103.76009882427462, 40.709367627734835, -1, -1, -1, -1
503, 0, 78.57791064161583, 60.88587989834167, 103.75952713734961, 40.69541337243173, -1, -1, -1, -1
504, 0, 78.06419291784218, 60.905812638199635, 103.7589554504246, 40.681459117128625, -1, -1, -1, -1
505, 0, 77.55047519406854, 60.9257453780576, 103.75838376349957, 40.66750486182552, -1, -1, -1, -1
506, 0, 77.0367574702949, 60.94567811791556, 103.75781207657455, 40.653550606522415, -1, -1, -1, -1
507, 0, 76.52303974652125, 60.96561085777353, 103.75724038964954, 40.63959635121932, -1, -1, -1, -1
508, 0, 76.0093220227476, 60.98554359763149, 103.75666870272453, 40.62564209591622, -1, -1, -1, -1
509, 0, 75.49560429897396, 61.005476337489455, 103.75609701579951, 40.611687840613115, -1, -1, -1, -1
510, 0, 74.98188657520032, 61.02540907734742, 103.75552532887448, 40.59773358531001, -1, -1, -1, -1
511, 0, 74.46816885142667, 61.04534181720538, 103.75495364194947, 40.583779330006905, -1, -1, -1, -1
512, 0, 73.95445112765302, 61.06527455706335, 103.75438195502446, 40.5698250747038, -1, -1, -1, -1
513, 0, 73.44073340387936, 61.08520729692131, 103.75381026809944, 40.555870819400695, -1, -1, -1, -1
514, 0, 72.92701568010571, 61.105140036779275, 103.75323858117443, 40.54191656409759, -1, -1, -1, -1
515, 0, 72.41329795633207, 61.12507277663724, 103.7526668942494, 40.52796230879449, -1, -1, -1, -1
516, 0, 71.89958023255844, 61.1450055164952, 103.75209520732437, 40.514008053491395, -1, -1, -1, -1
517, 0, 71.38586250878478, 61.16493825635317, 103.75152352039936, 40.50005379818829, -1, -1, -1, -1
518, 0, 70.87214478501113, 61.18487099621113, 103.75095183347435, 40.486099542885185, -1, -1, -1, -1
519, 0, 70.35842706123749, 61.204803736069096, 103.75038014654933, 40.47214528758208, -1, -1, -1, -1
520, 0, 69.84470933746385, 61.22473647592706, 103.74980845962432, 40.458191032278975, -1, -1, -1, -1
521, 0, 69.3309916136902, 61.24466921578503, 103.7492367726993, 40.44423677697586, -1, -1, -1, -1
522, 0, 68.81727388991655, 61.264601955642995, 103.74866508577429, 40.430282521672765, -1, -1, -1, -1
523, 0, 68.30355616614291, 61.28453469550096, 103.74809339884926, 40.41632826636966, -1, -1, -1, -1
524, 0, 67.78983844236927, 61.30446743535892, 103.74752171192424, 40.402374011066556, -1, -1, -1, -1
525, 0, 67.27612071859562, 61.32440017521689, 103.74695002499922, 40.38841975576346, -1, -1, -1, -1
526, 0, 66.76240299482197, 61.34433291507485, 103.74637833807421, 40.37446550046035, -1, -1, -1, -1
527, 0, 66.24868527104833, 61.364265654932815, 103.7458066511492, 40.36051124515725, -1, -1, -1, -1
528, 0, 65.73496754727469, 61.38419839479078, 103.74523496422418, 40.34655698985414, -1, -1, -1, -1
529, 0, 65.22124982350104, 61.40413113464874, 103.74466327729917, 40.33260273455104, -1, -1, -1, -1
530, 0, 64.70753209972739, 61.42406387450671, 103.74409159037415, 40.31864847924794, -1, -1, -1, -1
531, 0, 64.19381437595375, 61.44399661436467, 103.74351990344914, 40.304694223944836, -1, -1, -1, -1
532, 0, 63.6800966521801, 61.463929354222635, 103.74294821652413, 40.29073996864173, -1, -1, -1, -1
533, 0, 63.16637892840645, 61.4838620940806, 103.7423765295991, 40.27678571333863, -1, -1, -1, -1
534, 0, 62.570655308779834, 61.37375691336008, 103.74180484267433, 40.425437434404415, -1, -1, -1, -1
535, 0, 61.97493168915322, 61.26365173263956, 103.74123315574957, 40.57408915547019, -1, -1, -1, -1
536, 0, 61.37920806952661, 61.15354655191904, 103.7406614688248, 40.722740876535966, -1, -1, -1, -1
537, 0, 60.7834844499, 61.043441371198526, 103.74008978190002, 40.87139259760175, -1, -1, -1, -1
538, 0, 60.187760830258334, 61.05684684644947, 103.73951809497503, 40.87465237030244, -1, -1, -1, -1
539, 0, 59.59203721061667, 61.07025232170041, 103.73894640805003, 40.87791214300313, -1, -1, -1, -1
540, 0, 58.996313590975, 61.08365779695135, 103.73837472112501, 40.881171915703824, -1, -1, -1, -1
541, 0, 58.40058997133333, 61.09706327220229, 103.73780303420001, 40.88443168840452, -1, -1, -1, -1
542, 0, 57.804866351691665, 61.11046874745323, 103.73723134727501, 40.88769146110521, -1, -1, -1, -1
543, 0, 57.20914273205, 61.123874222704174, 103.73665966035, 40.89095123380591, -1, -1, -1, -1
544, 0, 56.61341911240833, 61.13727969795512, 103.73608797342499, 40.894211006506595, -1, -1, -1, -1
545, 0, 56.01769549276666, 61.150685173206064, 103.73551628649999, 40.89747077920729, -1, -1, -1, -1
546, 0, 55.421971873124996, 61.164090648457005, 103.73494459957499, 40.900730551907984, -1, -1, -1, -1
547, 0, 54.82624825348333, 61.17749612370795, 103.73437291264999, 40.90399032460867, -1, -1, -1, -1
548, 0, 54.23052463384166, 61.19090159895889, 103.73380122572499, 40.90725009730936, -1, -1, -1, -1
549, 0, 53.634801014199994, 61.20430707420983, 103.73322953879999, 40.91050987001005, -1, -1, -1, -1
550, 0, 53.039077394558326, 61.21771254946077, 103.73265785187499, 40.91376964271075, -1, -1, -1, -1
551, 0, 52.44335377491666, 61.23111802471171, 103.73208616494998, 40.917029415411434, -1, -1, -1, -1
552, 0, 51.847630155275, 61.24452349996265, 103.73151447802498, 40.92028918811212, -1, -1, -1, -1
553, 0, 51.25190653563333, 61.257928975213595, 103.73094279109998, 40.923548960812816, -1, -1, -1, -1
554, 0, 50.656182915991664, 61.271334450464536, 103.73037110417496, 40.92680873351351, -1, -1, -1, -1
555, 0, 50.06045929635, 61.284739925715485, 103.72979941724996, 40.9300685062142, -1, -1, -1, -1
556, 0, 49.46473567670833, 61.298145400966426, 103.72922773032496, 40.93332827891489, -1, -1, -1, -1
557, 0, 48.86901205706666, 61.31155087621737, 103.72865604339995, 40.93658805161559, -1, -1, -1, -1
558, 0, 48.273288437424995, 61.32495635146831, 103.72808435647495, 40.939847824316274, -1, -1, -1, -1
559, 0, 47.67756481778333, 61.33836182671925, 103.72751266954995, 40.94310759701696, -1, -1, -1, -1
560, 0, 47.08184119814166, 61.35176730197019, 103.72694098262497, 40.94636736971765, -1, -1, -1, -1
561, 0, 46.48611757849999, 61.36517277722113, 103.72636929569997, 40.94962714241834, -1, -1, -1, -1
562, 0, 45.89039395886233, 61.399264403712614, 103.72579760877699, 40.921857688254214, -1, -1, -1, -1
563, 0, 45.294670339224666, 61.433356030204095, 103.725225921854, 40.894088234090084, -1, -1, -1, -1
564, 0, 44.698946719587006, 61.46744765669558, 103.72465423493102, 40.866318779925955, -1, -1, -1, -1
565, 0, 44.103223099949346, 61.501539283187064, 103.72408254800804, 40.838549325761825, -1, -1, -1, -1
566, 0, 43.50749948031169, 61.535630909678545, 103.72351086108506, 40.81077987159769, -1, -1, -1, -1
567, 0, 42.91177586067403, 61.56972253617003, 103.72293917416208, 40.78301041743356, -1, -1, -1, -1
568, 0, 42.31605224103637, 61.603814162661514, 103.7223674872391, 40.75524096326943, -1, -1, -1, -1
569, 0, 41.72032862139871, 61.637905789152995, 103.72179580031612, 40.7274715091053, -1, -1, -1, -1
570, 0, 41.12460500176105, 61.67199741564448, 103.72122411339313, 40.69970205494117, -1, -1, -1, -1
571, 0, 40.52888138212339, 61.706089042135964, 103.72065242647014, 40.67193260077703, -1, -1, -1, -1
572, 0, 39.93315776248572, 61.740180668627445, 103.72008073954716, 40.6441631466129, -1, -1, -1, -1
573, 0, 39.33743414284806, 61.774272295118934, 103.71950905262418, 40.61639369244877, -1, -1, -1, -1
574, 0, 38.7417105232104, 61.808363921610415, 103.7189373657012, 40.58862423828464, -1, -1, -1, -1
575, 0, 38.145986903572734, 61.842455548101896, 103.71836567877821, 40.56085478412051, -1, -1, -1, -1
576, 0, 37.550263283935074, 61.876547174593384, 103.71779399185523, 40.53308532995638, -1, -1, -1, -1
577, 0, 36.954539664297414, 61.910638801084865, 103.71722230493225, 40.50531587579224, -1, -1, -1, -1
578, 0, 36.358816044659754, 61.944730427576346, 103.71665061800927, 40.477546421628105, -1, -1, -1, -1
579, 0, 35.763092425022094, 61.978822054067834, 103.71607893108629, 40.449776967463976, -1, -1, -1, -1
580, 0, 35.167368805384434, 62.012913680559315, 103.7155072441633, 40.422007513299846, -1, -1, -1, -1
581, 0, 34.571645185746775, 62.047005307050796, 103.71493555724032, 40.39423805913571, -1, -1, -1, -1
582, 0, 33.94853120942399, 62.06610671765284, 103.67670935743865, 40.3576267560764, -1, -1, -1, -1
583, 0, 33.325417233101206, 62.08520812825489, 103.63848315763697, 40.32101545301708, -1, -1, -1, -1
584, 0, 32.70230325677842, 62.10430953885694, 103.60025695783528, 40.284404149957766, -1, -1, -1, -1
585, 0, 32.079189280455644, 62.123410949458986, 103.56203075803361, 40.24779284689845, -1, -1, -1, -1
586, 0, 31.456075304132863, 62.14251236006103, 103.52380455823193, 40.21118154383913, -1, -1, -1, -1
587, 0, 30.832961327810082, 62.16161377066308, 103.48557835843025, 40.17457024077981, -1, -1, -1, -1
588, 0, 30.209847351487298, 62.18071518126513, 103.44735215862858, 40.137958937720484, -1, -1, -1, -1
589, 0, 29.586733375164517, 62.199816591867176, 103.40912595882689, 40.10134763466117, -1, -1, -1, -1
590, 0, 28.963619398841736, 62.21891800246922, 103.3708997590252, 40.06473633160185, -1, -1, -1, -1
591, 0, 28.34050542251895, 62.23801941307127, 103.33267355922354, 40.02812502854253, -1, -1, -1, -1
592, 0, 27.71739144619617, 62.25712082367332, 103.29444735942185, 39.991513725483216, -1, -1, -1, -1
593, 0, 27.09427746987339, 62.276222234275366, 103.25622115962017, 39.9549024224239, -1, -1, -1, -1
594, 0, 26.471163493550605, 62.29532364487741, 103.21799495981848, 39.91829111936458, -1, -1, -1, -1
595, 0, 25.848049517227825, 62.31442505547946, 103.1797687600168, 39.881679816305265, -1, -1, -1, -1
596, 0, 25.224935540905044, 62.33352646608151, 103.14154256021511, 39.84506851324595, -1, -1, -1, -1
597, 0, 24.60182156458226, 62.352627876683556, 103.10331636041343, 39.80845721018663, -1, -1, -1, -1
598, 0, 23.978707588259475, 62.3717292872856, 103.06509016061176, 39.771845907127314, -1, -1, -1, -1
599, 0, 23.355593611936694, 62.39083069788765, 103.02686396081008, 39.73523460406799, -1, -1, -1, -1
600, 0, 22.732479635613913, 62.4099321084897, 102.98863776100839, 39.698623301008666, -1, -1, -1, -1
601, 0, 22.10936565929113, 62.429033519091746, 102.95041156120672, 39.66201199794935, -1, -1, -1, -1
602, 0, 21.486251682968348, 62.44813492969379, 102.91218536140504, 39.62540069489003, -1, -1, -1, -1
603, 0, 20.863137706645567, 62.46723634029584, 102.87395916160335, 39.588789391830716, -1, -1, -1, -1
604, 0, 20.240023730322783, 62.48633775089789, 102.83573296180168, 39.5521780887714, -1, -1, -1, -1
605, 0, 19.616909754, 62.505439161499936, 102.797506762, 39.51556678571209, -1, -1, -1, -1
606, 0, 19.001200479540714, 62.502326466509054, 102.75187586033428, 39.55004062056507, -1, -1, -1, -1
607, 0, 18.38549120508143, 62.49921377151817, 102.70624495866856, 39.58451445541805, -1, -1, -1, -1
608, 0, 17.76978193062214, 62.49610107652728, 102.66061405700285, 39.618988290271034, -1, -1, -1, -1
609, 0, 17.154072656162853, 62.4929883815364, 102.61498315533713, 39.653462125124015, -1, -1, -1, -1
610, 0, 16.53836338170357, 62.48987568654552, 102.56935225367141, 39.687935959977, -1, -1, -1, -1
611, 0, 15.92265410724428, 62.48676299155463, 102.52372135200571, 39.722409794829986, -1, -1, -1, -1
612, 0, 15.306944832784994, 62.483650296563745, 102.47809045033999, 39.75688362968297, -1, -1, -1, -1
613, 0, 14.691235558325708, 62.48053760157286, 102.43245954867427, 39.79135746453595, -1, -1, -1, -1
614, 0, 14.075526283866422, 62.47742490658198, 102.38682864700856, 39.82583129938894, -1, -1, -1, -1
615, 0, 13.459817009407136, 62.4743122115911, 102.34119774534284, 39.860305134241926, -1, -1, -1, -1
616, 0, 12.844107734947848, 62.47119951660021, 102.29556684367712, 39.894778969094915, -1, -1, -1, -1
617, 0, 12.228398460488561, 62.468086821609326, 102.2499359420114, 39.9292528039479, -1, -1, -1, -1
618, 0, 11.612689186029275, 62.46497412661844, 102.20430504034569, 39.96372663880088, -1, -1, -1, -1
619, 0, 10.996979911569987, 62.461861431627554, 102.15867413867997, 39.99820047365387, -1, -1, -1, -1
620, 0, 10.3812706371107, 62.45874873663667, 102.11304323701425, 40.03267430850685, -1, -1, -1, -1
621, 0, 9.765561362651415, 62.45563604164579, 102.06741233534854, 40.06714814335983, -1, -1, -1, -1
622, 0, 9.132574450511848, 62.50435625971154, 102.03905907137126, 39.98067851440667, -1, -1, -1, -1
623, 0, 8.499587538372282, 62.553076477777296, 102.01070580739398, 39.89420888545351, -1, -1, -1, -1
624, 0, 7.8666006262327155, 62.60179669584305, 101.98235254341671, 39.80773925650035, -1, -1, -1, -1
625, 0, 7.233613714093149, 62.6505169139088, 101.95399927943943, 39.72126962754719, -1, -1, -1, -1
626, 0, 6.600626801953583, 62.699237131974556, 101.92564601546215, 39.63479999859403, -1, -1, -1, -1
627, 0, 5.967639889814016, 62.74795735004031, 101.89729275148488, 39.54833036964087, -1, -1, -1, -1
628, 0, 5.33465297767445, 62.79667756810606, 101.86893948750762, 39.46186074068771, -1, -1, -1, -1
629, 0, 4.7016660655348845, 62.845397786171816, 101.84058622353035, 39.37539111173456, -1, -1, -1, -1
630, 0, 4.068679153395318, 62.89411800423757, 101.81223295955307, 39.2889214827814, -1, -1, -1, -1
631, 0, 3.4356922412557522, 62.94283822230332, 101.78387969557579, 39.20245185382824, -1, -1, -1, -1
632, 0, 2.8027053291161863, 62.991558440369076, 101.75552643159853, 39.11598222487508, -1, -1, -1, -1
633, 0, 2.16971841697662, 63.04027865843483, 101.72717316762125, 39.02951259592192, -1, -1, -1, -1
634, 0, 1.8985036148545424, 63.100711040555446, 101.33704779361855, 38.97965017746917, -1, -1, -1, -1
635, 0, 1.627288812732465, 63.16114342267606, 100.94692241961585, 38.92978775901641, -1, -1, -1, -1
636, 0, 1.3560740106103875, 63.22157580479667, 100.55679704561314, 38.87992534056366, -1, -1, -1, -1
637, 0, 1.08485920848831, 63.28200818691729, 100.16667167161044, 38.830062922110905, -1, -1, -1, -1
638, 0, 0.8136444063662325, 63.342440569037905, 99.77654629760775, 38.78020050365815, -1, -1, -1, -1
639, 0, 0.542429604244155, 63.402872951158514, 99.38642092360504, 38.73033808520539, -1, -1, -1, -1
640, 0, 0.2712148021220775, 63.46330533327913, 98.99629554960234, 38.680475666752635, -1, -1, -1, -1
641, 0, 0.0, 63.52373771539975, 98.60617017559963, 38.63061324829988, -1, -1, -1, -1
642, 0, 2.577944798382325e-15, 63.52673448283728, 97.81452336361782, 38.63818644452489, -1, -1, -1, -1
643, 0, 5.15588959676465e-15, 63.52973125027481, 97.02287655163602, 38.64575964074991, -1, -1, -1, -1
644, 0, 7.733834395146975e-15, 63.53272801771234, 96.2312297396542, 38.653332836974926, -1, -1, -1, -1
645, 0, 1.03117791935293e-14, 63.53572478514987, 95.43958292767239, 38.660906033199936, -1, -1, -1, -1
646, 0, 1.2889723991911625e-14, 63.5387215525874, 94.64793611569058, 38.66847922942495, -1, -1, -1, -1
647, 0, 1.546766879029395e-14, 63.54171832002493, 93.85628930370879, 38.67605242564997, -1, -1, -1, -1
648, 0, 1.8045613588676274e-14, 63.544715087462464, 93.06464249172699, 38.68362562187498, -1, -1, -1, -1
649, 0, 2.06235583870586e-14, 63.547711854899994, 92.27299567974518, 38.6911988181, -1, -1, -1, -1
650, 0, 1.8904928521470383e-14, 63.55070862234166, 91.5298463246749, 38.69877201431665, -1, -1, -1, -1
651, 0, 1.7186298655882166e-14, 63.55370538978332, 90.78669696960462, 38.70634521053331, -1, -1, -1, -1
652, 0, 1.546766879029395e-14, 63.556702157224976, 90.04354761453433, 38.71391840674996, -1, -1, -1, -1
653, 0, 1.3749038924705733e-14, 63.55969892466664, 89.30039825946406, 38.721491602966616, -1, -1, -1, -1
654, 0, 1.2030409059117516e-14, 63.562695692108306, 88.55724890439379, 38.72906479918328, -1, -1, -1, -1
655, 0, 1.03117791935293e-14, 63.565692459549965, 87.81409954932352, 38.73663799539993, -1, -1, -1, -1
656, 0, 8.593149327941083e-15, 63.56868922699162, 87.07095019425324, 38.744211191616586, -1, -1, -1, -1
657, 0, 6.8745194623528664e-15, 63.57168599443328, 86.32780083918296, 38.75178438783324, -1, -1, -1, -1
658, 0, 5.15588959676465e-15, 63.57468276187494, 85.58465148411267, 38.759357584049894, -1, -1, -1, -1
659, 0, 3.4372597311764332e-15, 63.577679529316605, 84.8415021290424, 38.76693078026655, -1, -1, -1, -1
660, 0, 1.7186298655882166e-15, 63.58067629675827, 84.09835277397212, 38.7745039764832, -1, -1, -1, -1
661, 0, 0.0, 63.58367306419993, 83.35520341890184, 38.78207717269986, -1, -1, -1, -1
662, 0, 0.0, 63.586669831649935, 82.74226046380585, 38.789650368924875, -1, -1, -1, -1
663, 0, 0.0, 63.58966659909994, 82.12931750870987, 38.79722356514989, -1, -1, -1, -1
664, 0, 0.0, 63.59266336654994, 81.5163745536139, 38.8047967613749, -1, -1, -1, -1
665, 0, 0.0, 63.59566013399995, 80.90343159851793, 38.81236995759992, -1, -1, -1, -1
666, 0, 0.0, 63.59865690144996, 80.29048864342195, 38.81994315382494, -1, -1, -1, -1
667, 0, 0.0, 63.60165366889996, 79.67754568832598, 38.82751635004996, -1, -1, -1, -1
668, 0, 0.0, 63.604650436349964, 79.06460273323, 38.83508954627498, -1, -1, -1, -1
669, 0, 0.0, 63.60764720379997, 78.45165977813402, 38.842662742499996, -1, -1, -1, -1
670, 0, 0.0, 63.610643971242396, 78.19956596850045, 38.850235938707485, -1, -1, -1, -1
671, 0, 0.0, 63.613640738684815, 77.94747215886689, 38.85780913491498, -1, -1, -1, -1
672, 0, 0.0, 63.61663750612723, 77.69537834923332, 38.865382331122476, -1, -1, -1, -1
673, 0, 0.0, 63.61963427356966, 77.44328453959976, 38.872955527329964, -1, -1, -1, -1
674, 0, 1.2971421432770292e-15, 63.63568206442724, 76.60151979074995, 38.867477700147475, -1, -1, -1, -1
675, 0, 2.5942842865540584e-15, 63.65172985528483, 75.75975504190014, 38.86199987296499, -1, -1, -1, -1
676, 0, 3.8914264298310876e-15, 63.66777764614241, 74.91799029305032, 38.8565220457825, -1, -1, -1, -1
677, 0, 5.188568573108117e-15, 63.683825436999996, 74.07622554420051, 38.8510442186, -1, -1, -1, -1
678, 0, 3.8914264298310876e-15, 63.69987322784956, 73.59530994080038, 38.84556639140045, -1, -1, -1, -1
679, 0, 2.5942842865540584e-15, 63.71592101869912, 73.11439433740026, 38.840088564200904, -1, -1, -1, -1
680, 0, 1.2971421432770292e-15, 63.731968809548675, 72.63347873400012, 38.834610737001356, -1, -1, -1, -1
681, 0, 0.0, 63.74801660039824, 72.15256313059999, 38.82913290980181, -1, -1, -1, -1
682, 0, 0.0, 63.75571300617338, 71.4099980671414, 38.83200646769332, -1, -1, -1, -1
683, 0, 0.0, 63.76340941194853, 70.66743300368283, 38.83488002558484, -1, -1, -1, -1
684, 0, 0.0, 63.77110581772368, 69.92486794022426, 38.837753583476356, -1, -1, -1, -1
685, 0, 0.0, 63.77880222349883, 69.18230287676568, 38.840627141367875, -1, -1, -1, -1
686, 0, 0.0, 63.78649862927398, 68.43973781330709, 38.84350069925939, -1, -1, -1, -1
687, 0, 0.0, 63.79419503504913, 67.69717274984852, 38.8463742571509, -1, -1, -1, -1
688, 0, 0.0, 63.80189144082428, 66.95460768638995, 38.84924781504242, -1, -1, -1, -1
689, 0, 0.0, 63.80958784659942, 66.21204262293136, 38.85212137293393, -1, -1, -1, -1
690, 0, 0.0, 63.81728425237456, 65.46947755947278, 38.85499493082544, -1, -1, -1, -1
691, 0, 0.0, 63.82498065814971, 64.72691249601421, 38.85786848871696, -1, -1, -1, -1
692, 0, 0.0, 63.83267706392486, 63.98434743255563, 38.86074204660848, -1, -1, -1, -1
693, 0, 0.0, 63.84037346970001, 63.24178236909705, 38.8636156045, -1, -1, -1, -1
694, 0, 0.0, 63.84806987547393, 62.82411685497277, 38.866489162376, -1, -1, -1, -1
695, 0, 0.0, 63.85576628124785, 62.40645134084849, 38.869362720252006, -1, -1, -1, -1
696, 0, 0.0, 63.86346268702178, 61.98878582672421, 38.872236278128014, -1, -1, -1, -1
697, 0, 0.0, 63.8711590927957, 61.57112031259993, 38.875109836004015, -1, -1, -1, -1
698, 0, 3.8587729457035405e-15, 63.888045196921766, 60.74052980811578, 38.86879369555301, -1, -1, -1, -1
699, 0, 7.717545891407081e-15, 63.90493130104784, 59.90993930363164, 38.862477555102004, -1, -1, -1, -1
700, 0, 1.1576318837110622e-14, 63.92181740517391, 59.079348799147496, 38.856161414651, -1, -1, -1, -1
701, 0, 1.5435091782814162e-14, 63.938703509299984, 58.24875829466335, 38.849845274199986, -1, -1, -1, -1
702, 0, 1.447039854638828e-14, 63.95558961342377, 57.629730700628116, 38.843529133738656, -1, -1, -1, -1
703, 0, 1.3505705309962393e-14, 63.97247571754755, 57.010703106592885, 38.83721299327732, -1, -1, -1, -1
704, 0, 1.2541012073536506e-14, 63.98936182167134, 56.391675512557654, 38.83089685281599, -1, -1, -1, -1
705, 0, 1.1576318837110622e-14, 64.00624792579512, 55.77264791852242, 38.82458071235466, -1, -1, -1, -1
706, 0, 1.0611625600684737e-14, 64.02313402991891, 55.15362032448719, 38.81826457189332, -1, -1, -1, -1
707, 0, 9.64693236425885e-15, 64.04002013404269, 54.53459273045197, 38.81194843143199, -1, -1, -1, -1
708, 0, 8.682239127832966e-15, 64.05690623816648, 53.915565136416745, 38.805632290970664, -1, -1, -1, -1
709, 0, 7.717545891407081e-15, 64.07379234229026, 53.296537542381515, 38.79931615050933, -1, -1, -1, -1
710, 0, 6.752852654981196e-15, 64.09067844641405, 52.677509948346284, 38.79300001004799, -1, -1, -1, -1
711, 0, 5.788159418555311e-15, 64.10756455053783, 52.05848235431105, 38.78668386958666, -1, -1, -1, -1
712, 0, 4.823466182129425e-15, 64.12445065466162, 51.43945476027582, 38.78036772912533, -1, -1, -1, -1
713, 0, 3.8587729457035405e-15, 64.1413367587854, 50.8204271662406, 38.774051588663994, -1, -1, -1, -1
714, 0, 2.8940797092776554e-15, 64.15822286290918, 50.201399572205375, 38.767735448202664, -1, -1, -1, -1
715, 0, 1.9293864728517703e-15, 64.17510896703297, 49.582371978170144, 38.761419307741335, -1, -1, -1, -1
716, 0, 9.646932364258851e-16, 64.19199507115675, 48.96334438413491, 38.75510316728, -1, -1, -1, -1
717, 0, 0.0, 64.20888117528054, 48.34431679009968, 38.74878702681867, -1, -1, -1, -1
718, 0, 0.0, 64.28090546949734, 47.68297661397472, 38.825178171499275, -1, -1, -1, -1
719, 0, 0.0, 64.35292976371414, 47.021636437849764, 38.90156931617989, -1, -1, -1, -1
720, 0, 0.0, 64.42495405793096, 46.3602962617248, 38.9779604608605, -1, -1, -1, -1
721, 0, 0.0, 64.49697835214776, 45.69895608559984, 39.05435160554111, -1, -1, -1, -1
722, 0, 0.0, 64.33926018765322, 45.03761590947485, 39.188178364888316, -1, -1, -1, -1
723, 0, 0.0, 64.1815420231587, 44.37627573334986, 39.322005124235524, -1, -1, -1, -1
724, 0, 0.0, 64.02382385866416, 43.71493555722486, 39.45583188358273, -1, -1, -1, -1
725, 0, 0.0, 63.866105694169626, 43.053595381099875, 39.58965864292994, -1, -1, -1, -1
726, 0, 0.0, 64.32103408622108, 42.39225520497713, 39.11083884573354, -1, -1, -1, -1
727, 0, 0.0, 64.77596247827252, 41.7309150288544, 38.632019048537146, -1, -1, -1, -1
728, 0, 0.0, 65.23089087032396, 41.069574852731655, 38.153199251340745, -1, -1, -1, -1
729, 0, 0.0, 65.6858192623754, 40.40823467660891, 37.67437945414434, -1, -1, -1, -1
730, 0, 0.0, 66.14074765442686, 39.74689450048617, 37.19555965694795, -1, -1, -1, -1
731, 0, 0.0, 66.5956760464783, 39.08555432436343, 36.71673985975155, -1, -1, -1, -1
732, 0, 0.0, 67.05060443852975, 38.424214148240694, 36.23792006255515, -1, -1, -1, -1
733, 0, 0.0, 67.50553283058119, 37.76287397211795, 35.759100265358754, -1, -1, -1, -1
734, 0, 0.0, 67.96046122263263, 37.10153379599521, 35.28028046816235, -1, -1, -1, -1
735, 0, 0.0, 68.41538961468407, 36.440193619872474, 34.80146067096595, -1, -1, -1, -1
736, 0, 0.0, 68.87031800673552, 35.77885344374973, 34.32264087376956, -1, -1, -1, -1
737, 0, 0.0, 69.32524639878696, 35.11751326762699, 33.84382107657316, -1, -1, -1, -1
738, 0, 0.0, 69.39727065958803, 34.45047114268911, 33.7771222806591, -1, -1, -1, -1
739, 0, 0.0, 69.4692949203891, 33.783429017751224, 33.710423484745036, -1, -1, -1, -1
740, 0, 0.0, 69.54131918119018, 33.11638689281334, 33.64372468883097, -1, -1, -1, -1
741, 0, 0.0, 69.61334344199125, 32.44934476787546, 33.57702589291691, -1, -1, -1, -1
742, 0, 0.0, 69.68536770279232, 31.78230264293758, 33.51032709700284, -1, -1, -1, -1
743, 0, 0.0, 69.75739196359339, 31.115260517999697, 33.44362830108877, -1, -1, -1, -1
744, 0, 0.0, 69.82941622439446, 30.448218393061815, 33.3769295051747, -1, -1, -1, -1
745, 0, 0.0, 69.90144048519554, 29.781176268123936, 33.31023070926064, -1, -1, -1, -1
746, 0, 0.0, 69.97346474599661, 29.114134143186053, 33.24353191334657, -1, -1, -1, -1
747, 0, 0.0, 70.04548900679768, 28.44709201824817, 33.17683311743251, -1, -1, -1, -1
748, 0, 0.0, 70.11751326759875, 27.78004989331029, 33.110134321518444, -1, -1, -1, -1
749, 0, 0.0, 70.18953752839982, 27.11300776837241, 33.04343552560438, -1, -1, -1, -1
750, 0, 0.0, 70.26156178920817, 26.491194699983033, 32.731678107078665, -1, -1, -1, -1
751, 0, 0.0, 70.33358605001652, 25.869381631593654, 32.41992068855294, -1, -1, -1, -1
752, 0, 0.0, 70.40561031082487, 25.247568563204275, 32.10816327002722, -1, -1, -1, -1
753, 0, 0.0, 70.47763457163322, 24.6257554948149, 31.796405851501504, -1, -1, -1, -1
754, 0, 0.0, 70.54965883244157, 24.003942426425525, 31.484648432975785, -1, -1, -1, -1
755, 0, 0.0, 70.62168309324991, 23.382129358036146, 31.172891014450066, -1, -1, -1, -1
756, 0, 0.0, 70.69370735405826, 22.76031628964677, 30.861133595924347, -1, -1, -1, -1
757, 0, 0.0, 70.7657316148666, 22.138503221257395, 30.549376177398628, -1, -1, -1, -1
758, 0, 0.0, 70.83775587567494, 21.516690152868016, 30.23761875887291, -1, -1, -1, -1
759, 0, 0.0, 70.90978013648329, 20.89487708447864, 29.92586134034719, -1, -1, -1, -1
760, 0, 0.0, 70.98180439729164, 20.273064016089265, 29.61410392182147, -1, -1, -1, -1
761, 0, 0.0, 71.05382865809999, 19.651250947699886, 29.30234650329575, -1, -1, -1, -1
762, 0, 2.6913374325205077e-32, 70.93779699850091, 19.006823351024906, 28.868409909220823, -1, -1, -1, -1
763, 0, 5.382674865041015e-32, 70.82176533890186, 18.362395754349926, 28.434473315145894, -1, -1, -1, -1
764, 0, 8.074012297561523e-32, 70.7057336793028, 17.717968157674946, 28.000536721070965, -1, -1, -1, -1
765, 0, 1.076534973008203e-31, 70.58970201970374, 17.07354056099997, 27.566600126996036, -1, -1, -1, -1
766, 0, 8.074012297561523e-32, 70.62003974219901, 16.429112964349972, 26.98629415085078, -1, -1, -1, -1
767, 0, 5.382674865041015e-32, 70.65037746469429, 15.784685367699975, 26.40598817470553, -1, -1, -1, -1
768, 0, 2.6913374325205077e-32, 70.68071518718956, 15.140257771049978, 25.82568219856028, -1, -1, -1, -1
769, 0, 0.0, 70.71105290968484, 14.495830174399982, 25.245376222415025, -1, -1, -1, -1
770, 0, 0.0, 70.62429512651907, 13.85140257772498, 24.78216575193079, -1, -1, -1, -1
771, 0, 0.0, 70.5375373433533, 13.206974981049978, 24.31895528144656, -1, -1, -1, -1
772, 0, 0.0, 70.45077956018753, 12.562547384374977, 23.855744810962328, -1, -1, -1, -1
773, 0, 0.0, 70.36402177702176, 11.918119787699975, 23.392534340478093, -1, -1, -1, -1
774, 0, 0.0, 70.48495881093456, 11.273692191024972, 23.420122471540417, -1, -1, -1, -1
775, 0, 0.0, 70.60589584484737, 10.62926459434997, 23.44771060260274, -1, -1, -1, -1
776, 0, 0.0, 70.72683287876018, 9.984836997674968, 23.475298733665063, -1, -1, -1, -1
777, 0, 0.0, 70.84776991267299, 9.340409400999965, 23.50288686472739, -1, -1, -1, -1
778, 0, 0.0, 71.08960003825906, 8.695981804343507, 22.361841776158826, -1, -1, -1, -1
779, 0, 0.0, 71.33143016384514, 8.051554207687047, 21.220796687590266, -1, -1, -1, -1
780, 0, 0.0, 71.57326028943123, 7.407126611030589, 20.079751599021705, -1, -1, -1, -1
781, 0, 0.0, 71.81509041501731, 6.76269901437413, 18.938706510453144, -1, -1, -1, -1
782, 0, 0.0, 72.05692054060339, 6.118271417717671, 17.79766142188459, -1, -1, -1, -1
783, 0, 0.0, 72.29875066618948, 5.473843821061212, 16.656616333316034, -1, -1, -1, -1
784, 0, 0.0, 72.54058079177555, 4.829416224404753, 15.515571244747479, -1, -1, -1, -1
785, 0, 0.0, 72.78241091736163, 4.184988627748294, 14.374526156178923, -1, -1, -1, -1
786, 0, 0.0, 72.78241091736163, 4.184988627748294, 14.374526156178923, -1, -1, -1, -1
787, 0, 0.0, 72.78241091736163, 4.184988627748294, 14.374526156178923, -1, -1, -1, -1
788, 0, 0.0, 72.78241091736163, 4.184988627748294, 14.374526156178923, -1, -1, -1, -1
