1, 1603471400411033364
2, 1603471400413724928
3, 1603471400416416512
4, 1603471400419108352
5, 1603471400421799936
6, 1603471400424491520
7, 1603471400427183360
8, 1603471400429875200
9, 1603471400432566784
10, 1603471400435258368
11, 1603471400437950208
12, 1603471400440642048
13, 1603471400443333632
14, 1603471400446025216
15, 1603471400448717056
16, 1603471400451408640
17, 1603471400454100364
18, 1603471400456792320
19, 1603471400459483904
20, 1603471400462175744
21, 1603471400464867328
22, 1603471400467558912
23, 1603471400470250496
24, 1603471400472942080
25, 1603471400475633920
26, 1603471400478325760
27, 1603471400481017344
28, 1603471400483708928
29, 1603471400486400768
30, 1603471400489092608
31, 1603471400491784192
32, 1603471400494475776
33, 1603471400497167364
34, 1603471400499858944
35, 1603471400502550528
36, 1603471400505242112
37, 1603471400507933952
38, 1603471400510625792
39, 1603471400513317376
40, 1603471400516008960
41, 1603471400518700800
42, 1603471400521392640
43, 1603471400524084224
44, 1603471400526775808
45, 1603471400529467648
46, 1603471400532159488
47, 1603471400534851072
48, 1603471400537542656
49, 1603471400540234364
50, 1603471400542925824
51, 1603471400545617408
52, 1603471400548308992
53, 1603471400551000832
54, 1603471400553692672
55, 1603471400556384256
56, 1603471400559075840
57, 1603471400561767680
58, 1603471400564459520
59, 1603471400567151104
60, 1603471400569842688
61, 1603471400572534528
62, 1603471400575226368
63, 1603471400577917952
64, 1603471400580609536
65, 1603471400583301364
66, 1603471400585993216
67, 1603471400588685056
68, 1603471400591376896
69, 1603471400594068480
70, 1603471400596760064
71, 1603471400599451904
72, 1603471400602143744
73, 1603471400604835328
74, 1603471400607527168
75, 1603471400610219008
76, 1603471400612910592
77, 1603471400615602432
78, 1603471400618294272
79, 1603471400620985856
80, 1603471400623677696
81, 1603471400626369364
82, 1603471400629060864
83, 1603471400631752448
84, 1603471400634444288
85, 1603471400637135872
86, 1603471400639827456
87, 1603471400642519296
88, 1603471400645211136
89, 1603471400647902720
90, 1603471400650594304
91, 1603471400653286144
92, 1603471400655977984
93, 1603471400658669568
94, 1603471400661361152
95, 1603471400664052992
96, 1603471400666744576
97, 1603471400669436364
98, 1603471400672128256
99, 1603471400674819840
100, 1603471400677511680
101, 1603471400680203264
102, 1603471400682894848
103, 1603471400685586432
104, 1603471400688278016
105, 1603471400690969856
106, 1603471400693661696
107, 1603471400696353280
108, 1603471400699044864
109, 1603471400701736704
110, 1603471400704428544
111, 1603471400707120128
112, 1603471400709811712
113, 1603471400712503364
114, 1603471400715194880
115, 1603471400717886464
116, 1603471400720578048
117, 1603471400723269888
118, 1603471400725961728
119, 1603471400728653312
120, 1603471400731344896
121, 1603471400734036736
122, 1603471400736728576
123, 1603471400739420160
124, 1603471400742111744
125, 1603471400744803584
126, 1603471400747495424
127, 1603471400750187008
128, 1603471400752878592
129, 1603471400755570364
130, 1603471400758262272
131, 1603471400760953856
132, 1603471400763645440
133, 1603471400766337280
134, 1603471400769029120
135, 1603471400771720704
136, 1603471400774412288
137, 1603471400777103872
138, 1603471400779795456
139, 1603471400782487296
140, 1603471400785179136
141, 1603471400787870720
142, 1603471400790562304
143, 1603471400793254144
144, 1603471400795945728
145, 1603471400798637364
146, 1603471400801328896
147, 1603471400804020736
148, 1603471400806712320
149, 1603471400809404160
150, 1603471400812096000
151, 1603471400814787584
152, 1603471400817479424
153, 1603471400820171264
154, 1603471400822863104
155, 1603471400825554944
156, 1603471400828246528
157, 1603471400830938368
158, 1603471400833630208
159, 1603471400836321792
160, 1603471400839013632
161, 1603471400841705364, 0, 238.07142857142856, 33.0, 1.928571428571428, 17.142857142857142
162, 1603471400844397312, 0, 237.5009204712813, 32.691688144329895, 2.4990795287187013, 18.057575478645063
163, 1603471400847088896, 0, 236.93041237113403, 32.38337628865979, 3.0695876288659747, 18.972293814432987
164, 1603471400849780736, 0, 236.35990427098676, 32.07506443298969, 3.640095729013248, 19.88701215022091
165, 1603471400852472320, 0, 235.78939617083947, 31.766752577319586, 4.2106038291605214, 20.801730486008836
166, 1603471400855163904, 0, 235.21888807069217, 31.458440721649485, 4.781111929307794, 21.71644882179676
167, 1603471400857855488, 0, 234.6483799705449, 31.150128865979383, 5.351620029455068, 22.631167157584684
168, 1603471400860547072, 0, 234.07787187039764, 30.841817010309278, 5.922128129602342, 23.54588549337261
169, 1603471400863238912, 0, 233.50736377025038, 30.533505154639176, 6.492636229749615, 24.460603829160533
170, 1603471400865930752, 0, 232.9368556701031, 30.225193298969074, 7.063144329896888, 25.375322164948457
171, 1603471400868622336, 0, 232.36634756995582, 29.91688144329897, 7.633652430044162, 26.29004050073638
172, 1603471400871313920, 0, 231.79583946980853, 29.608569587628867, 8.204160530191434, 27.204758836524306
173, 1603471400874005760, 0, 231.22533136966126, 29.300257731958766, 8.774668630338708, 28.119477172312227
174, 1603471400876697600, 0, 230.654823269514, 28.99194587628866, 9.345176730485981, 29.034195508100147
175, 1603471400879389184, 0, 230.08431516936673, 28.68363402061856, 9.915684830633253, 29.94891384388807
176, 1603471400882080768, 0, 229.51380706921947, 28.375322164948457, 10.486192930780527, 30.863632179675996
177, 1603471400884772364, 0, 228.94329896907217, 28.067010309278352, 11.056701030927801, 31.77835051546392
178, 1603471400887463936, 0, 228.38659793814264, 27.977126288660955, 11.613402061857313, 32.11785390647917
179, 1603471400890155520, 0, 227.82989690721314, 27.887242268043558, 12.170103092786825, 32.45735729749442
180, 1603471400892847104, 0, 227.27319587628364, 27.79735824742616, 12.726804123716338, 32.79686068850967
181, 1603471400895538944, 0, 226.71649484535413, 27.70747422680876, 13.28350515464585, 33.13636407952492
182, 1603471400898230784, 0, 226.15979381442463, 27.61759020619136, 13.840206185575362, 33.475867470540166
183, 1603471400900922368, 0, 225.60309278349513, 27.52770618557396, 14.396907216504875, 33.815370861555415
184, 1603471400903613952, 0, 225.04639175256563, 27.437822164956565, 14.953608247434387, 34.154874252570664
185, 1603471400906305792, 0, 224.4896907216361, 27.347938144339167, 15.510309278363898, 34.49437764358591
186, 1603471400908997632, 0, 223.93298969070656, 27.25805412372177, 16.06701030929341, 34.83388103460116
187, 1603471400911689216, 0, 223.37628865977706, 27.168170103104373, 16.623711340222922, 35.17338442561641
188, 1603471400914380800, 0, 222.81958762884756, 27.078286082486976, 17.180412371152435, 35.51288781663166
189, 1603471400917072640, 0, 222.26288659791805, 26.98840206186958, 17.737113402081945, 35.85239120764691
190, 1603471400919764480, 0, 221.70618556698855, 26.89851804125218, 18.29381443301146, 36.19189459866216
191, 1603471400922456064, 0, 221.14948453605905, 26.808634020634784, 18.850515463940972, 36.53139798967741
192, 1603471400925147648, 0, 220.59278350512955, 26.718750000017387, 19.407216494870482, 36.87090138069266
193, 1603471400927839364, 0, 220.03608247420001, 26.628865979399986, 19.963917525799996, 37.21040477170791
194, 1603471400930531328, 0, 219.47938144327497, 26.538981958781235, 20.52061855672499, 37.30651508935098
195, 1603471400933222912, 0, 218.92268041234996, 26.44909793816248, 21.07731958764999, 37.40262540699406
196, 1603471400935914496, 0, 218.36597938142492, 26.35921391754373, 21.634020618574986, 37.498735724637136
197, 1603471400938606336, 0, 217.80927835049988, 26.26932989692498, 22.190721649499984, 37.59484604228021
198, 1603471400941298176, 0, 217.25257731957487, 26.179445876306225, 22.747422680424982, 37.690956359923284
199, 1603471400943989760, 0, 216.69587628864983, 26.089561855687474, 23.304123711349977, 37.78706667756636
200, 1603471400946681344, 0, 216.1391752577248, 25.999677835068724, 23.86082474227497, 37.88317699520943
201, 1603471400949372928, 0, 215.58247422679977, 25.90979381444997, 24.41752577319997, 37.979287312852506
202, 1603471400952064512, 0, 215.02577319587476, 25.819909793831215, 24.974226804124967, 38.07539763049558
203, 1603471400954756096, 0, 214.46907216494972, 25.730025773212464, 25.530927835049965, 38.171507948138654
204, 1603471400957447680, 0, 213.91237113402468, 25.640141752593713, 26.087628865974963, 38.26761826578173
205, 1603471400960139520, 0, 213.35567010309967, 25.55025773197496, 26.644329896899958, 38.3637285834248
206, 1603471400962831360, 0, 212.79896907217466, 25.460373711356205, 27.201030927824952, 38.459838901067876
207, 1603471400965522944, 0, 212.24226804124962, 25.370489690737454, 27.75773195874995, 38.55594921871095
208, 1603471400968214528, 0, 211.68556701032458, 25.280605670118703, 28.31443298967495, 38.652059536354024
209, 1603471400970906364, 0, 211.12886597939956, 25.19072164949995, 28.871134020599946, 38.7481698539971
210, 1603471400973598208, 0, 210.57216494846836, 25.059972305653936, 29.427835051531193, 38.87371142070048
211, 1603471400976289792, 0, 210.01546391753712, 24.929222961807923, 29.98453608246244, 38.999252987403864
212, 1603471400978981376, 0, 209.45876288660588, 24.79847361796191, 30.54123711339369, 39.12479455410725
213, 1603471400981673216, 0, 208.90206185567467, 24.667724274115898, 31.09793814432494, 39.25033612081063
214, 1603471400984365056, 0, 208.34536082474347, 24.536974930269885, 31.654639175256186, 39.37587768751401
215, 1603471400987056640, 0, 207.78865979381223, 24.406225586423872, 32.21134020618744, 39.501419254217396
216, 1603471400989748224, 0, 207.231958762881, 24.27547624257786, 32.76804123711868, 39.62696082092077
217, 1603471400992439808, 0, 206.67525773194978, 24.144726898731843, 33.32474226804993, 39.752502387624155
218, 1603471400995131392, 0, 206.11855670101858, 24.013977554885827, 33.88144329898118, 39.87804395432754
219, 1603471400997823232, 0, 205.56185567008734, 23.883228211039814, 34.43814432991243, 40.003585521030914
220, 1603471401000515072, 0, 205.0051546391561, 23.7524788671938, 34.994845360843684, 40.1291270877343
221, 1603471401003206656, 0, 204.4484536082249, 23.62172952334779, 35.55154639177493, 40.25466865443768
222, 1603471401005898240, 0, 203.8917525772937, 23.490980179501776, 36.10824742270617, 40.38021022114106
223, 1603471401008590080, 0, 203.33505154636248, 23.360230835655763, 36.66494845363742, 40.505751787844446
224, 1603471401011281664, 0, 202.77835051543127, 23.22948149180975, 37.22164948456867, 40.63129335454783
225, 1603471401013973364, 0, 202.22164948450003, 23.098732147963737, 37.77835051549992, 40.75683492125121
226, 1603471401016664832, 0, 201.66494845357334, 23.029280788958427, 38.33505154642663, 40.845941561920874
227, 1603471401019356672, 0, 201.10824742264663, 22.959829429953118, 38.89175257735334, 40.93504820259054
228, 1603471401022048256, 0, 200.5515463917199, 22.890378070947808, 39.44845360828005, 41.0241548432602
229, 1603471401024740096, 0, 199.9948453607932, 22.820926711942498, 40.00515463920675, 41.11326148392986
230, 1603471401027431936, 0, 199.43814432986647, 22.751475352937188, 40.56185567013346, 41.20236812459952
231, 1603471401030123520, 0, 198.8814432989398, 22.682023993931878, 41.11855670106017, 41.291474765269186
232, 1603471401032815360, 0, 198.3247422680131, 22.61257263492657, 41.675257731986875, 41.38058140593885
233, 1603471401035507200, 0, 197.76804123708638, 22.54312127592126, 42.231958762913585, 41.46968804660851
234, 1603471401038199040, 0, 197.21134020615966, 22.47366991691595, 42.788659793840296, 41.55879468727817
235, 1603471401040890880, 0, 196.65463917523294, 22.40421855791064, 43.345360824767, 41.647901327947835
236, 1603471401043582464, 0, 196.09793814430623, 22.33476719890533, 43.90206185569371, 41.7370079686175
237, 1603471401046274304, 0, 195.54123711337954, 22.26531583990002, 44.45876288662042, 41.82611460928716
238, 1603471401048966144, 0, 194.98453608245285, 22.19586448089471, 45.01546391754712, 41.91522124995682
239, 1603471401051657728, 0, 194.42783505152613, 22.1264131218894, 45.572164948473834, 42.004327890626485
240, 1603471401054349568, 0, 193.8711340205994, 22.056961762884086, 46.128865979400544, 42.09343453129615
241, 1603471401057041364, 0, 193.3144329896727, 21.987510403878776, 46.68556701032725, 42.18254117196581
242, 1603471401059733248, 0, 192.75773195874598, 21.918059044873466, 47.24226804125396, 42.27164781263547
243, 1603471401062424832, 0, 192.20103092781926, 21.848607685868153, 47.79896907218067, 42.360754453305134
244, 1603471401065116672, 0, 191.64432989689254, 21.779156326862843, 48.35567010310738, 42.449861093974796
245, 1603471401067808256, 0, 191.08762886596585, 21.709704967857533, 48.91237113403409, 42.53896773464446
246, 1603471401070499840, 0, 190.53092783503917, 21.640253608852223, 49.4690721649608, 42.62807437531412
247, 1603471401073191424, 0, 189.97422680411245, 21.570802249846913, 50.02577319588751, 42.71718101598378
248, 1603471401075883008, 0, 189.41752577318573, 21.501350890841604, 50.58247422681422, 42.806287656653446
249, 1603471401078574848, 0, 188.860824742259, 21.431899531836294, 51.13917525774093, 42.89539429732311
250, 1603471401081266688, 0, 188.3041237113323, 21.362448172830984, 51.69587628866764, 42.98450093799277
251, 1603471401083958272, 0, 187.7474226804056, 21.292996813825674, 52.25257731959435, 43.07360757866243
252, 1603471401086649856, 0, 187.19072164947892, 21.223545454820364, 52.80927835052106, 43.162714219332095
253, 1603471401089341696, 0, 186.6340206185522, 21.154094095815054, 53.36597938144777, 43.25182086000176
254, 1603471401092033536, 0, 186.07731958762548, 21.084642736809744, 53.92268041237448, 43.34092750067142
255, 1603471401094725120, 0, 185.52061855669876, 21.015191377804435, 54.47938144330119, 43.43003414134108
256, 1603471401097416704, 0, 184.96391752577205, 20.945740018799125, 55.0360824742279, 43.51914078201075
257, 1603471401100108364, 0, 184.40721649484536, 20.876288659793815, 55.59278350515461, 43.608247422680414
258, 1603471401102799872, 0, 183.76932989690692, 20.87835972017728, 56.23067010309306, 43.60824742268082
259, 1603471401105491456, 0, 183.13144329896846, 20.88043078056074, 56.86855670103151, 43.608247422681224
260, 1603471401108183040, 0, 182.49355670103, 20.8825018409442, 57.506443298969955, 43.60824742268163
261, 1603471401110874880, 0, 181.85567010309157, 20.884572901327665, 58.1443298969084, 43.608247422682034
262, 1603471401113566720, 0, 181.21778350515314, 20.886643961711126, 58.78221649484685, 43.60824742268244
263, 1603471401116258304, 0, 180.57989690721467, 20.888715022094587, 59.4201030927853, 43.608247422682844
264, 1603471401118949888, 0, 179.9420103092762, 20.89078608247805, 60.057989690723744, 43.60824742268325
265, 1603471401121641728, 0, 179.30412371133778, 20.892857142861512, 60.69587628866219, 43.608247422683654
266, 1603471401124333568, 0, 178.66623711339935, 20.894928203244973, 61.33376288660064, 43.60824742268406
267, 1603471401127025152, 0, 178.0283505154609, 20.896999263628437, 61.971649484539086, 43.608247422684464
268, 1603471401129716736, 0, 177.39046391752242, 20.8990703240119, 62.60953608247753, 43.60824742268487
269, 1603471401132408576, 0, 176.752577319584, 20.90114138439536, 63.24742268041598, 43.608247422685274
270, 1603471401135100416, 0, 176.11469072164556, 20.903212444778823, 63.88530927835443, 43.60824742268568
271, 1603471401137792000, 0, 175.4768041237071, 20.905283505162284, 64.52319587629287, 43.608247422686084
272, 1603471401140483584, 0, 174.83891752576864, 20.907354565545745, 65.16108247423132, 43.60824742268649
273, 1603471401143175364, 0, 174.2010309278302, 20.90942562592921, 65.79896907216977, 43.608247422686894
274, 1603471401145867264, 0, 173.56314432989177, 20.911496686312674, 66.43685567010822, 43.6082474226873
275, 1603471401148558848, 0, 172.9252577319533, 20.913567746696135, 67.07474226804666, 43.6082474226877
276, 1603471401151250432, 0, 172.28737113401485, 20.915638807079596, 67.71262886598511, 43.6082474226881
277, 1603471401153942272, 0, 171.64948453607641, 20.91770986746306, 68.35051546392356, 43.60824742268851
278, 1603471401156634112, 0, 171.01159793813798, 20.91978092784652, 68.988402061862, 43.60824742268891
279, 1603471401159325696, 0, 170.37371134019952, 20.92185198822998, 69.62628865980045, 43.60824742268932
280, 1603471401162017280, 0, 169.73582474226106, 20.923923048613446, 70.26417525773891, 43.60824742268972
281, 1603471401164708864, 0, 169.09793814432263, 20.925994108996907, 70.90206185567736, 43.60824742269013
282, 1603471401167400448, 0, 168.4600515463842, 20.928065169380368, 71.5399484536158, 43.60824742269053
283, 1603471401170092288, 0, 167.82216494844573, 20.930136229763832, 72.17783505155427, 43.60824742269094
284, 1603471401172784128, 0, 167.18427835050727, 20.932207290147293, 72.81572164949272, 43.60824742269134
285, 1603471401175475712, 0, 166.54639175256884, 20.934278350530754, 73.45360824743116, 43.60824742269175
286, 1603471401178167296, 0, 165.9085051546304, 20.936349410914218, 74.09149484536961, 43.60824742269215
287, 1603471401180859136, 0, 165.27061855669194, 20.93842047129768, 74.72938144330806, 43.60824742269256
288, 1603471401183550720, 0, 164.63273195875348, 20.94049153168114, 75.3672680412465, 43.60824742269296
289, 1603471401186242364, 0, 163.99484536081505, 20.942562592064604, 76.00515463918495, 43.60824742269337
290, 1603471401188933888, 0, 163.35695876287662, 20.94463365244807, 76.6430412371234, 43.60824742269377
291, 1603471401191625472, 0, 162.71907216493815, 20.94670471283153, 77.28092783506185, 43.60824742269418
292, 1603471401194317312, 0, 162.0811855669997, 20.94877577321499, 77.91881443300029, 43.60824742269458
293, 1603471401197008896, 0, 161.44329896906126, 20.950846833598455, 78.55670103093874, 43.60824742269499
294, 1603471401199700480, 0, 160.80541237112283, 20.952917893981915, 79.19458762887719, 43.60824742269539
295, 1603471401202392320, 0, 160.16752577318437, 20.954988954365376, 79.83247422681563, 43.6082474226958
296, 1603471401205084160, 0, 159.5296391752459, 20.95706001474884, 80.47036082475408, 43.6082474226962
297, 1603471401207775744, 0, 158.89175257730747, 20.9591310751323, 81.10824742269253, 43.60824742269661
298, 1603471401210467328, 0, 158.25386597936904, 20.961202135515762, 81.74613402063098, 43.60824742269701
299, 1603471401213159168, 0, 157.61597938143058, 20.963273195899227, 82.38402061856942, 43.60824742269742
300, 1603471401215851008, 0, 156.97809278349212, 20.965344256282687, 83.02190721650787, 43.60824742269782
301, 1603471401218542592, 0, 156.34020618555368, 20.96741531666615, 83.65979381444632, 43.60824742269823
302, 1603471401221234176, 0, 155.70231958761525, 20.969486377049613, 84.29768041238476, 43.60824742269863
303, 1603471401223926016, 0, 155.0644329896768, 20.971557437433074, 84.93556701032321, 43.60824742269904
304, 1603471401226617600, 0, 154.42654639173833, 20.973628497816534, 85.57345360826164, 43.60824742269945
305, 1603471401229309364, 0, 153.7886597937999, 20.9756995582, 86.21134020620009, 43.608247422699854
306, 1603471401232001280, 0, 153.15077319586243, 20.97777061858125, 86.79423742165577, 43.60824742269986
307, 1603471401234693120, 0, 152.51288659792493, 20.9798416789625, 87.37713463711145, 43.60824742269986
308, 1603471401237384704, 0, 151.87499999998744, 20.98191273934375, 87.96003185256713, 43.60824742269987
309, 1603471401240076544, 0, 151.23711340204994, 20.983983799725, 88.5429290680228, 43.608247422699876
310, 1603471401242768384, 0, 150.59922680411245, 20.98605486010625, 89.12582628347849, 43.60824742269988
311, 1603471401245459968, 0, 149.96134020617495, 20.988125920487498, 89.70872349893416, 43.60824742269989
312, 1603471401248151552, 0, 149.32345360823746, 20.99019698086875, 90.29162071438984, 43.60824742269989
313, 1603471401250843392, 0, 148.68556701029996, 20.99226804125, 90.87451792984552, 43.6082474226999
314, 1603471401253535232, 0, 148.04768041236247, 20.99433910163125, 91.45741514530121, 43.608247422699904
315, 1603471401256226816, 0, 147.40979381442497, 20.996410162012502, 92.04031236075689, 43.608247422699904
316, 1603471401258918656, 0, 146.77190721648748, 20.99848122239375, 92.62320957621256, 43.60824742269991
317, 1603471401261610496, 0, 146.13402061854998, 21.000552282775, 93.20610679166825, 43.60824742269992
318, 1603471401264302080, 0, 145.4961340206125, 21.00262334315625, 93.78900400712394, 43.608247422699925
319, 1603471401266993920, 0, 144.858247422675, 21.0046944035375, 94.37190122257961, 43.60824742269993
320, 1603471401269685760, 0, 144.2203608247375, 21.00676546391875, 94.95479843803528, 43.60824742269993
321, 1603471401272377364, 0, 143.5824742268, 21.0088365243, 95.53769565349097, 43.60824742269994
322, 1603471401275068928, 0, 142.94458762886245, 21.010907584681227, 95.63512960027488, 43.60824742269992
323, 1603471401277760512, 0, 142.30670103092493, 21.012978645062457, 95.73256354705879, 43.608247422699904
324, 1603471401280452096, 0, 141.6688144329874, 21.015049705443687, 95.82999749384271, 43.60824742269988
325, 1603471401283143936, 0, 141.03092783504985, 21.017120765824913, 95.92743144062662, 43.60824742269986
326, 1603471401285835776, 0, 140.3930412371123, 21.01919182620614, 96.02486538741053, 43.60824742269984
327, 1603471401288527360, 0, 139.75515463917475, 21.021262886587365, 96.12229933419445, 43.60824742269982
328, 1603471401291218944, 0, 139.1172680412372, 21.02333394696859, 96.21973328097836, 43.6082474226998
329, 1603471401293910784, 0, 138.47938144329967, 21.02540500734982, 96.31716722776227, 43.608247422699776
330, 1603471401296602624, 0, 137.84149484536215, 21.02747606773105, 96.41460117454618, 43.608247422699755
331, 1603471401299294208, 0, 137.2036082474246, 21.029547128112277, 96.51203512133009, 43.60824742269973
332, 1603471401301985792, 0, 136.56572164948705, 21.031618188493503, 96.60946906811401, 43.60824742269971
333, 1603471401304677632, 0, 135.9278350515495, 21.03368924887473, 96.70690301489792, 43.60824742269969
334, 1603471401307369472, 0, 135.28994845361194, 21.035760309255956, 96.80433696168183, 43.60824742269967
335, 1603471401310061056, 0, 134.65206185567442, 21.037831369637185, 96.90177090846575, 43.60824742269965
336, 1603471401312752640, 0, 134.0141752577369, 21.039902430018415, 96.99920485524966, 43.60824742269963
337, 1603471401315444364, 0, 133.37628865979934, 21.04197349039964, 97.09663880203357, 43.608247422699606
338, 1603471401318136320, 0, 132.73840206186102, 21.04404455078341, 97.15674952703392, 43.608247422699
339, 1603471401320827904, 0, 132.1005154639227, 21.046115611167185, 97.21686025203427, 43.6082474226984
340, 1603471401323519488, 0, 131.4626288659844, 21.04818667155096, 97.27697097703461, 43.60824742269779
341, 1603471401326211328, 0, 130.8247422680461, 21.050257731934728, 97.33708170203496, 43.60824742269718
342, 1603471401328903168, 0, 130.18685567010778, 21.052328792318498, 97.39719242703532, 43.60824742269658
343, 1603471401331594752, 0, 129.54896907216948, 21.054399852702268, 97.45730315203568, 43.60824742269597
344, 1603471401334286336, 0, 128.91108247423116, 21.056470913086038, 97.51741387703603, 43.608247422695364
345, 1603471401336977920, 0, 128.27319587629285, 21.05854197346981, 97.57752460203638, 43.60824742269476
346, 1603471401339669504, 0, 127.63530927835453, 21.060613033853585, 97.63763532703672, 43.60824742269415
347, 1603471401342361344, 0, 126.99742268041622, 21.062684094237355, 97.69774605203708, 43.608247422693545
348, 1603471401345053184, 0, 126.35953608247792, 21.064755154621125, 97.75785677703743, 43.60824742269294
349, 1603471401347744768, 0, 125.7216494845396, 21.066826215004895, 97.81796750203779, 43.60824742269233
350, 1603471401350436352, 0, 125.08376288660128, 21.068897275388665, 97.87807822703815, 43.608247422691726
351, 1603471401353128192, 0, 124.44587628866297, 21.070968335772438, 97.93818895203849, 43.60824742269112
352, 1603471401355819776, 0, 123.80798969072467, 21.07303939615621, 97.99829967703883, 43.60824742269051
353, 1603471401358511364, 0, 123.17010309278635, 21.07511045653998, 98.05841040203919, 43.60824742268991
354, 1603471401361202944, 0, 122.53221649484803, 21.07718151692375, 98.11852112703954, 43.6082474226893
355, 1603471401363894528, 0, 121.89432989690972, 21.079252577307525, 98.17863185203989, 43.60824742268869
356, 1603471401366586368, 0, 121.25644329897142, 21.0813236376913, 98.23874257704023, 43.60824742268809
357, 1603471401369277952, 0, 120.6185567010331, 21.083394698075068, 98.29885330204058, 43.608247422687484
358, 1603471401371969536, 0, 119.98067010309478, 21.085465758458838, 98.35896402704094, 43.60824742268687
359, 1603471401374661376, 0, 119.34278350515648, 21.087536818842608, 98.4190747520413, 43.60824742268627
360, 1603471401377353216, 0, 118.70489690721817, 21.089607879226378, 98.47918547704165, 43.608247422685665
361, 1603471401380044800, 0, 118.06701030927985, 21.09167893961015, 98.539296202042, 43.608247422685054
362, 1603471401382736384, 0, 117.42912371134153, 21.093749999993925, 98.59940692704234, 43.60824742268445
363, 1603471401385428224, 0, 116.79123711340323, 21.095821060377695, 98.6595176520427, 43.608247422683846
364, 1603471401388120064, 0, 116.15335051546492, 21.097892120761465, 98.71962837704305, 43.608247422683235
365, 1603471401390811648, 0, 115.5154639175266, 21.099963181145235, 98.77973910204341, 43.60824742268263
366, 1603471401393503232, 0, 114.87757731958828, 21.102034241529005, 98.83984982704376, 43.60824742268203
367, 1603471401396195072, 0, 114.23969072164996, 21.104105301912778, 98.8999605520441, 43.608247422681416
368, 1603471401398886656, 0, 113.60180412371164, 21.10617636229655, 98.96007127704445, 43.60824742268081
369, 1603471401401578364, 0, 112.96391752577334, 21.10824742268032, 99.0201820020448, 43.60824742268021
370, 1603471401404269824, 0, 112.29245904213849, 21.10824742268073, 99.06281741828079, 43.614862272928534
371, 1603471401406961408, 0, 111.62100055850362, 21.10824742268114, 99.10545283451677, 43.62147712317687
372, 1603471401409653248, 0, 110.94954207486876, 21.10824742268155, 99.14808825075275, 43.6280919734252
373, 1603471401412344832, 0, 110.2780835912339, 21.10824742268196, 99.19072366698873, 43.634706823673525
374, 1603471401415036416, 0, 109.60662510759903, 21.108247422682368, 99.23335908322471, 43.64132167392185
375, 1603471401417728256, 0, 108.93516662396418, 21.10824742268278, 99.2759944994607, 43.647936524170184
376, 1603471401420420096, 0, 108.26370814032933, 21.10824742268319, 99.31862991569668, 43.65455137441852
377, 1603471401423111680, 0, 107.59224965669446, 21.108247422683597, 99.36126533193267, 43.66116622466684
378, 1603471401425803264, 0, 106.9207911730596, 21.10824742268401, 99.40390074816867, 43.66778107491517
379, 1603471401428495104, 0, 106.24933268942473, 21.108247422684418, 99.44653616440465, 43.6743959251635
380, 1603471401431186944, 0, 105.57787420578987, 21.108247422684826, 99.48917158064063, 43.681010775411835
381, 1603471401433878528, 0, 104.90641572215502, 21.10824742268524, 99.53180699687661, 43.68762562566016
382, 1603471401436570112, 0, 104.23495723852017, 21.108247422685647, 99.57444241311259, 43.69424047590849
383, 1603471401439261952, 0, 103.5634987548853, 21.108247422686055, 99.61707782934857, 43.70085532615682
384, 1603471401441953536, 0, 102.89204027125044, 21.108247422686468, 99.65971324558456, 43.70747017640515
385, 1603471401444645364, 0, 102.22058178761557, 21.108247422686876, 99.70234866182054, 43.71408502665348
386, 1603471401447337216, 0, 101.5491233039807, 21.108247422687285, 99.74498407805652, 43.720699876901804
387, 1603471401450029056, 0, 100.87766482034586, 21.108247422687697, 99.7876194942925, 43.72731472715013
388, 1603471401452720640, 0, 100.206206336711, 21.108247422688105, 99.83025491052848, 43.733929577398456
389, 1603471401455412480, 0, 99.53474785307614, 21.108247422688514, 99.87289032676446, 43.74054442764679
390, 1603471401458104320, 0, 98.86328936944128, 21.108247422688926, 99.91552574300044, 43.74715927789512
391, 1603471401460795904, 0, 98.19183088580641, 21.108247422689335, 99.95816115923643, 43.75377412814345
392, 1603471401463487488, 0, 97.52037240217155, 21.108247422689743, 100.0007965754724, 43.760388978391774
393, 1603471401466179328, 0, 96.8489139185367, 21.108247422690155, 100.04343199170839, 43.7670038286401
394, 1603471401468871168, 0, 96.17745543490184, 21.108247422690564, 100.08606740794437, 43.773618678888425
395, 1603471401471562752, 0, 95.50599695126698, 21.108247422690972, 100.12870282418035, 43.78023352913676
396, 1603471401474254592, 0, 94.83453846763211, 21.108247422691385, 100.17133824041633, 43.78684837938509
397, 1603471401476946432, 0, 94.16307998399725, 21.108247422691793, 100.21397365665231, 43.79346322963342
398, 1603471401479638016, 0, 93.49162150036238, 21.1082474226922, 100.2566090728883, 43.80007807988174
399, 1603471401482329856, 0, 92.82016301672753, 21.108247422692614, 100.29924448912428, 43.80669293013007
400, 1603471401485021696, 0, 92.14870453309268, 21.108247422693022, 100.34187990536026, 43.813307780378395
401, 1603471401487713364, 0, 91.47724604945782, 21.10824742269343, 100.38451532159624, 43.81992263062673
402, 1603471401490404864, 0, 90.80578756582295, 21.10824742269384, 100.42715073783222, 43.82653748087506
403, 1603471401493096448, 0, 90.13432908218809, 21.108247422694248, 100.4697861540682, 43.83315233112339
404, 1603471401495788032, 0, 89.46287059855322, 21.10824742269466, 100.51242157030418, 43.83976718137171
405, 1603471401498479872, 0, 88.79141211491837, 21.10824742269507, 100.55505698654017, 43.846382031620045
406, 1603471401501171712, 0, 88.11995363128352, 21.108247422695477, 100.59769240277615, 43.85299688186838
407, 1603471401503863296, 0, 87.44849514764866, 21.10824742269589, 100.64032781901213, 43.859611732116704
408, 1603471401506554880, 0, 86.77703666401379, 21.108247422696298, 100.68296323524811, 43.86622658236503
409, 1603471401509246720, 0, 86.10557818037893, 21.108247422696707, 100.72559865148409, 43.87284143261336
410, 1603471401511938560, 0, 85.43411969674406, 21.10824742269712, 100.76823406772007, 43.879456282861696
411, 1603471401514630144, 0, 84.76266121310921, 21.108247422697527, 100.81086948395605, 43.88607113311002
412, 1603471401517321728, 0, 84.09120272947436, 21.108247422697936, 100.85350490019204, 43.89268598335835
413, 1603471401520013568, 0, 83.4197442458395, 21.108247422698348, 100.89614031642802, 43.89930083360668
414, 1603471401522705408, 0, 82.74828576220463, 21.108247422698756, 100.938775732664, 43.905915683855014
415, 1603471401525396992, 0, 82.07682727856977, 21.108247422699165, 100.98141114889998, 43.91253053410334
416, 1603471401528088576, 0, 81.4053687949349, 21.108247422699577, 101.02404656513596, 43.919145384351665
417, 1603471401530780364, 0, 80.73391031130005, 21.108247422699986, 101.06668198137196, 43.9257602346
418, 1603471401533472256, 0, 80.06245182766347, 21.108247422699577, 101.07307628687434, 43.93237508485005
419, 1603471401536163840, 0, 79.39099334402687, 21.108247422699165, 101.07947059237674, 43.938989935100096
420, 1603471401538855424, 0, 78.71953486039027, 21.108247422698753, 101.08586489787912, 43.94560478535014
421, 1603471401541547264, 0, 78.04807637675367, 21.108247422698344, 101.0922592033815, 43.95221963560019
422, 1603471401544239104, 0, 77.37661789311707, 21.108247422697936, 101.09865350888388, 43.95883448585023
423, 1603471401546930688, 0, 76.70515940948047, 21.108247422697524, 101.10504781438627, 43.96544933610028
424, 1603471401549622272, 0, 76.03370092584387, 21.10824742269711, 101.11144211988865, 43.97206418635032
425, 1603471401552313856, 0, 75.36224244220728, 21.108247422696703, 101.11783642539103, 43.97867903660037
426, 1603471401555005440, 0, 74.69078395857068, 21.108247422696294, 101.12423073089342, 43.985293886850414
427, 1603471401557697280, 0, 74.01932547493408, 21.108247422695882, 101.1306250363958, 43.99190873710046
428, 1603471401560389120, 0, 73.34786699129748, 21.10824742269547, 101.1370193418982, 43.998523587350505
429, 1603471401563080704, 0, 72.67640850766088, 21.10824742269506, 101.14341364740058, 44.00513843760055
430, 1603471401565772288, 0, 72.00495002402428, 21.108247422694653, 101.14980795290296, 44.011753287850595
431, 1603471401568464128, 0, 71.33349154038768, 21.10824742269424, 101.15620225840536, 44.01836813810064
432, 1603471401571155712, 0, 70.66203305675108, 21.10824742269383, 101.16259656390774, 44.024982988350686
433, 1603471401573847364, 0, 69.99057457311449, 21.10824742269342, 101.16899086941012, 44.03159783860073
434, 1603471401576538880, 0, 69.31911608947789, 21.10824742269301, 101.1753851749125, 44.03821268885078
435, 1603471401579230464, 0, 68.64765760584129, 21.1082474226926, 101.18177948041489, 44.04482753910082
436, 1603471401581922304, 0, 67.97619912220469, 21.108247422692187, 101.18817378591727, 44.05144238935087
437, 1603471401584613888, 0, 67.30474063856809, 21.10824742269178, 101.19456809141965, 44.05805723960092
438, 1603471401587305472, 0, 66.63328215493149, 21.10824742269137, 101.20096239692204, 44.06467208985097
439, 1603471401589997312, 0, 65.9618236712949, 21.108247422690958, 101.20735670242442, 44.07128694010102
440, 1603471401592689152, 0, 65.2903651876583, 21.108247422690546, 101.21375100792682, 44.07790179035106
441, 1603471401595380736, 0, 64.6189067040217, 21.108247422690138, 101.2201453134292, 44.08451664060111
442, 1603471401598072320, 0, 63.9474482203851, 21.10824742268973, 101.22653961893158, 44.091131490851154
443, 1603471401600764160, 0, 63.2759897367485, 21.108247422689317, 101.23293392443398, 44.0977463411012
444, 1603471401603456000, 0, 62.6045312531119, 21.108247422688905, 101.23932822993636, 44.104361191351245
445, 1603471401606147584, 0, 61.9330727694753, 21.108247422688496, 101.24572253543874, 44.1109760416013
446, 1603471401608839168, 0, 61.261614285838704, 21.108247422688088, 101.25211684094113, 44.11759089185135
447, 1603471401611531008, 0, 60.590155802202105, 21.108247422687676, 101.25851114644351, 44.124205742101395
448, 1603471401614222592, 0, 59.918697318565506, 21.108247422687263, 101.26490545194589, 44.13082059235144
449, 1603471401616914364, 0, 59.24723883492891, 21.108247422686855, 101.27129975744828, 44.137435442601486
450, 1603471401619606272, 0, 58.57578035129231, 21.108247422686446, 101.27769406295066, 44.14405029285153
451, 1603471401622297856, 0, 57.90432186765571, 21.108247422686034, 101.28408836845304, 44.15066514310158
452, 1603471401624989696, 0, 57.23286338401911, 21.108247422685622, 101.29048267395544, 44.15727999335162
453, 1603471401627681280, 0, 56.56140490038251, 21.108247422685213, 101.29687697945782, 44.16389484360167
454, 1603471401630372864, 0, 55.889946416745914, 21.108247422684805, 101.3032712849602, 44.17050969385171
455, 1603471401633064448, 0, 55.218487933109316, 21.108247422684393, 101.3096655904626, 44.17712454410176
456, 1603471401635756032, 0, 54.54702944947272, 21.10824742268398, 101.31605989596498, 44.183739394351804
457, 1603471401638447872, 0, 53.87557096583612, 21.108247422683572, 101.32245420146737, 44.190354244601856
458, 1603471401641139712, 0, 53.20411248219952, 21.108247422683164, 101.32884850696975, 44.19696909485191
459, 1603471401643831296, 0, 52.53265399856292, 21.10824742268275, 101.33524281247213, 44.203583945101954
460, 1603471401646522880, 0, 51.86119551492632, 21.10824742268234, 101.34163711797453, 44.210198795352
461, 1603471401649214720, 0, 51.189737031289724, 21.10824742268193, 101.34803142347691, 44.216813645602045
462, 1603471401651906560, 0, 50.518278547653125, 21.108247422681522, 101.3544257289793, 44.22342849585209
463, 1603471401654598144, 0, 49.846820064016526, 21.10824742268111, 101.36082003448169, 44.230043346102136
464, 1603471401657289728, 0, 49.17536158037993, 21.108247422680698, 101.36721433998407, 44.23665819635218
465, 1603471401659981364, 0, 48.503903096743336, 21.10824742268029, 101.37360864548646, 44.243273046602226
466, 1603471401662672896, 0, 47.922159407346754, 21.091425613746495, 101.2701141194124, 44.27306452733712
467, 1603471401665364736, 0, 47.34041571795017, 21.074603804812696, 101.16661959333835, 44.30285600807201
468, 1603471401668056576, 0, 46.75867202855359, 21.057781995878898, 101.06312506726431, 44.3326474888069
469, 1603471401670748160, 0, 46.17692833915701, 21.0409601869451, 100.95963054119025, 44.36243896954179
470, 1603471401673440000, 0, 45.59518464976043, 21.0241383780113, 100.85613601511619, 44.392230450276685
471, 1603471401676131840, 0, 45.013440960363845, 21.007316569077506, 100.75264148904215, 44.42202193101157
472, 1603471401678823424, 0, 44.43169727096726, 20.99049476014371, 100.6491469629681, 44.451813411746464
473, 1603471401681515264, 0, 43.84995358157068, 20.973672951209913, 100.54565243689404, 44.48160489248136
474, 1603471401684207104, 0, 43.2682098921741, 20.956851142276115, 100.44215791081999, 44.51139637321624
475, 1603471401686898688, 0, 42.68646620277752, 20.940029333342316, 100.33866338474594, 44.541187853951136
476, 1603471401689590528, 0, 42.104722513380935, 20.923207524408518, 100.2351688586719, 44.57097933468603
477, 1603471401692282368, 0, 41.52297882398435, 20.906385715474723, 100.13167433259784, 44.600770815420915
478, 1603471401694973952, 0, 40.94123513458777, 20.88956390654093, 100.02817980652378, 44.63056229615581
479, 1603471401697665792, 0, 40.35949144519119, 20.87274209760713, 99.92468528044974, 44.6603537768907
480, 1603471401700357632, 0, 39.77774775579461, 20.85592028867333, 99.82119075437569, 44.69014525762559
481, 1603471401703049364, 0, 39.196004066398025, 20.839098479739533, 99.71769622830163, 44.71993673836048
482, 1603471401705741312, 0, 38.537649610693364, 20.871584304453922, 99.69081246853754, 44.70042058544921
483, 1603471401708432896, 0, 37.8792951549887, 20.90407012916831, 99.66392870877345, 44.68090443253794
484, 1603471401711124480, 0, 37.22094069928403, 20.936555953882696, 99.63704494900938, 44.66138827962668
485, 1603471401713816320, 0, 36.56258624357936, 20.969041778597084, 99.61016118924529, 44.64187212671541
486, 1603471401716508160, 0, 35.90423178787469, 21.001527603311473, 99.5832774294812, 44.62235597380415
487, 1603471401719199744, 0, 35.245877332170025, 21.034013428025858, 99.55639366971712, 44.602839820892875
488, 1603471401721891328, 0, 34.58752287646536, 21.066499252740247, 99.52950990995303, 44.5833236679816
489, 1603471401724582912, 0, 33.929168420760696, 21.098985077454635, 99.50262615018895, 44.56380751507034
490, 1603471401727274496, 0, 33.270813965056035, 21.131470902169024, 99.47574239042486, 44.54429136215907
491, 1603471401729966336, 0, 32.61245950935137, 21.163956726883413, 99.44885863066077, 44.52477520924781
492, 1603471401732658176, 0, 31.9541050536467, 21.196442551597798, 99.42197487089669, 44.50525905633654
493, 1603471401735349760, 0, 31.295750597942032, 21.228928376312187, 99.3950911111326, 44.48574290342527
494, 1603471401738041344, 0, 30.637396142237364, 21.261414201026575, 99.36820735136851, 44.466226750514
495, 1603471401740733184, 0, 29.9790416865327, 21.29390002574096, 99.34132359160444, 44.44671059760273
496, 1603471401743424768, 0, 29.320687230828035, 21.32638585045535, 99.31443983184035, 44.427194444691466
497, 1603471401746116364, 0, 28.662332775123367, 21.358871675169738, 99.28755607207626, 44.4076782917802
498, 1603471401748807936, 0, 28.0039783194187, 21.391357499884126, 99.26067231231217, 44.388162138868935
499, 1603471401751499520, 0, 27.345623863714035, 21.423843324598515, 99.23378855254808, 44.36864598595767
500, 1603471401754191360, 0, 26.68726940800937, 21.4563291493129, 99.206904792784, 44.349129833046405
501, 1603471401756882944, 0, 26.028914952304703, 21.48881497402729, 99.18002103301991, 44.32961368013513
502, 1603471401759574528, 0, 25.370560496600035, 21.521300798741677, 99.15313727325582, 44.31009752722386
503, 1603471401762266368, 0, 24.71220604089537, 21.553786623456062, 99.12625351349175, 44.290581374312595
504, 1603471401764958208, 0, 24.053851585190706, 21.58627244817045, 99.09936975372766, 44.27106522140133
505, 1603471401767649792, 0, 23.39549712948604, 21.61875827288484, 99.07248599396357, 44.251549068490064
506, 1603471401770341376, 0, 22.73714267378137, 21.65124409759923, 99.04560223419948, 44.2320329155788
507, 1603471401773033216, 0, 22.078788218076706, 21.683729922313617, 99.01871847443539, 44.21251676266753
508, 1603471401775725056, 0, 21.420433762372042, 21.716215747028002, 98.9918347146713, 44.19300060975627
509, 1603471401778416640, 0, 20.762079306667374, 21.74870157174239, 98.96495095490721, 44.173484456844996
510, 1603471401781108224, 0, 20.10372485096271, 21.78118739645678, 98.93806719514312, 44.15396830393372
511, 1603471401783800064, 0, 19.445370395258045, 21.813673221171165, 98.91118343537903, 44.13445215102246
512, 1603471401786491648, 0, 18.787015939553378, 21.846159045885553, 98.88429967561495, 44.11493599811119
513, 1603471401789183364, 0, 18.128661483848713, 21.878644870599942, 98.85741591585086, 44.09541984519993
514, 1603471401791875328, 0, 17.597220492688933, 21.911130695315567, 98.70361869154502, 44.07590369229055
515, 1603471401794566912, 0, 17.065779501529157, 21.943616520031192, 98.54982146723918, 44.05638753938118
516, 1603471401797258752, 0, 16.534338510369377, 21.976102344746817, 98.39602424293334, 44.0368713864718
517, 1603471401799950336, 0, 16.002897519209597, 22.008588169462442, 98.24222701862749, 44.01735523356242
518, 1603471401802641920, 0, 15.471456528049819, 22.041073994178067, 98.08842979432164, 43.99783908065304
519, 1603471401805333504, 0, 14.94001553689004, 22.073559818893692, 97.9346325700158, 43.97832292774366
520, 1603471401808025088, 0, 14.40857454573026, 22.106045643609317, 97.78083534570995, 43.95880677483429
521, 1603471401810716928, 0, 13.877133554570483, 22.138531468324942, 97.6270381214041, 43.93929062192491
522, 1603471401813408768, 0, 13.345692563410704, 22.171017293040567, 97.47324089709825, 43.919774469015536
523, 1603471401816100352, 0, 12.814251572250924, 22.203503117756192, 97.3194436727924, 43.90025831610616
524, 1603471401818791936, 0, 12.282810581091146, 22.235988942471817, 97.16564644848657, 43.880742163196786
525, 1603471401821483520, 0, 11.751369589931368, 22.268474767187442, 97.01184922418072, 43.8612260102874
526, 1603471401824175104, 0, 11.219928598771588, 22.300960591903067, 96.85805199987487, 43.84170985737802
527, 1603471401826866944, 0, 10.68848760761181, 22.333446416618692, 96.70425477556904, 43.822193704468646
528, 1603471401829558528, 0, 10.157046616452032, 22.365932241334317, 96.5504575512632, 43.80267755155927
529, 1603471401832250364, 0, 9.625605625292252, 22.398418066049942, 96.39666032695735, 43.783161398649895
530, 1603471401834942208, 0, 9.094164634132472, 22.430903890765567, 96.2428631026515, 43.76364524574052
531, 1603471401837633792, 0, 8.562723642972694, 22.463389715481192, 96.08906587834565, 43.74412909283114
532, 1603471401840325632, 0, 8.031282651812916, 22.495875540196817, 95.93526865403982, 43.724612939921755
533, 1603471401843017216, 0, 7.499841660653137, 22.528361364912442, 95.78147142973397, 43.70509678701238
534, 1603471401845708800, 0, 6.968400669493358, 22.560847189628067, 95.62767420542812, 43.685580634103005
535, 1603471401848400384, 0, 6.436959678333579, 22.593333014343692, 95.47387698112229, 43.66606448119363
536, 1603471401851091968, 0, 5.9055186871738, 22.625818839059317, 95.32007975681644, 43.646548328284254
537, 1603471401853783808, 0, 5.374077696014021, 22.658304663774942, 95.16628253251059, 43.62703217537487
538, 1603471401856475648, 0, 4.842636704854242, 22.690790488490567, 95.01248530820475, 43.60751602246549
539, 1603471401859167232, 0, 4.311195713694463, 22.723276313206192, 94.8586880838989, 43.587999869556114
540, 1603471401861858816, 0, 3.7797547225346846, 22.755762137921817, 94.70489085959306, 43.56848371664674
541, 1603471401864550656, 0, 3.248313731374906, 22.788247962637442, 94.55109363528722, 43.548967563737364
542, 1603471401867242496, 0, 2.7168727402151274, 22.820733787353067, 94.39729641098137, 43.52945141082799
543, 1603471401869934080, 0, 2.1854317490553488, 22.853219612068692, 94.24349918667554, 43.509935257918606
544, 1603471401872625664, 0, 1.65399075789557, 22.885705436784317, 94.08970196236969, 43.490419105009224
545, 1603471401875317364, 0, 1.122549766735791, 22.918191261499942, 93.93590473806384, 43.47090295209985
546, 1603471401878008832, 0, 1.0523904063148042, 22.950677086218693, 93.32082588301608, 43.451386799187354
547, 1603471401880700672, 0, 0.9822310458938173, 22.983162910937445, 92.70574702796834, 43.43187064627486
548, 1603471401883392512, 0, 0.9120716854728304, 23.0156487356562, 92.0906681729206, 43.41235449336237
549, 1603471401886084096, 0, 0.8419123250518433, 23.04813456037495, 91.47558931787285, 43.39283834044988
550, 1603471401888775936, 0, 0.7717529646308563, 23.080620385093702, 90.8605104628251, 43.37332218753738
551, 1603471401891467776, 0, 0.7015936042098694, 23.113106209812457, 90.24543160777736, 43.353806034624895
552, 1603471401894159360, 0, 0.6314342437888825, 23.14559203453121, 89.6303527527296, 43.3342898817124
553, 1603471401896851200, 0, 0.5612748833678955, 23.17807785924996, 89.01527389768187, 43.314773728799906
554, 1603471401899543040, 0, 0.49111552294690863, 23.21056368396871, 88.40019504263412, 43.29525757588741
555, 1603471401902234624, 0, 0.42095616252592166, 23.243049508687463, 87.78511618758637, 43.27574142297492
556, 1603471401904926464, 0, 0.3507968021049347, 23.275535333406214, 87.17003733253863, 43.25622527006243
557, 1603471401907618304, 0, 0.2806374416839478, 23.308021158124966, 86.55495847749089, 43.236709117149935
558, 1603471401910309888, 0, 0.21047808126296083, 23.340506982843717, 85.93987962244313, 43.21719296423744
559, 1603471401913001728, 0, 0.1403187208419739, 23.37299280756247, 85.32480076739539, 43.19767681132495
560, 1603471401915693568, 0, 0.07015936042098694, 23.405478632281223, 84.70972191234765, 43.17816065841246
561, 1603471401918385364, 0, 0.0, 23.437964456999975, 84.09464305729989, 43.158644505499964
562, 1603471401921077248, 0, 5.3001919865925085e-15, 23.470450281715763, 83.40940484183399, 43.139128352586695
563, 1603471401923768832, 0, 1.0600383973185017e-14, 23.502936106431548, 82.72416662636809, 43.119612199673426
564, 1603471401926460416, 0, 1.5900575959777526e-14, 23.535421931147333, 82.03892841090217, 43.10009604676016
565, 1603471401929152256, 0, 2.1200767946370034e-14, 23.567907755863118, 81.35369019543627, 43.08057989384688
566, 1603471401931844096, 0, 2.6500959932962542e-14, 23.600393580578903, 80.66845197997037, 43.061063740933605
567, 1603471401934535680, 0, 3.180115191955505e-14, 23.632879405294688, 79.98321376450446, 43.041547588020336
568, 1603471401937227264, 0, 3.7101343906147563e-14, 23.665365230010472, 79.29797554903855, 43.02203143510707
569, 1603471401939918848, 0, 4.240153589274007e-14, 23.697851054726257, 78.61273733357265, 43.0025152821938
570, 1603471401942610432, 0, 4.770172787933257e-14, 23.730336879442042, 77.92749911810674, 42.98299912928053
571, 1603471401945302272, 0, 5.3001919865925083e-14, 23.762822704157827, 77.24226090264084, 42.96348297636726
572, 1603471401947994112, 0, 5.83021118525176e-14, 23.795308528873612, 76.55702268717494, 42.94396682345399
573, 1603471401950685696, 0, 6.36023038391101e-14, 23.827794353589397, 75.87178447170902, 42.924450670540715
574, 1603471401953377280, 0, 6.890249582570262e-14, 23.86028017830518, 75.18654625624312, 42.90493451762744
575, 1603471401956069120, 0, 7.420268781229513e-14, 23.892766003020967, 74.50130804077722, 42.88541836471417
576, 1603471401958760704, 0, 7.950287979888763e-14, 23.92525182773675, 73.8160698253113, 42.8659022118009
577, 1603471401961452364, 0, 8.480307178548014e-14, 23.957737652452536, 73.1308316098454, 42.84638605888763
578, 1603471401964143872, 0, 8.303634112328264e-14, 23.98052533452129, 72.48195045302518, 42.80910095413847
579, 1603471401966835456, 0, 8.126961046108513e-14, 24.003313016590038, 71.83306929620494, 42.771815849389306
580, 1603471401969527296, 0, 7.950287979888763e-14, 24.026100698658787, 71.1841881393847, 42.73453074464014
581, 1603471401972218880, 0, 7.773614913669012e-14, 24.04888838072754, 70.53530698256446, 42.69724563989098
582, 1603471401974910464, 0, 7.596941847449261e-14, 24.071676062796293, 69.88642582574423, 42.65996053514182
583, 1603471401977602304, 0, 7.420268781229511e-14, 24.094463744865042, 69.237544668924, 42.62267543039266
584, 1603471401980294144, 0, 7.243595715009762e-14, 24.11725142693379, 68.58866351210378, 42.5853903256435
585, 1603471401982985728, 0, 7.066922648790011e-14, 24.140039109002544, 67.93978235528354, 42.548105220894335
586, 1603471401985677312, 0, 6.89024958257026e-14, 24.162826791071296, 67.2909011984633, 42.51082011614517
587, 1603471401988369152, 0, 6.713576516350511e-14, 24.185614473140046, 66.64202004164308, 42.47353501139601
588, 1603471401991060992, 0, 6.536903450130761e-14, 24.208402155208795, 65.99313888482286, 42.43624990664685
589, 1603471401993752576, 0, 6.36023038391101e-14, 24.231189837277547, 65.34425772800262, 42.39896480189769
590, 1603471401996444160, 0, 6.18355731769126e-14, 24.2539775193463, 64.69537657118238, 42.36167969714853
591, 1603471401999136000, 0, 6.006884251471509e-14, 24.27676520141505, 64.04649541436214, 42.324394592399365
592, 1603471402001827584, 0, 5.830211185251758e-14, 24.2995528834838, 63.39761425754191, 42.2871094876502
593, 1603471402004519364, 0, 5.6535381190320086e-14, 24.32234056555255, 62.74873310072168, 42.24982438290104
594, 1603471402007211264, 0, 5.4768650528122585e-14, 24.345128247621304, 62.09985194390145, 42.21253927815188
595, 1603471402009902848, 0, 5.3001919865925083e-14, 24.367915929690053, 61.45097078708122, 42.17525417340271
596, 1603471402012594688, 0, 5.1235189203727576e-14, 24.390703611758802, 60.80208963026098, 42.13796906865355
597, 1603471402015286272, 0, 4.9468458541530074e-14, 24.413491293827555, 60.15320847344075, 42.10068396390439
598, 1603471402017977856, 0, 4.770172787933257e-14, 24.436278975896307, 59.50432731662052, 42.06339885915523
599, 1603471402020669440, 0, 4.5934997217135065e-14, 24.459066657965057, 58.85544615980028, 42.02611375440606
600, 1603471402023361024, 0, 4.4168266554937563e-14, 24.481854340033806, 58.20656500298005, 41.988828649656895
601, 1603471402026052864, 0, 4.240153589274006e-14, 24.50464202210256, 57.55768384615982, 41.951543544907736
602, 1603471402028744704, 0, 4.063480523054256e-14, 24.52742970417131, 56.90880268933959, 41.91425844015858
603, 1603471402031436288, 0, 3.886807456834506e-14, 24.55021738624006, 56.25992153251936, 41.87697333540941
604, 1603471402034127872, 0, 3.710134390614756e-14, 24.57300506830881, 55.61104037569912, 41.839688230660244
605, 1603471402036819712, 0, 3.5334613243950056e-14, 24.595792750377562, 54.96215921887889, 41.802403125911084
606, 1603471402039511552, 0, 3.3567882581752554e-14, 24.61858043244631, 54.31327806205866, 41.765118021161925
607, 1603471402042203136, 0, 3.180115191955505e-14, 24.64136811451506, 53.66439690523842, 41.72783291641276
608, 1603471402044894720, 0, 3.0034421257357545e-14, 24.664155796583813, 53.01551574841819, 41.69054781166359
609, 1603471402047586364, 0, 2.8267690595160043e-14, 24.686943478652562, 52.36663459159796, 41.65326270691443
610, 1603471402050277888, 0, 2.6500959932962542e-14, 24.70973116072131, 51.71775343477773, 41.61597760216527
611, 1603471402052969472, 0, 2.4734229270765037e-14, 24.732518842790064, 51.068872277957496, 41.57869249741611
612, 1603471402055661056, 0, 2.2967498608567532e-14, 24.755306524858817, 50.41999112113726, 41.54140739266694
613, 1603471402058352896, 0, 2.120076794637003e-14, 24.778094206927566, 49.77110996431703, 41.50412228791778
614, 1603471402061044736, 0, 1.943403728417253e-14, 24.800881888996315, 49.122228807496796, 41.46683718316862
615, 1603471402063736320, 0, 1.7667306621975028e-14, 24.823669571065068, 48.47334765067656, 41.42955207841946
616, 1603471402066427904, 0, 1.5900575959777526e-14, 24.84645725313382, 47.82446649385633, 41.3922669736703
617, 1603471402069119744, 0, 1.4133845297580022e-14, 24.86924493520257, 47.1755853370361, 41.354981868921136
618, 1603471402071811584, 0, 1.2367114635382519e-14, 24.89203261727132, 46.52670418021586, 41.31769676417197
619, 1603471402074503168, 0, 1.0600383973185015e-14, 24.91482029934007, 45.87782302339563, 41.28041165942281
620, 1603471402077194752, 0, 8.833653310987514e-15, 24.937607981408824, 45.2289418665754, 41.24312655467365
621, 1603471402079886592, 0, 7.066922648790011e-15, 24.960395663477573, 44.58006070975516, 41.20584144992449
622, 1603471402082578432, 0, 5.300191986592508e-15, 24.983183345546323, 43.93117955293493, 41.16855634517533
623, 1603471402085270016, 0, 3.5334613243950054e-15, 25.005971027615075, 43.2822983961147, 41.131271240426166
624, 1603471402087961600, 0, 1.7667306621975027e-15, 25.028758709683828, 42.63341723929446, 41.093986135677
625, 1603471402090653364, 0, 0.0, 25.051546391752577, 41.98453608247423, 41.05670103092784
626, 1603471402093345280, 0, 1.6481661396497164e-15, 25.09362398059372, 41.40826353092584, 41.0426298268119
627, 1603471402096037120, 0, 3.2963322792994328e-15, 25.135701569434858, 40.83199097937744, 41.028558622695954
628, 1603471402098728960, 0, 4.944498418949149e-15, 25.177779158276, 40.25571842782904, 41.01448741858
629, 1603471402101420544, 0, 6.5926645585988656e-15, 25.21985674711714, 39.67944587628064, 41.00041621446406
630, 1603471402104112128, 0, 8.240830698248582e-15, 25.26193433595828, 39.10317332473224, 40.98634501034812
631, 1603471402106803968, 0, 9.888996837898298e-15, 25.304011924799422, 38.52690077318384, 40.97227380623217
632, 1603471402109495808, 0, 1.1537162977548015e-14, 25.346089513640564, 37.95062822163544, 40.95820260211622
633, 1603471402112187392, 0, 1.3185329117197731e-14, 25.388167102481702, 37.37435567008704, 40.94413139800028
634, 1603471402114879232, 0, 1.4833495256847447e-14, 25.430244691322844, 36.79808311853864, 40.93006019388434
635, 1603471402117571072, 0, 1.6481661396497164e-14, 25.472322280163986, 36.22181056699024, 40.915988989768394
636, 1603471402120262656, 0, 1.812982753614688e-14, 25.514399869005125, 35.64553801544184, 40.90191778565245
637, 1603471402122954496, 0, 1.9777993675796596e-14, 25.556477457846267, 35.06926546389345, 40.88784658153651
638, 1603471402125646336, 0, 2.1426159815446313e-14, 25.59855504668741, 34.49299291234506, 40.873775377420564
639, 1603471402128337920, 0, 2.307432595509603e-14, 25.640632635528547, 33.91672036079666, 40.85970417330462
640, 1603471402131029760, 0, 2.4722492094745748e-14, 25.68271022436969, 33.34044780924826, 40.84563296918867
641, 1603471402133721364, 0, 2.6370658234395462e-14, 25.72478781321083, 32.76417525769986, 40.83156176507273
642, 1603471402136412928, 0, 2.616463746693925e-14, 25.802863672235517, 32.18790270615611, 40.73827026650737
643, 1603471402139104512, 0, 2.595861669948304e-14, 25.880939531260204, 31.611630154612357, 40.64497876794202
644, 1603471402141796352, 0, 2.5752595932026832e-14, 25.95901539028489, 31.035357603068604, 40.551687269376664
645, 1603471402144487936, 0, 2.5546575164570623e-14, 26.03709124930958, 30.459085051524855, 40.45839577081131
646, 1603471402147179520, 0, 2.5340554397114413e-14, 26.11516710833427, 29.882812499981107, 40.36510427224595
647, 1603471402149871360, 0, 2.5134533629658204e-14, 26.193242967358955, 29.306539948437354, 40.271812773680594
648, 1603471402152563200, 0, 2.4928512862201995e-14, 26.27131882638364, 28.730267396893602, 40.178521275115244
649, 1603471402155254784, 0, 2.4722492094745786e-14, 26.349394685408328, 28.15399484534985, 40.08522977654989
650, 1603471402157946368, 0, 2.4516471327289577e-14, 26.427470544433014, 27.577722293806097, 39.99193827798453
651, 1603471402160638208, 0, 2.4310450559833368e-14, 26.5055464034577, 27.001449742262345, 39.89864677941918
652, 1603471402163330048, 0, 2.410442979237716e-14, 26.583622262482386, 26.425177190718593, 39.805355280853824
653, 1603471402166021632, 0, 2.389840902492095e-14, 26.661698121507076, 25.848904639174844, 39.71206378228847
654, 1603471402168713216, 0, 2.369238825746474e-14, 26.739773980531766, 25.272632087631095, 39.61877228372311
655, 1603471402171405056, 0, 2.348636749000853e-14, 26.81784983955645, 24.696359536087343, 39.525480785157754
656, 1603471402174096640, 0, 2.3280346722552322e-14, 26.895925698581138, 24.12008698454359, 39.432189286592404
657, 1603471402176788364, 0, 2.307432595509611e-14, 26.974001557605824, 23.543814432999838, 39.33889778802705
658, 1603471402179480320, 0, 2.2353253268999355e-14, 27.102391328518266, 22.967541881453126, 38.945282396162455
659, 1603471402182171904, 0, 2.1632180582902605e-14, 27.23078109943071, 22.391269329906414, 38.551667004297855
660, 1603471402184863744, 0, 2.091110789680585e-14, 27.359170870343156, 21.814996778359703, 38.15805161243326
661, 1603471402187555328, 0, 2.0190035210709096e-14, 27.487560641255598, 21.23872422681299, 37.76443622056867
662, 1603471402190246912, 0, 1.9468962524612342e-14, 27.615950412168043, 20.66245167526628, 37.37082082870407
663, 1603471402192938496, 0, 1.8747889838515588e-14, 27.74434018308049, 20.086179123719567, 36.977205436839476
664, 1603471402195630080, 0, 1.8026817152418837e-14, 27.87272995399293, 19.50990657217286, 36.58359004497488
665, 1603471402198321920, 0, 1.7305744466322083e-14, 28.001119724905376, 18.933634020626148, 36.18997465311028
666, 1603471402201013760, 0, 1.658467178022533e-14, 28.12950949581782, 18.357361469079436, 35.796359261245684
667, 1603471402203705344, 0, 1.5863599094128578e-14, 28.257899266730263, 17.781088917532728, 35.40274386938109
668, 1603471402206396928, 0, 1.5142526408031824e-14, 28.386289037642708, 17.204816365986016, 35.0091284775165
669, 1603471402209088768, 0, 1.442145372193507e-14, 28.514678808555153, 16.628543814439304, 34.6155130856519
670, 1603471402211780608, 0, 1.3700381035838316e-14, 28.643068579467595, 16.052271262892592, 34.2218976937873
671, 1603471402214472192, 0, 1.2979308349741561e-14, 28.77145835038004, 15.47599871134588, 33.828282301922705
672, 1603471402217163776, 0, 1.2258235663644807e-14, 28.899848121292486, 14.899726159799169, 33.43466691005811
673, 1603471402219855364, 0, 1.1537162977548055e-14, 29.028237892204928, 14.323453608252459, 33.04105151819351
674, 1603471402222546944, 0, 1.0816090291451302e-14, 29.156627663117373, 13.747181056705749, 32.64743612632891
675, 1603471402225238528, 0, 1.0095017605354548e-14, 29.285017434029818, 13.170908505159037, 32.25382073446432
676, 1603471402227930112, 0, 9.373944919257794e-15, 29.41340720494226, 12.594635953612325, 31.860205342599723
677, 1603471402230621952, 0, 8.652872233161041e-15, 29.541796975854705, 12.018363402065614, 31.466589950735127
678, 1603471402233313792, 0, 7.931799547064289e-15, 29.67018674676715, 11.442090850518902, 31.07297455887053
679, 1603471402236005376, 0, 7.210726860967535e-15, 29.798576517679592, 10.865818298972192, 30.679359167005934
680, 1603471402238696960, 0, 6.489654174870781e-15, 29.926966288592038, 10.289545747425482, 30.285743775141338
681, 1603471402241388800, 0, 5.7685814887740274e-15, 30.055356059504483, 9.71327319587877, 29.89212838327674
682, 1603471402244080640, 0, 5.047508802677274e-15, 30.183745830416925, 9.137000644332058, 29.498512991412145
683, 1603471402246772224, 0, 4.326436116580521e-15, 30.31213560132937, 8.560728092785347, 29.10489759954755
684, 1603471402249463808, 0, 3.6053634304837674e-15, 30.440525372241815, 7.984455541238636, 28.711282207682952
685, 1603471402252155648, 0, 2.8842907443870137e-15, 30.568915143154257, 7.408182989691925, 28.317666815818356
686, 1603471402254847488, 0, 2.1632180582902604e-15, 30.697304914066702, 6.831910438145213, 27.92405142395376
687, 1603471402257539072, 0, 1.4421453721935069e-15, 30.825694684979148, 6.255637886598502, 27.530436032089163
688, 1603471402260230656, 0, 7.210726860967534e-16, 30.95408445589159, 5.679365335051791, 27.136820640224567
689, 1603471402262922364, 0, 0.0, 31.082474226804035, 5.10309278350508, 26.74320524835997
690, 1603471402265613824, 0, 0.0, 31.082474226804035, 5.10309278350508, 26.74320524835997
691, 1603471402268305408, 0, 0.0, 31.082474226804035, 5.10309278350508, 26.74320524835997
692, 1603471402270996992, 0, 0.0, 31.082474226804035, 5.10309278350508, 26.74320524835997
693, 1603471402273688832, 0, 0.0, 31.082474226804035, 5.10309278350508, 26.74320524835997
694, 1603471402276380672, 0, 0.0, 31.082474226804035, 5.10309278350508, 26.74320524835997
695, 1603471402279072256, 0, 0.0, 31.082474226804035, 5.10309278350508, 26.74320524835997
696, 1603471402281763840, 0, 0.0, 31.082474226804035, 5.10309278350508, 26.74320524835997
697, 1603471402284455680, 0, 0.0, 31.082474226804035, 5.10309278350508, 26.74320524835997
698, 1603471402287147520, 0, 0.0, 31.082474226804035, 5.10309278350508, 26.74320524835997
699, 1603471402289839104, 0, 0.0, 31.082474226804035, 5.10309278350508, 26.74320524835997
700, 1603471402292530688, 0, 0.0, 31.082474226804035, 5.10309278350508, 26.74320524835997
701, 1603471402295222528, 0, 0.0, 31.082474226804035, 5.10309278350508, 26.74320524835997
702, 1603471402297914368, 0, 0.0, 31.082474226804035, 5.10309278350508, 26.74320524835997
703, 1603471402300605952, 0, 0.0, 31.082474226804035, 5.10309278350508, 26.74320524835997
704, 1603471402303297536, 0, 0.0, 31.082474226804035, 5.10309278350508, 26.74320524835997
705, 1603471402305989364
706, 1603471402308681216
707, 1603471402311373056
708, 1603471402314064896
709, 1603471402316756480
710, 1603471402319448064
711, 1603471402322139904
712, 1603471402324831744
713, 1603471402327523328
714, 1603471402330215168
715, 1603471402332907008
716, 1603471402335598592
717, 1603471402338290432
718, 1603471402340982272
719, 1603471402343673856
720, 1603471402346365696
721, 1603471402349057364
722, 1603471402351748864
723, 1603471402354440448
724, 1603471402357132288
725, 1603471402359823872
726, 1603471402362515456
727, 1603471402365207296
728, 1603471402367899136
729, 1603471402370590720
730, 1603471402373282304
731, 1603471402375974144
732, 1603471402378665984
733, 1603471402381357568
734, 1603471402384049152
735, 1603471402386740992
736, 1603471402389432576
737, 1603471402392124364
738, 1603471402394816256
739, 1603471402397507840
740, 1603471402400199680
741, 1603471402402891264
742, 1603471402405582848
743, 1603471402408274432
744, 1603471402410966016
745, 1603471402413657856
746, 1603471402416349696
747, 1603471402419041280
748, 1603471402421732864
749, 1603471402424424704
750, 1603471402427116544
751, 1603471402429808128
752, 1603471402432499712
753, 1603471402435191364
754, 1603471402437882880
755, 1603471402440574464
756, 1603471402443266048
757, 1603471402445957888
758, 1603471402448649728
759, 1603471402451341312
760, 1603471402454032896
761, 1603471402456724736
762, 1603471402459416576
763, 1603471402462108160
764, 1603471402464799744
765, 1603471402467491584
766, 1603471402470183424
767, 1603471402472875008
768, 1603471402475566592
769, 1603471402478258364
770, 1603471402480950272
771, 1603471402483641856
772, 1603471402486333440
773, 1603471402489025280
774, 1603471402491717120
775, 1603471402494408704
776, 1603471402497100288
777, 1603471402499791872
778, 1603471402502483456
779, 1603471402505175296
780, 1603471402507867136
781, 1603471402510558720
782, 1603471402513250304
783, 1603471402515942144
784, 1603471402518633728
785, 1603471402521325364
786, 1603471402524016896
787, 1603471402526708736
788, 1603471402529400320
789, 1603471402532092160
790, 1603471402534784000
791, 1603471402537475584
792, 1603471402540167424
793, 1603471402542859264
794, 1603471402545551104
795, 1603471402548242944
796, 1603471402550934528
797, 1603471402553626368
798, 1603471402556318208
799, 1603471402559009792
800, 1603471402561701632
801, 1603471402564393364
