1, 1581957616841425936
2, 1581957616884492936
3, 1581957616927559936
4, 1581957616970627936
5, 1581957617013694936
6, 1581957617056761936
7, 1581957617099828936
8, 1581957617142895936
9, 1581957617185963936
10, 1581957617229030936
11, 1581957617272097936
12, 1581957617315164936
13, 1581957617358231936
14, 1581957617401299936, 0, 235.90206185567013, 79.5618556701031, 4.097938144329862, 15.77319587628866
15, 1581957617444366936, 0, 232.48895434462747, 78.7002945508023, 7.511045655372413, 17.674387468205182
16, 1581957617487433936, 0, 229.07584683358485, 77.8387334315015, 10.924153166414925, 19.575579060121726
17, 1581957617530500936, 0, 225.66273932254222, 76.9771723122007, 14.337260677457436, 21.47677065203827
18, 1581957617573567936, 0, 222.24963181149957, 76.11561119289989, 17.750368188499976, 23.3779622439548
19, 1581957617616635936, 0, 218.60222251975637, 75.2540500736171, 21.397777480243235, 24.322421564698388
20, 1581957617659702936, 0, 214.95481322801317, 74.3924889543343, 25.045186771986494, 25.266880885441964
21, 1581957617702769936, 0, 211.30740393626996, 73.5309278350515, 28.692596063729756, 26.211340206185547
22, 1581957617745836936, 0, 208.1638550452984, 73.60824742268038, 31.836144954701354, 26.288659793814418
23, 1581957617788903936, 0, 205.02030615432682, 73.68556701030924, 34.979693845672955, 26.365979381443296
24, 1581957617831971936, 0, 201.87675726335524, 73.76288659793812, 38.123242736644556, 26.443298969072146
25, 1581957617875038936, 0, 198.73320837238367, 73.84020618556698, 41.26679162761616, 26.520618556701024
26, 1581957617918105936, 0, 195.58965948141207, 73.91752577319586, 44.41034051858779, 26.597938144329888
27, 1581957617961172936, 0, 192.4461105904405, 73.99484536082473, 47.55388940955939, 26.675257731958766
28, 1581957618004239936, 0, 189.30256169946892, 74.0721649484536, 50.69743830053099, 26.752577319587616
29, 1581957618047307936, 0, 186.15901280849735, 74.14948453608247, 53.84098719150259, 26.829896907216494
30, 1581957618090374936, 0, 183.01546391752578, 74.22680412371135, 56.98453608247419, 26.90721649484536
31, 1581957618133441936, 0, 180.3108350774, 74.28203240059997, 59.68916492260001, 26.962444771699985
32, 1581957618176508936, 0, 177.6062062373, 74.3372606775, 60.82135966394852, 27.0176730486
33, 1581957618219575936, 0, 174.65499287975837, 74.39248895435996, 61.41910600568039, 27.07290132547999
34, 1581957618262643936, 0, 171.7037795222167, 74.44771723121993, 62.01685234741228, 27.128129602359977
35, 1581957618305710936, 0, 168.75256616467507, 74.5029455080799, 62.614598689144145, 27.183357879239935
36, 1581957618348777936, 0, 165.8013528071334, 74.55817378493987, 63.21234503087604, 27.238586156119922
37, 1581957618391844936, 0, 162.85013944959178, 74.61340206179983, 63.81009137260789, 27.293814432999913
38, 1581957618434911936, 0, 160.39209512689325, 74.66863033867986, 63.91466867947665, 27.349042709879924
39, 1581957618477979936, 0, 157.93405080419473, 74.72385861555989, 64.0192459863454, 27.40427098675994
40, 1581957618521046936, 0, 155.4760064814962, 74.77908689243992, 64.12382329321412, 27.45949926363994
41, 1581957618564113936, 0, 153.01796215879767, 74.83431516931995, 64.22840060008286, 27.514727540519957
42, 1581957618607180936, 0, 150.55991783609915, 74.88954344619998, 64.3329779069516, 27.56995581739998
43, 1581957618650247936, 0, 148.04030444170925, 74.94477172308268, 64.48205319937398, 27.62518409427534
44, 1581957618693315936, 0, 145.52069104731936, 74.99999999996538, 64.63112849179632, 27.680412371150723
45, 1581957618736382936, 0, 143.00107765292947, 75.05522827684808, 64.78020378421868, 27.73564064802609
46, 1581957618779449936, 0, 140.48146425853957, 75.11045655373078, 64.92927907664105, 27.790868924901474
47, 1581957618822516936, 0, 137.96185086414965, 75.1656848306135, 65.07835436906342, 27.84609720177683
48, 1581957618865583936, 0, 135.44223746975976, 75.2209131074962, 65.22742966148579, 27.90132547865221
49, 1581957618908651936, 0, 132.92262407536987, 75.2761413843789, 65.37650495390815, 27.95655375552758
50, 1581957618951718936, 0, 130.40301068097997, 75.3313696612616, 65.52558024633049, 28.011782032402962
51, 1581957618994785936, 0, 127.88339728659008, 75.3865979381443, 65.67465553875284, 28.067010309278338
52, 1581957619037852936, 0, 125.28293848921497, 75.53420805998124, 65.79842162379596, 27.961574507966233
53, 1581957619080919936, 0, 122.68247969183987, 75.68181818181816, 65.92218770883902, 27.856138706654164
54, 1581957619123987936, 0, 120.08202089446476, 75.82942830365509, 66.04595379388212, 27.750702905342067
55, 1581957619167054936, 0, 117.48156209708966, 75.97703842549203, 66.1697198789252, 27.64526710402997
56, 1581957619210121936, 0, 114.88110329971455, 76.12464854732895, 66.29348596396828, 27.539831302717886
57, 1581957619253188936, 0, 112.28064450233946, 76.27225866916588, 66.41725204901137, 27.434395501405803
58, 1581957619296255936, 0, 109.68018570496434, 76.4198687910028, 66.54101813405447, 27.32895970009372
59, 1581957619339323936, 0, 107.07972690758925, 76.56747891283973, 66.66478421909753, 27.22352389878162
60, 1581957619382390936, 0, 104.47926811021414, 76.71508903467667, 66.78855030414063, 27.118088097469524
61, 1581957619425457936, 0, 101.87880931283904, 76.86269915651359, 66.91231638918369, 27.012652296157455
62, 1581957619468524936, 0, 99.27835051546393, 77.01030927835052, 67.0360824742268, 26.90721649484536
63, 1581957619511591936, 0, 96.46908514905657, 77.11116091439138, 67.02504422938797, 26.89784756217385
64, 1581957619554659936, 0, 93.65981978264921, 77.21201255043223, 67.01400598454919, 26.888478629502345
65, 1581957619597726936, 0, 90.85055441624185, 77.31286418647309, 67.00296773971037, 26.879109696830852
66, 1581957619640793936, 0, 88.04128904983449, 77.41371582251395, 66.99192949487156, 26.869740764159346
67, 1581957619683860936, 0, 85.23202368342712, 77.51456745855481, 66.98089125003278, 26.86037183148784
68, 1581957619726927936, 0, 82.42275831701977, 77.61541909459567, 66.96985300519395, 26.851002898816333
69, 1581957619769995936, 0, 79.6134929506124, 77.71627073063652, 66.95881476035515, 26.841633966144826
70, 1581957619813062936, 0, 76.80422758420504, 77.81712236667738, 66.94777651551637, 26.83226503347332
71, 1581957619856129936, 0, 73.99496221779768, 77.91797400271824, 66.93673827067755, 26.822896100801827
72, 1581957619899196936, 0, 71.18569685139032, 78.0188256387591, 66.92570002583876, 26.81352716813032
73, 1581957619942263936, 0, 68.37643148498296, 78.11967727479995, 66.91466178099996, 26.804158235458814
74, 1581957619985331936, 0, 65.46190068254022, 78.22052891083467, 66.90362353615483, 26.98671549590597
75, 1581957620028398936, 0, 62.54736988009748, 78.32138054686938, 66.89258529130973, 27.169272756353138
76, 1581957620071465936, 0, 59.63283907765473, 78.42223218290408, 66.88154704646462, 27.351830016800307
77, 1581957620114532936, 0, 56.71830827521199, 78.5230838189388, 66.87050880161951, 27.53438727724746
78, 1581957620157599936, 0, 53.80377747276925, 78.62393545497352, 66.8594705567744, 27.716944537694616
79, 1581957620200667936, 0, 50.8892466703265, 78.72478709100822, 66.84843231192929, 27.89950179814177
80, 1581957620243734936, 0, 47.97471586788376, 78.82563872704293, 66.83739406708418, 28.08205905858894
81, 1581957620286801936, 0, 45.06018506544102, 78.92649036307765, 66.82635582223907, 28.264616319036094
82, 1581957620329868936, 0, 42.14565426299828, 79.02734199911237, 66.81531757739396, 28.44717357948325
83, 1581957620372935936, 0, 39.23112346055554, 79.12819363514707, 66.80427933254883, 28.629730839930417
84, 1581957620416003936, 0, 36.31659265811279, 79.22904527118177, 66.79324108770373, 28.812288100377586
85, 1581957620459070936, 0, 33.40206185567005, 79.3298969072165, 66.78220284285861, 28.994845360824733
86, 1581957620502137936, 0, 30.0120921978226, 79.67783505155319, 66.63770303890689, 29.018041237119803
87, 1581957620545204936, 0, 26.622122539975155, 80.0257731958899, 66.49320323495517, 29.041237113414837
88, 1581957620588271936, 0, 23.232152882127707, 80.37371134022659, 66.34870343100344, 29.0644329897099
89, 1581957620631339936, 0, 19.842183224280262, 80.7216494845633, 66.20420362705173, 29.087628866004934
90, 1581957620674406936, 0, 16.452213566432814, 81.0695876289, 66.0597038231, 29.1108247423
91, 1581957620717473936, 0, 13.315979377006022, 81.41752577322309, 65.9152040191563, 29.134020618582255
92, 1581957620760540936, 0, 10.179745187579229, 81.76546391754619, 65.7707042152126, 29.157216494864528
93, 1581957620803607936, 0, 7.043510998152435, 82.11340206186927, 65.6262044112689, 29.1804123711468
94, 1581957620846675936, 0, 3.9072768087256424, 82.46134020619236, 65.48170460732521, 29.203608247429074
95, 1581957620889742936, 0, 0.7710426192988501, 82.80927835051546, 65.33720480338151, 29.226804123711325
96, 1581957620932809936, 0, 0, 83.23102155579991, 62.88191190259989, 29.724826514538684
97, 1581957620975876936, 0, 0.0, 83.65276476103327, 59.65557638243325, 29.523490520567307
98, 1581957621018943936, 0, 0.0, 84.07450796626664, 56.429240862266624, 29.32215452659591
99, 1581957621062011936, 0, 0, 84.49625117149999, 53.20290534209999, 29.120818532624547
100, 1581957621105078936, 0, 0.0, 84.91799437674963, 49.976569821947265, 28.738315737831343
101, 1581957621148145936, 0, 0.0, 85.33973758199926, 46.75023430179454, 28.355812943038146
102, 1581957621191212936, 0, 0.0, 85.7614807872489, 43.52389878164182, 27.97331014824495
103, 1581957621234279936, 0, 0.0, 86.18322399249853, 40.297563261489096, 27.590807353451765
104, 1581957621277347936, 0, 0.0, 86.60496719774817, 37.07122774133637, 27.20830455865857
105, 1581957621320414936, 0, 0.0, 87.0267104029978, 33.844892221183656, 26.82580176386537
106, 1581957621363481936, 0, 0, 87.44845360824743, 30.61855670103093, 26.443298969072167
107, 1581957621406548936, 0, 0.0, 88.06701030927836, 27.13917525773196, 26.095360824742272
108, 1581957621449615936, 0, 0.0, 88.68556701030928, 23.65979381443299, 25.747422680412384
109, 1581957621492683936, 0, 0.0, 89.30412371134021, 20.18041237113402, 25.399484536082483
110, 1581957621535750936, 0, 0.0, 89.92268041237114, 16.701030927835053, 25.05154639175258
111, 1581957621578817936, 0, 0.0, 90.54123711340206, 13.221649484536083, 24.703608247422693
112, 1581957621621884936, 0, 0, 91.15979381443299, 9.742268041237114, 24.355670103092784
113, 1581957621664951936, 0, 0.0, 92.56920529947055, 6.030927835051546, 20.858629752075842
114, 1581957621708019936, 0, 0, 93.9786167845081, 2.319587628865979, 17.361589401058914
115, 1581957621751086936
116, 1581957621794153936
117, 1581957621837220936
118, 1581957621880287936
119, 1581957621923355936
120, 1581957621966422936
121, 1581957622009489936
122, 1581957622052556936
123, 1581957622095623936
124, 1581957622138691936
125, 1581957622181758936
126, 1581957622224825936
127, 1581957622267892936
128, 1581957622310959936
129, 1581957622354027936, 1, 237.5257731958763, 77.47422680412372, 2.474226804123676, 10.670103092783506
130, 1581957622397094936, 1, 234.09278350515083, 76.40721649484917, 5.907216494849138, 13.79520014523304
131, 1581957622440161936, 1, 230.6597938144254, 75.34020618557463, 9.340206185574544, 16.920297197682558
132, 1581957622483228936, 1, 227.22680412369994, 74.27319587630008, 12.773195876299999, 20.04539425013209
133, 1581957622526295936, 1, 223.855942051382, 73.45469604060801, 16.144057948617956, 21.15671774362275
134, 1581957622569363936, 1, 220.48507997906407, 72.63619620491595, 19.514920020935886, 22.268041237113405
135, 1581957622612430936, 1, 217.32694394473123, 72.33401396624203, 22.673056055268717, 22.824277276621444
136, 1581957622655497936, 1, 214.1688079103984, 72.0318317275681, 25.8311920896015, 23.38051331612948
137, 1581957622698564936, 1, 211.01067187606557, 71.72964948889417, 28.989328123934342, 23.936749355637545
138, 1581957622741631936, 1, 207.85253584173276, 71.42746725022025, 32.14746415826713, 24.49298539514558
139, 1581957622784699936, 1, 204.69439980739992, 71.12528501154632, 35.30560019259997, 25.049221434653614
140, 1581957622827766936, 1, 201.53626377307572, 71.34279733096875, 38.4637362269242, 25.08576291605233
141, 1581957622870833936, 1, 198.37812773875152, 71.56030965039116, 41.62187226124843, 25.12230439745106
142, 1581957622913900936, 1, 195.21999170442731, 71.77782196981357, 44.78000829557263, 25.15884587884979
143, 1581957622956967936, 1, 192.0618556701031, 71.995334289236, 47.938144329896865, 25.195387360248507
144, 1581957623000035936, 1, 189.68427835050144, 71.91531514991794, 50.315721649498556, 25.457474226824218
145, 1581957623043102936, 1, 187.30670103089977, 71.83529601059988, 52.69329896910024, 25.719561093399946
146, 1581957623086169936, 1, 184.57410874902584, 71.75527687129997, 54.648162341458004, 25.981647959900002
147, 1581957623129236936, 1, 181.9474143240695, 71.67525773195877, 55.34640010892013, 26.243734826470877
148, 1581957623172303936, 1, 179.24100198877858, 71.76324209029897, 55.747273127944965, 26.24261777060906
149, 1581957623215371936, 1, 176.53458965348764, 71.85122644863918, 56.14814614696979, 26.241500714747232
150, 1581957623258438936, 1, 173.8281773181967, 71.93921080697939, 56.54901916599462, 26.24038365888542
151, 1581957623301505936, 1, 171.12176498290577, 72.02719516531958, 56.94989218501945, 26.239266603023623
152, 1581957623344572936, 1, 168.41535264761484, 72.11517952365979, 57.35076520404428, 26.238149547161797
153, 1581957623387639936, 1, 165.7089403123239, 72.203163882, 57.75163822306911, 26.237032491299978
154, 1581957623430707936, 1, 163.45389258601705, 72.2911482403375, 57.832633656171595, 26.235915435424985
155, 1581957623473774936, 1, 161.19884485971022, 72.379132598675, 57.913629089274025, 26.23479837955
156, 1581957623516841936, 1, 158.94379713340336, 72.46711695701251, 57.99462452237648, 26.233681323674986
157, 1581957623559908936, 1, 156.6887494070965, 72.55510131535002, 58.07561995547897, 26.232564267799987
158, 1581957623602975936, 1, 154.43370168078965, 72.64308567368751, 58.15661538858146, 26.231447211925
159, 1581957623646043936, 1, 152.1786539544828, 72.73107003202502, 58.237610821683916, 26.230330156049988
160, 1581957623689110936, 1, 149.92360622817597, 72.81905439036251, 58.318606254786346, 26.229213100175002
161, 1581957623732177936, 1, 147.66855850186911, 72.90703874870002, 58.39960168788884, 26.2280960443
162, 1581957623775244936, 1, 145.6151891608634, 72.9950231070341, 58.51406275507563, 26.226978988425714
163, 1581957623818311936, 1, 143.5618198198577, 73.0830074653682, 58.62852382226242, 26.225861932551396
164, 1581957623861379936, 1, 141.50845047885198, 73.17099182370228, 58.74298488944922, 26.224744876677107
165, 1581957623904446936, 1, 139.4550811378463, 73.25897618203636, 58.85744595663601, 26.223627820802818
166, 1581957623947513936, 1, 137.40171179684057, 73.34696054037045, 58.97190702382281, 26.22251076492853
167, 1581957623990580936, 1, 135.34834245583485, 73.43494489870454, 59.08636809100963, 26.22139370905421
168, 1581957624033647936, 1, 133.29497311482916, 73.52292925703863, 59.2008291581964, 26.220276653179923
169, 1581957624076715936, 1, 131.24160377382344, 73.61091361537271, 59.31529022538322, 26.219159597305634
170, 1581957624119782936, 1, 129.18823443281775, 73.69889797370679, 59.42975129256999, 26.218042541431345
171, 1581957624162849936, 1, 127.13486509181203, 73.78688233204089, 59.54421235975681, 26.216925485557027
172, 1581957624205916936, 1, 125.08149575080633, 73.87486669037497, 59.658673426943594, 26.21580842968274
173, 1581957624248983936, 1, 123.02812640980062, 73.96285104870906, 59.7731344941304, 26.21469137380845
174, 1581957624292051936, 1, 120.9747570687949, 74.05083540704314, 59.8875955613172, 26.21357431793416
175, 1581957624335118936, 1, 118.92138772778921, 74.13881976537724, 60.00205662850399, 26.212457262059843
176, 1581957624378185936, 1, 116.86801838678349, 74.22680412371132, 60.11651769569079, 26.211340206185554
177, 1581957624421252936, 1, 114.81484261741093, 74.2963917525773, 60.058868722795296, 26.25773195876286
178, 1581957624464319936, 1, 112.76166684803837, 74.36597938144328, 60.0012197498998, 26.304123711340196
179, 1581957624507387936, 1, 110.70849107866583, 74.43556701030926, 59.9435707770043, 26.35051546391753
180, 1581957624550454936, 1, 108.65531530929327, 74.50515463917525, 59.885921804108804, 26.39690721649484
181, 1581957624593521936, 1, 106.60213953992071, 74.57474226804123, 59.82827283121331, 26.443298969072146
182, 1581957624636588936, 1, 104.54896377054816, 74.64432989690721, 59.77062385831785, 26.48969072164948
183, 1581957624679655936, 1, 102.4957880011756, 74.71391752577318, 59.712974885422355, 26.536082474226816
184, 1581957624722723936, 1, 100.44261223180305, 74.78350515463917, 59.65532591252685, 26.582474226804123
185, 1581957624765790936, 1, 98.3894364624305, 74.85309278350516, 59.597676939631356, 26.62886597938143
186, 1581957624808857936, 1, 96.33626069305794, 74.92268041237114, 59.54002796673587, 26.675257731958766
187, 1581957624851924936, 1, 93.81618175522698, 75.05154639175258, 59.508560512814256, 26.572164948453604
188, 1581957624894991936, 1, 91.29610281739603, 75.18041237113403, 59.477093058892606, 26.469072164948457
189, 1581957624938059936, 1, 88.77602387956507, 75.30927835051547, 59.445625604971, 26.365979381443296
190, 1581957624981126936, 1, 86.25594494173411, 75.43814432989691, 59.41415815104939, 26.262886597938135
191, 1581957625024193936, 1, 83.73586600390317, 75.56701030927834, 59.38269069712774, 26.159793814433
192, 1581957625067260936, 1, 81.21578706607221, 75.69587628865979, 59.351223243206135, 26.05670103092784
193, 1581957625110327936, 1, 78.69570812824125, 75.82474226804123, 59.31975578928453, 25.95360824742268
194, 1581957625153395936, 1, 76.1756291904103, 75.95360824742268, 59.28828833536288, 25.85051546391753
195, 1581957625196462936, 1, 73.65555025257935, 76.08247422680412, 59.256820881441264, 25.747422680412374
196, 1581957625239529936, 1, 70.73755788579946, 76.1895321173701, 59.28636289324611, 25.800951625693628
197, 1581957625282596936, 1, 67.81956551901956, 76.29659000793608, 59.31590490505094, 25.854480570974914
198, 1581957625325663936, 1, 64.90157315223968, 76.40364789850204, 59.34544691685578, 25.908009516256186
199, 1581957625368731936, 1, 61.98358078545979, 76.51070578906803, 59.37498892866061, 25.961538461537444
200, 1581957625411798936, 1, 59.06558841867991, 76.61776367963401, 59.404530940465435, 26.015067406818716
201, 1581957625454865936, 1, 56.14759605190002, 76.72482157019998, 59.434072952270284, 26.06859635209998
202, 1581957625497932936, 1, 53.22960368513374, 76.83187946076052, 59.294006565863484, 26.122125297381714
203, 1581957625540999936, 1, 50.31161131836747, 76.93893735132104, 59.15394017945667, 26.17565424266347
204, 1581957625584067936, 1, 47.39361895160119, 77.04599524188158, 59.013873793049875, 26.229183187945196
205, 1581957625627134936, 1, 44.47562658483491, 77.15305313244211, 58.87380740664308, 26.28271213322695
206, 1581957625670201936, 1, 41.55763421806864, 77.26011102300265, 58.73374102023628, 26.336241078508678
207, 1581957625713268936, 1, 38.639641851302365, 77.36716891356318, 58.59367463382947, 26.389770023790433
208, 1581957625756335936, 1, 35.72164948453609, 77.47422680412372, 58.453608247422686, 26.443298969072167
209, 1581957625799403936, 1, 32.54803044866887, 77.62399072787842, 58.38271641509813, 26.595081437078278
210, 1581957625842470936, 1, 29.374411412801646, 77.77375465163314, 58.31182458277358, 26.746863905084368
211, 1581957625885537936, 1, 26.200792376934427, 77.92351857538785, 58.24093275044905, 26.898646373090486
212, 1581957625928604936, 1, 23.027173341067204, 78.07328249914256, 58.170040918124506, 27.050428841096576
213, 1581957625971671936, 1, 19.853554305199985, 78.22304642289727, 58.099149085799965, 27.202211309102697
214, 1581957626014739936, 1, 16.679935269338806, 78.53720002491572, 58.0282572534665, 27.18960409882854
215, 1581957626057806936, 1, 13.506316233477623, 78.85135362693417, 57.957365421133034, 27.176996888554385
216, 1581957626100873936, 1, 10.332697197616444, 79.16550722895262, 57.886473588799575, 27.164389678280244
217, 1581957626143940936, 1, 7.159078161755263, 79.47966083097107, 57.815581756466116, 27.15178246800609
218, 1581957626187007936, 1, 3.985459125894081, 79.79381443298952, 57.74468992413265, 27.139175257731928
219, 1581957626230075936, 1, 1.9927295629470405, 79.9097938144329, 56.12749960124159, 27.371134020618555
220, 1581957626273142936, 1, 0, 80.0257731958763, 54.51030927835052, 27.603092783505154
221, 1581957626316209936, 1, 0.0, 80.3842549203374, 51.22071227741331, 27.37113402061857
222, 1581957626359276936, 1, 0.0, 80.74273664479851, 47.931115276476106, 27.139175257731964
223, 1581957626402343936, 1, 0.0, 81.10121836925961, 44.6415182755389, 26.907216494845372
224, 1581957626445411936, 1, 0.0, 81.45970009372071, 41.351921274601686, 26.67525773195878
225, 1581957626488478936, 1, 0.0, 81.81818181818183, 38.06232427366448, 26.443298969072174
226, 1581957626531545936, 1, 0.0, 82.17666354264293, 34.77272727272727, 26.211340206185568
227, 1581957626574612936, 1, 0.0, 82.53514526710404, 31.483130271790063, 25.979381443298962
228, 1581957626617679936, 1, 0.0, 82.89362699156514, 28.193533270852857, 25.74742268041237
229, 1581957626660747936, 1, 0.0, 83.25210871602624, 24.90393626991565, 25.51546391752578
230, 1581957626703814936, 1, 0.0, 83.61059044048736, 21.61433926897844, 25.283505154639172
231, 1581957626746881936, 1, 0, 83.96907216494846, 18.324742268041238, 25.051546391752577
232, 1581957626789948936, 1, 0.0, 84.81958762886599, 15.231958762886599, 24.355670103092777
233, 1581957626833015936, 1, 0.0, 85.6701030927835, 12.13917525773196, 23.659793814433
234, 1581957626876083936, 1, 0, 86.52061855670104, 9.04639175257732, 22.963917525773198
235, 1581957626919150936, 1, 0, 89.07216494845362, 6.030927835051546, 17.860824742268044
236, 1581957626962217936
237, 1581957627005284936
238, 1581957627048351936
239, 1581957627091419936
240, 1581957627134486936
241, 1581957627177553936
