27, 0, 235.90206185567013, 79.5618556701031, 4.097938144329862, 15.77319587628866, -1, -1, -1, -1
28, 0, 234.1955081001488, 79.1310751104527, 5.804491899851138, 16.72379167224692, -1, -1, -1, -1
29, 0, 232.48895434462747, 78.7002945508023, 7.511045655372413, 17.674387468205182, -1, -1, -1, -1
30, 0, 230.78240058910615, 78.2695139911519, 9.21759941089367, 18.624983264163454, -1, -1, -1, -1
31, 0, 229.07584683358485, 77.8387334315015, 10.924153166414925, 19.575579060121726, -1, -1, -1, -1
32, 0, 227.36929307806355, 77.4079528718511, 12.63070692193618, 20.526174856079997, -1, -1, -1, -1
33, 0, 225.66273932254222, 76.9771723122007, 14.337260677457436, 21.47677065203827, -1, -1, -1, -1
34, 0, 223.9561855670209, 76.54639175255029, 16.043814432978706, 22.427366447996533, -1, -1, -1, -1
35, 0, 222.24963181149957, 76.11561119289989, 17.750368188499976, 23.3779622439548, -1, -1, -1, -1
36, 0, 220.42592716562797, 75.68483063325849, 19.574072834371606, 23.850191904326593, -1, -1, -1, -1
37, 0, 218.60222251975637, 75.2540500736171, 21.397777480243235, 24.322421564698388, -1, -1, -1, -1
38, 0, 216.77851787388477, 74.8232695139757, 23.221482126114864, 24.794651225070176, -1, -1, -1, -1
39, 0, 214.95481322801317, 74.3924889543343, 25.045186771986494, 25.266880885441964, -1, -1, -1, -1
40, 0, 213.13110858214156, 73.96170839469289, 26.868891417858123, 25.739110545813755, -1, -1, -1, -1
41, 0, 211.30740393626996, 73.5309278350515, 28.692596063729756, 26.211340206185547, -1, -1, -1, -1
42, 0, 209.73562949078416, 73.56958762886595, 30.264370509215553, 26.249999999999982, -1, -1, -1, -1
43, 0, 208.1638550452984, 73.60824742268038, 31.836144954701354, 26.288659793814418, -1, -1, -1, -1
44, 0, 206.59208059981262, 73.64690721649481, 33.407919400187154, 26.327319587628857, -1, -1, -1, -1
45, 0, 205.02030615432682, 73.68556701030924, 34.979693845672955, 26.365979381443296, -1, -1, -1, -1
46, 0, 203.44853170884102, 73.72422680412367, 36.551468291158756, 26.40463917525772, -1, -1, -1, -1
47, 0, 201.87675726335524, 73.76288659793812, 38.123242736644556, 26.443298969072146, -1, -1, -1, -1
48, 0, 200.30498281786947, 73.80154639175255, 39.69501718213036, 26.481958762886585, -1, -1, -1, -1
49, 0, 198.73320837238367, 73.84020618556698, 41.26679162761616, 26.520618556701024, -1, -1, -1, -1
50, 0, 197.16143392689787, 73.87886597938143, 42.83856607310197, 26.559278350515456, -1, -1, -1, -1
51, 0, 195.58965948141207, 73.91752577319586, 44.41034051858779, 26.597938144329888, -1, -1, -1, -1
52, 0, 194.01788503592627, 73.9561855670103, 45.98211496407359, 26.636597938144327, -1, -1, -1, -1
53, 0, 192.4461105904405, 73.99484536082473, 47.55388940955939, 26.675257731958766, -1, -1, -1, -1
54, 0, 190.87433614495473, 74.03350515463916, 49.12566385504519, 26.71391752577319, -1, -1, -1, -1
55, 0, 189.30256169946892, 74.0721649484536, 50.69743830053099, 26.752577319587616, -1, -1, -1, -1
56, 0, 187.73078725398312, 74.11082474226804, 52.26921274601679, 26.791237113402055, -1, -1, -1, -1
57, 0, 186.15901280849735, 74.14948453608247, 53.84098719150259, 26.829896907216494, -1, -1, -1, -1
58, 0, 184.58723836301158, 74.18814432989691, 55.41276163698839, 26.868556701030926, -1, -1, -1, -1
59, 0, 183.01546391752578, 74.22680412371135, 56.98453608247419, 26.90721649484536, -1, -1, -1, -1
60, 0, 181.66314949746288, 74.25441826215567, 58.336850502537104, 26.934830633272675, -1, -1, -1, -1
61, 0, 180.3108350774, 74.28203240059997, 59.68916492260001, 26.962444771699985, -1, -1, -1, -1
62, 0, 178.95852065735, 74.30964653905, 60.255262293274264, 26.99005891014999, -1, -1, -1, -1
63, 0, 177.6062062373, 74.3372606775, 60.82135966394852, 27.0176730486, -1, -1, -1, -1
64, 0, 176.13059955852918, 74.36487481592998, 61.12023283481446, 27.045287187039996, -1, -1, -1, -1
65, 0, 174.65499287975837, 74.39248895435996, 61.41910600568039, 27.07290132547999, -1, -1, -1, -1
66, 0, 173.17938620098755, 74.42010309278994, 61.717979176546336, 27.100515463919983, -1, -1, -1, -1
67, 0, 171.7037795222167, 74.44771723121993, 62.01685234741228, 27.128129602359977, -1, -1, -1, -1
68, 0, 170.2281728434459, 74.47533136964992, 62.315725518278214, 27.155743740799956, -1, -1, -1, -1
69, 0, 168.75256616467507, 74.5029455080799, 62.614598689144145, 27.183357879239935, -1, -1, -1, -1
70, 0, 167.27695948590423, 74.53055964650989, 62.91347186001009, 27.21097201767993, -1, -1, -1, -1
71, 0, 165.8013528071334, 74.55817378493987, 63.21234503087604, 27.238586156119922, -1, -1, -1, -1
72, 0, 164.3257461283626, 74.58578792336985, 63.51121820174197, 27.266200294559916, -1, -1, -1, -1
73, 0, 162.85013944959178, 74.61340206179983, 63.81009137260789, 27.293814432999913, -1, -1, -1, -1
74, 0, 161.62111728824252, 74.64101620023985, 63.862380026042274, 27.321428571439917, -1, -1, -1, -1
75, 0, 160.39209512689325, 74.66863033867986, 63.91466867947665, 27.349042709879924, -1, -1, -1, -1
76, 0, 159.163072965544, 74.69624447711988, 63.96695733291102, 27.376656848319932, -1, -1, -1, -1
77, 0, 157.93405080419473, 74.72385861555989, 64.0192459863454, 27.40427098675994, -1, -1, -1, -1
78, 0, 156.70502864284546, 74.7514727539999, 64.07153463977976, 27.43188512519994, -1, -1, -1, -1
79, 0, 155.4760064814962, 74.77908689243992, 64.12382329321412, 27.45949926363994, -1, -1, -1, -1
80, 0, 154.24698432014694, 74.80670103087994, 64.17611194664849, 27.48711340207995, -1, -1, -1, -1
81, 0, 153.01796215879767, 74.83431516931995, 64.22840060008286, 27.514727540519957, -1, -1, -1, -1
82, 0, 151.7889399974484, 74.86192930775997, 64.28068925351724, 27.542341678959968, -1, -1, -1, -1
83, 0, 150.55991783609915, 74.88954344619998, 64.3329779069516, 27.56995581739998, -1, -1, -1, -1
84, 0, 149.30011113890419, 74.91715758464133, 64.4075155531628, 27.59756995583766, -1, -1, -1, -1
85, 0, 148.04030444170925, 74.94477172308268, 64.48205319937398, 27.62518409427534, -1, -1, -1, -1
86, 0, 146.78049774451432, 74.97238586152403, 64.55659084558515, 27.65279823271303, -1, -1, -1, -1
87, 0, 145.52069104731936, 74.99999999996538, 64.63112849179632, 27.680412371150723, -1, -1, -1, -1
88, 0, 144.2608843501244, 75.02761413840673, 64.7056661380075, 27.708026509588407, -1, -1, -1, -1
89, 0, 143.00107765292947, 75.05522827684808, 64.78020378421868, 27.73564064802609, -1, -1, -1, -1
90, 0, 141.74127095573454, 75.08284241528943, 64.85474143042987, 27.763254786463783, -1, -1, -1, -1
91, 0, 140.48146425853957, 75.11045655373078, 64.92927907664105, 27.790868924901474, -1, -1, -1, -1
92, 0, 139.2216575613446, 75.13807069217214, 65.00381672285224, 27.81848306333915, -1, -1, -1, -1
93, 0, 137.96185086414965, 75.1656848306135, 65.07835436906342, 27.84609720177683, -1, -1, -1, -1
94, 0, 136.7020441669547, 75.19329896905485, 65.1528920152746, 27.87371134021452, -1, -1, -1, -1
95, 0, 135.44223746975976, 75.2209131074962, 65.22742966148579, 27.90132547865221, -1, -1, -1, -1
96, 0, 134.18243077256483, 75.24852724593755, 65.30196730769697, 27.928939617089895, -1, -1, -1, -1
97, 0, 132.92262407536987, 75.2761413843789, 65.37650495390815, 27.95655375552758, -1, -1, -1, -1
98, 0, 131.6628173781749, 75.30375552282025, 65.45104260011932, 27.98416789396527, -1, -1, -1, -1
99, 0, 130.40301068097997, 75.3313696612616, 65.52558024633049, 28.011782032402962, -1, -1, -1, -1
100, 0, 129.14320398378504, 75.35898379970295, 65.60011789254168, 28.03939617084065, -1, -1, -1, -1
101, 0, 127.88339728659008, 75.3865979381443, 65.67465553875284, 28.067010309278338, -1, -1, -1, -1
102, 0, 126.58316788790253, 75.46040299906278, 65.7365385812744, 28.014292408622286, -1, -1, -1, -1
103, 0, 125.28293848921497, 75.53420805998124, 65.79842162379596, 27.961574507966233, -1, -1, -1, -1
104, 0, 123.98270909052742, 75.6080131208997, 65.86030466631749, 27.9088566073102, -1, -1, -1, -1
105, 0, 122.68247969183987, 75.68181818181816, 65.92218770883902, 27.856138706654164, -1, -1, -1, -1
106, 0, 121.38225029315231, 75.75562324273662, 65.98407075136058, 27.803420805998115, -1, -1, -1, -1
107, 0, 120.08202089446476, 75.82942830365509, 66.04595379388212, 27.750702905342067, -1, -1, -1, -1
108, 0, 118.78179149577721, 75.90323336457357, 66.10783683640366, 27.697985004686018, -1, -1, -1, -1
109, 0, 117.48156209708966, 75.97703842549203, 66.1697198789252, 27.64526710402997, -1, -1, -1, -1
110, 0, 116.18133269840212, 76.05084348641049, 66.23160292144675, 27.592549203373927, -1, -1, -1, -1
111, 0, 114.88110329971455, 76.12464854732895, 66.29348596396828, 27.539831302717886, -1, -1, -1, -1
112, 0, 113.580873901027, 76.1984536082474, 66.35536900648982, 27.487113402061844, -1, -1, -1, -1
113, 0, 112.28064450233946, 76.27225866916588, 66.41725204901137, 27.434395501405803, -1, -1, -1, -1
114, 0, 110.9804151036519, 76.34606373008434, 66.47913509153292, 27.38167760074976, -1, -1, -1, -1
115, 0, 109.68018570496434, 76.4198687910028, 66.54101813405447, 27.32895970009372, -1, -1, -1, -1
116, 0, 108.3799563062768, 76.49367385192127, 66.602901176576, 27.27624179943767, -1, -1, -1, -1
117, 0, 107.07972690758925, 76.56747891283973, 66.66478421909753, 27.22352389878162, -1, -1, -1, -1
118, 0, 105.7794975089017, 76.64128397375819, 66.72666726161907, 27.170805998125573, -1, -1, -1, -1
119, 0, 104.47926811021414, 76.71508903467667, 66.78855030414063, 27.118088097469524, -1, -1, -1, -1
120, 0, 103.17903871152659, 76.78889409559513, 66.85043334666216, 27.06537019681349, -1, -1, -1, -1
121, 0, 101.87880931283904, 76.86269915651359, 66.91231638918369, 27.012652296157455, -1, -1, -1, -1
122, 0, 100.57857991415148, 76.93650421743206, 66.97419943170524, 26.959934395501406, -1, -1, -1, -1
123, 0, 99.27835051546393, 77.01030927835052, 67.0360824742268, 26.90721649484536, -1, -1, -1, -1
124, 0, 97.87371783226024, 77.06073509637095, 67.03056335180739, 26.902532028509604, -1, -1, -1, -1
125, 0, 96.46908514905657, 77.11116091439138, 67.02504422938797, 26.89784756217385, -1, -1, -1, -1
126, 0, 95.0644524658529, 77.1615867324118, 67.01952510696859, 26.893163095838098, -1, -1, -1, -1
127, 0, 93.65981978264921, 77.21201255043223, 67.01400598454919, 26.888478629502345, -1, -1, -1, -1
128, 0, 92.25518709944552, 77.26243836845266, 67.00848686212979, 26.8837941631666, -1, -1, -1, -1
129, 0, 90.85055441624185, 77.31286418647309, 67.00296773971037, 26.879109696830852, -1, -1, -1, -1
130, 0, 89.44592173303818, 77.36329000449352, 66.99744861729096, 26.8744252304951, -1, -1, -1, -1
131, 0, 88.04128904983449, 77.41371582251395, 66.99192949487156, 26.869740764159346, -1, -1, -1, -1
132, 0, 86.6366563666308, 77.46414164053438, 66.98641037245217, 26.865056297823593, -1, -1, -1, -1
133, 0, 85.23202368342712, 77.51456745855481, 66.98089125003278, 26.86037183148784, -1, -1, -1, -1
134, 0, 83.82739100022344, 77.56499327657524, 66.97537212761337, 26.855687365152086, -1, -1, -1, -1
135, 0, 82.42275831701977, 77.61541909459567, 66.96985300519395, 26.851002898816333, -1, -1, -1, -1
136, 0, 81.01812563381608, 77.6658449126161, 66.96433388277455, 26.84631843248058, -1, -1, -1, -1
137, 0, 79.6134929506124, 77.71627073063652, 66.95881476035515, 26.841633966144826, -1, -1, -1, -1
138, 0, 78.20886026740871, 77.76669654865695, 66.95329563793575, 26.836949499809073, -1, -1, -1, -1
139, 0, 76.80422758420504, 77.81712236667738, 66.94777651551637, 26.83226503347332, -1, -1, -1, -1
140, 0, 75.39959490100136, 77.86754818469781, 66.94225739309695, 26.827580567137574, -1, -1, -1, -1
141, 0, 73.99496221779768, 77.91797400271824, 66.93673827067755, 26.822896100801827, -1, -1, -1, -1
142, 0, 72.59032953459399, 77.96839982073867, 66.93121914825815, 26.818211634466074, -1, -1, -1, -1
143, 0, 71.18569685139032, 78.0188256387591, 66.92570002583876, 26.81352716813032, -1, -1, -1, -1
144, 0, 69.78106416818665, 78.06925145677953, 66.92018090341936, 26.808842701794568, -1, -1, -1, -1
145, 0, 68.37643148498296, 78.11967727479995, 66.91466178099996, 26.804158235458814, -1, -1, -1, -1
146, 0, 66.91916608376158, 78.17010309281731, 66.9091426585774, 26.89543686568239, -1, -1, -1, -1
147, 0, 65.46190068254022, 78.22052891083467, 66.90362353615483, 26.98671549590597, -1, -1, -1, -1
148, 0, 64.00463528131885, 78.27095472885202, 66.89810441373228, 27.077994126129553, -1, -1, -1, -1
149, 0, 62.54736988009748, 78.32138054686938, 66.89258529130973, 27.169272756353138, -1, -1, -1, -1
150, 0, 61.0901044788761, 78.37180636488674, 66.88706616888717, 27.260551386576722, -1, -1, -1, -1
151, 0, 59.63283907765473, 78.42223218290408, 66.88154704646462, 27.351830016800307, -1, -1, -1, -1
152, 0, 58.17557367643336, 78.47265800092144, 66.87602792404206, 27.443108647023884, -1, -1, -1, -1
153, 0, 56.71830827521199, 78.5230838189388, 66.87050880161951, 27.53438727724746, -1, -1, -1, -1
154, 0, 55.26104287399062, 78.57350963695616, 66.86498967919695, 27.62566590747104, -1, -1, -1, -1
155, 0, 53.80377747276925, 78.62393545497352, 66.8594705567744, 27.716944537694616, -1, -1, -1, -1
156, 0, 52.34651207154788, 78.67436127299086, 66.85395143435184, 27.808223167918193, -1, -1, -1, -1
157, 0, 50.8892466703265, 78.72478709100822, 66.84843231192929, 27.89950179814177, -1, -1, -1, -1
158, 0, 49.43198126910513, 78.77521290902558, 66.84291318950673, 27.990780428365355, -1, -1, -1, -1
159, 0, 47.97471586788376, 78.82563872704293, 66.83739406708418, 28.08205905858894, -1, -1, -1, -1
160, 0, 46.51745046666239, 78.87606454506029, 66.83187494466162, 28.173337688812516, -1, -1, -1, -1
161, 0, 45.06018506544102, 78.92649036307765, 66.82635582223907, 28.264616319036094, -1, -1, -1, -1
162, 0, 43.60291966421965, 78.976916181095, 66.82083669981651, 28.35589494925967, -1, -1, -1, -1
163, 0, 42.14565426299828, 79.02734199911237, 66.81531757739396, 28.44717357948325, -1, -1, -1, -1
164, 0, 40.68838886177691, 79.07776781712971, 66.8097984549714, 28.538452209706833, -1, -1, -1, -1
165, 0, 39.23112346055554, 79.12819363514707, 66.80427933254883, 28.629730839930417, -1, -1, -1, -1
166, 0, 37.77385805933416, 79.17861945316443, 66.79876021012629, 28.721009470154, -1, -1, -1, -1
167, 0, 36.31659265811279, 79.22904527118177, 66.79324108770373, 28.812288100377586, -1, -1, -1, -1
168, 0, 34.85932725689142, 79.27947108919913, 66.78772196528118, 28.90356673060116, -1, -1, -1, -1
169, 0, 33.40206185567005, 79.3298969072165, 66.78220284285861, 28.994845360824733, -1, -1, -1, -1
170, 0, 31.707077026746326, 79.50386597938484, 66.70995294088274, 29.00644329897227, -1, -1, -1, -1
171, 0, 30.0120921978226, 79.67783505155319, 66.63770303890689, 29.018041237119803, -1, -1, -1, -1
172, 0, 28.317107368898878, 79.85180412372154, 66.56545313693104, 29.02963917526732, -1, -1, -1, -1
173, 0, 26.622122539975155, 80.0257731958899, 66.49320323495517, 29.041237113414837, -1, -1, -1, -1
174, 0, 24.92713771105143, 80.19974226805824, 66.42095333297931, 29.05283505156237, -1, -1, -1, -1
175, 0, 23.232152882127707, 80.37371134022659, 66.34870343100344, 29.0644329897099, -1, -1, -1, -1
176, 0, 21.537168053203985, 80.54768041239495, 66.27645352902758, 29.076030927857417, -1, -1, -1, -1
177, 0, 19.842183224280262, 80.7216494845633, 66.20420362705173, 29.087628866004934, -1, -1, -1, -1
178, 0, 18.14719839535654, 80.89561855673165, 66.13195372507586, 29.099226804152465, -1, -1, -1, -1
179, 0, 16.452213566432814, 81.0695876289, 66.0597038231, 29.1108247423, -1, -1, -1, -1
180, 0, 14.884096471719417, 81.24355670106155, 65.98745392112815, 29.122422680441126, -1, -1, -1, -1
181, 0, 13.315979377006022, 81.41752577322309, 65.9152040191563, 29.134020618582255, -1, -1, -1, -1
182, 0, 11.747862282292626, 81.59149484538463, 65.84295411718446, 29.14561855672339, -1, -1, -1, -1
183, 0, 10.179745187579229, 81.76546391754619, 65.7707042152126, 29.157216494864528, -1, -1, -1, -1
184, 0, 8.611628092865832, 81.93943298970773, 65.69845431324075, 29.168814433005664, -1, -1, -1, -1
185, 0, 7.043510998152435, 82.11340206186927, 65.6262044112689, 29.1804123711468, -1, -1, -1, -1
186, 0, 5.475393903439039, 82.28737113403082, 65.55395450929706, 29.192010309287937, -1, -1, -1, -1
187, 0, 3.9072768087256424, 82.46134020619236, 65.48170460732521, 29.203608247429074, -1, -1, -1, -1
188, 0, 2.339159714012246, 82.6353092783539, 65.40945470535337, 29.2152061855702, -1, -1, -1, -1
189, 0, 0.7710426192988501, 82.80927835051546, 65.33720480338151, 29.226804123711325, -1, -1, -1, -1
190, 0, 0.38552130964942505, 83.02014995315768, 64.1095583529907, 29.475815319125005, -1, -1, -1, -1
191, 0, 0, 83.23102155579991, 62.88191190259989, 29.724826514538684, -1, -1, -1, -1
192, 0, 0.0, 83.44189315841659, 61.26874414251657, 29.624158517552996, -1, -1, -1, -1
193, 0, 0.0, 83.65276476103327, 59.65557638243325, 29.523490520567307, -1, -1, -1, -1
194, 0, 0.0, 83.86363636364996, 58.04240862234994, 29.42282252358161, -1, -1, -1, -1
195, 0, 0.0, 84.07450796626664, 56.429240862266624, 29.32215452659591, -1, -1, -1, -1
196, 0, 0.0, 84.28537956888331, 54.81607310218331, 29.221486529610228, -1, -1, -1, -1
197, 0, 0, 84.49625117149999, 53.20290534209999, 29.120818532624547, -1, -1, -1, -1
198, 0, 0.0, 84.70712277412481, 51.58973758202363, 28.929567135227945, -1, -1, -1, -1
199, 0, 0.0, 84.91799437674963, 49.976569821947265, 28.738315737831343, -1, -1, -1, -1
200, 0, 0.0, 85.12886597937444, 48.3634020618709, 28.547064340434744, -1, -1, -1, -1
201, 0, 0.0, 85.33973758199926, 46.75023430179454, 28.355812943038146, -1, -1, -1, -1
202, 0, 0.0, 85.55060918462408, 45.137066541718184, 28.164561545641547, -1, -1, -1, -1
203, 0, 0.0, 85.7614807872489, 43.52389878164182, 27.97331014824495, -1, -1, -1, -1
204, 0, 0.0, 85.97235238987372, 41.910731021565454, 27.782058750848357, -1, -1, -1, -1
205, 0, 0.0, 86.18322399249853, 40.297563261489096, 27.590807353451765, -1, -1, -1, -1
206, 0, 0.0, 86.39409559512335, 38.68439550141274, 27.399555956055167, -1, -1, -1, -1
207, 0, 0.0, 86.60496719774817, 37.07122774133637, 27.20830455865857, -1, -1, -1, -1
208, 0, 0.0, 86.81583880037297, 35.458059981260014, 27.01705316126197, -1, -1, -1, -1
209, 0, 0.0, 87.0267104029978, 33.844892221183656, 26.82580176386537, -1, -1, -1, -1
210, 0, 0.0, 87.23758200562261, 32.23172446110729, 26.63455036646877, -1, -1, -1, -1
211, 0, 0, 87.44845360824743, 30.61855670103093, 26.443298969072167, -1, -1, -1, -1
212, 0, 0.0, 87.75773195876289, 28.878865979381445, 26.26932989690722, -1, -1, -1, -1
213, 0, 0.0, 88.06701030927836, 27.13917525773196, 26.095360824742272, -1, -1, -1, -1
214, 0, 0.0, 88.37628865979383, 25.399484536082475, 25.92139175257733, -1, -1, -1, -1
215, 0, 0.0, 88.68556701030928, 23.65979381443299, 25.747422680412384, -1, -1, -1, -1
216, 0, 0.0, 88.99484536082474, 21.920103092783506, 25.573453608247434, -1, -1, -1, -1
217, 0, 0.0, 89.30412371134021, 20.18041237113402, 25.399484536082483, -1, -1, -1, -1
218, 0, 0.0, 89.61340206185568, 18.440721649484537, 25.22551546391753, -1, -1, -1, -1
219, 0, 0.0, 89.92268041237114, 16.701030927835053, 25.05154639175258, -1, -1, -1, -1
220, 0, 0.0, 90.23195876288659, 14.961340206185568, 24.877577319587637, -1, -1, -1, -1
221, 0, 0.0, 90.54123711340206, 13.221649484536083, 24.703608247422693, -1, -1, -1, -1
222, 0, 0.0, 90.85051546391753, 11.481958762886599, 24.52963917525774, -1, -1, -1, -1
223, 0, 0, 91.15979381443299, 9.742268041237114, 24.355670103092784, -1, -1, -1, -1
224, 0, 0.0, 91.86449955695177, 7.88659793814433, 22.607149927584313, -1, -1, -1, -1
225, 0, 0.0, 92.56920529947055, 6.030927835051546, 20.858629752075842, -1, -1, -1, -1
226, 0, 0.0, 93.27391104198932, 4.175257731958762, 19.11010957656738, -1, -1, -1, -1
227, 0, 0, 93.9786167845081, 2.319587628865979, 17.361589401058914, -1, -1, -1, -1
228, 0, 0.0, 93.9786167845081, 2.319587628865979, 17.361589401058914, -1, -1, -1, -1
257, 1, 237.5257731958763, 77.47422680412372, 2.474226804123676, 10.670103092783506, -1, -1, -1, -1
258, 1, 235.80927835051358, 76.94072164948645, 4.190721649486407, 12.232651619008273, -1, -1, -1, -1
259, 1, 234.09278350515083, 76.40721649484917, 5.907216494849138, 13.79520014523304, -1, -1, -1, -1
260, 1, 232.37628865978812, 75.8737113402119, 7.623711340211841, 15.357748671457799, -1, -1, -1, -1
261, 1, 230.6597938144254, 75.34020618557463, 9.340206185574544, 16.920297197682558, -1, -1, -1, -1
262, 1, 228.94329896906265, 74.80670103093735, 11.056701030937273, 18.482845723907324, -1, -1, -1, -1
263, 1, 227.22680412369994, 74.27319587630008, 12.773195876299999, 20.04539425013209, -1, -1, -1, -1
264, 1, 225.54137308754096, 73.86394595845405, 14.458626912458978, 20.60105599687742, -1, -1, -1, -1
265, 1, 223.855942051382, 73.45469604060801, 16.144057948617956, 21.15671774362275, -1, -1, -1, -1
266, 1, 222.17051101522304, 73.04544612276197, 17.829488984776923, 21.71237949036808, -1, -1, -1, -1
267, 1, 220.48507997906407, 72.63619620491595, 19.514920020935886, 22.268041237113405, -1, -1, -1, -1
268, 1, 218.90601196189766, 72.485105085579, 21.093988038102303, 22.546159256867426, -1, -1, -1, -1
269, 1, 217.32694394473123, 72.33401396624203, 22.673056055268717, 22.824277276621444, -1, -1, -1, -1
270, 1, 215.74787592756482, 72.18292284690506, 24.25212407243511, 23.102395296375462, -1, -1, -1, -1
271, 1, 214.1688079103984, 72.0318317275681, 25.8311920896015, 23.38051331612948, -1, -1, -1, -1
272, 1, 212.58973989323198, 71.88074060823114, 27.41026010676792, 23.658631335883513, -1, -1, -1, -1
273, 1, 211.01067187606557, 71.72964948889417, 28.989328123934342, 23.936749355637545, -1, -1, -1, -1
274, 1, 209.43160385889917, 71.57855836955721, 30.568396141100735, 24.214867375391563, -1, -1, -1, -1
275, 1, 207.85253584173276, 71.42746725022025, 32.14746415826713, 24.49298539514558, -1, -1, -1, -1
276, 1, 206.27346782456635, 71.27637613088328, 33.72653217543355, 24.7711034148996, -1, -1, -1, -1
277, 1, 204.69439980739992, 71.12528501154632, 35.30560019259997, 25.049221434653614, -1, -1, -1, -1
278, 1, 203.1153317902378, 71.23404117125753, 36.88466820976208, 25.067492175352974, -1, -1, -1, -1
279, 1, 201.53626377307572, 71.34279733096875, 38.4637362269242, 25.08576291605233, -1, -1, -1, -1
280, 1, 199.95719575591363, 71.45155349067996, 40.04280424408631, 25.104033656751696, -1, -1, -1, -1
281, 1, 198.37812773875152, 71.56030965039116, 41.62187226124843, 25.12230439745106, -1, -1, -1, -1
282, 1, 196.7990597215894, 71.66906581010237, 43.20094027841053, 25.140575138150425, -1, -1, -1, -1
283, 1, 195.21999170442731, 71.77782196981357, 44.78000829557263, 25.15884587884979, -1, -1, -1, -1
284, 1, 193.64092368726523, 71.88657812952479, 46.35907631273474, 25.177116619549146, -1, -1, -1, -1
285, 1, 192.0618556701031, 71.995334289236, 47.938144329896865, 25.195387360248507, -1, -1, -1, -1
286, 1, 190.8730670103023, 71.95532471957696, 49.12693298969771, 25.32643079353636, -1, -1, -1, -1
287, 1, 189.68427835050144, 71.91531514991794, 50.315721649498556, 25.457474226824218, -1, -1, -1, -1
288, 1, 188.4954896907006, 71.87530558025891, 51.5045103092994, 25.588517660112082, -1, -1, -1, -1
289, 1, 187.30670103089977, 71.83529601059988, 52.69329896910024, 25.719561093399946, -1, -1, -1, -1
290, 1, 185.9404048899628, 71.79528644094992, 53.67073065527912, 25.850604526649974, -1, -1, -1, -1
291, 1, 184.57410874902584, 71.75527687129997, 54.648162341458004, 25.981647959900002, -1, -1, -1, -1
292, 1, 183.26076153654768, 71.71526730162937, 54.99728122518907, 26.11269139318544, -1, -1, -1, -1
293, 1, 181.9474143240695, 71.67525773195877, 55.34640010892013, 26.243734826470877, -1, -1, -1, -1
294, 1, 180.59420815642403, 71.71924991112887, 55.54683661843255, 26.243176298539968, -1, -1, -1, -1
295, 1, 179.24100198877858, 71.76324209029897, 55.747273127944965, 26.24261777060906, -1, -1, -1, -1
296, 1, 177.88779582113312, 71.80723426946908, 55.94770963745738, 26.242059242678145, -1, -1, -1, -1
297, 1, 176.53458965348764, 71.85122644863918, 56.14814614696979, 26.241500714747232, -1, -1, -1, -1
298, 1, 175.18138348584216, 71.89521862780929, 56.34858265648221, 26.240942186816326, -1, -1, -1, -1
299, 1, 173.8281773181967, 71.93921080697939, 56.54901916599462, 26.24038365888542, -1, -1, -1, -1
300, 1, 172.47497115055126, 71.98320298614948, 56.749455675507036, 26.23982513095452, -1, -1, -1, -1
301, 1, 171.12176498290577, 72.02719516531958, 56.94989218501945, 26.239266603023623, -1, -1, -1, -1
302, 1, 169.7685588152603, 72.07118734448969, 57.150328694531865, 26.23870807509271, -1, -1, -1, -1
303, 1, 168.41535264761484, 72.11517952365979, 57.35076520404428, 26.238149547161797, -1, -1, -1, -1
304, 1, 167.06214647996939, 72.1591717028299, 57.551201713556694, 26.237591019230887, -1, -1, -1, -1
305, 1, 165.7089403123239, 72.203163882, 57.75163822306911, 26.237032491299978, -1, -1, -1, -1
306, 1, 164.5814164491705, 72.24715606116875, 57.79213593962035, 26.23647396336248, -1, -1, -1, -1
307, 1, 163.45389258601705, 72.2911482403375, 57.832633656171595, 26.235915435424985, -1, -1, -1, -1
308, 1, 162.32636872286363, 72.33514041950625, 57.87313137272281, 26.235356907487493, -1, -1, -1, -1
309, 1, 161.19884485971022, 72.379132598675, 57.913629089274025, 26.23479837955, -1, -1, -1, -1
310, 1, 160.07132099655678, 72.42312477784375, 57.954126805825254, 26.234239851612493, -1, -1, -1, -1
311, 1, 158.94379713340336, 72.46711695701251, 57.99462452237648, 26.233681323674986, -1, -1, -1, -1
312, 1, 157.81627327024995, 72.51110913618126, 58.03512223892773, 26.233122795737486, -1, -1, -1, -1
313, 1, 156.6887494070965, 72.55510131535002, 58.07561995547897, 26.232564267799987, -1, -1, -1, -1
314, 1, 155.56122554394307, 72.59909349451877, 58.116117672030214, 26.232005739862494, -1, -1, -1, -1
315, 1, 154.43370168078965, 72.64308567368751, 58.15661538858146, 26.231447211925, -1, -1, -1, -1
316, 1, 153.30617781763624, 72.68707785285626, 58.197113105132686, 26.230888683987494, -1, -1, -1, -1
317, 1, 152.1786539544828, 72.73107003202502, 58.237610821683916, 26.230330156049988, -1, -1, -1, -1
318, 1, 151.05113009132938, 72.77506221119376, 58.27810853823513, 26.229771628112495, -1, -1, -1, -1
319, 1, 149.92360622817597, 72.81905439036251, 58.318606254786346, 26.229213100175002, -1, -1, -1, -1
320, 1, 148.79608236502253, 72.86304656953126, 58.35910397133759, 26.228654572237502, -1, -1, -1, -1
321, 1, 147.66855850186911, 72.90703874870002, 58.39960168788884, 26.2280960443, -1, -1, -1, -1
322, 1, 146.64187383136624, 72.95103092786707, 58.45683222148223, 26.227537516362858, -1, -1, -1, -1
323, 1, 145.6151891608634, 72.9950231070341, 58.51406275507563, 26.226978988425714, -1, -1, -1, -1
324, 1, 144.58850449036055, 73.03901528620115, 58.571293288669025, 26.226420460488555, -1, -1, -1, -1
325, 1, 143.5618198198577, 73.0830074653682, 58.62852382226242, 26.225861932551396, -1, -1, -1, -1
326, 1, 142.53513514935486, 73.12699964453523, 58.68575435585582, 26.22530340461425, -1, -1, -1, -1
327, 1, 141.50845047885198, 73.17099182370228, 58.74298488944922, 26.224744876677107, -1, -1, -1, -1
328, 1, 140.48176580834914, 73.21498400286933, 58.800215423042616, 26.224186348739963, -1, -1, -1, -1
329, 1, 139.4550811378463, 73.25897618203636, 58.85744595663601, 26.223627820802818, -1, -1, -1, -1
330, 1, 138.42839646734342, 73.3029683612034, 58.91467649022941, 26.223069292865674, -1, -1, -1, -1
331, 1, 137.40171179684057, 73.34696054037045, 58.97190702382281, 26.22251076492853, -1, -1, -1, -1
332, 1, 136.37502712633773, 73.3909527195375, 59.02913755741622, 26.22195223699137, -1, -1, -1, -1
333, 1, 135.34834245583485, 73.43494489870454, 59.08636809100963, 26.22139370905421, -1, -1, -1, -1
334, 1, 134.321657785332, 73.47893707787159, 59.143598624603015, 26.220835181117067, -1, -1, -1, -1
335, 1, 133.29497311482916, 73.52292925703863, 59.2008291581964, 26.220276653179923, -1, -1, -1, -1
336, 1, 132.2682884443263, 73.56692143620566, 59.25805969178981, 26.21971812524278, -1, -1, -1, -1
337, 1, 131.24160377382344, 73.61091361537271, 59.31529022538322, 26.219159597305634, -1, -1, -1, -1
338, 1, 130.2149191033206, 73.65490579453976, 59.372520758976606, 26.21860106936849, -1, -1, -1, -1
339, 1, 129.18823443281775, 73.69889797370679, 59.42975129256999, 26.218042541431345, -1, -1, -1, -1
340, 1, 128.1615497623149, 73.74289015287384, 59.4869818261634, 26.217484013494186, -1, -1, -1, -1
341, 1, 127.13486509181203, 73.78688233204089, 59.54421235975681, 26.216925485557027, -1, -1, -1, -1
342, 1, 126.10818042130919, 73.83087451120792, 59.6014428933502, 26.216366957619883, -1, -1, -1, -1
343, 1, 125.08149575080633, 73.87486669037497, 59.658673426943594, 26.21580842968274, -1, -1, -1, -1
344, 1, 124.05481108030347, 73.91885886954202, 59.715903960537, 26.215249901745594, -1, -1, -1, -1
345, 1, 123.02812640980062, 73.96285104870906, 59.7731344941304, 26.21469137380845, -1, -1, -1, -1
346, 1, 122.00144173929776, 74.00684322787609, 59.8303650277238, 26.214132845871305, -1, -1, -1, -1
347, 1, 120.9747570687949, 74.05083540704314, 59.8875955613172, 26.21357431793416, -1, -1, -1, -1
348, 1, 119.94807239829206, 74.09482758621019, 59.944826094910596, 26.213015789997, -1, -1, -1, -1
349, 1, 118.92138772778921, 74.13881976537724, 60.00205662850399, 26.212457262059843, -1, -1, -1, -1
350, 1, 117.89470305728635, 74.18281194454428, 60.05928716209739, 26.2118987341227, -1, -1, -1, -1
351, 1, 116.86801838678349, 74.22680412371132, 60.11651769569079, 26.211340206185554, -1, -1, -1, -1
352, 1, 115.84143050209721, 74.26159793814432, 60.08769320924304, 26.234536082474207, -1, -1, -1, -1
353, 1, 114.81484261741093, 74.2963917525773, 60.058868722795296, 26.25773195876286, -1, -1, -1, -1
354, 1, 113.78825473272465, 74.3311855670103, 60.03004423634755, 26.28092783505153, -1, -1, -1, -1
355, 1, 112.76166684803837, 74.36597938144328, 60.0012197498998, 26.304123711340196, -1, -1, -1, -1
356, 1, 111.7350789633521, 74.40077319587627, 59.97239526345205, 26.327319587628864, -1, -1, -1, -1
357, 1, 110.70849107866583, 74.43556701030926, 59.9435707770043, 26.35051546391753, -1, -1, -1, -1
358, 1, 109.68190319397955, 74.47036082474224, 59.91474629055655, 26.373711340206185, -1, -1, -1, -1
359, 1, 108.65531530929327, 74.50515463917525, 59.885921804108804, 26.39690721649484, -1, -1, -1, -1
360, 1, 107.62872742460699, 74.53994845360825, 59.85709731766106, 26.420103092783492, -1, -1, -1, -1
361, 1, 106.60213953992071, 74.57474226804123, 59.82827283121331, 26.443298969072146, -1, -1, -1, -1
362, 1, 105.57555165523443, 74.60953608247422, 59.79944834476558, 26.466494845360813, -1, -1, -1, -1
363, 1, 104.54896377054816, 74.64432989690721, 59.77062385831785, 26.48969072164948, -1, -1, -1, -1
364, 1, 103.52237588586188, 74.6791237113402, 59.7417993718701, 26.51288659793815, -1, -1, -1, -1
365, 1, 102.4957880011756, 74.71391752577318, 59.712974885422355, 26.536082474226816, -1, -1, -1, -1
366, 1, 101.46920011648933, 74.74871134020617, 59.6841503989746, 26.55927835051547, -1, -1, -1, -1
367, 1, 100.44261223180305, 74.78350515463917, 59.65532591252685, 26.582474226804123, -1, -1, -1, -1
368, 1, 99.41602434711677, 74.81829896907217, 59.6265014260791, 26.605670103092777, -1, -1, -1, -1
369, 1, 98.3894364624305, 74.85309278350516, 59.597676939631356, 26.62886597938143, -1, -1, -1, -1
370, 1, 97.36284857774422, 74.88788659793815, 59.56885245318361, 26.652061855670098, -1, -1, -1, -1
371, 1, 96.33626069305794, 74.92268041237114, 59.54002796673587, 26.675257731958766, -1, -1, -1, -1
372, 1, 95.07622122414246, 74.98711340206185, 59.52429423977506, 26.623711340206185, -1, -1, -1, -1
373, 1, 93.81618175522698, 75.05154639175258, 59.508560512814256, 26.572164948453604, -1, -1, -1, -1
374, 1, 92.55614228631151, 75.11597938144331, 59.49282678585343, 26.52061855670103, -1, -1, -1, -1
375, 1, 91.29610281739603, 75.18041237113403, 59.477093058892606, 26.469072164948457, -1, -1, -1, -1
376, 1, 90.03606334848055, 75.24484536082474, 59.4613593319318, 26.417525773195877, -1, -1, -1, -1
377, 1, 88.77602387956507, 75.30927835051547, 59.445625604971, 26.365979381443296, -1, -1, -1, -1
378, 1, 87.5159844106496, 75.3737113402062, 59.429891878010196, 26.314432989690715, -1, -1, -1, -1
379, 1, 86.25594494173411, 75.43814432989691, 59.41415815104939, 26.262886597938135, -1, -1, -1, -1
380, 1, 84.99590547281863, 75.50257731958763, 59.39842442408857, 26.211340206185568, -1, -1, -1, -1
381, 1, 83.73586600390317, 75.56701030927834, 59.38269069712774, 26.159793814433, -1, -1, -1, -1
382, 1, 82.47582653498769, 75.63144329896906, 59.36695697016694, 26.10824742268042, -1, -1, -1, -1
383, 1, 81.21578706607221, 75.69587628865979, 59.351223243206135, 26.05670103092784, -1, -1, -1, -1
384, 1, 79.95574759715673, 75.76030927835052, 59.33548951624533, 26.00515463917526, -1, -1, -1, -1
385, 1, 78.69570812824125, 75.82474226804123, 59.31975578928453, 25.95360824742268, -1, -1, -1, -1
386, 1, 77.43566865932578, 75.88917525773195, 59.3040220623237, 25.902061855670105, -1, -1, -1, -1
387, 1, 76.1756291904103, 75.95360824742268, 59.28828833536288, 25.85051546391753, -1, -1, -1, -1
388, 1, 74.91558972149483, 76.01804123711341, 59.272554608402075, 25.79896907216495, -1, -1, -1, -1
389, 1, 73.65555025257935, 76.08247422680412, 59.256820881441264, 25.747422680412374, -1, -1, -1, -1
390, 1, 72.1965540691894, 76.13600317208711, 59.27159188734369, 25.774187153053, -1, -1, -1, -1
391, 1, 70.73755788579946, 76.1895321173701, 59.28636289324611, 25.800951625693628, -1, -1, -1, -1
392, 1, 69.27856170240952, 76.24306106265308, 59.301133899148525, 25.82771609833427, -1, -1, -1, -1
393, 1, 67.81956551901956, 76.29659000793608, 59.31590490505094, 25.854480570974914, -1, -1, -1, -1
394, 1, 66.36056933562962, 76.35011895321907, 59.33067591095336, 25.88124504361555, -1, -1, -1, -1
395, 1, 64.90157315223968, 76.40364789850204, 59.34544691685578, 25.908009516256186, -1, -1, -1, -1
396, 1, 63.442576968849735, 76.45717684378504, 59.360217922758196, 25.934773988896815, -1, -1, -1, -1
397, 1, 61.98358078545979, 76.51070578906803, 59.37498892866061, 25.961538461537444, -1, -1, -1, -1
398, 1, 60.52458460206985, 76.56423473435102, 59.389759934563024, 25.98830293417808, -1, -1, -1, -1
399, 1, 59.06558841867991, 76.61776367963401, 59.404530940465435, 26.015067406818716, -1, -1, -1, -1
400, 1, 57.606592235289966, 76.67129262491699, 59.41930194636786, 26.041831879459348, -1, -1, -1, -1
401, 1, 56.14759605190002, 76.72482157019998, 59.434072952270284, 26.06859635209998, -1, -1, -1, -1
402, 1, 54.688599868516874, 76.77835051548024, 59.364039759066884, 26.095360824740848, -1, -1, -1, -1
403, 1, 53.22960368513374, 76.83187946076052, 59.294006565863484, 26.122125297381714, -1, -1, -1, -1
404, 1, 51.770607501750604, 76.88540840604078, 59.223973372660076, 26.148889770022592, -1, -1, -1, -1
405, 1, 50.31161131836747, 76.93893735132104, 59.15394017945667, 26.17565424266347, -1, -1, -1, -1
406, 1, 48.85261513498433, 76.99246629660132, 59.08390698625327, 26.202418715304333, -1, -1, -1, -1
407, 1, 47.39361895160119, 77.04599524188158, 59.013873793049875, 26.229183187945196, -1, -1, -1, -1
408, 1, 45.93462276821805, 77.09952418716185, 58.94384059984648, 26.255947660586074, -1, -1, -1, -1
409, 1, 44.47562658483491, 77.15305313244211, 58.87380740664308, 26.28271213322695, -1, -1, -1, -1
410, 1, 43.01663040145178, 77.20658207772237, 58.80377421343968, 26.309476605867815, -1, -1, -1, -1
411, 1, 41.55763421806864, 77.26011102300265, 58.73374102023628, 26.336241078508678, -1, -1, -1, -1
412, 1, 40.09863803468551, 77.31363996828291, 58.66370782703288, 26.363005551149556, -1, -1, -1, -1
413, 1, 38.639641851302365, 77.36716891356318, 58.59367463382947, 26.389770023790433, -1, -1, -1, -1
414, 1, 37.18064566791922, 77.42069785884345, 58.52364144062608, 26.4165344964313, -1, -1, -1, -1
415, 1, 35.72164948453609, 77.47422680412372, 58.453608247422686, 26.443298969072167, -1, -1, -1, -1
416, 1, 34.13483996660248, 77.54910876600107, 58.418162331260405, 26.519190203075222, -1, -1, -1, -1
417, 1, 32.54803044866887, 77.62399072787842, 58.38271641509813, 26.595081437078278, -1, -1, -1, -1
418, 1, 30.96122093073526, 77.69887268975577, 58.347270498935856, 26.670972671081323, -1, -1, -1, -1
419, 1, 29.374411412801646, 77.77375465163314, 58.31182458277358, 26.746863905084368, -1, -1, -1, -1
420, 1, 27.787601894868036, 77.8486366135105, 58.276378666611315, 26.822755139087427, -1, -1, -1, -1
421, 1, 26.200792376934427, 77.92351857538785, 58.24093275044905, 26.898646373090486, -1, -1, -1, -1
422, 1, 24.613982859000814, 77.99840053726521, 58.20548683428677, 26.97453760709353, -1, -1, -1, -1
423, 1, 23.027173341067204, 78.07328249914256, 58.170040918124506, 27.050428841096576, -1, -1, -1, -1
424, 1, 21.440363823133595, 78.14816446101992, 58.13459500196224, 27.126320075099635, -1, -1, -1, -1
425, 1, 19.853554305199985, 78.22304642289727, 58.099149085799965, 27.202211309102697, -1, -1, -1, -1
426, 1, 18.266744787269396, 78.3801232239065, 58.06370316963323, 27.195907703965617, -1, -1, -1, -1
427, 1, 16.679935269338806, 78.53720002491572, 58.0282572534665, 27.18960409882854, -1, -1, -1, -1
428, 1, 15.093125751408214, 78.69427682592494, 57.99281133729977, 27.183300493691462, -1, -1, -1, -1
429, 1, 13.506316233477623, 78.85135362693417, 57.957365421133034, 27.176996888554385, -1, -1, -1, -1
430, 1, 11.919506715547033, 79.0084304279434, 57.921919504966304, 27.170693283417314, -1, -1, -1, -1
431, 1, 10.332697197616444, 79.16550722895262, 57.886473588799575, 27.164389678280244, -1, -1, -1, -1
432, 1, 8.745887679685854, 79.32258402996185, 57.851027672632846, 27.158086073143167, -1, -1, -1, -1
433, 1, 7.159078161755263, 79.47966083097107, 57.815581756466116, 27.15178246800609, -1, -1, -1, -1
434, 1, 5.572268643824672, 79.6367376319803, 57.78013584029938, 27.14547886286901, -1, -1, -1, -1
435, 1, 3.985459125894081, 79.79381443298952, 57.74468992413265, 27.139175257731928, -1, -1, -1, -1
436, 1, 2.9890943444205607, 79.85180412371122, 56.93609476268712, 27.25515463917524, -1, -1, -1, -1
437, 1, 1.9927295629470405, 79.9097938144329, 56.12749960124159, 27.371134020618555, -1, -1, -1, -1
438, 1, 0.9963647814735203, 79.9677835051546, 55.31890443979606, 27.487113402061855, -1, -1, -1, -1
439, 1, 0, 80.0257731958763, 54.51030927835052, 27.603092783505154, -1, -1, -1, -1
440, 1, 0.0, 80.20501405810685, 52.865510777881916, 27.487113402061862, -1, -1, -1, -1
441, 1, 0.0, 80.3842549203374, 51.22071227741331, 27.37113402061857, -1, -1, -1, -1
442, 1, 0.0, 80.56349578256795, 49.57591377694471, 27.255154639175267, -1, -1, -1, -1
443, 1, 0.0, 80.74273664479851, 47.931115276476106, 27.139175257731964, -1, -1, -1, -1
444, 1, 0.0, 80.92197750702906, 46.2863167760075, 27.023195876288668, -1, -1, -1, -1
445, 1, 0.0, 81.10121836925961, 44.6415182755389, 26.907216494845372, -1, -1, -1, -1
446, 1, 0.0, 81.28045923149017, 42.99671977507029, 26.791237113402076, -1, -1, -1, -1
447, 1, 0.0, 81.45970009372071, 41.351921274601686, 26.67525773195878, -1, -1, -1, -1
448, 1, 0.0, 81.63894095595127, 39.70712277413308, 26.559278350515477, -1, -1, -1, -1
449, 1, 0.0, 81.81818181818183, 38.06232427366448, 26.443298969072174, -1, -1, -1, -1
450, 1, 0.0, 81.99742268041237, 36.41752577319588, 26.32731958762887, -1, -1, -1, -1
451, 1, 0.0, 82.17666354264293, 34.77272727272727, 26.211340206185568, -1, -1, -1, -1
452, 1, 0.0, 82.35590440487348, 33.12792877225867, 26.095360824742265, -1, -1, -1, -1
453, 1, 0.0, 82.53514526710404, 31.483130271790063, 25.979381443298962, -1, -1, -1, -1
454, 1, 0.0, 82.7143861293346, 29.83833177132146, 25.863402061855666, -1, -1, -1, -1
455, 1, 0.0, 82.89362699156514, 28.193533270852857, 25.74742268041237, -1, -1, -1, -1
456, 1, 0.0, 83.07286785379569, 26.548734770384254, 25.631443298969074, -1, -1, -1, -1
457, 1, 0.0, 83.25210871602624, 24.90393626991565, 25.51546391752578, -1, -1, -1, -1
458, 1, 0.0, 83.4313495782568, 23.259137769447044, 25.399484536082475, -1, -1, -1, -1
459, 1, 0.0, 83.61059044048736, 21.61433926897844, 25.283505154639172, -1, -1, -1, -1
460, 1, 0.0, 83.78983130271791, 19.969540768509837, 25.167525773195877, -1, -1, -1, -1
461, 1, 0, 83.96907216494846, 18.324742268041238, 25.051546391752577, -1, -1, -1, -1
462, 1, 0.0, 84.39432989690722, 16.77835051546392, 24.70360824742268, -1, -1, -1, -1
463, 1, 0.0, 84.81958762886599, 15.231958762886599, 24.355670103092777, -1, -1, -1, -1
464, 1, 0.0, 85.24484536082474, 13.68556701030928, 24.00773195876289, -1, -1, -1, -1
465, 1, 0.0, 85.6701030927835, 12.13917525773196, 23.659793814433, -1, -1, -1, -1
466, 1, 0.0, 86.09536082474227, 10.592783505154639, 23.3118556701031, -1, -1, -1, -1
467, 1, 0, 86.52061855670104, 9.04639175257732, 22.963917525773198, -1, -1, -1, -1
468, 1, 0.0, 87.79639175257734, 7.538659793814433, 20.41237113402062, -1, -1, -1, -1
469, 1, 0, 89.07216494845362, 6.030927835051546, 17.860824742268044, -1, -1, -1, -1
470, 1, 0.0, 89.07216494845362, 6.030927835051546, 17.860824742268044, -1, -1, -1, -1
