53, 0, 235.90206185567013, 79.5618556701031, 4.097938144329862, 15.77319587628866, -1, -1, -1, -1
54, 0, 235.04878497790946, 79.3464653902779, 4.9512150220905, 16.248493774267793, -1, -1, -1, -1
55, 0, 234.1955081001488, 79.1310751104527, 5.804491899851138, 16.72379167224692, -1, -1, -1, -1
56, 0, 233.34223122238814, 78.9156848306275, 6.657768777611776, 17.19908957022605, -1, -1, -1, -1
57, 0, 232.48895434462747, 78.7002945508023, 7.511045655372413, 17.674387468205182, -1, -1, -1, -1
58, 0, 231.6356774668668, 78.4849042709771, 8.364322533133041, 18.14968536618432, -1, -1, -1, -1
59, 0, 230.78240058910615, 78.2695139911519, 9.21759941089367, 18.624983264163454, -1, -1, -1, -1
60, 0, 229.92912371134548, 78.0541237113267, 10.070876288654297, 19.10028116214259, -1, -1, -1, -1
61, 0, 229.07584683358485, 77.8387334315015, 10.924153166414925, 19.575579060121726, -1, -1, -1, -1
62, 0, 228.2225699558242, 77.6233431516763, 11.777430044175553, 20.05087695810086, -1, -1, -1, -1
63, 0, 227.36929307806355, 77.4079528718511, 12.63070692193618, 20.526174856079997, -1, -1, -1, -1
64, 0, 226.5160162003029, 77.1925625920259, 13.483983799696809, 21.001472754059133, -1, -1, -1, -1
65, 0, 225.66273932254222, 76.9771723122007, 14.337260677457436, 21.47677065203827, -1, -1, -1, -1
66, 0, 224.80946244478156, 76.76178203237549, 15.190537555218071, 21.9520685500174, -1, -1, -1, -1
67, 0, 223.9561855670209, 76.54639175255029, 16.043814432978706, 22.427366447996533, -1, -1, -1, -1
68, 0, 223.10290868926023, 76.33100147272509, 16.89709131073934, 22.902664345975666, -1, -1, -1, -1
69, 0, 222.24963181149957, 76.11561119289989, 17.750368188499976, 23.3779622439548, -1, -1, -1, -1
70, 0, 221.33777948856377, 75.90022091307918, 18.66222051143579, 23.614077074140695, -1, -1, -1, -1
71, 0, 220.42592716562797, 75.68483063325849, 19.574072834371606, 23.850191904326593, -1, -1, -1, -1
72, 0, 219.51407484269217, 75.46944035343779, 20.48592515730742, 24.08630673451249, -1, -1, -1, -1
73, 0, 218.60222251975637, 75.2540500736171, 21.397777480243235, 24.322421564698388, -1, -1, -1, -1
74, 0, 217.69037019682057, 75.0386597937964, 22.30962980317905, 24.558536394884282, -1, -1, -1, -1
75, 0, 216.77851787388477, 74.8232695139757, 23.221482126114864, 24.794651225070176, -1, -1, -1, -1
76, 0, 215.86666555094897, 74.607879234155, 24.13333444905068, 25.03076605525607, -1, -1, -1, -1
77, 0, 214.95481322801317, 74.3924889543343, 25.045186771986494, 25.266880885441964, -1, -1, -1, -1
78, 0, 214.04296090507736, 74.17709867451359, 25.957039094922308, 25.50299571562786, -1, -1, -1, -1
79, 0, 213.13110858214156, 73.96170839469289, 26.868891417858123, 25.739110545813755, -1, -1, -1, -1
80, 0, 212.21925625920576, 73.7463181148722, 27.780743740793937, 25.97522537599965, -1, -1, -1, -1
81, 0, 211.30740393626996, 73.5309278350515, 28.692596063729756, 26.211340206185547, -1, -1, -1, -1
82, 0, 210.52151671352706, 73.55025773195872, 29.478483286472652, 26.230670103092763, -1, -1, -1, -1
83, 0, 209.73562949078416, 73.56958762886595, 30.264370509215553, 26.249999999999982, -1, -1, -1, -1
84, 0, 208.9497422680413, 73.58891752577316, 31.050257731958453, 26.2693298969072, -1, -1, -1, -1
85, 0, 208.1638550452984, 73.60824742268038, 31.836144954701354, 26.288659793814418, -1, -1, -1, -1
86, 0, 207.3779678225555, 73.6275773195876, 32.622032177444254, 26.307989690721637, -1, -1, -1, -1
87, 0, 206.59208059981262, 73.64690721649481, 33.407919400187154, 26.327319587628857, -1, -1, -1, -1
88, 0, 205.80619337706972, 73.66623711340202, 34.193806622930055, 26.346649484536076, -1, -1, -1, -1
89, 0, 205.02030615432682, 73.68556701030924, 34.979693845672955, 26.365979381443296, -1, -1, -1, -1
90, 0, 204.23441893158392, 73.70489690721647, 35.765581068415855, 26.38530927835051, -1, -1, -1, -1
91, 0, 203.44853170884102, 73.72422680412367, 36.551468291158756, 26.40463917525772, -1, -1, -1, -1
92, 0, 202.66264448609815, 73.7435567010309, 37.337355513901656, 26.423969072164933, -1, -1, -1, -1
93, 0, 201.87675726335524, 73.76288659793812, 38.123242736644556, 26.443298969072146, -1, -1, -1, -1
94, 0, 201.09087004061234, 73.78221649484533, 38.90912995938746, 26.462628865979365, -1, -1, -1, -1
95, 0, 200.30498281786947, 73.80154639175255, 39.69501718213036, 26.481958762886585, -1, -1, -1, -1
96, 0, 199.51909559512657, 73.82087628865978, 40.48090440487326, 26.501288659793804, -1, -1, -1, -1
97, 0, 198.73320837238367, 73.84020618556698, 41.26679162761616, 26.520618556701024, -1, -1, -1, -1
98, 0, 197.94732114964077, 73.85953608247421, 42.052678850359065, 26.53994845360824, -1, -1, -1, -1
99, 0, 197.16143392689787, 73.87886597938143, 42.83856607310197, 26.559278350515456, -1, -1, -1, -1
100, 0, 196.37554670415497, 73.89819587628864, 43.62445329584488, 26.57860824742267, -1, -1, -1, -1
101, 0, 195.58965948141207, 73.91752577319586, 44.41034051858779, 26.597938144329888, -1, -1, -1, -1
102, 0, 194.80377225866917, 73.93685567010309, 45.19622774133069, 26.617268041237107, -1, -1, -1, -1
103, 0, 194.01788503592627, 73.9561855670103, 45.98211496407359, 26.636597938144327, -1, -1, -1, -1
104, 0, 193.2319978131834, 73.9755154639175, 46.76800218681649, 26.655927835051546, -1, -1, -1, -1
105, 0, 192.4461105904405, 73.99484536082473, 47.55388940955939, 26.675257731958766, -1, -1, -1, -1
106, 0, 191.6602233676976, 74.01417525773195, 48.33977663230229, 26.69458762886598, -1, -1, -1, -1
107, 0, 190.87433614495473, 74.03350515463916, 49.12566385504519, 26.71391752577319, -1, -1, -1, -1
108, 0, 190.08844892221182, 74.05283505154638, 49.91155107778809, 26.733247422680403, -1, -1, -1, -1
109, 0, 189.30256169946892, 74.0721649484536, 50.69743830053099, 26.752577319587616, -1, -1, -1, -1
110, 0, 188.51667447672602, 74.09149484536081, 51.48332552327389, 26.771907216494835, -1, -1, -1, -1
111, 0, 187.73078725398312, 74.11082474226804, 52.26921274601679, 26.791237113402055, -1, -1, -1, -1
112, 0, 186.94490003124025, 74.13015463917526, 53.05509996875969, 26.810567010309274, -1, -1, -1, -1
113, 0, 186.15901280849735, 74.14948453608247, 53.84098719150259, 26.829896907216494, -1, -1, -1, -1
114, 0, 185.37312558575445, 74.16881443298969, 54.62687441424549, 26.84922680412371, -1, -1, -1, -1
115, 0, 184.58723836301158, 74.18814432989691, 55.41276163698839, 26.868556701030926, -1, -1, -1, -1
116, 0, 183.80135114026868, 74.20747422680412, 56.19864885973129, 26.88788659793814, -1, -1, -1, -1
117, 0, 183.01546391752578, 74.22680412371135, 56.98453608247419, 26.90721649484536, -1, -1, -1, -1
118, 0, 182.33930670749433, 74.2406111929335, 57.66069329250565, 26.92102356405902, -1, -1, -1, -1
119, 0, 181.66314949746288, 74.25441826215567, 58.336850502537104, 26.934830633272675, -1, -1, -1, -1
120, 0, 180.98699228743143, 74.26822533137782, 59.01300771256855, 26.94863770248633, -1, -1, -1, -1
121, 0, 180.3108350774, 74.28203240059997, 59.68916492260001, 26.962444771699985, -1, -1, -1, -1
122, 0, 179.634677867375, 74.29583946982498, 59.972213607937135, 26.976251840924988, -1, -1, -1, -1
123, 0, 178.95852065735, 74.30964653905, 60.255262293274264, 26.99005891014999, -1, -1, -1, -1
124, 0, 178.282363447325, 74.323453608275, 60.53831097861139, 27.003865979374993, -1, -1, -1, -1
125, 0, 177.6062062373, 74.3372606775, 60.82135966394852, 27.0176730486, -1, -1, -1, -1
126, 0, 176.8684028979146, 74.35106774671499, 60.97079624938149, 27.031480117819996, -1, -1, -1, -1
127, 0, 176.13059955852918, 74.36487481592998, 61.12023283481446, 27.045287187039996, -1, -1, -1, -1
128, 0, 175.39279621914378, 74.37868188514497, 61.269669420247425, 27.059094256259993, -1, -1, -1, -1
129, 0, 174.65499287975837, 74.39248895435996, 61.41910600568039, 27.07290132547999, -1, -1, -1, -1
130, 0, 173.91718954037296, 74.40629602357495, 61.56854259111336, 27.086708394699986, -1, -1, -1, -1
131, 0, 173.17938620098755, 74.42010309278994, 61.717979176546336, 27.100515463919983, -1, -1, -1, -1
132, 0, 172.44158286160211, 74.43391016200493, 61.86741576197931, 27.11432253313998, -1, -1, -1, -1
133, 0, 171.7037795222167, 74.44771723121993, 62.01685234741228, 27.128129602359977, -1, -1, -1, -1
134, 0, 170.9659761828313, 74.46152430043492, 62.16628893284525, 27.141936671579966, -1, -1, -1, -1
135, 0, 170.2281728434459, 74.47533136964992, 62.315725518278214, 27.155743740799956, -1, -1, -1, -1
136, 0, 169.49036950406048, 74.48913843886491, 62.46516210371118, 27.169550810019945, -1, -1, -1, -1
137, 0, 168.75256616467507, 74.5029455080799, 62.614598689144145, 27.183357879239935, -1, -1, -1, -1
138, 0, 168.01476282528967, 74.5167525772949, 62.76403527457712, 27.197164948459932, -1, -1, -1, -1
139, 0, 167.27695948590423, 74.53055964650989, 62.91347186001009, 27.21097201767993, -1, -1, -1, -1
140, 0, 166.53915614651882, 74.54436671572488, 63.062908445443064, 27.224779086899925, -1, -1, -1, -1
141, 0, 165.8013528071334, 74.55817378493987, 63.21234503087604, 27.238586156119922, -1, -1, -1, -1
142, 0, 165.063549467748, 74.57198085415486, 63.361781616309, 27.25239322533992, -1, -1, -1, -1
143, 0, 164.3257461283626, 74.58578792336985, 63.51121820174197, 27.266200294559916, -1, -1, -1, -1
144, 0, 163.5879427889772, 74.59959499258484, 63.660654787174934, 27.280007363779916, -1, -1, -1, -1
145, 0, 162.85013944959178, 74.61340206179983, 63.81009137260789, 27.293814432999913, -1, -1, -1, -1
146, 0, 162.23562836891716, 74.62720913101984, 63.83623569932509, 27.307621502219916, -1, -1, -1, -1
147, 0, 161.62111728824252, 74.64101620023985, 63.862380026042274, 27.321428571439917, -1, -1, -1, -1
148, 0, 161.00660620756787, 74.65482326945985, 63.88852435275946, 27.33523564065992, -1, -1, -1, -1
149, 0, 160.39209512689325, 74.66863033867986, 63.91466867947665, 27.349042709879924, -1, -1, -1, -1
150, 0, 159.77758404621864, 74.68243740789987, 63.940813006193835, 27.36284977909993, -1, -1, -1, -1
151, 0, 159.163072965544, 74.69624447711988, 63.96695733291102, 27.376656848319932, -1, -1, -1, -1
152, 0, 158.54856188486934, 74.71005154633988, 63.99310165962821, 27.390463917539936, -1, -1, -1, -1
153, 0, 157.93405080419473, 74.72385861555989, 64.0192459863454, 27.40427098675994, -1, -1, -1, -1
154, 0, 157.3195397235201, 74.7376656847799, 64.04539031306257, 27.41807805597994, -1, -1, -1, -1
155, 0, 156.70502864284546, 74.7514727539999, 64.07153463977976, 27.43188512519994, -1, -1, -1, -1
156, 0, 156.09051756217082, 74.76527982321991, 64.09767896649694, 27.44569219441994, -1, -1, -1, -1
157, 0, 155.4760064814962, 74.77908689243992, 64.12382329321412, 27.45949926363994, -1, -1, -1, -1
158, 0, 154.86149540082158, 74.79289396165993, 64.1499676199313, 27.473306332859945, -1, -1, -1, -1
159, 0, 154.24698432014694, 74.80670103087994, 64.17611194664849, 27.48711340207995, -1, -1, -1, -1
160, 0, 153.6324732394723, 74.82050810009994, 64.20225627336568, 27.500920471299953, -1, -1, -1, -1
161, 0, 153.01796215879767, 74.83431516931995, 64.22840060008286, 27.514727540519957, -1, -1, -1, -1
162, 0, 152.40345107812306, 74.84812223853996, 64.25454492680005, 27.528534609739964, -1, -1, -1, -1
163, 0, 151.7889399974484, 74.86192930775997, 64.28068925351724, 27.542341678959968, -1, -1, -1, -1
164, 0, 151.17442891677376, 74.87573637697997, 64.30683358023441, 27.55614874817997, -1, -1, -1, -1
165, 0, 150.55991783609915, 74.88954344619998, 64.3329779069516, 27.56995581739998, -1, -1, -1, -1
166, 0, 149.93001448750167, 74.90335051542066, 64.3702467300572, 27.58376288661882, -1, -1, -1, -1
167, 0, 149.30011113890419, 74.91715758464133, 64.4075155531628, 27.59756995583766, -1, -1, -1, -1
168, 0, 148.67020779030673, 74.930964653862, 64.44478437626839, 27.6113770250565, -1, -1, -1, -1
169, 0, 148.04030444170925, 74.94477172308268, 64.48205319937398, 27.62518409427534, -1, -1, -1, -1
170, 0, 147.41040109311177, 74.95857879230336, 64.51932202247957, 27.638991163494186, -1, -1, -1, -1
171, 0, 146.78049774451432, 74.97238586152403, 64.55659084558515, 27.65279823271303, -1, -1, -1, -1
172, 0, 146.15059439591684, 74.9861929307447, 64.59385966869073, 27.666605301931877, -1, -1, -1, -1
173, 0, 145.52069104731936, 74.99999999996538, 64.63112849179632, 27.680412371150723, -1, -1, -1, -1
174, 0, 144.89078769872188, 75.01380706918606, 64.66839731490191, 27.694219440369565, -1, -1, -1, -1
175, 0, 144.2608843501244, 75.02761413840673, 64.7056661380075, 27.708026509588407, -1, -1, -1, -1
176, 0, 143.63098100152695, 75.04142120762741, 64.7429349611131, 27.72183357880725, -1, -1, -1, -1
177, 0, 143.00107765292947, 75.05522827684808, 64.78020378421868, 27.73564064802609, -1, -1, -1, -1
178, 0, 142.371174304332, 75.06903534606876, 64.81747260732428, 27.749447717244937, -1, -1, -1, -1
179, 0, 141.74127095573454, 75.08284241528943, 64.85474143042987, 27.763254786463783, -1, -1, -1, -1
180, 0, 141.11136760713705, 75.09664948451011, 64.89201025353546, 27.77706185568263, -1, -1, -1, -1
181, 0, 140.48146425853957, 75.11045655373078, 64.92927907664105, 27.790868924901474, -1, -1, -1, -1
182, 0, 139.8515609099421, 75.12426362295146, 64.96654789974664, 27.804675994120313, -1, -1, -1, -1
183, 0, 139.2216575613446, 75.13807069217214, 65.00381672285224, 27.81848306333915, -1, -1, -1, -1
184, 0, 138.59175421274713, 75.15187776139283, 65.04108554595783, 27.83229013255799, -1, -1, -1, -1
185, 0, 137.96185086414965, 75.1656848306135, 65.07835436906342, 27.84609720177683, -1, -1, -1, -1
186, 0, 137.33194751555217, 75.17949189983418, 65.11562319216901, 27.859904270995674, -1, -1, -1, -1
187, 0, 136.7020441669547, 75.19329896905485, 65.1528920152746, 27.87371134021452, -1, -1, -1, -1
188, 0, 136.07214081835724, 75.20710603827553, 65.1901608383802, 27.887518409433365, -1, -1, -1, -1
189, 0, 135.44223746975976, 75.2209131074962, 65.22742966148579, 27.90132547865221, -1, -1, -1, -1
190, 0, 134.81233412116228, 75.23472017671688, 65.26469848459138, 27.915132547871053, -1, -1, -1, -1
191, 0, 134.18243077256483, 75.24852724593755, 65.30196730769697, 27.928939617089895, -1, -1, -1, -1
192, 0, 133.55252742396735, 75.26233431515823, 65.33923613080256, 27.942746686308737, -1, -1, -1, -1
193, 0, 132.92262407536987, 75.2761413843789, 65.37650495390815, 27.95655375552758, -1, -1, -1, -1
194, 0, 132.2927207267724, 75.28994845359958, 65.41377377701374, 27.970360824746425, -1, -1, -1, -1
195, 0, 131.6628173781749, 75.30375552282025, 65.45104260011932, 27.98416789396527, -1, -1, -1, -1
196, 0, 131.03291402957746, 75.31756259204093, 65.4883114232249, 27.997974963184117, -1, -1, -1, -1
197, 0, 130.40301068097997, 75.3313696612616, 65.52558024633049, 28.011782032402962, -1, -1, -1, -1
198, 0, 129.7731073323825, 75.34517673048228, 65.56284906943608, 28.025589101621804, -1, -1, -1, -1
199, 0, 129.14320398378504, 75.35898379970295, 65.60011789254168, 28.03939617084065, -1, -1, -1, -1
200, 0, 128.51330063518756, 75.37279086892363, 65.63738671564727, 28.053203240059496, -1, -1, -1, -1
201, 0, 127.88339728659008, 75.3865979381443, 65.67465553875284, 28.067010309278338, -1, -1, -1, -1
202, 0, 127.23328258724631, 75.42350046860355, 65.70559706001362, 28.040651358950313, -1, -1, -1, -1
203, 0, 126.58316788790253, 75.46040299906278, 65.7365385812744, 28.014292408622286, -1, -1, -1, -1
204, 0, 125.93305318855874, 75.49730552952201, 65.76748010253519, 27.987933458294258, -1, -1, -1, -1
205, 0, 125.28293848921497, 75.53420805998124, 65.79842162379596, 27.961574507966233, -1, -1, -1, -1
206, 0, 124.6328237898712, 75.57111059044047, 65.82936314505673, 27.935215557638216, -1, -1, -1, -1
207, 0, 123.98270909052742, 75.6080131208997, 65.86030466631749, 27.9088566073102, -1, -1, -1, -1
208, 0, 123.33259439118365, 75.64491565135893, 65.89124618757825, 27.88249765698218, -1, -1, -1, -1
209, 0, 122.68247969183987, 75.68181818181816, 65.92218770883902, 27.856138706654164, -1, -1, -1, -1
210, 0, 122.0323649924961, 75.71872071227739, 65.95312923009979, 27.82977975632614, -1, -1, -1, -1
211, 0, 121.38225029315231, 75.75562324273662, 65.98407075136058, 27.803420805998115, -1, -1, -1, -1
212, 0, 120.73213559380854, 75.79252577319585, 66.01501227262135, 27.77706185567009, -1, -1, -1, -1
213, 0, 120.08202089446476, 75.82942830365509, 66.04595379388212, 27.750702905342067, -1, -1, -1, -1
214, 0, 119.43190619512099, 75.86633083411434, 66.07689531514289, 27.724343955014042, -1, -1, -1, -1
215, 0, 118.78179149577721, 75.90323336457357, 66.10783683640366, 27.697985004686018, -1, -1, -1, -1
216, 0, 118.13167679643344, 75.9401358950328, 66.13877835766444, 27.671626054357993, -1, -1, -1, -1
217, 0, 117.48156209708966, 75.97703842549203, 66.1697198789252, 27.64526710402997, -1, -1, -1, -1
218, 0, 116.83144739774589, 76.01394095595126, 66.20066140018598, 27.61890815370195, -1, -1, -1, -1
219, 0, 116.18133269840212, 76.05084348641049, 66.23160292144675, 27.592549203373927, -1, -1, -1, -1
220, 0, 115.53121799905833, 76.08774601686972, 66.26254444270751, 27.566190253045907, -1, -1, -1, -1
221, 0, 114.88110329971455, 76.12464854732895, 66.29348596396828, 27.539831302717886, -1, -1, -1, -1
222, 0, 114.23098860037078, 76.16155107778818, 66.32442748522905, 27.513472352389865, -1, -1, -1, -1
223, 0, 113.580873901027, 76.1984536082474, 66.35536900648982, 27.487113402061844, -1, -1, -1, -1
224, 0, 112.93075920168323, 76.23535613870663, 66.3863105277506, 27.460754451733823, -1, -1, -1, -1
225, 0, 112.28064450233946, 76.27225866916588, 66.41725204901137, 27.434395501405803, -1, -1, -1, -1
226, 0, 111.63052980299568, 76.30916119962511, 66.44819357027214, 27.40803655107778, -1, -1, -1, -1
227, 0, 110.9804151036519, 76.34606373008434, 66.47913509153292, 27.38167760074976, -1, -1, -1, -1
228, 0, 110.33030040430812, 76.38296626054357, 66.5100766127937, 27.35531865042174, -1, -1, -1, -1
229, 0, 109.68018570496434, 76.4198687910028, 66.54101813405447, 27.32895970009372, -1, -1, -1, -1
230, 0, 109.03007100562057, 76.45677132146204, 66.57195965531523, 27.302600749765695, -1, -1, -1, -1
231, 0, 108.3799563062768, 76.49367385192127, 66.602901176576, 27.27624179943767, -1, -1, -1, -1
232, 0, 107.72984160693302, 76.5305763823805, 66.63384269783677, 27.249882849109646, -1, -1, -1, -1
233, 0, 107.07972690758925, 76.56747891283973, 66.66478421909753, 27.22352389878162, -1, -1, -1, -1
234, 0, 106.42961220824547, 76.60438144329896, 66.6957257403583, 27.197164948453597, -1, -1, -1, -1
235, 0, 105.7794975089017, 76.64128397375819, 66.72666726161907, 27.170805998125573, -1, -1, -1, -1
236, 0, 105.12938280955791, 76.67818650421742, 66.75760878287986, 27.14444704779755, -1, -1, -1, -1
237, 0, 104.47926811021414, 76.71508903467667, 66.78855030414063, 27.118088097469524, -1, -1, -1, -1
238, 0, 103.82915341087036, 76.7519915651359, 66.8194918254014, 27.091729147141507, -1, -1, -1, -1
239, 0, 103.17903871152659, 76.78889409559513, 66.85043334666216, 27.06537019681349, -1, -1, -1, -1
240, 0, 102.52892401218281, 76.82579662605436, 66.88137486792291, 27.039011246485472, -1, -1, -1, -1
241, 0, 101.87880931283904, 76.86269915651359, 66.91231638918369, 27.012652296157455, -1, -1, -1, -1
242, 0, 101.22869461349526, 76.89960168697283, 66.94325791044446, 26.98629334582943, -1, -1, -1, -1
243, 0, 100.57857991415148, 76.93650421743206, 66.97419943170524, 26.959934395501406, -1, -1, -1, -1
244, 0, 99.9284652148077, 76.97340674789129, 67.00514095296603, 26.933575445173382, -1, -1, -1, -1
245, 0, 99.27835051546393, 77.01030927835052, 67.0360824742268, 26.90721649484536, -1, -1, -1, -1
246, 0, 98.57603417386208, 77.03552218736073, 67.03332291301709, 26.904874261677485, -1, -1, -1, -1
247, 0, 97.87371783226024, 77.06073509637095, 67.03056335180739, 26.902532028509604, -1, -1, -1, -1
248, 0, 97.17140149065841, 77.08594800538117, 67.02780379059769, 26.900189795341728, -1, -1, -1, -1
249, 0, 96.46908514905657, 77.11116091439138, 67.02504422938797, 26.89784756217385, -1, -1, -1, -1
250, 0, 95.76676880745472, 77.13637382340158, 67.02228466817829, 26.895505329005974, -1, -1, -1, -1
251, 0, 95.0644524658529, 77.1615867324118, 67.01952510696859, 26.893163095838098, -1, -1, -1, -1
252, 0, 94.36213612425105, 77.18679964142203, 67.01676554575889, 26.89082086267022, -1, -1, -1, -1
253, 0, 93.65981978264921, 77.21201255043223, 67.01400598454919, 26.888478629502345, -1, -1, -1, -1
254, 0, 92.95750344104736, 77.23722545944244, 67.01124642333949, 26.88613639633447, -1, -1, -1, -1
255, 0, 92.25518709944552, 77.26243836845266, 67.00848686212979, 26.8837941631666, -1, -1, -1, -1
256, 0, 91.55287075784369, 77.28765127746288, 67.00572730092009, 26.881451929998725, -1, -1, -1, -1
257, 0, 90.85055441624185, 77.31286418647309, 67.00296773971037, 26.879109696830852, -1, -1, -1, -1
258, 0, 90.14823807464, 77.3380770954833, 67.00020817850066, 26.876767463662976, -1, -1, -1, -1
259, 0, 89.44592173303818, 77.36329000449352, 66.99744861729096, 26.8744252304951, -1, -1, -1, -1
260, 0, 88.74360539143633, 77.38850291350374, 66.99468905608126, 26.872082997327222, -1, -1, -1, -1
261, 0, 88.04128904983449, 77.41371582251395, 66.99192949487156, 26.869740764159346, -1, -1, -1, -1
262, 0, 87.33897270823265, 77.43892873152416, 66.98916993366186, 26.86739853099147, -1, -1, -1, -1
263, 0, 86.6366563666308, 77.46414164053438, 66.98641037245217, 26.865056297823593, -1, -1, -1, -1
264, 0, 85.93434002502896, 77.4893545495446, 66.98365081124248, 26.862714064655716, -1, -1, -1, -1
265, 0, 85.23202368342712, 77.51456745855481, 66.98089125003278, 26.86037183148784, -1, -1, -1, -1
266, 0, 84.52970734182529, 77.53978036756502, 66.97813168882308, 26.858029598319963, -1, -1, -1, -1
267, 0, 83.82739100022344, 77.56499327657524, 66.97537212761337, 26.855687365152086, -1, -1, -1, -1
268, 0, 83.1250746586216, 77.59020618558546, 66.97261256640365, 26.85334513198421, -1, -1, -1, -1
269, 0, 82.42275831701977, 77.61541909459567, 66.96985300519395, 26.851002898816333, -1, -1, -1, -1
270, 0, 81.72044197541793, 77.64063200360587, 66.96709344398425, 26.848660665648456, -1, -1, -1, -1
271, 0, 81.01812563381608, 77.6658449126161, 66.96433388277455, 26.84631843248058, -1, -1, -1, -1
272, 0, 80.31580929221424, 77.69105782162632, 66.96157432156485, 26.843976199312703, -1, -1, -1, -1
273, 0, 79.6134929506124, 77.71627073063652, 66.95881476035515, 26.841633966144826, -1, -1, -1, -1
274, 0, 78.91117660901055, 77.74148363964673, 66.95605519914545, 26.83929173297695, -1, -1, -1, -1
275, 0, 78.20886026740871, 77.76669654865695, 66.95329563793575, 26.836949499809073, -1, -1, -1, -1
276, 0, 77.50654392580688, 77.79190945766717, 66.95053607672605, 26.834607266641196, -1, -1, -1, -1
277, 0, 76.80422758420504, 77.81712236667738, 66.94777651551637, 26.83226503347332, -1, -1, -1, -1
278, 0, 76.1019112426032, 77.84233527568759, 66.94501695430665, 26.829922800305447, -1, -1, -1, -1
279, 0, 75.39959490100136, 77.86754818469781, 66.94225739309695, 26.827580567137574, -1, -1, -1, -1
280, 0, 74.69727855939952, 77.89276109370803, 66.93949783188725, 26.8252383339697, -1, -1, -1, -1
281, 0, 73.99496221779768, 77.91797400271824, 66.93673827067755, 26.822896100801827, -1, -1, -1, -1
282, 0, 73.29264587619583, 77.94318691172845, 66.93397870946785, 26.82055386763395, -1, -1, -1, -1
283, 0, 72.59032953459399, 77.96839982073867, 66.93121914825815, 26.818211634466074, -1, -1, -1, -1
284, 0, 71.88801319299216, 77.99361272974889, 66.92845958704845, 26.815869401298198, -1, -1, -1, -1
285, 0, 71.18569685139032, 78.0188256387591, 66.92570002583876, 26.81352716813032, -1, -1, -1, -1
286, 0, 70.48338050978847, 78.0440385477693, 66.92294046462906, 26.811184934962444, -1, -1, -1, -1
287, 0, 69.78106416818665, 78.06925145677953, 66.92018090341936, 26.808842701794568, -1, -1, -1, -1
288, 0, 69.0787478265848, 78.09446436578975, 66.91742134220966, 26.80650046862669, -1, -1, -1, -1
289, 0, 68.37643148498296, 78.11967727479995, 66.91466178099996, 26.804158235458814, -1, -1, -1, -1
290, 0, 67.64779878437227, 78.14489018380863, 66.91190221978869, 26.849797550570603, -1, -1, -1, -1
291, 0, 66.91916608376158, 78.17010309281731, 66.9091426585774, 26.89543686568239, -1, -1, -1, -1
292, 0, 66.19053338315089, 78.195316001826, 66.9063830973661, 26.94107618079418, -1, -1, -1, -1
293, 0, 65.46190068254022, 78.22052891083467, 66.90362353615483, 26.98671549590597, -1, -1, -1, -1
294, 0, 64.73326798192954, 78.24574181984335, 66.90086397494355, 27.03235481101776, -1, -1, -1, -1
295, 0, 64.00463528131885, 78.27095472885202, 66.89810441373228, 27.077994126129553, -1, -1, -1, -1
296, 0, 63.276002580708166, 78.29616763786069, 66.895344852521, 27.123633441241346, -1, -1, -1, -1
297, 0, 62.54736988009748, 78.32138054686938, 66.89258529130973, 27.169272756353138, -1, -1, -1, -1
298, 0, 61.81873717948679, 78.34659345587806, 66.88982573009845, 27.21491207146493, -1, -1, -1, -1
299, 0, 61.0901044788761, 78.37180636488674, 66.88706616888717, 27.260551386576722, -1, -1, -1, -1
300, 0, 60.36147177826541, 78.39701927389541, 66.8843066076759, 27.306190701688514, -1, -1, -1, -1
301, 0, 59.63283907765473, 78.42223218290408, 66.88154704646462, 27.351830016800307, -1, -1, -1, -1
302, 0, 58.90420637704405, 78.44744509191275, 66.87878748525334, 27.397469331912095, -1, -1, -1, -1
303, 0, 58.17557367643336, 78.47265800092144, 66.87602792404206, 27.443108647023884, -1, -1, -1, -1
304, 0, 57.44694097582267, 78.49787090993013, 66.87326836283079, 27.488747962135673, -1, -1, -1, -1
305, 0, 56.71830827521199, 78.5230838189388, 66.87050880161951, 27.53438727724746, -1, -1, -1, -1
306, 0, 55.98967557460131, 78.54829672794747, 66.86774924040823, 27.58002659235925, -1, -1, -1, -1
307, 0, 55.26104287399062, 78.57350963695616, 66.86498967919695, 27.62566590747104, -1, -1, -1, -1
308, 0, 54.53241017337993, 78.59872254596485, 66.86223011798567, 27.671305222582827, -1, -1, -1, -1
309, 0, 53.80377747276925, 78.62393545497352, 66.8594705567744, 27.716944537694616, -1, -1, -1, -1
310, 0, 53.075144772158566, 78.64914836398219, 66.85671099556312, 27.762583852806404, -1, -1, -1, -1
311, 0, 52.34651207154788, 78.67436127299086, 66.85395143435184, 27.808223167918193, -1, -1, -1, -1
312, 0, 51.61787937093719, 78.69957418199954, 66.85119187314056, 27.85386248302998, -1, -1, -1, -1
313, 0, 50.8892466703265, 78.72478709100822, 66.84843231192929, 27.89950179814177, -1, -1, -1, -1
314, 0, 50.16061396971581, 78.75000000001691, 66.84567275071801, 27.945141113253563, -1, -1, -1, -1
315, 0, 49.43198126910513, 78.77521290902558, 66.84291318950673, 27.990780428365355, -1, -1, -1, -1
316, 0, 48.70334856849445, 78.80042581803426, 66.84015362829545, 28.036419743477147, -1, -1, -1, -1
317, 0, 47.97471586788376, 78.82563872704293, 66.83739406708418, 28.08205905858894, -1, -1, -1, -1
318, 0, 47.24608316727307, 78.8508516360516, 66.8346345058729, 28.127698373700728, -1, -1, -1, -1
319, 0, 46.51745046666239, 78.87606454506029, 66.83187494466162, 28.173337688812516, -1, -1, -1, -1
320, 0, 45.78881776605171, 78.90127745406897, 66.82911538345034, 28.218977003924305, -1, -1, -1, -1
321, 0, 45.06018506544102, 78.92649036307765, 66.82635582223907, 28.264616319036094, -1, -1, -1, -1
322, 0, 44.33155236483033, 78.95170327208632, 66.82359626102779, 28.310255634147882, -1, -1, -1, -1
323, 0, 43.60291966421965, 78.976916181095, 66.82083669981651, 28.35589494925967, -1, -1, -1, -1
324, 0, 42.87428696360897, 79.0021290901037, 66.81807713860523, 28.40153426437146, -1, -1, -1, -1
325, 0, 42.14565426299828, 79.02734199911237, 66.81531757739396, 28.44717357948325, -1, -1, -1, -1
326, 0, 41.41702156238759, 79.05255490812104, 66.81255801618268, 28.49281289459504, -1, -1, -1, -1
327, 0, 40.68838886177691, 79.07776781712971, 66.8097984549714, 28.538452209706833, -1, -1, -1, -1
328, 0, 39.959756161166226, 79.10298072613838, 66.80703889376011, 28.584091524818625, -1, -1, -1, -1
329, 0, 39.23112346055554, 79.12819363514707, 66.80427933254883, 28.629730839930417, -1, -1, -1, -1
330, 0, 38.50249075994485, 79.15340654415576, 66.80151977133755, 28.67537015504221, -1, -1, -1, -1
331, 0, 37.77385805933416, 79.17861945316443, 66.79876021012629, 28.721009470154, -1, -1, -1, -1
332, 0, 37.04522535872347, 79.2038323621731, 66.79600064891501, 28.766648785265794, -1, -1, -1, -1
333, 0, 36.31659265811279, 79.22904527118177, 66.79324108770373, 28.812288100377586, -1, -1, -1, -1
334, 0, 35.58795995750211, 79.25425818019045, 66.79048152649246, 28.85792741548937, -1, -1, -1, -1
335, 0, 34.85932725689142, 79.27947108919913, 66.78772196528118, 28.90356673060116, -1, -1, -1, -1
336, 0, 34.13069455628073, 79.30468399820782, 66.78496240406989, 28.94920604571295, -1, -1, -1, -1
337, 0, 33.40206185567005, 79.3298969072165, 66.78220284285861, 28.994845360824733, -1, -1, -1, -1
338, 0, 32.55456944120819, 79.41688144330067, 66.74607789187067, 29.0006443298985, -1, -1, -1, -1
339, 0, 31.707077026746326, 79.50386597938484, 66.70995294088274, 29.00644329897227, -1, -1, -1, -1
340, 0, 30.859584612284465, 79.59085051546901, 66.67382798989482, 29.012242268046037, -1, -1, -1, -1
341, 0, 30.0120921978226, 79.67783505155319, 66.63770303890689, 29.018041237119803, -1, -1, -1, -1
342, 0, 29.16459978336074, 79.76481958763736, 66.60157808791897, 29.02384020619356, -1, -1, -1, -1
343, 0, 28.317107368898878, 79.85180412372154, 66.56545313693104, 29.02963917526732, -1, -1, -1, -1
344, 0, 27.469614954437017, 79.93878865980571, 66.52932818594311, 29.03543814434108, -1, -1, -1, -1
345, 0, 26.622122539975155, 80.0257731958899, 66.49320323495517, 29.041237113414837, -1, -1, -1, -1
346, 0, 25.77463012551329, 80.11275773197407, 66.45707828396723, 29.047036082488603, -1, -1, -1, -1
347, 0, 24.92713771105143, 80.19974226805824, 66.42095333297931, 29.05283505156237, -1, -1, -1, -1
348, 0, 24.079645296589568, 80.28672680414242, 66.38482838199138, 29.058634020636134, -1, -1, -1, -1
349, 0, 23.232152882127707, 80.37371134022659, 66.34870343100344, 29.0644329897099, -1, -1, -1, -1
350, 0, 22.384660467665846, 80.46069587631078, 66.3125784800155, 29.07023195878366, -1, -1, -1, -1
351, 0, 21.537168053203985, 80.54768041239495, 66.27645352902758, 29.076030927857417, -1, -1, -1, -1
352, 0, 20.689675638742123, 80.63466494847913, 66.24032857803965, 29.081829896931175, -1, -1, -1, -1
353, 0, 19.842183224280262, 80.7216494845633, 66.20420362705173, 29.087628866004934, -1, -1, -1, -1
354, 0, 18.9946908098184, 80.80863402064747, 66.1680786760638, 29.0934278350787, -1, -1, -1, -1
355, 0, 18.14719839535654, 80.89561855673165, 66.13195372507586, 29.099226804152465, -1, -1, -1, -1
356, 0, 17.29970598089468, 80.98260309281582, 66.09582877408792, 29.10502577322623, -1, -1, -1, -1
357, 0, 16.452213566432814, 81.0695876289, 66.0597038231, 29.1108247423, -1, -1, -1, -1
358, 0, 15.668155019076115, 81.15657216498077, 66.02357887211407, 29.116623711370565, -1, -1, -1, -1
359, 0, 14.884096471719417, 81.24355670106155, 65.98745392112815, 29.122422680441126, -1, -1, -1, -1
360, 0, 14.10003792436272, 81.33054123714231, 65.95132897014223, 29.12822164951169, -1, -1, -1, -1
361, 0, 13.315979377006022, 81.41752577322309, 65.9152040191563, 29.134020618582255, -1, -1, -1, -1
362, 0, 12.531920829649323, 81.50451030930387, 65.87907906817038, 29.139819587652823, -1, -1, -1, -1
363, 0, 11.747862282292626, 81.59149484538463, 65.84295411718446, 29.14561855672339, -1, -1, -1, -1
364, 0, 10.963803734935928, 81.67847938146541, 65.80682916619853, 29.15141752579396, -1, -1, -1, -1
365, 0, 10.179745187579229, 81.76546391754619, 65.7707042152126, 29.157216494864528, -1, -1, -1, -1
366, 0, 9.39568664022253, 81.85244845362695, 65.73457926422668, 29.163015463935096, -1, -1, -1, -1
367, 0, 8.611628092865832, 81.93943298970773, 65.69845431324075, 29.168814433005664, -1, -1, -1, -1
368, 0, 7.827569545509133, 82.0264175257885, 65.66232936225482, 29.174613402076233, -1, -1, -1, -1
369, 0, 7.043510998152435, 82.11340206186927, 65.6262044112689, 29.1804123711468, -1, -1, -1, -1
370, 0, 6.259452450795736, 82.20038659795004, 65.59007946028298, 29.18621134021737, -1, -1, -1, -1
371, 0, 5.475393903439039, 82.28737113403082, 65.55395450929706, 29.192010309287937, -1, -1, -1, -1
372, 0, 4.691335356082341, 82.37435567011158, 65.51782955831113, 29.197809278358505, -1, -1, -1, -1
373, 0, 3.9072768087256424, 82.46134020619236, 65.48170460732521, 29.203608247429074, -1, -1, -1, -1
374, 0, 3.1232182613689443, 82.54832474227314, 65.44557965633929, 29.209407216499635, -1, -1, -1, -1
375, 0, 2.339159714012246, 82.6353092783539, 65.40945470535337, 29.2152061855702, -1, -1, -1, -1
376, 0, 1.555101166655548, 82.72229381443468, 65.37332975436743, 29.221005154640764, -1, -1, -1, -1
377, 0, 0.7710426192988501, 82.80927835051546, 65.33720480338151, 29.226804123711325, -1, -1, -1, -1
378, 0, 0.5782819644741376, 82.91471415183656, 64.7233815781861, 29.351309721418165, -1, -1, -1, -1
379, 0, 0.38552130964942505, 83.02014995315768, 64.1095583529907, 29.475815319125005, -1, -1, -1, -1
380, 0, 0.19276065482471252, 83.1255857544788, 63.4957351277953, 29.600320916831844, -1, -1, -1, -1
381, 0, 0.0, 83.23102155579991, 62.88191190259989, 29.724826514538684, -1, -1, -1, -1
382, 0, 0.0, 83.33645735710826, 62.075328022558224, 29.674492516045838, -1, -1, -1, -1
383, 0, 0.0, 83.44189315841659, 61.26874414251657, 29.624158517552996, -1, -1, -1, -1
384, 0, 0.0, 83.54732895972492, 60.46216026247491, 29.573824519060153, -1, -1, -1, -1
385, 0, 0.0, 83.65276476103327, 59.65557638243325, 29.523490520567307, -1, -1, -1, -1
386, 0, 0.0, 83.75820056234161, 58.848992502391596, 29.473156522074458, -1, -1, -1, -1
387, 0, 0.0, 83.86363636364996, 58.04240862234994, 29.42282252358161, -1, -1, -1, -1
388, 0, 0.0, 83.9690721649583, 57.23582474230828, 29.37248852508876, -1, -1, -1, -1
389, 0, 0.0, 84.07450796626664, 56.429240862266624, 29.32215452659591, -1, -1, -1, -1
390, 0, 0.0, 84.17994376757497, 55.62265698222497, 29.27182052810307, -1, -1, -1, -1
391, 0, 0.0, 84.28537956888331, 54.81607310218331, 29.221486529610228, -1, -1, -1, -1
392, 0, 0.0, 84.39081537019166, 54.00948922214165, 29.171152531117386, -1, -1, -1, -1
393, 0, 0.0, 84.49625117149999, 53.20290534209999, 29.120818532624547, -1, -1, -1, -1
394, 0, 0.0, 84.6016869728124, 52.396321462061806, 29.025192833926248, -1, -1, -1, -1
395, 0, 0.0, 84.70712277412481, 51.58973758202363, 28.929567135227945, -1, -1, -1, -1
396, 0, 0.0, 84.81255857543722, 50.78315370198545, 28.833941436529642, -1, -1, -1, -1
397, 0, 0.0, 84.91799437674963, 49.976569821947265, 28.738315737831343, -1, -1, -1, -1
398, 0, 0.0, 85.02343017806203, 49.16998594190908, 28.642690039133043, -1, -1, -1, -1
399, 0, 0.0, 85.12886597937444, 48.3634020618709, 28.547064340434744, -1, -1, -1, -1
400, 0, 0.0, 85.23430178068685, 47.556818181832725, 28.451438641736445, -1, -1, -1, -1
401, 0, 0.0, 85.33973758199926, 46.75023430179454, 28.355812943038146, -1, -1, -1, -1
402, 0, 0.0, 85.44517338331167, 45.94365042175636, 28.260187244339846, -1, -1, -1, -1
403, 0, 0.0, 85.55060918462408, 45.137066541718184, 28.164561545641547, -1, -1, -1, -1
404, 0, 0.0, 85.65604498593649, 44.33048266168, 28.068935846943248, -1, -1, -1, -1
405, 0, 0.0, 85.7614807872489, 43.52389878164182, 27.97331014824495, -1, -1, -1, -1
406, 0, 0.0, 85.86691658856131, 42.717314901603636, 27.877684449546653, -1, -1, -1, -1
407, 0, 0.0, 85.97235238987372, 41.910731021565454, 27.782058750848357, -1, -1, -1, -1
408, 0, 0.0, 86.07778819118613, 41.10414714152728, 27.68643305215006, -1, -1, -1, -1
409, 0, 0.0, 86.18322399249853, 40.297563261489096, 27.590807353451765, -1, -1, -1, -1
410, 0, 0.0, 86.28865979381094, 39.49097938145091, 27.495181654753466, -1, -1, -1, -1
411, 0, 0.0, 86.39409559512335, 38.68439550141274, 27.399555956055167, -1, -1, -1, -1
412, 0, 0.0, 86.49953139643576, 37.877811621374555, 27.303930257356868, -1, -1, -1, -1
413, 0, 0.0, 86.60496719774817, 37.07122774133637, 27.20830455865857, -1, -1, -1, -1
414, 0, 0.0, 86.71040299906056, 36.2646438612982, 27.11267885996027, -1, -1, -1, -1
415, 0, 0.0, 86.81583880037297, 35.458059981260014, 27.01705316126197, -1, -1, -1, -1
416, 0, 0.0, 86.92127460168538, 34.65147610122183, 26.92142746256367, -1, -1, -1, -1
417, 0, 0.0, 87.0267104029978, 33.844892221183656, 26.82580176386537, -1, -1, -1, -1
418, 0, 0.0, 87.1321462043102, 33.03830834114547, 26.730176065167072, -1, -1, -1, -1
419, 0, 0.0, 87.23758200562261, 32.23172446110729, 26.63455036646877, -1, -1, -1, -1
420, 0, 0.0, 87.34301780693502, 31.42514058106911, 26.538924667770466, -1, -1, -1, -1
421, 0, 0.0, 87.44845360824743, 30.61855670103093, 26.443298969072167, -1, -1, -1, -1
422, 0, 0.0, 87.60309278350516, 29.748711340206185, 26.35631443298969, -1, -1, -1, -1
423, 0, 0.0, 87.75773195876289, 28.878865979381445, 26.26932989690722, -1, -1, -1, -1
424, 0, 0.0, 87.91237113402062, 28.009020618556704, 26.182345360824748, -1, -1, -1, -1
425, 0, 0.0, 88.06701030927836, 27.13917525773196, 26.095360824742272, -1, -1, -1, -1
426, 0, 0.0, 88.2216494845361, 26.269329896907216, 26.0083762886598, -1, -1, -1, -1
427, 0, 0.0, 88.37628865979383, 25.399484536082475, 25.92139175257733, -1, -1, -1, -1
428, 0, 0.0, 88.53092783505156, 24.529639175257735, 25.834407216494856, -1, -1, -1, -1
429, 0, 0.0, 88.68556701030928, 23.65979381443299, 25.747422680412384, -1, -1, -1, -1
430, 0, 0.0, 88.84020618556701, 22.789948453608247, 25.66043814432991, -1, -1, -1, -1
431, 0, 0.0, 88.99484536082474, 21.920103092783506, 25.573453608247434, -1, -1, -1, -1
432, 0, 0.0, 89.14948453608247, 21.050257731958766, 25.486469072164958, -1, -1, -1, -1
433, 0, 0.0, 89.30412371134021, 20.18041237113402, 25.399484536082483, -1, -1, -1, -1
434, 0, 0.0, 89.45876288659795, 19.310567010309278, 25.312500000000007, -1, -1, -1, -1
435, 0, 0.0, 89.61340206185568, 18.440721649484537, 25.22551546391753, -1, -1, -1, -1
436, 0, 0.0, 89.76804123711341, 17.570876288659797, 25.138530927835056, -1, -1, -1, -1
437, 0, 0.0, 89.92268041237114, 16.701030927835053, 25.05154639175258, -1, -1, -1, -1
438, 0, 0.0, 90.07731958762886, 15.83118556701031, 24.96456185567011, -1, -1, -1, -1
439, 0, 0.0, 90.23195876288659, 14.961340206185568, 24.877577319587637, -1, -1, -1, -1
440, 0, 0.0, 90.38659793814432, 14.091494845360826, 24.790592783505165, -1, -1, -1, -1
441, 0, 0.0, 90.54123711340206, 13.221649484536083, 24.703608247422693, -1, -1, -1, -1
442, 0, 0.0, 90.6958762886598, 12.351804123711341, 24.616623711340218, -1, -1, -1, -1
443, 0, 0.0, 90.85051546391753, 11.481958762886599, 24.52963917525774, -1, -1, -1, -1
444, 0, 0.0, 91.00515463917526, 10.612113402061857, 24.44265463917526, -1, -1, -1, -1
445, 0, 0.0, 91.15979381443299, 9.742268041237114, 24.355670103092784, -1, -1, -1, -1
446, 0, 0.0, 91.51214668569239, 8.814432989690722, 23.481410015338547, -1, -1, -1, -1
447, 0, 0.0, 91.86449955695177, 7.88659793814433, 22.607149927584313, -1, -1, -1, -1
448, 0, 0.0, 92.21685242821115, 6.958762886597938, 21.73288983983008, -1, -1, -1, -1
449, 0, 0.0, 92.56920529947055, 6.030927835051546, 20.858629752075842, -1, -1, -1, -1
450, 0, 0.0, 92.92155817072994, 5.103092783505154, 19.984369664321612, -1, -1, -1, -1
451, 0, 0.0, 93.27391104198932, 4.175257731958762, 19.11010957656738, -1, -1, -1, -1
452, 0, 0.0, 93.62626391324872, 3.2474226804123707, 18.235849488813145, -1, -1, -1, -1
453, 0, 0.0, 93.9786167845081, 2.319587628865979, 17.361589401058914, -1, -1, -1, -1
454, 0, 0.0, 93.9786167845081, 2.319587628865979, 17.361589401058914, -1, -1, -1, -1
455, 0, 0.0, 93.9786167845081, 2.319587628865979, 17.361589401058914, -1, -1, -1, -1
456, 0, 0.0, 93.9786167845081, 2.319587628865979, 17.361589401058914, -1, -1, -1, -1
513, 1, 237.5257731958763, 77.47422680412372, 2.474226804123676, 10.670103092783506, -1, -1, -1, -1
514, 1, 236.66752577319494, 77.20747422680509, 3.3324742268050414, 11.45137735589589, -1, -1, -1, -1
515, 1, 235.80927835051358, 76.94072164948645, 4.190721649486407, 12.232651619008273, -1, -1, -1, -1
516, 1, 234.95103092783222, 76.67396907216781, 5.048969072167772, 13.013925882120656, -1, -1, -1, -1
517, 1, 234.09278350515083, 76.40721649484917, 5.907216494849138, 13.79520014523304, -1, -1, -1, -1
518, 1, 233.23453608246948, 76.14046391753052, 6.765463917530489, 14.576474408345419, -1, -1, -1, -1
519, 1, 232.37628865978812, 75.8737113402119, 7.623711340211841, 15.357748671457799, -1, -1, -1, -1
520, 1, 231.51804123710676, 75.60695876289327, 8.481958762893193, 16.13902293457018, -1, -1, -1, -1
521, 1, 230.6597938144254, 75.34020618557463, 9.340206185574544, 16.920297197682558, -1, -1, -1, -1
522, 1, 229.801546391744, 75.07345360825599, 10.198453608255909, 17.70157146079494, -1, -1, -1, -1
523, 1, 228.94329896906265, 74.80670103093735, 11.056701030937273, 18.482845723907324, -1, -1, -1, -1
524, 1, 228.0850515463813, 74.5399484536187, 11.914948453618635, 19.264119987019708, -1, -1, -1, -1
525, 1, 227.22680412369994, 74.27319587630008, 12.773195876299999, 20.04539425013209, -1, -1, -1, -1
526, 1, 226.38408860562043, 74.06857091737706, 13.615911394379488, 20.323225123504756, -1, -1, -1, -1
527, 1, 225.54137308754096, 73.86394595845405, 14.458626912458978, 20.60105599687742, -1, -1, -1, -1
528, 1, 224.6986575694615, 73.65932099953103, 15.301342430538467, 20.878886870250085, -1, -1, -1, -1
529, 1, 223.855942051382, 73.45469604060801, 16.144057948617956, 21.15671774362275, -1, -1, -1, -1
530, 1, 223.01322653330251, 73.250071081685, 16.98677346669744, 21.434548616995414, -1, -1, -1, -1
531, 1, 222.17051101522304, 73.04544612276197, 17.829488984776923, 21.71237949036808, -1, -1, -1, -1
532, 1, 221.32779549714354, 72.84082116383897, 18.672204502856403, 21.990210363740744, -1, -1, -1, -1
533, 1, 220.48507997906407, 72.63619620491595, 19.514920020935886, 22.268041237113405, -1, -1, -1, -1
534, 1, 219.69554597048085, 72.56065064524748, 20.304454029519093, 22.407100246990417, -1, -1, -1, -1
535, 1, 218.90601196189766, 72.485105085579, 21.093988038102303, 22.546159256867426, -1, -1, -1, -1
536, 1, 218.11647795331444, 72.40955952591051, 21.88352204668551, 22.685218266744435, -1, -1, -1, -1
537, 1, 217.32694394473123, 72.33401396624203, 22.673056055268717, 22.824277276621444, -1, -1, -1, -1
538, 1, 216.53740993614804, 72.25846840657354, 23.462590063851913, 22.963336286498453, -1, -1, -1, -1
539, 1, 215.74787592756482, 72.18292284690506, 24.25212407243511, 23.102395296375462, -1, -1, -1, -1
540, 1, 214.9583419189816, 72.10737728723657, 25.041658081018305, 23.24145430625247, -1, -1, -1, -1
541, 1, 214.1688079103984, 72.0318317275681, 25.8311920896015, 23.38051331612948, -1, -1, -1, -1
542, 1, 213.3792739018152, 71.95628616789962, 26.62072609818471, 23.519572326006497, -1, -1, -1, -1
543, 1, 212.58973989323198, 71.88074060823114, 27.41026010676792, 23.658631335883513, -1, -1, -1, -1
544, 1, 211.8002058846488, 71.80519504856265, 28.199794115351132, 23.79769034576053, -1, -1, -1, -1
545, 1, 211.01067187606557, 71.72964948889417, 28.989328123934342, 23.936749355637545, -1, -1, -1, -1
546, 1, 210.22113786748235, 71.6541039292257, 29.77886213251754, 24.075808365514554, -1, -1, -1, -1
547, 1, 209.43160385889917, 71.57855836955721, 30.568396141100735, 24.214867375391563, -1, -1, -1, -1
548, 1, 208.64206985031598, 71.50301280988873, 31.35793014968393, 24.353926385268572, -1, -1, -1, -1
549, 1, 207.85253584173276, 71.42746725022025, 32.14746415826713, 24.49298539514558, -1, -1, -1, -1
550, 1, 207.06300183314954, 71.35192169055176, 32.93699816685034, 24.63204440502259, -1, -1, -1, -1
551, 1, 206.27346782456635, 71.27637613088328, 33.72653217543355, 24.7711034148996, -1, -1, -1, -1
552, 1, 205.48393381598314, 71.2008305712148, 34.51606618401676, 24.91016242477661, -1, -1, -1, -1
553, 1, 204.69439980739992, 71.12528501154632, 35.30560019259997, 25.049221434653614, -1, -1, -1, -1
554, 1, 203.90486579881886, 71.17966309140192, 36.095134201181025, 25.058356805003292, -1, -1, -1, -1
555, 1, 203.1153317902378, 71.23404117125753, 36.88466820976208, 25.067492175352974, -1, -1, -1, -1
556, 1, 202.32579778165677, 71.28841925111314, 37.67420221834314, 25.076627545702653, -1, -1, -1, -1
557, 1, 201.53626377307572, 71.34279733096875, 38.4637362269242, 25.08576291605233, -1, -1, -1, -1
558, 1, 200.74672976449466, 71.39717541082436, 39.253270235505255, 25.094898286402014, -1, -1, -1, -1
559, 1, 199.95719575591363, 71.45155349067996, 40.04280424408631, 25.104033656751696, -1, -1, -1, -1
560, 1, 199.16766174733257, 71.50593157053555, 40.83233825266737, 25.113169027101378, -1, -1, -1, -1
561, 1, 198.37812773875152, 71.56030965039116, 41.62187226124843, 25.12230439745106, -1, -1, -1, -1
562, 1, 197.58859373017046, 71.61468773024677, 42.41140626982948, 25.131439767800742, -1, -1, -1, -1
563, 1, 196.7990597215894, 71.66906581010237, 43.20094027841053, 25.140575138150425, -1, -1, -1, -1
564, 1, 196.00952571300837, 71.72344388995796, 43.99047428699158, 25.149710508500107, -1, -1, -1, -1
565, 1, 195.21999170442731, 71.77782196981357, 44.78000829557263, 25.15884587884979, -1, -1, -1, -1
566, 1, 194.43045769584626, 71.83220004966918, 45.569542304153686, 25.167981249199467, -1, -1, -1, -1
567, 1, 193.64092368726523, 71.88657812952479, 46.35907631273474, 25.177116619549146, -1, -1, -1, -1
568, 1, 192.85138967868417, 71.9409562093804, 47.1486103213158, 25.186251989898828, -1, -1, -1, -1
569, 1, 192.0618556701031, 71.995334289236, 47.938144329896865, 25.195387360248507, -1, -1, -1, -1
570, 1, 191.4674613402027, 71.97532950440649, 48.53253865979728, 25.260909076892432, -1, -1, -1, -1
571, 1, 190.8730670103023, 71.95532471957696, 49.12693298969771, 25.32643079353636, -1, -1, -1, -1
572, 1, 190.27867268040188, 71.93531993474745, 49.72132731959813, 25.39195251018029, -1, -1, -1, -1
573, 1, 189.68427835050144, 71.91531514991794, 50.315721649498556, 25.457474226824218, -1, -1, -1, -1
574, 1, 189.089884020601, 71.89531036508842, 50.91011597939898, 25.52299594346815, -1, -1, -1, -1
575, 1, 188.4954896907006, 71.87530558025891, 51.5045103092994, 25.588517660112082, -1, -1, -1, -1
576, 1, 187.90109536080018, 71.8553007954294, 52.098904639199816, 25.654039376756014, -1, -1, -1, -1
577, 1, 187.30670103089977, 71.83529601059988, 52.69329896910024, 25.719561093399946, -1, -1, -1, -1
578, 1, 186.62355296043128, 71.8152912257749, 53.18201481218968, 25.78508281002496, -1, -1, -1, -1
579, 1, 185.9404048899628, 71.79528644094992, 53.67073065527912, 25.850604526649974, -1, -1, -1, -1
580, 1, 185.25725681949433, 71.77528165612495, 54.15944649836857, 25.916126243274988, -1, -1, -1, -1
581, 1, 184.57410874902584, 71.75527687129997, 54.648162341458004, 25.981647959900002, -1, -1, -1, -1
582, 1, 183.91743514278676, 71.73527208646468, 54.82272178332354, 26.047169676542723, -1, -1, -1, -1
583, 1, 183.26076153654768, 71.71526730162937, 54.99728122518907, 26.11269139318544, -1, -1, -1, -1
584, 1, 182.6040879303086, 71.69526251679406, 55.171840667054596, 26.178213109828157, -1, -1, -1, -1
585, 1, 181.9474143240695, 71.67525773195877, 55.34640010892013, 26.243734826470877, -1, -1, -1, -1
586, 1, 181.27081124024676, 71.69725382154382, 55.446618363676336, 26.243455562505424, -1, -1, -1, -1
587, 1, 180.59420815642403, 71.71924991112887, 55.54683661843255, 26.243176298539968, -1, -1, -1, -1
588, 1, 179.9176050726013, 71.74124600071391, 55.64705487318876, 26.24289703457451, -1, -1, -1, -1
589, 1, 179.24100198877858, 71.76324209029897, 55.747273127944965, 26.24261777060906, -1, -1, -1, -1
590, 1, 178.56439890495585, 71.78523817988403, 55.84749138270117, 26.242338506643602, -1, -1, -1, -1
591, 1, 177.88779582113312, 71.80723426946908, 55.94770963745738, 26.242059242678145, -1, -1, -1, -1
592, 1, 177.2111927373104, 71.82923035905412, 56.047927892213586, 26.24177997871269, -1, -1, -1, -1
593, 1, 176.53458965348764, 71.85122644863918, 56.14814614696979, 26.241500714747232, -1, -1, -1, -1
594, 1, 175.8579865696649, 71.87322253822424, 56.248364401726, 26.24122145078178, -1, -1, -1, -1
595, 1, 175.18138348584216, 71.89521862780929, 56.34858265648221, 26.240942186816326, -1, -1, -1, -1
596, 1, 174.50478040201943, 71.91721471739433, 56.448800911238415, 26.240662922850873, -1, -1, -1, -1
597, 1, 173.8281773181967, 71.93921080697939, 56.54901916599462, 26.24038365888542, -1, -1, -1, -1
598, 1, 173.15157423437398, 71.96120689656443, 56.64923742075083, 26.24010439491997, -1, -1, -1, -1
599, 1, 172.47497115055126, 71.98320298614948, 56.749455675507036, 26.23982513095452, -1, -1, -1, -1
600, 1, 171.79836806672853, 72.00519907573454, 56.84967393026324, 26.239545866989072, -1, -1, -1, -1
601, 1, 171.12176498290577, 72.02719516531958, 56.94989218501945, 26.239266603023623, -1, -1, -1, -1
602, 1, 170.44516189908302, 72.04919125490463, 57.05011043977566, 26.238987339058166, -1, -1, -1, -1
603, 1, 169.7685588152603, 72.07118734448969, 57.150328694531865, 26.23870807509271, -1, -1, -1, -1
604, 1, 169.09195573143757, 72.09318343407475, 57.25054694928807, 26.238428811127253, -1, -1, -1, -1
605, 1, 168.41535264761484, 72.11517952365979, 57.35076520404428, 26.238149547161797, -1, -1, -1, -1
606, 1, 167.7387495637921, 72.13717561324484, 57.450983458800486, 26.237870283196344, -1, -1, -1, -1
607, 1, 167.06214647996939, 72.1591717028299, 57.551201713556694, 26.237591019230887, -1, -1, -1, -1
608, 1, 166.38554339614666, 72.18116779241495, 57.6514199683129, 26.23731175526543, -1, -1, -1, -1
609, 1, 165.7089403123239, 72.203163882, 57.75163822306911, 26.237032491299978, -1, -1, -1, -1
610, 1, 165.1451783807472, 72.22515997158438, 57.77188708134473, 26.236753227331228, -1, -1, -1, -1
611, 1, 164.5814164491705, 72.24715606116875, 57.79213593962035, 26.23647396336248, -1, -1, -1, -1
612, 1, 164.01765451759377, 72.26915215075313, 57.81238479789597, 26.236194699393735, -1, -1, -1, -1
613, 1, 163.45389258601705, 72.2911482403375, 57.832633656171595, 26.235915435424985, -1, -1, -1, -1
614, 1, 162.89013065444033, 72.31314432992187, 57.8528825144472, 26.23563617145624, -1, -1, -1, -1
615, 1, 162.32636872286363, 72.33514041950625, 57.87313137272281, 26.235356907487493, -1, -1, -1, -1
616, 1, 161.76260679128694, 72.35713650909062, 57.89338023099842, 26.235077643518746, -1, -1, -1, -1
617, 1, 161.19884485971022, 72.379132598675, 57.913629089274025, 26.23479837955, -1, -1, -1, -1
618, 1, 160.6350829281335, 72.40112868825938, 57.93387794754964, 26.234519115581246, -1, -1, -1, -1
619, 1, 160.07132099655678, 72.42312477784375, 57.954126805825254, 26.234239851612493, -1, -1, -1, -1
620, 1, 159.50755906498006, 72.44512086742813, 57.97437566410087, 26.23396058764374, -1, -1, -1, -1
621, 1, 158.94379713340336, 72.46711695701251, 57.99462452237648, 26.233681323674986, -1, -1, -1, -1
622, 1, 158.38003520182667, 72.48911304659688, 58.014873380652105, 26.233402059706236, -1, -1, -1, -1
623, 1, 157.81627327024995, 72.51110913618126, 58.03512223892773, 26.233122795737486, -1, -1, -1, -1
624, 1, 157.25251133867323, 72.53310522576564, 58.05537109720335, 26.232843531768737, -1, -1, -1, -1
625, 1, 156.6887494070965, 72.55510131535002, 58.07561995547897, 26.232564267799987, -1, -1, -1, -1
626, 1, 156.1249874755198, 72.57709740493439, 58.09586881375459, 26.23228500383124, -1, -1, -1, -1
627, 1, 155.56122554394307, 72.59909349451877, 58.116117672030214, 26.232005739862494, -1, -1, -1, -1
628, 1, 154.99746361236635, 72.62108958410315, 58.136366530305835, 26.231726475893748, -1, -1, -1, -1
629, 1, 154.43370168078965, 72.64308567368751, 58.15661538858146, 26.231447211925, -1, -1, -1, -1
630, 1, 153.86993974921296, 72.66508176327189, 58.17686424685707, 26.231167947956248, -1, -1, -1, -1
631, 1, 153.30617781763624, 72.68707785285626, 58.197113105132686, 26.230888683987494, -1, -1, -1, -1
632, 1, 152.74241588605952, 72.70907394244064, 58.2173619634083, 26.23060942001874, -1, -1, -1, -1
633, 1, 152.1786539544828, 72.73107003202502, 58.237610821683916, 26.230330156049988, -1, -1, -1, -1
634, 1, 151.61489202290608, 72.75306612160938, 58.25785967995952, 26.23005089208124, -1, -1, -1, -1
635, 1, 151.05113009132938, 72.77506221119376, 58.27810853823513, 26.229771628112495, -1, -1, -1, -1
636, 1, 150.4873681597527, 72.79705830077813, 58.29835739651074, 26.22949236414375, -1, -1, -1, -1
637, 1, 149.92360622817597, 72.81905439036251, 58.318606254786346, 26.229213100175002, -1, -1, -1, -1
638, 1, 149.35984429659925, 72.84105047994689, 58.33885511306197, 26.228933836206252, -1, -1, -1, -1
639, 1, 148.79608236502253, 72.86304656953126, 58.35910397133759, 26.228654572237502, -1, -1, -1, -1
640, 1, 148.2323204334458, 72.88504265911564, 58.37935282961321, 26.228375308268753, -1, -1, -1, -1
641, 1, 147.66855850186911, 72.90703874870002, 58.39960168788884, 26.2280960443, -1, -1, -1, -1
642, 1, 147.15521616661766, 72.92903483828354, 58.42821695468554, 26.22781678033143, -1, -1, -1, -1
643, 1, 146.64187383136624, 72.95103092786707, 58.45683222148223, 26.227537516362858, -1, -1, -1, -1
644, 1, 146.12853149611482, 72.97302701745059, 58.48544748827893, 26.227258252394286, -1, -1, -1, -1
645, 1, 145.6151891608634, 72.9950231070341, 58.51406275507563, 26.226978988425714, -1, -1, -1, -1
646, 1, 145.10184682561197, 73.01701919661762, 58.54267802187233, 26.226699724457134, -1, -1, -1, -1
647, 1, 144.58850449036055, 73.03901528620115, 58.571293288669025, 26.226420460488555, -1, -1, -1, -1
648, 1, 144.07516215510913, 73.06101137578467, 58.599908555465724, 26.226141196519976, -1, -1, -1, -1
649, 1, 143.5618198198577, 73.0830074653682, 58.62852382226242, 26.225861932551396, -1, -1, -1, -1
650, 1, 143.04847748460628, 73.10500355495171, 58.65713908905912, 26.225582668582824, -1, -1, -1, -1
651, 1, 142.53513514935486, 73.12699964453523, 58.68575435585582, 26.22530340461425, -1, -1, -1, -1
652, 1, 142.02179281410343, 73.14899573411876, 58.71436962265252, 26.22502414064568, -1, -1, -1, -1
653, 1, 141.50845047885198, 73.17099182370228, 58.74298488944922, 26.224744876677107, -1, -1, -1, -1
654, 1, 140.99510814360056, 73.1929879132858, 58.77160015624592, 26.224465612708535, -1, -1, -1, -1
655, 1, 140.48176580834914, 73.21498400286933, 58.800215423042616, 26.224186348739963, -1, -1, -1, -1
656, 1, 139.96842347309772, 73.23698009245285, 58.828830689839315, 26.22390708477139, -1, -1, -1, -1
657, 1, 139.4550811378463, 73.25897618203636, 58.85744595663601, 26.223627820802818, -1, -1, -1, -1
658, 1, 138.94173880259484, 73.28097227161987, 58.88606122343271, 26.223348556834246, -1, -1, -1, -1
659, 1, 138.42839646734342, 73.3029683612034, 58.91467649022941, 26.223069292865674, -1, -1, -1, -1
660, 1, 137.915054132092, 73.32496445078692, 58.94329175702611, 26.2227900288971, -1, -1, -1, -1
661, 1, 137.40171179684057, 73.34696054037045, 58.97190702382281, 26.22251076492853, -1, -1, -1, -1
662, 1, 136.88836946158915, 73.36895662995397, 59.000522290619514, 26.22223150095995, -1, -1, -1, -1
663, 1, 136.37502712633773, 73.3909527195375, 59.02913755741622, 26.22195223699137, -1, -1, -1, -1
664, 1, 135.8616847910863, 73.41294880912102, 59.057752824212926, 26.22167297302279, -1, -1, -1, -1
665, 1, 135.34834245583485, 73.43494489870454, 59.08636809100963, 26.22139370905421, -1, -1, -1, -1
666, 1, 134.83500012058343, 73.45694098828807, 59.114983357806324, 26.22111444508564, -1, -1, -1, -1
667, 1, 134.321657785332, 73.47893707787159, 59.143598624603015, 26.220835181117067, -1, -1, -1, -1
668, 1, 133.80831545008058, 73.50093316745512, 59.17221389139971, 26.220555917148495, -1, -1, -1, -1
669, 1, 133.29497311482916, 73.52292925703863, 59.2008291581964, 26.220276653179923, -1, -1, -1, -1
670, 1, 132.7816307795777, 73.54492534662214, 59.229444424993105, 26.21999738921135, -1, -1, -1, -1
671, 1, 132.2682884443263, 73.56692143620566, 59.25805969178981, 26.21971812524278, -1, -1, -1, -1
672, 1, 131.75494610907487, 73.58891752578918, 59.28667495858652, 26.219438861274206, -1, -1, -1, -1
673, 1, 131.24160377382344, 73.61091361537271, 59.31529022538322, 26.219159597305634, -1, -1, -1, -1
674, 1, 130.72826143857202, 73.63290970495623, 59.343905492179914, 26.21888033333706, -1, -1, -1, -1
675, 1, 130.2149191033206, 73.65490579453976, 59.372520758976606, 26.21860106936849, -1, -1, -1, -1
676, 1, 129.70157676806917, 73.67690188412328, 59.4011360257733, 26.218321805399917, -1, -1, -1, -1
677, 1, 129.18823443281775, 73.69889797370679, 59.42975129256999, 26.218042541431345, -1, -1, -1, -1
678, 1, 128.67489209756633, 73.72089406329032, 59.458366559366695, 26.217763277462765, -1, -1, -1, -1
679, 1, 128.1615497623149, 73.74289015287384, 59.4869818261634, 26.217484013494186, -1, -1, -1, -1
680, 1, 127.64820742706347, 73.76488624245737, 59.51559709296011, 26.217204749525607, -1, -1, -1, -1
681, 1, 127.13486509181203, 73.78688233204089, 59.54421235975681, 26.216925485557027, -1, -1, -1, -1
682, 1, 126.62152275656061, 73.8088784216244, 59.572827626553504, 26.216646221588455, -1, -1, -1, -1
683, 1, 126.10818042130919, 73.83087451120792, 59.6014428933502, 26.216366957619883, -1, -1, -1, -1
684, 1, 125.59483808605776, 73.85287060079145, 59.6300581601469, 26.21608769365131, -1, -1, -1, -1
685, 1, 125.08149575080633, 73.87486669037497, 59.658673426943594, 26.21580842968274, -1, -1, -1, -1
686, 1, 124.56815341555489, 73.8968627799585, 59.6872886937403, 26.215529165714166, -1, -1, -1, -1
687, 1, 124.05481108030347, 73.91885886954202, 59.715903960537, 26.215249901745594, -1, -1, -1, -1
688, 1, 123.54146874505204, 73.94085495912555, 59.7445192273337, 26.21497063777702, -1, -1, -1, -1
689, 1, 123.02812640980062, 73.96285104870906, 59.7731344941304, 26.21469137380845, -1, -1, -1, -1
690, 1, 122.5147840745492, 73.98484713829257, 59.8017497609271, 26.214412109839877, -1, -1, -1, -1
691, 1, 122.00144173929776, 74.00684322787609, 59.8303650277238, 26.214132845871305, -1, -1, -1, -1
692, 1, 121.48809940404632, 74.02883931745961, 59.8589802945205, 26.213853581902733, -1, -1, -1, -1
693, 1, 120.9747570687949, 74.05083540704314, 59.8875955613172, 26.21357431793416, -1, -1, -1, -1
694, 1, 120.46141473354348, 74.07283149662666, 59.9162108281139, 26.21329505396558, -1, -1, -1, -1
695, 1, 119.94807239829206, 74.09482758621019, 59.944826094910596, 26.213015789997, -1, -1, -1, -1
696, 1, 119.43473006304063, 74.11682367579371, 59.973441361707295, 26.212736526028422, -1, -1, -1, -1
697, 1, 118.92138772778921, 74.13881976537724, 60.00205662850399, 26.212457262059843, -1, -1, -1, -1
698, 1, 118.40804539253779, 74.16081585496076, 60.03067189530069, 26.21217799809127, -1, -1, -1, -1
699, 1, 117.89470305728635, 74.18281194454428, 60.05928716209739, 26.2118987341227, -1, -1, -1, -1
700, 1, 117.38136072203491, 74.20480803412781, 60.08790242889409, 26.211619470154126, -1, -1, -1, -1
701, 1, 116.86801838678349, 74.22680412371132, 60.11651769569079, 26.211340206185554, -1, -1, -1, -1
702, 1, 116.35472444444035, 74.24420103092783, 60.102105452466915, 26.22293814432988, -1, -1, -1, -1
703, 1, 115.84143050209721, 74.26159793814432, 60.08769320924304, 26.234536082474207, -1, -1, -1, -1
704, 1, 115.32813655975407, 74.27899484536081, 60.07328096601917, 26.246134020618534, -1, -1, -1, -1
705, 1, 114.81484261741093, 74.2963917525773, 60.058868722795296, 26.25773195876286, -1, -1, -1, -1
706, 1, 114.30154867506779, 74.3137886597938, 60.04445647957142, 26.269329896907195, -1, -1, -1, -1
707, 1, 113.78825473272465, 74.3311855670103, 60.03004423634755, 26.28092783505153, -1, -1, -1, -1
708, 1, 113.27496079038151, 74.34858247422679, 60.01563199312368, 26.292525773195862, -1, -1, -1, -1
709, 1, 112.76166684803837, 74.36597938144328, 60.0012197498998, 26.304123711340196, -1, -1, -1, -1
710, 1, 112.24837290569523, 74.38337628865978, 59.98680750667593, 26.31572164948453, -1, -1, -1, -1
711, 1, 111.7350789633521, 74.40077319587627, 59.97239526345205, 26.327319587628864, -1, -1, -1, -1
712, 1, 111.22178502100897, 74.41817010309276, 59.95798302022817, 26.338917525773198, -1, -1, -1, -1
713, 1, 110.70849107866583, 74.43556701030926, 59.9435707770043, 26.35051546391753, -1, -1, -1, -1
714, 1, 110.19519713632269, 74.45296391752575, 59.929158533780424, 26.36211340206186, -1, -1, -1, -1
715, 1, 109.68190319397955, 74.47036082474224, 59.91474629055655, 26.373711340206185, -1, -1, -1, -1
716, 1, 109.16860925163641, 74.48775773195874, 59.90033404733268, 26.385309278350512, -1, -1, -1, -1
717, 1, 108.65531530929327, 74.50515463917525, 59.885921804108804, 26.39690721649484, -1, -1, -1, -1
718, 1, 108.14202136695013, 74.52255154639175, 59.87150956088493, 26.408505154639165, -1, -1, -1, -1
719, 1, 107.62872742460699, 74.53994845360825, 59.85709731766106, 26.420103092783492, -1, -1, -1, -1
720, 1, 107.11543348226385, 74.55734536082474, 59.842685074437185, 26.43170103092782, -1, -1, -1, -1
721, 1, 106.60213953992071, 74.57474226804123, 59.82827283121331, 26.443298969072146, -1, -1, -1, -1
722, 1, 106.08884559757757, 74.59213917525773, 59.813860587989446, 26.45489690721648, -1, -1, -1, -1
723, 1, 105.57555165523443, 74.60953608247422, 59.79944834476558, 26.466494845360813, -1, -1, -1, -1
724, 1, 105.0622577128913, 74.62693298969072, 59.78503610154171, 26.478092783505147, -1, -1, -1, -1
725, 1, 104.54896377054816, 74.64432989690721, 59.77062385831785, 26.48969072164948, -1, -1, -1, -1
726, 1, 104.03566982820502, 74.6617268041237, 59.756211615093974, 26.501288659793815, -1, -1, -1, -1
727, 1, 103.52237588586188, 74.6791237113402, 59.7417993718701, 26.51288659793815, -1, -1, -1, -1
728, 1, 103.00908194351874, 74.69652061855669, 59.72738712864623, 26.524484536082483, -1, -1, -1, -1
729, 1, 102.4957880011756, 74.71391752577318, 59.712974885422355, 26.536082474226816, -1, -1, -1, -1
730, 1, 101.98249405883246, 74.73131443298968, 59.69856264219848, 26.547680412371143, -1, -1, -1, -1
731, 1, 101.46920011648933, 74.74871134020617, 59.6841503989746, 26.55927835051547, -1, -1, -1, -1
732, 1, 100.9559061741462, 74.76610824742266, 59.66973815575072, 26.570876288659797, -1, -1, -1, -1
733, 1, 100.44261223180305, 74.78350515463917, 59.65532591252685, 26.582474226804123, -1, -1, -1, -1
734, 1, 99.92931828945991, 74.80090206185568, 59.640913669302975, 26.59407216494845, -1, -1, -1, -1
735, 1, 99.41602434711677, 74.81829896907217, 59.6265014260791, 26.605670103092777, -1, -1, -1, -1
736, 1, 98.90273040477364, 74.83569587628867, 59.61208918285523, 26.617268041237104, -1, -1, -1, -1
737, 1, 98.3894364624305, 74.85309278350516, 59.597676939631356, 26.62886597938143, -1, -1, -1, -1
738, 1, 97.87614252008736, 74.87048969072166, 59.58326469640748, 26.640463917525764, -1, -1, -1, -1
739, 1, 97.36284857774422, 74.88788659793815, 59.56885245318361, 26.652061855670098, -1, -1, -1, -1
740, 1, 96.84955463540108, 74.90528350515464, 59.554440209959736, 26.663659793814432, -1, -1, -1, -1
741, 1, 96.33626069305794, 74.92268041237114, 59.54002796673587, 26.675257731958766, -1, -1, -1, -1
742, 1, 95.7062409586002, 74.9548969072165, 59.53216110325546, 26.649484536082475, -1, -1, -1, -1
743, 1, 95.07622122414246, 74.98711340206185, 59.52429423977506, 26.623711340206185, -1, -1, -1, -1
744, 1, 94.44620148968471, 75.01932989690721, 59.51642737629466, 26.597938144329895, -1, -1, -1, -1
745, 1, 93.81618175522698, 75.05154639175258, 59.508560512814256, 26.572164948453604, -1, -1, -1, -1
746, 1, 93.18616202076925, 75.08376288659795, 59.50069364933384, 26.546391752577318, -1, -1, -1, -1
747, 1, 92.55614228631151, 75.11597938144331, 59.49282678585343, 26.52061855670103, -1, -1, -1, -1
748, 1, 91.92612255185378, 75.14819587628867, 59.48495992237302, 26.494845360824744, -1, -1, -1, -1
749, 1, 91.29610281739603, 75.18041237113403, 59.477093058892606, 26.469072164948457, -1, -1, -1, -1
750, 1, 90.66608308293829, 75.21262886597938, 59.469226195412205, 26.443298969072167, -1, -1, -1, -1
751, 1, 90.03606334848055, 75.24484536082474, 59.4613593319318, 26.417525773195877, -1, -1, -1, -1
752, 1, 89.40604361402282, 75.2770618556701, 59.4534924684514, 26.391752577319586, -1, -1, -1, -1
753, 1, 88.77602387956507, 75.30927835051547, 59.445625604971, 26.365979381443296, -1, -1, -1, -1
754, 1, 88.14600414510733, 75.34149484536084, 59.4377587414906, 26.340206185567006, -1, -1, -1, -1
755, 1, 87.5159844106496, 75.3737113402062, 59.429891878010196, 26.314432989690715, -1, -1, -1, -1
756, 1, 86.88596467619186, 75.40592783505156, 59.422025014529794, 26.288659793814425, -1, -1, -1, -1
757, 1, 86.25594494173411, 75.43814432989691, 59.41415815104939, 26.262886597938135, -1, -1, -1, -1
758, 1, 85.62592520727637, 75.47036082474227, 59.406291287568976, 26.23711340206185, -1, -1, -1, -1
759, 1, 84.99590547281863, 75.50257731958763, 59.39842442408857, 26.211340206185568, -1, -1, -1, -1
760, 1, 84.3658857383609, 75.53479381443299, 59.39055756060816, 26.185567010309285, -1, -1, -1, -1
761, 1, 83.73586600390317, 75.56701030927834, 59.38269069712774, 26.159793814433, -1, -1, -1, -1
762, 1, 83.10584626944544, 75.5992268041237, 59.37482383364734, 26.13402061855671, -1, -1, -1, -1
763, 1, 82.47582653498769, 75.63144329896906, 59.36695697016694, 26.10824742268042, -1, -1, -1, -1
764, 1, 81.84580680052994, 75.66365979381442, 59.35909010668654, 26.08247422680413, -1, -1, -1, -1
765, 1, 81.21578706607221, 75.69587628865979, 59.351223243206135, 26.05670103092784, -1, -1, -1, -1
766, 1, 80.58576733161448, 75.72809278350516, 59.34335637972573, 26.03092783505155, -1, -1, -1, -1
767, 1, 79.95574759715673, 75.76030927835052, 59.33548951624533, 26.00515463917526, -1, -1, -1, -1
768, 1, 79.32572786269898, 75.79252577319588, 59.32762265276493, 25.97938144329897, -1, -1, -1, -1
769, 1, 78.69570812824125, 75.82474226804123, 59.31975578928453, 25.95360824742268, -1, -1, -1, -1
770, 1, 78.06568839378352, 75.85695876288659, 59.31188892580411, 25.927835051546392, -1, -1, -1, -1
771, 1, 77.43566865932578, 75.88917525773195, 59.3040220623237, 25.902061855670105, -1, -1, -1, -1
772, 1, 76.80564892486805, 75.9213917525773, 59.296155198843294, 25.87628865979382, -1, -1, -1, -1
773, 1, 76.1756291904103, 75.95360824742268, 59.28828833536288, 25.85051546391753, -1, -1, -1, -1
774, 1, 75.54560945595256, 75.98582474226805, 59.28042147188248, 25.82474226804124, -1, -1, -1, -1
775, 1, 74.91558972149483, 76.01804123711341, 59.272554608402075, 25.79896907216495, -1, -1, -1, -1
776, 1, 74.28556998703709, 76.05025773195877, 59.26468774492167, 25.77319587628866, -1, -1, -1, -1
777, 1, 73.65555025257935, 76.08247422680412, 59.256820881441264, 25.747422680412374, -1, -1, -1, -1
778, 1, 72.92605216088438, 76.10923869944563, 59.26420638439248, 25.76080491673269, -1, -1, -1, -1
779, 1, 72.1965540691894, 76.13600317208711, 59.27159188734369, 25.774187153053, -1, -1, -1, -1
780, 1, 71.46705597749443, 76.1627676447286, 59.2789773902949, 25.787569389373314, -1, -1, -1, -1
781, 1, 70.73755788579946, 76.1895321173701, 59.28636289324611, 25.800951625693628, -1, -1, -1, -1
782, 1, 70.0080597941045, 76.2162965900116, 59.293748396197316, 25.81433386201395, -1, -1, -1, -1
783, 1, 69.27856170240952, 76.24306106265308, 59.301133899148525, 25.82771609833427, -1, -1, -1, -1
784, 1, 68.54906361071454, 76.26982553529459, 59.30851940209973, 25.841098334654593, -1, -1, -1, -1
785, 1, 67.81956551901956, 76.29659000793608, 59.31590490505094, 25.854480570974914, -1, -1, -1, -1
786, 1, 67.09006742732458, 76.32335448057756, 59.32329040800215, 25.867862807295232, -1, -1, -1, -1
787, 1, 66.36056933562962, 76.35011895321907, 59.33067591095336, 25.88124504361555, -1, -1, -1, -1
788, 1, 65.63107124393466, 76.37688342586056, 59.33806141390457, 25.894627279935868, -1, -1, -1, -1
789, 1, 64.90157315223968, 76.40364789850204, 59.34544691685578, 25.908009516256186, -1, -1, -1, -1
790, 1, 64.1720750605447, 76.43041237114355, 59.35283241980699, 25.9213917525765, -1, -1, -1, -1
791, 1, 63.442576968849735, 76.45717684378504, 59.360217922758196, 25.934773988896815, -1, -1, -1, -1
792, 1, 62.713078877154764, 76.48394131642652, 59.367603425709405, 25.94815622521713, -1, -1, -1, -1
793, 1, 61.98358078545979, 76.51070578906803, 59.37498892866061, 25.961538461537444, -1, -1, -1, -1
794, 1, 61.25408269376482, 76.53747026170953, 59.38237443161182, 25.974920697857762, -1, -1, -1, -1
795, 1, 60.52458460206985, 76.56423473435102, 59.389759934563024, 25.98830293417808, -1, -1, -1, -1
796, 1, 59.79508651037488, 76.5909992069925, 59.397145437514226, 26.001685170498398, -1, -1, -1, -1
797, 1, 59.06558841867991, 76.61776367963401, 59.404530940465435, 26.015067406818716, -1, -1, -1, -1
798, 1, 58.33609032698494, 76.6445281522755, 59.411916443416644, 26.028449643139034, -1, -1, -1, -1
799, 1, 57.606592235289966, 76.67129262491699, 59.41930194636786, 26.041831879459348, -1, -1, -1, -1
800, 1, 56.87709414359499, 76.69805709755849, 59.426687449319076, 26.055214115779663, -1, -1, -1, -1
801, 1, 56.14759605190002, 76.72482157019998, 59.434072952270284, 26.06859635209998, -1, -1, -1, -1
802, 1, 55.41809796020844, 76.7515860428401, 59.399056355668584, 26.081978588420412, -1, -1, -1, -1
803, 1, 54.688599868516874, 76.77835051548024, 59.364039759066884, 26.095360824740848, -1, -1, -1, -1
804, 1, 53.95910177682531, 76.80511498812038, 59.329023162465184, 26.108743061061283, -1, -1, -1, -1
805, 1, 53.22960368513374, 76.83187946076052, 59.294006565863484, 26.122125297381714, -1, -1, -1, -1
806, 1, 52.50010559344217, 76.85864393340066, 59.258989969261776, 26.135507533702153, -1, -1, -1, -1
807, 1, 51.770607501750604, 76.88540840604078, 59.223973372660076, 26.148889770022592, -1, -1, -1, -1
808, 1, 51.041109410059036, 76.9121728786809, 59.188956776058376, 26.16227200634303, -1, -1, -1, -1
809, 1, 50.31161131836747, 76.93893735132104, 59.15394017945667, 26.17565424266347, -1, -1, -1, -1
810, 1, 49.5821132266759, 76.96570182396118, 59.11892358285497, 26.1890364789839, -1, -1, -1, -1
811, 1, 48.85261513498433, 76.99246629660132, 59.08390698625327, 26.202418715304333, -1, -1, -1, -1
812, 1, 48.123117043292766, 77.01923076924146, 59.048890389651575, 26.215800951624765, -1, -1, -1, -1
813, 1, 47.39361895160119, 77.04599524188158, 59.013873793049875, 26.229183187945196, -1, -1, -1, -1
814, 1, 46.664120859909616, 77.07275971452171, 58.978857196448175, 26.242565424265635, -1, -1, -1, -1
815, 1, 45.93462276821805, 77.09952418716185, 58.94384059984648, 26.255947660586074, -1, -1, -1, -1
816, 1, 45.20512467652648, 77.12628865980199, 58.90882400324478, 26.269329896906513, -1, -1, -1, -1
817, 1, 44.47562658483491, 77.15305313244211, 58.87380740664308, 26.28271213322695, -1, -1, -1, -1
818, 1, 43.746128493143345, 77.17981760508223, 58.83879081004138, 26.296094369547383, -1, -1, -1, -1
819, 1, 43.01663040145178, 77.20658207772237, 58.80377421343968, 26.309476605867815, -1, -1, -1, -1
820, 1, 42.28713230976021, 77.23334655036251, 58.76875761683798, 26.322858842188246, -1, -1, -1, -1
821, 1, 41.55763421806864, 77.26011102300265, 58.73374102023628, 26.336241078508678, -1, -1, -1, -1
822, 1, 40.828136126377075, 77.28687549564279, 58.69872442363458, 26.349623314829117, -1, -1, -1, -1
823, 1, 40.09863803468551, 77.31363996828291, 58.66370782703288, 26.363005551149556, -1, -1, -1, -1
824, 1, 39.36913994299394, 77.34040444092304, 58.62869123043117, 26.376387787469994, -1, -1, -1, -1
825, 1, 38.639641851302365, 77.36716891356318, 58.59367463382947, 26.389770023790433, -1, -1, -1, -1
826, 1, 37.91014375961079, 77.39393338620332, 58.55865803722777, 26.403152260110865, -1, -1, -1, -1
827, 1, 37.18064566791922, 77.42069785884345, 58.52364144062608, 26.4165344964313, -1, -1, -1, -1
828, 1, 36.451147576227655, 77.44746233148359, 58.488624844024386, 26.429916732751735, -1, -1, -1, -1
829, 1, 35.72164948453609, 77.47422680412372, 58.453608247422686, 26.443298969072167, -1, -1, -1, -1
830, 1, 34.928244725569286, 77.5116677850624, 58.43588528934154, 26.481244586073693, -1, -1, -1, -1
831, 1, 34.13483996660248, 77.54910876600107, 58.418162331260405, 26.519190203075222, -1, -1, -1, -1
832, 1, 33.34143520763567, 77.58654974693974, 58.40043937317927, 26.557135820076752, -1, -1, -1, -1
833, 1, 32.54803044866887, 77.62399072787842, 58.38271641509813, 26.595081437078278, -1, -1, -1, -1
834, 1, 31.754625689702063, 77.6614317088171, 58.36499345701699, 26.6330270540798, -1, -1, -1, -1
835, 1, 30.96122093073526, 77.69887268975577, 58.347270498935856, 26.670972671081323, -1, -1, -1, -1
836, 1, 30.16781617176845, 77.73631367069446, 58.32954754085472, 26.708918288082845, -1, -1, -1, -1
837, 1, 29.374411412801646, 77.77375465163314, 58.31182458277358, 26.746863905084368, -1, -1, -1, -1
838, 1, 28.58100665383484, 77.81119563257181, 58.294101624692445, 26.784809522085897, -1, -1, -1, -1
839, 1, 27.787601894868036, 77.8486366135105, 58.276378666611315, 26.822755139087427, -1, -1, -1, -1
840, 1, 26.99419713590123, 77.88607759444918, 58.258655708530185, 26.860700756088956, -1, -1, -1, -1
841, 1, 26.200792376934427, 77.92351857538785, 58.24093275044905, 26.898646373090486, -1, -1, -1, -1
842, 1, 25.407387617967622, 77.96095955632653, 58.22320979236791, 26.93659199009201, -1, -1, -1, -1
843, 1, 24.613982859000814, 77.99840053726521, 58.20548683428677, 26.97453760709353, -1, -1, -1, -1
844, 1, 23.82057810003401, 78.03584151820388, 58.187763876205636, 27.012483224095053, -1, -1, -1, -1
845, 1, 23.027173341067204, 78.07328249914256, 58.170040918124506, 27.050428841096576, -1, -1, -1, -1
846, 1, 22.2337685821004, 78.11072348008125, 58.152317960043376, 27.088374458098105, -1, -1, -1, -1
847, 1, 21.440363823133595, 78.14816446101992, 58.13459500196224, 27.126320075099635, -1, -1, -1, -1
848, 1, 20.64695906416679, 78.18560544195859, 58.1168720438811, 27.164265692101168, -1, -1, -1, -1
849, 1, 19.853554305199985, 78.22304642289727, 58.099149085799965, 27.202211309102697, -1, -1, -1, -1
850, 1, 19.06014954623469, 78.30158482340188, 58.0814261277166, 27.199059506534155, -1, -1, -1, -1
851, 1, 18.266744787269396, 78.3801232239065, 58.06370316963323, 27.195907703965617, -1, -1, -1, -1
852, 1, 17.4733400283041, 78.4586616244111, 58.04598021154986, 27.192755901397078, -1, -1, -1, -1
853, 1, 16.679935269338806, 78.53720002491572, 58.0282572534665, 27.18960409882854, -1, -1, -1, -1
854, 1, 15.886530510373511, 78.61573842542033, 58.01053429538314, 27.18645229626, -1, -1, -1, -1
855, 1, 15.093125751408214, 78.69427682592494, 57.99281133729977, 27.183300493691462, -1, -1, -1, -1
856, 1, 14.299720992442918, 78.77281522642956, 57.9750883792164, 27.180148691122923, -1, -1, -1, -1
857, 1, 13.506316233477623, 78.85135362693417, 57.957365421133034, 27.176996888554385, -1, -1, -1, -1
858, 1, 12.712911474512328, 78.92989202743878, 57.939642463049665, 27.17384508598585, -1, -1, -1, -1
859, 1, 11.919506715547033, 79.0084304279434, 57.921919504966304, 27.170693283417314, -1, -1, -1, -1
860, 1, 11.126101956581739, 79.08696882844801, 57.90419654688294, 27.16754148084878, -1, -1, -1, -1
861, 1, 10.332697197616444, 79.16550722895262, 57.886473588799575, 27.164389678280244, -1, -1, -1, -1
862, 1, 9.539292438651149, 79.24404562945723, 57.86875063071621, 27.161237875711706, -1, -1, -1, -1
863, 1, 8.745887679685854, 79.32258402996185, 57.851027672632846, 27.158086073143167, -1, -1, -1, -1
864, 1, 7.952482920720558, 79.40112243046646, 57.833304714549485, 27.15493427057463, -1, -1, -1, -1
865, 1, 7.159078161755263, 79.47966083097107, 57.815581756466116, 27.15178246800609, -1, -1, -1, -1
866, 1, 6.365673402789968, 79.55819923147568, 57.79785879838275, 27.14863066543755, -1, -1, -1, -1
867, 1, 5.572268643824672, 79.6367376319803, 57.78013584029938, 27.14547886286901, -1, -1, -1, -1
868, 1, 4.778863884859376, 79.71527603248491, 57.76241288221601, 27.142327060300467, -1, -1, -1, -1
869, 1, 3.985459125894081, 79.79381443298952, 57.74468992413265, 27.139175257731928, -1, -1, -1, -1
870, 1, 3.487276735157321, 79.82280927835038, 57.34039234340989, 27.197164948453583, -1, -1, -1, -1
871, 1, 2.9890943444205607, 79.85180412371122, 56.93609476268712, 27.25515463917524, -1, -1, -1, -1
872, 1, 2.4909119536838005, 79.88079896907206, 56.53179718196435, 27.3131443298969, -1, -1, -1, -1
873, 1, 1.9927295629470405, 79.9097938144329, 56.12749960124159, 27.371134020618555, -1, -1, -1, -1
874, 1, 1.4945471722102803, 79.93878865979374, 55.723202020518826, 27.429123711340203, -1, -1, -1, -1
875, 1, 0.9963647814735203, 79.9677835051546, 55.31890443979606, 27.487113402061855, -1, -1, -1, -1
876, 1, 0.49818239073676013, 79.99677835051546, 54.91460685907329, 27.545103092783506, -1, -1, -1, -1
877, 1, 0.0, 80.0257731958763, 54.51030927835052, 27.603092783505154, -1, -1, -1, -1
878, 1, 0.0, 80.11539362699158, 53.68791002811622, 27.545103092783506, -1, -1, -1, -1
879, 1, 0.0, 80.20501405810685, 52.865510777881916, 27.487113402061862, -1, -1, -1, -1
880, 1, 0.0, 80.29463448922212, 52.04311152764761, 27.429123711340218, -1, -1, -1, -1
881, 1, 0.0, 80.3842549203374, 51.22071227741331, 27.37113402061857, -1, -1, -1, -1
882, 1, 0.0, 80.47387535145268, 50.398313027179015, 27.313144329896918, -1, -1, -1, -1
883, 1, 0.0, 80.56349578256795, 49.57591377694471, 27.255154639175267, -1, -1, -1, -1
884, 1, 0.0, 80.65311621368323, 48.753514526710404, 27.197164948453615, -1, -1, -1, -1
885, 1, 0.0, 80.74273664479851, 47.931115276476106, 27.139175257731964, -1, -1, -1, -1
886, 1, 0.0, 80.83235707591379, 47.10871602624181, 27.081185567010316, -1, -1, -1, -1
887, 1, 0.0, 80.92197750702906, 46.2863167760075, 27.023195876288668, -1, -1, -1, -1
888, 1, 0.0, 81.01159793814433, 45.4639175257732, 26.96520618556702, -1, -1, -1, -1
889, 1, 0.0, 81.10121836925961, 44.6415182755389, 26.907216494845372, -1, -1, -1, -1
890, 1, 0.0, 81.19083880037489, 43.819119025304595, 26.849226804123724, -1, -1, -1, -1
891, 1, 0.0, 81.28045923149017, 42.99671977507029, 26.791237113402076, -1, -1, -1, -1
892, 1, 0.0, 81.37007966260543, 42.17432052483599, 26.733247422680428, -1, -1, -1, -1
893, 1, 0.0, 81.45970009372071, 41.351921274601686, 26.67525773195878, -1, -1, -1, -1
894, 1, 0.0, 81.54932052483599, 40.52952202436738, 26.61726804123713, -1, -1, -1, -1
895, 1, 0.0, 81.63894095595127, 39.70712277413308, 26.559278350515477, -1, -1, -1, -1
896, 1, 0.0, 81.72856138706655, 38.884723523898785, 26.501288659793826, -1, -1, -1, -1
897, 1, 0.0, 81.81818181818183, 38.06232427366448, 26.443298969072174, -1, -1, -1, -1
898, 1, 0.0, 81.9078022492971, 37.239925023430175, 26.385309278350523, -1, -1, -1, -1
899, 1, 0.0, 81.99742268041237, 36.41752577319588, 26.32731958762887, -1, -1, -1, -1
900, 1, 0.0, 82.08704311152765, 35.59512652296158, 26.26932989690722, -1, -1, -1, -1
901, 1, 0.0, 82.17666354264293, 34.77272727272727, 26.211340206185568, -1, -1, -1, -1
902, 1, 0.0, 82.2662839737582, 33.95032802249297, 26.153350515463917, -1, -1, -1, -1
903, 1, 0.0, 82.35590440487348, 33.12792877225867, 26.095360824742265, -1, -1, -1, -1
904, 1, 0.0, 82.44552483598876, 32.305529522024365, 26.037371134020614, -1, -1, -1, -1
905, 1, 0.0, 82.53514526710404, 31.483130271790063, 25.979381443298962, -1, -1, -1, -1
906, 1, 0.0, 82.62476569821932, 30.660731021555762, 25.921391752577314, -1, -1, -1, -1
907, 1, 0.0, 82.7143861293346, 29.83833177132146, 25.863402061855666, -1, -1, -1, -1
908, 1, 0.0, 82.80400656044986, 29.01593252108716, 25.805412371134018, -1, -1, -1, -1
909, 1, 0.0, 82.89362699156514, 28.193533270852857, 25.74742268041237, -1, -1, -1, -1
910, 1, 0.0, 82.98324742268042, 27.371134020618555, 25.689432989690722, -1, -1, -1, -1
911, 1, 0.0, 83.07286785379569, 26.548734770384254, 25.631443298969074, -1, -1, -1, -1
912, 1, 0.0, 83.16248828491096, 25.726335520149952, 25.573453608247426, -1, -1, -1, -1
913, 1, 0.0, 83.25210871602624, 24.90393626991565, 25.51546391752578, -1, -1, -1, -1
914, 1, 0.0, 83.34172914714152, 24.08153701968135, 25.457474226804127, -1, -1, -1, -1
915, 1, 0.0, 83.4313495782568, 23.259137769447044, 25.399484536082475, -1, -1, -1, -1
916, 1, 0.0, 83.52097000937208, 22.436738519212742, 25.341494845360824, -1, -1, -1, -1
917, 1, 0.0, 83.61059044048736, 21.61433926897844, 25.283505154639172, -1, -1, -1, -1
918, 1, 0.0, 83.70021087160264, 20.79194001874414, 25.225515463917525, -1, -1, -1, -1
919, 1, 0.0, 83.78983130271791, 19.969540768509837, 25.167525773195877, -1, -1, -1, -1
920, 1, 0.0, 83.87945173383318, 19.14714151827554, 25.10953608247423, -1, -1, -1, -1
921, 1, 0.0, 83.96907216494846, 18.324742268041238, 25.051546391752577, -1, -1, -1, -1
922, 1, 0.0, 84.18170103092784, 17.55154639175258, 24.87757731958763, -1, -1, -1, -1
923, 1, 0.0, 84.39432989690722, 16.77835051546392, 24.70360824742268, -1, -1, -1, -1
924, 1, 0.0, 84.6069587628866, 16.00515463917526, 24.529639175257728, -1, -1, -1, -1
925, 1, 0.0, 84.81958762886599, 15.231958762886599, 24.355670103092777, -1, -1, -1, -1
926, 1, 0.0, 85.03221649484536, 14.458762886597938, 24.181701030927833, -1, -1, -1, -1
927, 1, 0.0, 85.24484536082474, 13.68556701030928, 24.00773195876289, -1, -1, -1, -1
928, 1, 0.0, 85.45747422680412, 12.91237113402062, 23.833762886597945, -1, -1, -1, -1
929, 1, 0.0, 85.6701030927835, 12.13917525773196, 23.659793814433, -1, -1, -1, -1
930, 1, 0.0, 85.88273195876289, 11.3659793814433, 23.48582474226805, -1, -1, -1, -1
931, 1, 0.0, 86.09536082474227, 10.592783505154639, 23.3118556701031, -1, -1, -1, -1
932, 1, 0.0, 86.30798969072166, 9.819587628865978, 23.13788659793815, -1, -1, -1, -1
933, 1, 0.0, 86.52061855670104, 9.04639175257732, 22.963917525773198, -1, -1, -1, -1
934, 1, 0.0, 87.15850515463919, 8.292525773195877, 21.688144329896907, -1, -1, -1, -1
935, 1, 0.0, 87.79639175257734, 7.538659793814433, 20.41237113402062, -1, -1, -1, -1
936, 1, 0.0, 88.43427835051548, 6.784793814432989, 19.136597938144334, -1, -1, -1, -1
937, 1, 0.0, 89.07216494845362, 6.030927835051546, 17.860824742268044, -1, -1, -1, -1
938, 1, 0.0, 89.07216494845362, 6.030927835051546, 17.860824742268044, -1, -1, -1, -1
939, 1, 0.0, 89.07216494845362, 6.030927835051546, 17.860824742268044, -1, -1, -1, -1
940, 1, 0.0, 89.07216494845362, 6.030927835051546, 17.860824742268044, -1, -1, -1, -1
