29, 0, 237.58659217877096, 70.79329608938548, 2.41340782122905, 27.083798882681567, -1, -1, -1, -1
30, 0, 236.8639334605712, 70.60558659218911, 3.1360665394288096, 27.231284916211173, -1, -1, -1, -1
31, 0, 236.14127474237142, 70.41787709499275, 3.858725257628569, 27.378770949740783, -1, -1, -1, -1
32, 0, 235.41861602417165, 70.23016759779637, 4.581383975828328, 27.526256983270393, -1, -1, -1, -1
33, 0, 234.6959573059719, 70.0424581006, 5.304042694028087, 27.6737430168, -1, -1, -1, -1
34, 0, 233.86933085811543, 69.85474860338749, 6.130669141884549, 27.821229050312496, -1, -1, -1, -1
35, 0, 233.04270441025898, 69.667039106175, 6.95729558974101, 27.968715083824996, -1, -1, -1, -1
36, 0, 232.2160779624025, 69.4793296089625, 7.783922037597471, 28.116201117337493, -1, -1, -1, -1
37, 0, 231.38945151454604, 69.29162011175, 8.610548485453933, 28.26368715084999, -1, -1, -1, -1
38, 0, 230.56282506668958, 69.10391061453751, 9.437174933310395, 28.41117318436249, -1, -1, -1, -1
39, 0, 229.7361986188331, 68.91620111732502, 10.263801381166855, 28.55865921787499, -1, -1, -1, -1
40, 0, 228.90957217097665, 68.72849162011252, 11.090427829023316, 28.70614525138749, -1, -1, -1, -1
41, 0, 228.0829457231202, 68.54078212290001, 11.917054276879778, 28.85363128489999, -1, -1, -1, -1
42, 0, 227.36028700493688, 68.35307262569393, 12.639712995063103, 29.001117318421567, -1, -1, -1, -1
43, 0, 226.63762828675357, 68.16536312848785, 13.36237171324643, 29.148603351943144, -1, -1, -1, -1
44, 0, 225.91496956857026, 67.97765363128178, 14.085030431429757, 29.29608938546472, -1, -1, -1, -1
45, 0, 225.19231085038692, 67.78994413407571, 14.807689149613083, 29.4435754189863, -1, -1, -1, -1
46, 0, 224.46965213220358, 67.60223463686964, 15.530347867796404, 29.59106145250788, -1, -1, -1, -1
47, 0, 223.74699341402027, 67.41452513966355, 16.253006585979726, 29.73854748602946, -1, -1, -1, -1
48, 0, 223.02433469583696, 67.22681564245747, 16.975665304163048, 29.88603351955104, -1, -1, -1, -1
49, 0, 222.30167597765364, 67.0391061452514, 17.69832402234637, 30.033519553072626, -1, -1, -1, -1
50, 0, 221.55434412151945, 66.95607814948251, 18.44565587848056, 30.171371898813533, -1, -1, -1, -1
51, 0, 220.80701226538525, 66.87305015371362, 19.192987734614753, 30.309224244554443, -1, -1, -1, -1
52, 0, 220.05968040925106, 66.79002215794472, 19.940319590748945, 30.447076590295353, -1, -1, -1, -1
53, 0, 219.31234855311686, 66.70699416217583, 20.687651446883137, 30.584928936036263, -1, -1, -1, -1
54, 0, 218.56501669698267, 66.62396616640694, 21.434983303017333, 30.722781281777173, -1, -1, -1, -1
55, 0, 217.81768484084847, 66.54093817063804, 22.182315159151532, 30.860633627518084, -1, -1, -1, -1
56, 0, 217.07035298471425, 66.45791017486916, 22.92964701528573, 30.998485973258994, -1, -1, -1, -1
57, 0, 216.32302112858005, 66.37488217910027, 23.676978871419927, 31.1363383189999, -1, -1, -1, -1
58, 0, 215.5589544458574, 66.35786544025858, 24.441045554142548, 31.208179407816573, -1, -1, -1, -1
59, 0, 214.7948877631348, 66.34084870141689, 25.205112236865165, 31.28002049663325, -1, -1, -1, -1
60, 0, 214.03082108041218, 66.32383196257521, 25.969178919587783, 31.35186158544992, -1, -1, -1, -1
61, 0, 213.26675439768957, 66.30681522373352, 26.733245602310404, 31.423702674266593, -1, -1, -1, -1
62, 0, 212.50268771496695, 66.28979848489183, 27.497312285033026, 31.49554376308327, -1, -1, -1, -1
63, 0, 211.73862103224434, 66.27278174605014, 28.261378967755647, 31.567384851899945, -1, -1, -1, -1
64, 0, 210.97455434952172, 66.25576500720845, 29.025445650478268, 31.63922594071662, -1, -1, -1, -1
65, 0, 210.21048766679908, 66.23874826836676, 29.78951233320089, 31.711067029533297, -1, -1, -1, -1
66, 0, 209.44642098407644, 66.22173152952507, 30.55357901592351, 31.78290811834997, -1, -1, -1, -1
67, 0, 208.68235430135383, 66.2047147906834, 31.31764569864613, 31.85474920716664, -1, -1, -1, -1
68, 0, 207.9182876186312, 66.1876980518417, 32.081712381368746, 31.926590295983313, -1, -1, -1, -1
69, 0, 207.1542209359086, 66.17068131300002, 32.84577906409137, 31.998431384799986, -1, -1, -1, -1
70, 0, 206.45002840912667, 66.15366457416063, 33.549971590873284, 32.07027247360914, -1, -1, -1, -1
71, 0, 205.74583588234475, 66.13664783532124, 34.25416411765521, 32.14211356241829, -1, -1, -1, -1
72, 0, 205.04164335556283, 66.11963109648184, 34.958356644437124, 32.21395465122744, -1, -1, -1, -1
73, 0, 204.33745082878093, 66.10261435764245, 35.66254917121904, 32.28579574003659, -1, -1, -1, -1
74, 0, 203.633258301999, 66.08559761880306, 36.36674169800097, 32.35763682884574, -1, -1, -1, -1
75, 0, 202.92906577521708, 66.06858087996368, 37.0709342247829, 32.42947791765489, -1, -1, -1, -1
76, 0, 202.22487324843516, 66.05156414112429, 37.775126751564834, 32.501319006464044, -1, -1, -1, -1
77, 0, 201.52068072165324, 66.0345474022849, 38.479319278346765, 32.573160095273195, -1, -1, -1, -1
78, 0, 200.81648819487134, 66.01753066344551, 39.18351180512869, 32.645001184082346, -1, -1, -1, -1
79, 0, 200.11229566808942, 66.00051392460611, 39.887704331910605, 32.7168422728915, -1, -1, -1, -1
80, 0, 199.4081031413075, 65.98349718576672, 40.59189685869252, 32.78868336170065, -1, -1, -1, -1
81, 0, 198.70391061452557, 65.96648044692733, 41.296089385474446, 32.8605244505098, -1, -1, -1, -1
82, 0, 198.00660668319043, 65.97413589808514, 41.99339331680959, 32.906698459440335, -1, -1, -1, -1
83, 0, 197.30930275185528, 65.98179134924294, 42.69069724814472, 32.95287246837088, -1, -1, -1, -1
84, 0, 196.61199882052014, 65.98944680040074, 43.38800117947986, 32.99904647730142, -1, -1, -1, -1
85, 0, 195.914694889185, 65.99710225155854, 44.085305110815, 33.045220486231955, -1, -1, -1, -1
86, 0, 195.21739095784986, 66.00475770271635, 44.78260904215015, 33.09139449516249, -1, -1, -1, -1
87, 0, 194.52008702651472, 66.01241315387415, 45.4799129734853, 33.13756850409303, -1, -1, -1, -1
88, 0, 193.82278309517955, 66.02006860503195, 46.17721690482045, 33.183742513023574, -1, -1, -1, -1
89, 0, 193.1254791638444, 66.02772405618974, 46.8745208361556, 33.22991652195411, -1, -1, -1, -1
90, 0, 192.42817523250926, 66.03537950734754, 47.57182476749074, 33.276090530884645, -1, -1, -1, -1
91, 0, 191.73087130117412, 66.04303495850534, 48.26912869882588, 33.32226453981518, -1, -1, -1, -1
92, 0, 191.03356736983898, 66.05069040966315, 48.96643263016102, 33.368438548745715, -1, -1, -1, -1
93, 0, 190.33626343850383, 66.05834586082095, 49.663736561496165, 33.41461255767625, -1, -1, -1, -1
94, 0, 189.6389595071687, 66.06600131197875, 50.36104049283131, 33.460786566606785, -1, -1, -1, -1
95, 0, 188.94165557583355, 66.07365676313655, 51.05834442416645, 33.50696057553733, -1, -1, -1, -1
96, 0, 188.2443516444984, 66.08131221429436, 51.75564835550159, 33.55313458446787, -1, -1, -1, -1
97, 0, 187.54704771316327, 66.08896766545216, 52.452952286836734, 33.599308593398405, -1, -1, -1, -1
98, 0, 186.84974378182812, 66.09662311660995, 53.15025621817188, 33.64548260232895, -1, -1, -1, -1
99, 0, 186.15243985049295, 66.10427856776775, 53.84756014950703, 33.69165661125949, -1, -1, -1, -1
100, 0, 185.4551359191578, 66.11193401892555, 54.54486408084218, 33.73783062019003, -1, -1, -1, -1
101, 0, 184.75783198782267, 66.11958947008335, 55.24216801217733, 33.784004629120574, -1, -1, -1, -1
102, 0, 184.06052805648753, 66.12724492124116, 55.93947194351247, 33.83017863805111, -1, -1, -1, -1
103, 0, 183.36322412515239, 66.13490037239896, 56.636775874847615, 33.876352646981644, -1, -1, -1, -1
104, 0, 182.66592019381724, 66.14255582355676, 57.33407980618276, 33.92252665591218, -1, -1, -1, -1
105, 0, 181.9686162624821, 66.15021127471456, 58.03138373751789, 33.96870066484271, -1, -1, -1, -1
106, 0, 181.30955777460764, 66.18934835719853, 58.69044222539236, 33.96498745756348, -1, -1, -1, -1
107, 0, 180.65049928673318, 66.22848543968249, 59.34950071326682, 33.96127425028426, -1, -1, -1, -1
108, 0, 179.99144079885872, 66.26762252216645, 60.00855920114128, 33.957561043005036, -1, -1, -1, -1
109, 0, 179.33238231098426, 66.3067596046504, 60.66761768901574, 33.95384783572581, -1, -1, -1, -1
110, 0, 178.6733238231098, 66.34589668713434, 61.3266761768902, 33.950134628446584, -1, -1, -1, -1
111, 0, 178.01426533523534, 66.3850337696183, 61.985734664764664, 33.94642142116736, -1, -1, -1, -1
112, 0, 177.35520684736088, 66.42417085210226, 62.644793152639124, 33.94270821388813, -1, -1, -1, -1
113, 0, 176.69614835948641, 66.46330793458623, 63.303851640513585, 33.938995006608906, -1, -1, -1, -1
114, 0, 176.03708987161195, 66.50244501707019, 63.96291012838805, 33.93528179932969, -1, -1, -1, -1
115, 0, 175.3780313837375, 66.54158209955415, 64.62196861626252, 33.93156859205046, -1, -1, -1, -1
116, 0, 174.71897289586303, 66.58071918203811, 65.281027104137, 33.927855384771235, -1, -1, -1, -1
117, 0, 174.05991440798854, 66.61985626452206, 65.94008559201146, 33.924142177492016, -1, -1, -1, -1
118, 0, 173.40085592011408, 66.658993347006, 66.59914407988592, 33.92042897021279, -1, -1, -1, -1
119, 0, 172.74179743223962, 66.69813042948996, 67.25820256776038, 33.91671576293356, -1, -1, -1, -1
120, 0, 172.08273894436516, 66.73726751197393, 67.91726105563484, 33.91300255565434, -1, -1, -1, -1
121, 0, 171.4236804564907, 66.77640459445789, 68.5763195435093, 33.90928934837511, -1, -1, -1, -1
122, 0, 170.76462196861624, 66.81554167694185, 69.23537803138376, 33.905576141095885, -1, -1, -1, -1
123, 0, 170.10556348074178, 66.85467875942581, 69.89443651925822, 33.90186293381666, -1, -1, -1, -1
124, 0, 169.44650499286732, 66.89381584190977, 70.55349500713268, 33.898149726537426, -1, -1, -1, -1
125, 0, 168.78744650499286, 66.93295292439372, 71.21255349500713, 33.8944365192582, -1, -1, -1, -1
126, 0, 168.23965763194465, 66.93723252497028, 71.76034236805533, 33.90779758541865, -1, -1, -1, -1
127, 0, 167.69186875889645, 66.94151212554684, 72.30813124110354, 33.92115865157909, -1, -1, -1, -1
128, 0, 167.14407988584824, 66.94579172612339, 72.85592011415174, 33.93451971773953, -1, -1, -1, -1
129, 0, 166.59629101280004, 66.95007132669994, 73.40370898719995, 33.947880783899976, -1, -1, -1, -1
130, 0, 166.0485021397667, 66.9543509272666, 73.48972939458349, 33.96124185006663, -1, -1, -1, -1
131, 0, 165.50071326673336, 66.95863052783326, 73.57574980196702, 33.97460291623329, -1, -1, -1, -1
132, 0, 164.95292439370002, 66.96291012839993, 73.66177020935056, 33.98796398239995, -1, -1, -1, -1
133, 0, 164.40513552066668, 66.9671897289666, 73.74779061673411, 34.0013250485666, -1, -1, -1, -1
134, 0, 163.85734664763334, 66.97146932953328, 73.83381102411767, 34.01468611473325, -1, -1, -1, -1
135, 0, 163.30955777459997, 66.97574893009994, 73.91983143150121, 34.0280471808999, -1, -1, -1, -1
136, 0, 162.76176890156663, 66.9800285306666, 74.00585183888475, 34.04140824706654, -1, -1, -1, -1
137, 0, 162.21398002853329, 66.98430813123328, 74.09187224626831, 34.054769313233194, -1, -1, -1, -1
138, 0, 161.66619115549994, 66.98858773179995, 74.17789265365185, 34.06813037939985, -1, -1, -1, -1
139, 0, 161.1184022824666, 66.99286733236661, 74.2639130610354, 34.0814914455665, -1, -1, -1, -1
140, 0, 160.57061340943326, 66.99714693293328, 74.34993346841893, 34.09485251173315, -1, -1, -1, -1
141, 0, 160.02282453639992, 67.00142653349994, 74.43595387580247, 34.10821357789981, -1, -1, -1, -1
142, 0, 159.47503566336044, 67.00570613407153, 74.46569688180949, 34.12157464406472, -1, -1, -1, -1
143, 0, 158.92724679032096, 67.00998573464312, 74.49543988781653, 34.13493571022964, -1, -1, -1, -1
144, 0, 158.37945791728148, 67.01426533521473, 74.52518289382357, 34.14829677639455, -1, -1, -1, -1
145, 0, 157.831669044242, 67.01854493578632, 74.55492589983061, 34.161657842559464, -1, -1, -1, -1
146, 0, 157.28388017120253, 67.02282453635792, 74.58466890583766, 34.17501890872437, -1, -1, -1, -1
147, 0, 156.73609129816305, 67.02710413692952, 74.61441191184471, 34.18837997488928, -1, -1, -1, -1
148, 0, 156.18830242512354, 67.03138373750112, 74.64415491785176, 34.20174104105419, -1, -1, -1, -1
149, 0, 155.64051355208406, 67.03566333807271, 74.67389792385882, 34.215102107219096, -1, -1, -1, -1
150, 0, 155.09272467904458, 67.03994293864432, 74.70364092986586, 34.228463173384, -1, -1, -1, -1
151, 0, 154.5449358060051, 67.04422253921591, 74.7333839358729, 34.24182423954891, -1, -1, -1, -1
152, 0, 153.99714693296562, 67.0485021397875, 74.76312694187993, 34.25518530571382, -1, -1, -1, -1
153, 0, 153.44935805992614, 67.05278174035911, 74.79286994788697, 34.26854637187873, -1, -1, -1, -1
154, 0, 152.90156918688666, 67.0570613409307, 74.82261295389401, 34.28190743804364, -1, -1, -1, -1
155, 0, 152.35378031384718, 67.0613409415023, 74.85235595990105, 34.29526850420855, -1, -1, -1, -1
156, 0, 151.8059914408077, 67.0656205420739, 74.88209896590809, 34.30862957037346, -1, -1, -1, -1
157, 0, 151.25820256776822, 67.0699001426455, 74.91184197191512, 34.321990636538374, -1, -1, -1, -1
158, 0, 150.71041369472874, 67.07417974321709, 74.94158497792218, 34.33535170270328, -1, -1, -1, -1
159, 0, 150.16262482168923, 67.0784593437887, 74.97132798392923, 34.34871276886819, -1, -1, -1, -1
160, 0, 149.61483594864976, 67.08273894436029, 75.00107098993628, 34.3620738350331, -1, -1, -1, -1
161, 0, 149.06704707561028, 67.08701854493188, 75.03081399594333, 34.375434901198005, -1, -1, -1, -1
162, 0, 148.5192582025708, 67.09129814550347, 75.06055700195037, 34.38879596736292, -1, -1, -1, -1
163, 0, 147.97146932953132, 67.09557774607507, 75.09030000795741, 34.40215703352783, -1, -1, -1, -1
164, 0, 147.42368045649184, 67.09985734664667, 75.12004301396445, 34.41551809969275, -1, -1, -1, -1
165, 0, 146.87589158345236, 67.10413694721827, 75.1497860199715, 34.42887916585766, -1, -1, -1, -1
166, 0, 146.37965570941975, 67.11203261082736, 75.20562482236792, 34.43730959047977, -1, -1, -1, -1
167, 0, 145.88341983538714, 67.11992827443643, 75.26146362476433, 34.44574001510189, -1, -1, -1, -1
168, 0, 145.38718396135454, 67.12782393804552, 75.31730242716075, 34.454170439724, -1, -1, -1, -1
169, 0, 144.8909480873219, 67.13571960165461, 75.37314122955718, 34.462600864346115, -1, -1, -1, -1
170, 0, 144.39471221328927, 67.1436152652637, 75.42898003195361, 34.47103128896823, -1, -1, -1, -1
171, 0, 143.89847633925666, 67.1515109288728, 75.48481883435004, 34.47946171359034, -1, -1, -1, -1
172, 0, 143.40224046522405, 67.15940659248187, 75.54065763674646, 34.48789213821245, -1, -1, -1, -1
173, 0, 142.90600459119142, 67.16730225609096, 75.5964964391429, 34.496322562834564, -1, -1, -1, -1
174, 0, 142.40976871715878, 67.17519791970005, 75.6523352415393, 34.50475298745668, -1, -1, -1, -1
175, 0, 141.91353284312618, 67.18309358330913, 75.70817404393573, 34.5131834120788, -1, -1, -1, -1
176, 0, 141.41729696909357, 67.1909892469182, 75.76401284633215, 34.52161383670092, -1, -1, -1, -1
177, 0, 140.92106109506096, 67.1988849105273, 75.81985164872856, 34.53004426132304, -1, -1, -1, -1
178, 0, 140.42482522102836, 67.20678057413639, 75.875690451125, 34.538474685945154, -1, -1, -1, -1
179, 0, 139.92858934699572, 67.21467623774546, 75.93152925352142, 34.546905110567266, -1, -1, -1, -1
180, 0, 139.4323534729631, 67.22257190135456, 75.98736805591784, 34.55533553518938, -1, -1, -1, -1
181, 0, 138.93611759893048, 67.23046756496365, 76.04320685831428, 34.56376595981149, -1, -1, -1, -1
182, 0, 138.43988172489787, 67.23836322857274, 76.0990456607107, 34.57219638443361, -1, -1, -1, -1
183, 0, 137.94364585086527, 67.24625889218183, 76.15488446310712, 34.58062680905573, -1, -1, -1, -1
184, 0, 137.44740997683266, 67.2541545557909, 76.21072326550353, 34.58905723367785, -1, -1, -1, -1
185, 0, 136.95117410280002, 67.2620502194, 76.26656206789995, 34.59748765829996, -1, -1, -1, -1
186, 0, 136.4549382287679, 67.26994588301075, 76.32240087029902, 34.60591808292497, -1, -1, -1, -1
187, 0, 135.9587023547358, 67.2778415466215, 76.3782396726981, 34.61434850754999, -1, -1, -1, -1
188, 0, 135.4624664807037, 67.28573721023226, 76.43407847509717, 34.62277893217501, -1, -1, -1, -1
189, 0, 134.96623060667162, 67.29363287384301, 76.48991727749623, 34.63120935680003, -1, -1, -1, -1
190, 0, 134.46999473263952, 67.30152853745376, 76.5457560798953, 34.639639781425046, -1, -1, -1, -1
191, 0, 133.97375885860743, 67.30942420106452, 76.60159488229436, 34.64807020605006, -1, -1, -1, -1
192, 0, 133.47752298457533, 67.31731986467527, 76.65743368469343, 34.65650063067507, -1, -1, -1, -1
193, 0, 132.98128711054324, 67.32521552828602, 76.7132724870925, 34.66493105530009, -1, -1, -1, -1
194, 0, 132.48505123651114, 67.33311119189678, 76.76911128949156, 34.673361479925106, -1, -1, -1, -1
195, 0, 131.98881536247904, 67.34100685550753, 76.82495009189063, 34.681791904550124, -1, -1, -1, -1
196, 0, 131.49257948844695, 67.34890251911828, 76.8807888942897, 34.69022232917514, -1, -1, -1, -1
197, 0, 130.99634361441483, 67.35679818272904, 76.93662769668876, 34.69865275380016, -1, -1, -1, -1
198, 0, 130.50010774038273, 67.36469384633979, 76.99246649908783, 34.70708317842518, -1, -1, -1, -1
199, 0, 130.00387186635064, 67.37258950995054, 77.04830530148689, 34.7155136030502, -1, -1, -1, -1
200, 0, 129.50763599231854, 67.3804851735613, 77.10414410388596, 34.723944027675216, -1, -1, -1, -1
201, 0, 129.01140011828645, 67.38838083717205, 77.15998290628502, 34.732374452300235, -1, -1, -1, -1
202, 0, 128.51516424425432, 67.3962765007828, 77.21582170868409, 34.74080487692525, -1, -1, -1, -1
203, 0, 128.01892837022223, 67.40417216439356, 77.27166051108316, 34.74923530155027, -1, -1, -1, -1
204, 0, 127.52269249619013, 67.41206782800431, 77.32749931348222, 34.75766572617529, -1, -1, -1, -1
205, 0, 127.02645662215804, 67.41996349161506, 77.38333811588129, 34.76609615080031, -1, -1, -1, -1
206, 0, 126.53022074812594, 67.42785915522582, 77.43917691828035, 34.77452657542533, -1, -1, -1, -1
207, 0, 126.03398487409385, 67.43575481883657, 77.49501572067942, 34.78295700005034, -1, -1, -1, -1
208, 0, 125.53774900006175, 67.44365048244732, 77.5508545230785, 34.79138742467535, -1, -1, -1, -1
209, 0, 125.04151312602964, 67.45154614605808, 77.60669332547756, 34.79981784930037, -1, -1, -1, -1
210, 0, 124.54527725199753, 67.45944180966883, 77.66253212787663, 34.808248273925386, -1, -1, -1, -1
211, 0, 124.04904137796544, 67.46733747327958, 77.7183709302757, 34.816678698550405, -1, -1, -1, -1
212, 0, 123.55280550393334, 67.47523313689034, 77.77420973267476, 34.82510912317542, -1, -1, -1, -1
213, 0, 123.05656962990125, 67.48312880050109, 77.83004853507383, 34.83353954780045, -1, -1, -1, -1
214, 0, 122.60437600406765, 67.49102446411104, 77.81525236063366, 34.81161255204347, -1, -1, -1, -1
215, 0, 122.15218237823404, 67.49892012772096, 77.8004561861935, 34.7896855562865, -1, -1, -1, -1
216, 0, 121.69998875240046, 67.50681579133091, 77.78566001175334, 34.76775856052952, -1, -1, -1, -1
217, 0, 121.24779512656686, 67.51471145494085, 77.77086383731317, 34.745831564772544, -1, -1, -1, -1
218, 0, 120.79560150073326, 67.5226071185508, 77.75606766287302, 34.72390456901557, -1, -1, -1, -1
219, 0, 120.34340787489967, 67.53050278216074, 77.74127148843286, 34.701977573258596, -1, -1, -1, -1
220, 0, 119.89121424906607, 67.53839844577067, 77.7264753139927, 34.68005057750162, -1, -1, -1, -1
221, 0, 119.43902062323247, 67.54629410938061, 77.71167913955253, 34.65812358174465, -1, -1, -1, -1
222, 0, 118.98682699739886, 67.55418977299055, 77.69688296511237, 34.636196585987676, -1, -1, -1, -1
223, 0, 118.53463337156526, 67.56208543660048, 77.68208679067222, 34.6142695902307, -1, -1, -1, -1
224, 0, 118.08243974573166, 67.56998110021043, 77.66729061623207, 34.59234259447372, -1, -1, -1, -1
225, 0, 117.63024611989806, 67.57787676382037, 77.6524944417919, 34.57041559871675, -1, -1, -1, -1
226, 0, 117.17805249406446, 67.58577242743031, 77.63769826735174, 34.54848860295978, -1, -1, -1, -1
227, 0, 116.72585886823086, 67.59366809104026, 77.62290209291157, 34.5265616072028, -1, -1, -1, -1
228, 0, 116.27366524239727, 67.60156375465019, 77.60810591847141, 34.50463461144582, -1, -1, -1, -1
229, 0, 115.82147161656367, 67.60945941826013, 77.59330974403126, 34.48270761568885, -1, -1, -1, -1
230, 0, 115.36927799073007, 67.61735508187007, 77.57851356959111, 34.460780619931874, -1, -1, -1, -1
231, 0, 114.91708436489648, 67.62525074548, 77.56371739515095, 34.4388536241749, -1, -1, -1, -1
232, 0, 114.46489073906288, 67.63314640908995, 77.54892122071078, 34.416926628417926, -1, -1, -1, -1
233, 0, 114.01269711322928, 67.64104207269989, 77.53412504627062, 34.39499963266095, -1, -1, -1, -1
234, 0, 113.49978864663512, 67.6489377363049, 77.58004371259133, 34.45402575791752, -1, -1, -1, -1
235, 0, 112.98688018004098, 67.65683339990993, 77.62596237891204, 34.5130518831741, -1, -1, -1, -1
236, 0, 112.47397171344684, 67.66472906351495, 77.67188104523274, 34.57207800843067, -1, -1, -1, -1
237, 0, 111.96106324685269, 67.67262472711997, 77.71779971155345, 34.631104133687245, -1, -1, -1, -1
238, 0, 111.44815478025853, 67.68052039072498, 77.76371837787417, 34.69013025894382, -1, -1, -1, -1
239, 0, 110.9352463136644, 67.68841605432999, 77.80963704419489, 34.74915638420039, -1, -1, -1, -1
240, 0, 110.42233784707025, 67.696311717935, 77.8555557105156, 34.80818250945696, -1, -1, -1, -1
241, 0, 109.9094293804761, 67.70420738154003, 77.90147437683632, 34.867208634713535, -1, -1, -1, -1
242, 0, 109.39652091388194, 67.71210304514506, 77.94739304315704, 34.92623475997011, -1, -1, -1, -1
243, 0, 108.8836124472878, 67.71999870875007, 77.99331170947774, 34.98526088522668, -1, -1, -1, -1
244, 0, 108.37070398069366, 67.72789437235508, 78.03923037579844, 35.04428701048325, -1, -1, -1, -1
245, 0, 107.85779551409951, 67.73579003596011, 78.08514904211916, 35.103313135739825, -1, -1, -1, -1
246, 0, 107.38513339692034, 67.74775060328258, 78.08154636985842, 35.08697371957565, -1, -1, -1, -1
247, 0, 106.91247127974118, 67.75971117060507, 78.07794369759769, 35.07063430341148, -1, -1, -1, -1
248, 0, 106.43980916256203, 67.77167173792756, 78.07434102533696, 35.05429488724731, -1, -1, -1, -1
249, 0, 105.96714704538286, 67.78363230525004, 78.07073835307622, 35.03795547108314, -1, -1, -1, -1
250, 0, 105.4944849282037, 67.79559287257251, 78.06713568081548, 35.021616054918965, -1, -1, -1, -1
251, 0, 105.02182281102455, 67.807553439895, 78.06353300855474, 35.0052766387548, -1, -1, -1, -1
252, 0, 104.54916069384538, 67.81951400721749, 78.059930336294, 34.988937222590636, -1, -1, -1, -1
253, 0, 104.07649857666622, 67.83147457453997, 78.05632766403328, 34.972597806426464, -1, -1, -1, -1
254, 0, 103.60383645948707, 67.84343514186244, 78.05272499177255, 34.95625839026229, -1, -1, -1, -1
255, 0, 103.1311743423079, 67.85539570918493, 78.04912231951181, 34.93991897409813, -1, -1, -1, -1
256, 0, 102.65851222512873, 67.86735627650741, 78.04551964725107, 34.92357955793396, -1, -1, -1, -1
257, 0, 102.18585010794958, 67.87931684382988, 78.04191697499034, 34.90724014176979, -1, -1, -1, -1
258, 0, 101.71318799077042, 67.89127741115237, 78.03831430272962, 34.89090072560562, -1, -1, -1, -1
259, 0, 101.24052587359125, 67.90323797847485, 78.03471163046888, 34.87456130944145, -1, -1, -1, -1
260, 0, 100.76786375641208, 67.91519854579732, 78.03110895820814, 34.858221893277275, -1, -1, -1, -1
261, 0, 100.29520163923293, 67.92715911311981, 78.02750628594741, 34.8418824771131, -1, -1, -1, -1
262, 0, 99.82253952205377, 67.9391196804423, 78.02390361368668, 34.82554306094893, -1, -1, -1, -1
263, 0, 99.3498774048746, 67.95108024776478, 78.02030094142594, 34.809203644784766, -1, -1, -1, -1
264, 0, 98.87721528769545, 67.96304081508725, 78.0166982691652, 34.7928642286206, -1, -1, -1, -1
265, 0, 98.4045531705163, 67.97500138240974, 78.01309559690446, 34.77652481245643, -1, -1, -1, -1
266, 0, 97.93189105333713, 67.98696194973223, 78.00949292464372, 34.76018539629226, -1, -1, -1, -1
267, 0, 97.45922893615797, 67.99892251705471, 78.005890252383, 34.743845980128086, -1, -1, -1, -1
268, 0, 96.98656681897882, 68.01088308437718, 78.00228758012227, 34.727506563963914, -1, -1, -1, -1
269, 0, 96.51390470179965, 68.02284365169967, 77.99868490786153, 34.71116714779974, -1, -1, -1, -1
270, 0, 96.04124258462028, 68.03480421902469, 77.97574760302912, 34.69482773163311, -1, -1, -1, -1
271, 0, 95.56858046744091, 68.0467647863497, 77.95281029819671, 34.67848831546648, -1, -1, -1, -1
272, 0, 95.09591835026154, 68.0587253536747, 77.92987299336431, 34.66214889929985, -1, -1, -1, -1
273, 0, 94.62325623308216, 68.07068592099972, 77.9069356885319, 34.64580948313322, -1, -1, -1, -1
274, 0, 94.15059411590278, 68.08264648832474, 77.88399838369949, 34.62947006696659, -1, -1, -1, -1
275, 0, 93.67793199872341, 68.09460705564976, 77.8610610788671, 34.61313065079995, -1, -1, -1, -1
276, 0, 93.20526988154404, 68.10656762297478, 77.8381237740347, 34.596791234633315, -1, -1, -1, -1
277, 0, 92.73260776436467, 68.11852819029978, 77.8151864692023, 34.580451818466685, -1, -1, -1, -1
278, 0, 92.2599456471853, 68.13048875762479, 77.79224916436989, 34.564112402300054, -1, -1, -1, -1
279, 0, 91.78728353000594, 68.14244932494981, 77.76931185953748, 34.54777298613343, -1, -1, -1, -1
280, 0, 91.31462141282657, 68.15440989227483, 77.74637455470507, 34.53143356996681, -1, -1, -1, -1
281, 0, 90.8419592956472, 68.16637045959983, 77.72343724987266, 34.51509415380018, -1, -1, -1, -1
282, 0, 90.36929717846783, 68.17833102692484, 77.70049994504026, 34.49875473763355, -1, -1, -1, -1
283, 0, 89.89663506128846, 68.19029159424986, 77.67756264020787, 34.48241532146691, -1, -1, -1, -1
284, 0, 89.4239729441091, 68.20225216157488, 77.65462533537547, 34.46607590530027, -1, -1, -1, -1
285, 0, 88.95131082692971, 68.2142127288999, 77.63168803054306, 34.44973648913364, -1, -1, -1, -1
286, 0, 88.47864870975033, 68.22617329622491, 77.60875072571065, 34.43339707296701, -1, -1, -1, -1
287, 0, 88.00598659257096, 68.23813386354992, 77.58581342087825, 34.41705765680038, -1, -1, -1, -1
288, 0, 87.5333244753916, 68.25009443087492, 77.56287611604586, 34.40071824063375, -1, -1, -1, -1
289, 0, 87.06066235821223, 68.26205499819994, 77.53993881121345, 34.38437882446711, -1, -1, -1, -1
290, 0, 86.47981694482397, 68.27401556552495, 77.5668870500376, 34.41721363385042, -1, -1, -1, -1
291, 0, 85.8989715314357, 68.28597613284995, 77.59383528886175, 34.450048443233726, -1, -1, -1, -1
292, 0, 85.31812611804745, 68.29793670017496, 77.62078352768592, 34.48288325261703, -1, -1, -1, -1
293, 0, 84.73728070465918, 68.30989726749996, 77.64773176651008, 34.51571806200033, -1, -1, -1, -1
294, 0, 84.15643529127092, 68.32185783482497, 77.67468000533424, 34.548552871383635, -1, -1, -1, -1
295, 0, 83.57558987788266, 68.33381840214997, 77.7016282441584, 34.581387680766944, -1, -1, -1, -1
296, 0, 82.9947444644944, 68.34577896947496, 77.72857648298256, 34.614222490150254, -1, -1, -1, -1
297, 0, 82.41389905110614, 68.35773953679997, 77.75552472180672, 34.64705729953356, -1, -1, -1, -1
298, 0, 81.83305363771788, 68.36970010412497, 77.78247296063088, 34.67989210891686, -1, -1, -1, -1
299, 0, 81.25220822432962, 68.38166067144996, 77.80942119945504, 34.71272691830016, -1, -1, -1, -1
300, 0, 80.67136281094136, 68.39362123877497, 77.8363694382792, 34.745561727683466, -1, -1, -1, -1
301, 0, 80.09051739755311, 68.40558180609997, 77.86331767710335, 34.77839653706677, -1, -1, -1, -1
302, 0, 79.50967198416485, 68.41754237342498, 77.8902659159275, 34.81123134645007, -1, -1, -1, -1
303, 0, 78.9288265707766, 68.42950294074998, 77.91721415475166, 34.844066155833374, -1, -1, -1, -1
304, 0, 78.34798115738833, 68.44146350807499, 77.94416239357582, 34.87690096521668, -1, -1, -1, -1
305, 0, 77.76713574400007, 68.4534240754, 77.97111063239998, 34.90973577459998, -1, -1, -1, -1
306, 0, 77.18629033061347, 68.46538464272743, 77.99805887122734, 34.94257058397992, -1, -1, -1, -1
307, 0, 76.60544491722689, 68.47734521005488, 78.0250071100547, 34.975405393359864, -1, -1, -1, -1
308, 0, 76.02459950384029, 68.48930577738233, 78.05195534888206, 35.008240202739806, -1, -1, -1, -1
309, 0, 75.4437540904537, 68.50126634470976, 78.07890358770942, 35.04107501211975, -1, -1, -1, -1
310, 0, 74.8629086770671, 68.5132269120372, 78.10585182653676, 35.07390982149968, -1, -1, -1, -1
311, 0, 74.2820632636805, 68.52518747936465, 78.13280006536412, 35.106744630879625, -1, -1, -1, -1
312, 0, 73.7012178502939, 68.5371480466921, 78.15974830419148, 35.13957944025957, -1, -1, -1, -1
313, 0, 73.1203724369073, 68.54910861401953, 78.18669654301883, 35.1724142496395, -1, -1, -1, -1
314, 0, 72.5395270235207, 68.56106918134698, 78.21364478184617, 35.20524905901944, -1, -1, -1, -1
315, 0, 71.95868161013411, 68.57302974867443, 78.24059302067351, 35.23808386839938, -1, -1, -1, -1
316, 0, 71.37783619674752, 68.58499031600186, 78.26754125950086, 35.27091867777932, -1, -1, -1, -1
317, 0, 70.79699078336093, 68.59695088332931, 78.29448949832822, 35.303753487159256, -1, -1, -1, -1
318, 0, 70.21614536997433, 68.60891145065676, 78.32143773715558, 35.3365882965392, -1, -1, -1, -1
319, 0, 69.63529995658774, 68.6208720179842, 78.34838597598294, 35.36942310591914, -1, -1, -1, -1
320, 0, 69.05445454320115, 68.63283258531163, 78.3753342148103, 35.40225791529909, -1, -1, -1, -1
321, 0, 68.47360912981455, 68.64479315263908, 78.40228245363765, 35.43509272467903, -1, -1, -1, -1
322, 0, 67.7921111520426, 68.68459108651626, 78.4407527720115, 35.46793434810478, -1, -1, -1, -1
323, 0, 67.11061317427065, 68.72438902039343, 78.47922309038535, 35.50077597153053, -1, -1, -1, -1
324, 0, 66.42911519649871, 68.7641869542706, 78.51769340875919, 35.533617594956276, -1, -1, -1, -1
325, 0, 65.74761721872676, 68.80398488814778, 78.55616372713303, 35.56645921838202, -1, -1, -1, -1
326, 0, 65.0661192409548, 68.84378282202496, 78.59463404550687, 35.59930084180777, -1, -1, -1, -1
327, 0, 64.38462126318286, 68.88358075590213, 78.63310436388072, 35.632142465233514, -1, -1, -1, -1
328, 0, 63.70312328541091, 68.92337868977931, 78.67157468225457, 35.66498408865926, -1, -1, -1, -1
329, 0, 63.02162530763896, 68.9631766236565, 78.71004500062841, 35.697825712085006, -1, -1, -1, -1
330, 0, 62.340127329867016, 69.00297455753366, 78.74851531900227, 35.73066733551076, -1, -1, -1, -1
331, 0, 61.65862935209506, 69.04277249141084, 78.78698563737612, 35.763508958936505, -1, -1, -1, -1
332, 0, 60.977131374323115, 69.08257042528803, 78.82545595574996, 35.79635058236225, -1, -1, -1, -1
333, 0, 60.29563339655117, 69.1223683591652, 78.86392627412381, 35.829192205788004, -1, -1, -1, -1
334, 0, 59.61413541877922, 69.16216629304236, 78.90239659249767, 35.86203382921376, -1, -1, -1, -1
335, 0, 58.93263744100727, 69.20196422691954, 78.94086691087152, 35.8948754526395, -1, -1, -1, -1
336, 0, 58.251139463235326, 69.24176216079672, 78.97933722924537, 35.92771707606525, -1, -1, -1, -1
337, 0, 57.56964148546338, 69.28156009467389, 79.01780754761923, 35.960558699491, -1, -1, -1, -1
338, 0, 56.88814350769143, 69.32135802855106, 79.05627786599308, 35.993400322916756, -1, -1, -1, -1
339, 0, 56.206645529919484, 69.36115596242824, 79.09474818436692, 36.0262419463425, -1, -1, -1, -1
340, 0, 55.52514755214753, 69.40095389630542, 79.13321850274077, 36.05908356976825, -1, -1, -1, -1
341, 0, 54.84364957437558, 69.44075183018259, 79.17168882111463, 36.091925193194, -1, -1, -1, -1
342, 0, 54.162151596603636, 69.48054976405977, 79.21015913948847, 36.12476681661975, -1, -1, -1, -1
343, 0, 53.48065361883168, 69.52034769793696, 79.24862945786232, 36.15760844004549, -1, -1, -1, -1
344, 0, 52.799155641059734, 69.56014563181412, 79.28709977623618, 36.19045006347124, -1, -1, -1, -1
345, 0, 52.11765766328779, 69.5999435656913, 79.32557009461001, 36.223291686896985, -1, -1, -1, -1
346, 0, 51.43615968551584, 69.63974149956849, 79.36404041298385, 36.25613331032274, -1, -1, -1, -1
347, 0, 50.75466170774389, 69.67953943344565, 79.40251073135771, 36.288974933748484, -1, -1, -1, -1
348, 0, 50.073163729971945, 69.71933736732282, 79.44098104973156, 36.32181655717423, -1, -1, -1, -1
349, 0, 49.3916657522, 69.7591353012, 79.4794513681054, 36.35465818059998, -1, -1, -1, -1
350, 0, 48.71016777442976, 69.79893323507858, 79.46393851348196, 36.387499804027364, -1, -1, -1, -1
351, 0, 48.02866979665952, 69.83873116895714, 79.44842565885853, 36.420341427454744, -1, -1, -1, -1
352, 0, 47.34717181888928, 69.87852910283571, 79.43291280423509, 36.453183050882124, -1, -1, -1, -1
353, 0, 46.665673841119045, 69.91832703671429, 79.41739994961165, 36.486024674309505, -1, -1, -1, -1
354, 0, 45.98417586334881, 69.95812497059286, 79.40188709498821, 36.51886629773689, -1, -1, -1, -1
355, 0, 45.30267788557857, 69.99792290447144, 79.38637424036477, 36.55170792116427, -1, -1, -1, -1
356, 0, 44.621179907808326, 70.03772083835, 79.37086138574134, 36.58454954459165, -1, -1, -1, -1
357, 0, 43.93968193003809, 70.07751877222857, 79.35534853111788, 36.61739116801904, -1, -1, -1, -1
358, 0, 43.258183952267856, 70.11731670610715, 79.33983567649445, 36.65023279144643, -1, -1, -1, -1
359, 0, 42.576685974497614, 70.1571146399857, 79.32432282187101, 36.68307441487381, -1, -1, -1, -1
360, 0, 41.89518799672737, 70.19691257386428, 79.30880996724757, 36.71591603830119, -1, -1, -1, -1
361, 0, 41.21369001895714, 70.23671050774286, 79.29329711262413, 36.748757661728575, -1, -1, -1, -1
362, 0, 40.5321920411869, 70.27650844162143, 79.27778425800068, 36.78159928515595, -1, -1, -1, -1
363, 0, 39.85069406341667, 70.3163063755, 79.26227140337724, 36.81444090858333, -1, -1, -1, -1
364, 0, 39.16919608564643, 70.35610430937858, 79.2467585487538, 36.84728253201071, -1, -1, -1, -1
365, 0, 38.48769810787619, 70.39590224325715, 79.23124569413037, 36.88012415543808, -1, -1, -1, -1
366, 0, 37.80620013010595, 70.43570017713573, 79.21573283950693, 36.91296577886546, -1, -1, -1, -1
367, 0, 37.124702152335715, 70.4754981110143, 79.20021998488349, 36.94580740229284, -1, -1, -1, -1
368, 0, 36.44320417456548, 70.51529604489286, 79.18470713026005, 36.97864902572022, -1, -1, -1, -1
369, 0, 35.76170619679524, 70.55509397877144, 79.16919427563661, 37.0114906491476, -1, -1, -1, -1
370, 0, 35.080208219024996, 70.59489191265001, 79.15368142101318, 37.04433227257499, -1, -1, -1, -1
371, 0, 34.39871024125476, 70.63468984652857, 79.13816856638974, 37.07717389600238, -1, -1, -1, -1
372, 0, 33.71721226348453, 70.67448778040715, 79.1226557117663, 37.110015519429766, -1, -1, -1, -1
373, 0, 33.035714285714285, 70.71428571428572, 79.10714285714286, 37.142857142857146, -1, -1, -1, -1
374, 0, 32.265625, 70.80915178571429, 79.09598214285714, 37.15401785714286, -1, -1, -1, -1
375, 0, 31.495535714285715, 70.90401785714286, 79.08482142857143, 37.16517857142857, -1, -1, -1, -1
376, 0, 30.72544642857143, 70.99888392857143, 79.07366071428572, 37.176339285714285, -1, -1, -1, -1
377, 0, 29.955357142857142, 71.09375, 79.0625, 37.1875, -1, -1, -1, -1
378, 0, 29.185267857142854, 71.18861607142857, 79.05133928571428, 37.19866071428571, -1, -1, -1, -1
379, 0, 28.41517857142857, 71.28348214285714, 79.04017857142857, 37.20982142857142, -1, -1, -1, -1
380, 0, 27.645089285714285, 71.37834821428572, 79.02901785714286, 37.22098214285714, -1, -1, -1, -1
381, 0, 26.875, 71.47321428571429, 79.01785714285714, 37.23214285714285, -1, -1, -1, -1
382, 0, 26.104910714285715, 71.56808035714286, 79.00669642857142, 37.24330357142856, -1, -1, -1, -1
383, 0, 25.33482142857143, 71.66294642857144, 78.99553571428571, 37.25446428571428, -1, -1, -1, -1
384, 0, 24.564732142857146, 71.75781250000001, 78.984375, 37.26562499999999, -1, -1, -1, -1
385, 0, 23.794642857142858, 71.85267857142858, 78.97321428571428, 37.27678571428571, -1, -1, -1, -1
386, 0, 23.02455357142857, 71.94754464285715, 78.96205357142856, 37.28794642857142, -1, -1, -1, -1
387, 0, 22.254464285714285, 72.04241071428572, 78.95089285714285, 37.29910714285714, -1, -1, -1, -1
388, 0, 21.484375, 72.13727678571429, 78.93973214285714, 37.310267857142854, -1, -1, -1, -1
389, 0, 20.714285714285715, 72.23214285714286, 78.92857142857142, 37.32142857142857, -1, -1, -1, -1
390, 0, 19.94419642857143, 72.32700892857143, 78.91741071428571, 37.332589285714285, -1, -1, -1, -1
391, 0, 19.174107142857146, 72.421875, 78.90625, 37.34375, -1, -1, -1, -1
392, 0, 18.40401785714286, 72.51674107142857, 78.89508928571428, 37.354910714285715, -1, -1, -1, -1
393, 0, 17.633928571428573, 72.61160714285714, 78.88392857142857, 37.36607142857143, -1, -1, -1, -1
394, 0, 16.863839285714285, 72.70647321428571, 78.87276785714286, 37.377232142857146, -1, -1, -1, -1
395, 0, 16.09375, 72.80133928571428, 78.86160714285714, 37.38839285714286, -1, -1, -1, -1
396, 0, 15.323660714285715, 72.89620535714286, 78.85044642857142, 37.39955357142858, -1, -1, -1, -1
397, 0, 14.55357142857143, 72.99107142857143, 78.83928571428571, 37.41071428571429, -1, -1, -1, -1
398, 0, 13.783482142857146, 73.0859375, 78.828125, 37.421875, -1, -1, -1, -1
399, 0, 13.01339285714286, 73.18080357142858, 78.81696428571428, 37.433035714285715, -1, -1, -1, -1
400, 0, 12.243303571428573, 73.27566964285715, 78.80580357142856, 37.44419642857143, -1, -1, -1, -1
401, 0, 11.473214285714288, 73.37053571428572, 78.79464285714285, 37.45535714285714, -1, -1, -1, -1
401, 1, 236.8298969072165, 73.76288659793815, 3.17010309278347, 13.68556701030928, -1, -1, -1, -1
402, 0, 123.38146631075111, 73.6615772275405, 40.97121226067745, 25.581622790868927, -1, -1, -1, -1
402, 1, 236.1492083946981, 73.17930780559647, 3.8507916053018882, 15.88917525773196, -1, -1, -1, -1
403, 0, 9.933035714285715, 73.56026785714286, 78.77232142857142, 37.47767857142857, -1, -1, -1, -1
403, 1, 235.4685198821797, 72.59572901325478, 4.531480117820307, 18.09278350515464, -1, -1, -1, -1
404, 0, 121.93068851251842, 73.17286450662739, 41.640740058910154, 27.79639175257732, -1, -1, -1, -1
404, 1, 234.78783136966126, 72.0121502209131, 5.212168630338725, 20.29639175257732, -1, -1, -1, -1
405, 0, 8.392857142857144, 73.75, 78.75, 37.5, -1, -1, -1, -1
405, 1, 234.10714285714286, 71.42857142857143, 5.892857142857143, 22.5, -1, -1, -1, -1
406, 0, 120.55059523809524, 72.66865079364402, 42.21726190476189, 30.04029918994999, -1, -1, -1, -1
406, 1, 233.45424107142856, 71.2890625, 6.545758928571427, 22.66741071428571, -1, -1, -1, -1
407, 0, 6.99404761904762, 73.90873015871662, 78.54166666666663, 37.58059837989998, -1, -1, -1, -1
407, 1, 232.80133928571428, 71.14955357142858, 7.19866071428571, 22.834821428571423, -1, -1, -1, -1
408, 0, 119.19828869047619, 72.60850694443093, 42.765997023809476, 30.248009094185694, -1, -1, -1, -1
408, 1, 232.1484375, 71.01004464285715, 7.851562499999994, 23.002232142857135, -1, -1, -1, -1
409, 0, 5.595238095238097, 74.06746031743326, 78.33333333333324, 37.661196759799964, -1, -1, -1, -1
409, 1, 231.49553571428572, 70.87053571428572, 8.504464285714278, 23.169642857142847, -1, -1, -1, -1
410, 0, 117.84598214285715, 72.54836309521781, 43.31473214285707, 30.455718998421396, -1, -1, -1, -1
410, 1, 230.84263392857144, 70.73102678571429, 9.157366071428562, 23.337053571428566, -1, -1, -1, -1
411, 0, 4.196428571428573, 74.22619047614988, 78.12499999999986, 37.741795139699946, -1, -1, -1, -1
411, 1, 230.18973214285717, 70.59151785714286, 9.810267857142847, 23.504464285714285, -1, -1, -1, -1
412, 0, 116.4936755952381, 72.48821924600469, 43.86346726190467, 30.663428902657106, -1, -1, -1, -1
412, 1, 229.5368303571429, 70.45200892857143, 10.463169642857132, 23.671875000000004, -1, -1, -1, -1
413, 0, 2.7976190476190483, 74.3849206348665, 77.91666666666649, 37.82239351959993, -1, -1, -1, -1
413, 1, 228.88392857142858, 70.3125, 11.116071428571416, 23.839285714285722, -1, -1, -1, -1
414, 0, 115.14136904761905, 72.42807539679157, 44.412202380952266, 30.871138806892816, -1, -1, -1, -1
414, 1, 228.23102678571428, 70.17299107142857, 11.768973214285701, 24.006696428571434, -1, -1, -1, -1
415, 0, 1.3988095238095242, 74.54365079358314, 77.70833333333312, 37.90299189949991, -1, -1, -1, -1
415, 1, 227.578125, 70.03348214285714, 12.421874999999986, 24.174107142857146, -1, -1, -1, -1
416, 0, 113.7890625, 72.36793154757845, 44.960937499999865, 31.078848711128515, -1, -1, -1, -1
416, 1, 226.92522321428572, 69.89397321428572, 13.07477678571427, 24.341517857142858, -1, -1, -1, -1
417, 0, 0.0, 74.70238095229976, 77.49999999999974, 37.983590279399884, -1, -1, -1, -1
417, 1, 226.27232142857144, 69.75446428571429, 13.727678571428555, 24.50892857142857, -1, -1, -1, -1
418, 0, 113.13616071428572, 72.30778769838193, 44.81026785713911, 31.286558615376105, -1, -1, -1, -1
418, 1, 225.61941964285717, 69.61495535714286, 14.380580357142847, 24.67633928571428, -1, -1, -1, -1
419, 0, 0.0, 74.86111111104958, 75.89285714284966, 38.06418865932364, -1, -1, -1, -1
419, 1, 224.96651785714286, 69.47544642857144, 15.033482142857139, 24.843749999999993, -1, -1, -1, -1
420, 0, 112.48325892857143, 72.24764384918544, 44.65959821427837, 31.494268519623695, -1, -1, -1, -1
420, 1, 224.31361607142856, 69.33593750000001, 15.68638392857143, 25.011160714285705, -1, -1, -1, -1
421, 0, 0.0, 75.01984126979941, 74.2857142856996, 38.1447870392474, -1, -1, -1, -1
421, 1, 223.66071428571428, 69.19642857142858, 16.339285714285722, 25.178571428571416, -1, -1, -1, -1
422, 0, 111.83035714285714, 72.18749999997658, 44.50892857141771, 31.781494883126832, -1, -1, -1, -1
422, 1, 223.0078125, 69.05691964285715, 16.992187500000007, 25.345982142857135, -1, -1, -1, -1
423, 0, 0.0, 75.17857142852458, 72.6785714285497, 38.38441833768225, -1, -1, -1, -1
423, 1, 222.35491071428572, 68.91741071428572, 17.645089285714292, 25.513392857142854, -1, -1, -1, -1
424, 0, 111.17745535714286, 72.12735615076772, 44.35825892855704, 32.06872124662998, -1, -1, -1, -1
424, 1, 221.70200892857144, 68.77790178571429, 18.297991071428577, 25.680803571428573, -1, -1, -1, -1
425, 0, 0.0, 75.33730158724973, 71.07142857139979, 38.62404963611709, -1, -1, -1, -1
425, 1, 221.04910714285714, 68.63839285714286, 18.95089285714286, 25.848214285714292, -1, -1, -1, -1
426, 0, 110.52455357142857, 72.06721230155887, 44.20758928569637, 32.35594761013313, -1, -1, -1, -1
426, 1, 220.39620535714283, 68.49888392857143, 19.603794642857146, 26.015625000000004, -1, -1, -1, -1
427, 0, 0.0, 75.49603174597488, 69.46428571424988, 38.86368093455196, -1, -1, -1, -1
427, 1, 219.74330357142856, 68.359375, 20.25669642857143, 26.183035714285715, -1, -1, -1, -1
428, 0, 109.87165178571428, 72.00706845235001, 44.05691964283571, 32.643173973636266, -1, -1, -1, -1
428, 1, 219.09040178571428, 68.21986607142858, 20.909598214285715, 26.350446428571427, -1, -1, -1, -1
429, 0, 0.0, 75.65476190470002, 67.85714285709999, 39.10331223298682, -1, -1, -1, -1
429, 1, 218.4375, 68.08035714285715, 21.5625, 26.51785714285714, -1, -1, -1, -1
430, 0, 109.21875, 71.94692460314883, 43.90624999998214, 32.64721343041117, -1, -1, -1, -1
430, 1, 217.78459821428572, 67.94084821428572, 22.215401785714285, 26.685267857142858, -1, -1, -1, -1
431, 0, 0.0, 75.81349206344049, 66.24999999996427, 38.77656971796521, -1, -1, -1, -1
431, 1, 217.13169642857144, 67.80133928571429, 22.86830357142857, 26.852678571428577, -1, -1, -1, -1
432, 0, 108.56584821428572, 71.88678075394763, 43.755580357128565, 32.65125288718609, -1, -1, -1, -1
432, 1, 216.47879464285717, 67.66183035714286, 23.521205357142854, 27.020089285714295, -1, -1, -1, -1
433, 0, 0.0, 75.97222222218097, 64.64285714282856, 38.449827202943595, -1, -1, -1, -1
433, 1, 215.82589285714286, 67.52232142857143, 24.17410714285714, 27.187500000000014, -1, -1, -1, -1
434, 0, 107.91294642857143, 71.82663690474644, 43.60491071427499, 32.655292343960994, -1, -1, -1, -1
434, 1, 215.17299107142856, 67.3828125, 24.827008928571427, 27.354910714285726, -1, -1, -1, -1
435, 0, 0.0, 76.13095238092144, 63.03571428569285, 38.12308468792198, -1, -1, -1, -1
435, 1, 214.52008928571428, 67.24330357142858, 25.479910714285715, 27.522321428571438, -1, -1, -1, -1
436, 0, 107.26004464285714, 71.76649305554525, 43.45424107142143, 32.6593318007359, -1, -1, -1, -1
436, 1, 213.8671875, 67.10379464285715, 26.132812500000004, 27.689732142857146, -1, -1, -1, -1
437, 0, 0.0, 76.28968253966191, 61.42857142855714, 37.79634217290037, -1, -1, -1, -1
437, 1, 213.21428571428572, 66.96428571428572, 26.785714285714292, 27.857142857142858, -1, -1, -1, -1
438, 0, 106.60714285714286, 71.70634920634406, 43.303571428567864, 32.66337125751081, -1, -1, -1, -1
438, 1, 212.51785714285717, 66.95535714285715, 27.482142857142858, 27.910714285714292, -1, -1, -1, -1
439, 0, 0.0, 76.4484126984024, 59.82142857142143, 37.46959965787876, -1, -1, -1, -1
439, 1, 211.82142857142858, 66.94642857142858, 28.178571428571423, 27.964285714285722, -1, -1, -1, -1
440, 0, 105.91071428571429, 71.77678571428572, 43.19642857142857, 32.55357142857143, -1, -1, -1, -1
440, 1, 211.125, 66.9375, 28.87499999999999, 28.017857142857153, -1, -1, -1, -1
441, 0, 0.0, 76.60714285714286, 58.214285714285715, 37.142857142857146, -1, -1, -1, -1
441, 1, 210.42857142857144, 66.92857142857143, 29.571428571428555, 28.071428571428584, -1, -1, -1, -1
442, 0, 105.21428571428572, 71.93154761904762, 43.08432539682539, 32.47817460317461, -1, -1, -1, -1
442, 1, 209.7321428571429, 66.91964285714286, 30.267857142857125, 28.12500000000001, -1, -1, -1, -1
443, 0, 0.0, 76.93452380952381, 56.59722222222223, 36.88492063492063, -1, -1, -1, -1
443, 1, 209.0357142857143, 66.91071428571429, 30.964285714285694, 28.178571428571438, -1, -1, -1, -1
444, 0, 104.51785714285715, 72.08630952380952, 42.972222222222214, 32.402777777777786, -1, -1, -1, -1
444, 1, 208.33928571428572, 66.90178571428572, 31.660714285714263, 28.232142857142865, -1, -1, -1, -1
445, 0, 0.0, 77.26190476190476, 54.980158730158735, 36.62698412698413, -1, -1, -1, -1
445, 1, 207.64285714285717, 66.89285714285715, 32.35714285714283, 28.285714285714292, -1, -1, -1, -1
446, 0, 103.82142857142858, 72.24107142857144, 42.86011904761904, 32.32738095238095, -1, -1, -1, -1
446, 1, 206.94642857142858, 66.88392857142858, 33.053571428571416, 28.33928571428572, -1, -1, -1, -1
447, 0, 0.0, 77.58928571428572, 53.36309523809524, 36.36904761904761, -1, -1, -1, -1
447, 1, 206.25, 66.875, 33.75, 28.392857142857146, -1, -1, -1, -1
448, 0, 103.125, 72.39583333333334, 42.74801587301587, 32.25198412698413, -1, -1, -1, -1
448, 1, 205.55357142857144, 66.86607142857143, 34.446428571428584, 28.446428571428573, -1, -1, -1, -1
449, 0, 0.0, 77.91666666666667, 51.74603174603175, 36.1111111111111, -1, -1, -1, -1
449, 1, 204.85714285714286, 66.85714285714286, 35.14285714285717, 28.5, -1, -1, -1, -1
450, 0, 102.42857142857143, 72.55059523809524, 42.63591269841271, 32.176587301587304, -1, -1, -1, -1
450, 1, 204.16071428571428, 66.84821428571429, 35.83928571428574, 28.553571428571427, -1, -1, -1, -1
451, 0, 0.0, 78.24404761904762, 50.12896825396825, 35.8531746031746, -1, -1, -1, -1
451, 1, 203.46428571428572, 66.83928571428572, 36.535714285714306, 28.607142857142854, -1, -1, -1, -1
452, 0, 101.73214285714286, 72.70535714285714, 42.52380952380953, 32.10119047619048, -1, -1, -1, -1
452, 1, 202.76785714285717, 66.83035714285715, 37.232142857142875, 28.66071428571428, -1, -1, -1, -1
453, 0, 0.0, 78.57142857142857, 48.51190476190476, 35.5952380952381, -1, -1, -1, -1
453, 1, 202.07142857142858, 66.82142857142858, 37.928571428571445, 28.714285714285708, -1, -1, -1, -1
454, 0, 101.03571428571429, 72.86011904761905, 42.411706349206355, 32.025793650793645, -1, -1, -1, -1
454, 1, 201.375, 66.81250000000001, 38.625000000000014, 28.76785714285714, -1, -1, -1, -1
455, 0, 0.0, 78.89880952380952, 46.894841269841265, 35.33730158730159, -1, -1, -1, -1
455, 1, 200.67857142857144, 66.80357142857144, 39.321428571428584, 28.82142857142857, -1, -1, -1, -1
456, 0, 100.33928571428572, 73.01488095238096, 42.29960317460318, 31.950396825396822, -1, -1, -1, -1
456, 1, 199.9821428571429, 66.79464285714286, 40.01785714285715, 28.875, -1, -1, -1, -1
457, 0, 0.0, 79.22619047619048, 45.27777777777778, 35.079365079365076, -1, -1, -1, -1
457, 1, 199.2857142857143, 66.78571428571429, 40.714285714285715, 28.92857142857143, -1, -1, -1, -1
458, 0, 99.64285714285715, 73.16964285714286, 42.1875, 31.875, -1, -1, -1, -1
458, 1, 198.58630952381313, 66.81547619047977, 41.4136904761869, 28.958333333332142, -1, -1, -1, -1
459, 0, 0.0, 79.55357142857143, 43.66071428571429, 34.82142857142857, -1, -1, -1, -1
459, 1, 197.88690476191195, 66.84523809524525, 42.11309523808808, 28.988095238092853, -1, -1, -1, -1
460, 0, 98.94345238095597, 73.36309523809882, 42.07837301586944, 31.77579365079246, -1, -1, -1, -1
460, 1, 197.18750000001077, 66.87500000001073, 42.81249999998926, 29.017857142853565, -1, -1, -1, -1
461, 0, 0.0, 79.88095238095238, 42.0436507936508, 34.56349206349206, -1, -1, -1, -1
461, 1, 196.4880952381096, 66.90476190477621, 43.511904761890435, 29.047619047614276, -1, -1, -1, -1
462, 0, 98.2440476190548, 73.55654761905478, 41.96924603173887, 31.676587301584913, -1, -1, -1, -1
462, 1, 195.78869047620844, 66.93452380954167, 44.21130952379161, 29.077380952374995, -1, -1, -1, -1
463, 0, 0.0, 80.20833333333334, 40.426587301587304, 34.30555555555555, -1, -1, -1, -1
463, 1, 195.08928571430727, 66.96428571430715, 44.91071428569279, 29.107142857135713, -1, -1, -1, -1
464, 0, 97.54464285715363, 73.75000000001071, 41.8601190476083, 31.577380952377375, -1, -1, -1, -1
464, 1, 194.3898809524061, 66.99404761907263, 45.61011904759397, 29.13690476189643, -1, -1, -1, -1
465, 0, 0.0, 80.53571428571429, 38.80952380952381, 34.04761904761904, -1, -1, -1, -1
465, 1, 193.6904761905049, 67.02380952383811, 46.30952380949515, 29.16666666665715, -1, -1, -1, -1
466, 0, 96.84523809525245, 73.94345238096668, 41.75099206347773, 31.478174603169844, -1, -1, -1, -1
466, 1, 192.99107142860373, 67.05357142860359, 47.008928571396325, 29.19642857141786, -1, -1, -1, -1
467, 0, 0.0, 80.86309523809524, 37.192460317460316, 33.78968253968254, -1, -1, -1, -1
467, 1, 192.29166666670255, 67.08333333336907, 47.708333333297496, 29.226190476178573, -1, -1, -1, -1
468, 0, 96.14583333335128, 74.13690476192264, 41.641865079347156, 31.378968253962306, -1, -1, -1, -1
468, 1, 191.59226190480138, 67.11309523813455, 48.40773809519867, 29.255952380939284, -1, -1, -1, -1
469, 0, 0.0, 81.19047619047619, 35.57539682539682, 33.53174603174604, -1, -1, -1, -1
469, 1, 190.8928571429002, 67.14285714290003, 49.107142857099845, 29.2857142857, -1, -1, -1, -1
470, 0, 95.4464285714501, 74.33035714287858, 41.53273809521659, 31.279761904754764, -1, -1, -1, -1
470, 1, 190.1934523810001, 67.17261904765002, 49.80654761899994, 29.315476190474996, -1, -1, -1, -1
471, 0, 0.0, 81.51785714285714, 33.95833333333333, 33.273809523809526, -1, -1, -1, -1
471, 1, 189.4940476191, 67.2023809524, 50.505952380900034, 29.345238095249996, -1, -1, -1, -1
472, 0, 94.74702380955, 74.52380952381905, 41.42361111108494, 31.180555555561504, -1, -1, -1, -1
472, 1, 188.7946428571999, 67.23214285715, 51.205357142800125, 29.375000000024997, -1, -1, -1, -1
473, 0, 0.0, 81.8452380952381, 32.34126984126984, 33.01587301587301, -1, -1, -1, -1
473, 1, 188.09523809529978, 67.26190476189997, 51.90476190470022, 29.404761904799994, -1, -1, -1, -1
474, 0, 94.04761904764989, 74.71726190475951, 41.31448412695329, 31.08134920636825, -1, -1, -1, -1
474, 1, 187.39583333337475, 67.29166666664995, 52.60416666662521, 29.434523809549987, -1, -1, -1, -1
475, 0, 0.0, 82.17261904761905, 30.724206349206348, 32.757936507936506, -1, -1, -1, -1
475, 1, 186.69642857144976, 67.3214285713999, 53.3035714285502, 29.464285714299976, -1, -1, -1, -1
476, 0, 93.34821428572488, 74.91071428569995, 41.20535714284653, 30.982142857149988, -1, -1, -1, -1
476, 1, 185.99702380952476, 67.35119047614988, 54.00297619047519, 29.494047619049965, -1, -1, -1, -1
477, 0, 0.0, 82.5, 29.107142857142858, 32.5, -1, -1, -1, -1
477, 1, 185.29761904759977, 67.38095238089986, 54.702380952400176, 29.523809523799958, -1, -1, -1, -1
478, 0, 92.64880952379988, 75.08556547616422, 41.09002976191437, 31.00074404761427, -1, -1, -1, -1
478, 1, 184.59821428569984, 67.41071428567489, 55.04464285715728, 29.553571428564254, -1, -1, -1, -1
479, 0, 0.0, 82.79017857142857, 27.47767857142857, 32.47767857142858, -1, -1, -1, -1
479, 1, 183.89880952379988, 67.44047619044993, 55.38690476191438, 29.583333333328554, -1, -1, -1, -1
480, 0, 91.94940476189994, 75.26041666665353, 40.617559523814336, 31.019345238092853, -1, -1, -1, -1
480, 1, 183.19940476189993, 67.47023809522497, 55.729166666671475, 29.61309523809285, -1, -1, -1, -1
481, 0, 0.0, 83.08035714285714, 25.848214285714285, 32.45535714285715, -1, -1, -1, -1
481, 1, 182.5, 67.5, 56.07142857142858, 29.642857142857146, -1, -1, -1, -1
482, 0, 91.25, 75.43526785714286, 40.14508928571429, 31.037946428571434, -1, -1, -1, -1
482, 1, 181.81361607143123, 67.5502232142875, 56.23657115219116, 29.63169642857232, -1, -1, -1, -1
483, 0, 0.0, 83.37053571428572, 24.21875, 32.43303571428572, -1, -1, -1, -1
483, 1, 181.12723214286245, 67.600446428575, 56.40171373295374, 29.620535714287488, -1, -1, -1, -1
484, 0, 90.56361607143123, 75.63058035714465, 39.49549972361973, 31.015625000000888, -1, -1, -1, -1
484, 1, 180.44084821429368, 67.6506696428625, 56.566856313716315, 29.609375000002657, -1, -1, -1, -1
485, 0, 0.0, 83.66071428571429, 22.589285714285715, 32.41071428571429, -1, -1, -1, -1
485, 1, 179.7544642857249, 67.70089285715, 56.73199889447889, 29.59821428571783, -1, -1, -1, -1
486, 0, 89.87723214286245, 75.82589285714643, 38.84591016152516, 30.993303571430346, -1, -1, -1, -1
486, 1, 179.06808035715613, 67.7511160714375, 56.89714147524148, 29.587053571433007, -1, -1, -1, -1
487, 0, 0.0, 83.95089285714286, 20.95982142857143, 32.38839285714286, -1, -1, -1, -1
487, 1, 178.38169642858736, 67.80133928572499, 57.062284056004074, 29.575892857148183, -1, -1, -1, -1
488, 0, 89.19084821429368, 76.02120535714822, 38.19632059943061, 30.970982142859807, -1, -1, -1, -1
488, 1, 177.6953125000186, 67.85156250001249, 57.227426636766666, 29.56473214286336, -1, -1, -1, -1
489, 0, 0.0, 84.24107142857144, 19.330357142857146, 32.36607142857143, -1, -1, -1, -1
489, 1, 177.0089285714498, 67.90178571429999, 57.39256921752926, 29.553571428578536, -1, -1, -1, -1
490, 0, 88.5044642857249, 76.21651785715, 37.54673103733606, 30.948660714289268, -1, -1, -1, -1
490, 1, 176.32254464288098, 67.95200892858749, 57.55771179829184, 29.542410714293712, -1, -1, -1, -1
491, 0, 0.0, 84.53125000000001, 17.70089285714286, 32.34375, -1, -1, -1, -1
491, 1, 175.6361607143122, 68.00223214287499, 57.722854379054425, 29.53125000000889, -1, -1, -1, -1
492, 0, 87.8180803571561, 76.41183035715179, 36.8971414752415, 30.926339285718733, -1, -1, -1, -1
492, 1, 174.94977678574344, 68.05245535716249, 57.88799695981701, 29.520089285724065, -1, -1, -1, -1
493, 0, 0.0, 84.82142857142858, 16.071428571428573, 32.32142857142858, -1, -1, -1, -1
493, 1, 174.26339285717467, 68.10267857144999, 58.05313954057959, 29.50892857143924, -1, -1, -1, -1
494, 0, 87.13169642858733, 76.46268401449476, 36.243831675046934, 30.957022095002152, -1, -1, -1, -1
494, 1, 173.5770089286059, 68.15290178573748, 58.21828212134217, 29.497767857154415, -1, -1, -1, -1
495, 0, 0.0, 84.82268945753954, 14.434523809514275, 32.40511561856506, -1, -1, -1, -1
495, 1, 172.89062500003712, 68.20312500002498, 58.38342470210475, 29.486607142869588, -1, -1, -1, -1
496, 0, 86.44531250001856, 76.51353767183774, 35.590521874852364, 30.98770490428557, -1, -1, -1, -1
496, 1, 172.20424107146835, 68.25334821431248, 58.548567282867324, 29.47544642858476, -1, -1, -1, -1
497, 0, 0.0, 84.8239503436505, 12.797619047599976, 32.488802665701556, -1, -1, -1, -1
497, 1, 171.51785714289957, 68.30357142859998, 58.713709863629894, 29.464285714299937, -1, -1, -1, -1
498, 0, 85.75892857144979, 76.82107296713168, 34.93721207466494, 29.80513798283128, -1, -1, -1, -1
498, 1, 170.8314732143246, 68.32031475963551, 58.77178156858572, 29.486604883264413, -1, -1, -1, -1
499, 0, 0.0, 85.33857450566339, 11.160714285699987, 30.145990251362623, -1, -1, -1, -1
499, 1, 170.14508928574966, 68.33705809067104, 58.82985327354156, 29.508924052228885, -1, -1, -1, -1
500, 0, 85.07254464287483, 77.09512837917364, 34.17683139867078, 28.656050944626287, -1, -1, -1, -1
500, 1, 169.45870535717472, 68.35380142170655, 58.88792497849739, 29.53124322119336, -1, -1, -1, -1
501, 0, 0.0, 85.85319866767627, 9.523809523799997, 27.80317783702369, -1, -1, -1, -1
501, 1, 168.77232142859975, 68.37054475274208, 58.94599668345322, 29.553562390157836, -1, -1, -1, -1
502, 0, 84.38616071429988, 77.88071490043296, 33.41645072267661, 26.995432797191985, -1, -1, -1, -1
502, 1, 168.08593750002478, 68.3872880837776, 59.004068388409046, 29.575881559122312, -1, -1, -1, -1
503, 0, 0.0, 87.39088504812385, 7.886904761899999, 24.437303204226133, -1, -1, -1, -1
503, 1, 167.39955357144981, 68.40403141481313, 59.062140093364874, 29.598200728086788, -1, -1, -1, -1
504, 0, 83.69977678572491, 78.66630142169228, 32.65607004668244, 25.334814649757682, -1, -1, -1, -1
504, 1, 166.71316964287485, 68.42077474584866, 59.1202117983207, 29.620519897051263, -1, -1, -1, -1
505, 0, 0.0, 88.92857142857143, 6.25, 21.071428571428573, -1, -1, -1, -1
505, 1, 166.0267857142999, 68.43751807688419, 59.17828350327653, 29.64283906601574, -1, -1, -1, -1
506, 0, 83.01339285714995, 78.68304475272781, 32.714141751638266, 25.357133818722154, -1, -1, -1, -1
506, 1, 165.34040178572496, 68.45426140791972, 59.23635520823237, 29.665158234980215, -1, -1, -1, -1
507, 0, 0.0, 88.92857142857143, 6.25, 21.071428571428573, -1, -1, -1, -1
507, 1, 164.65401785715, 68.47100473895523, 59.2944269131882, 29.68747740394469, -1, -1, -1, -1
508, 0, 82.327008928575, 78.69978808376334, 32.7722134565941, 25.379452987686633, -1, -1, -1, -1
508, 1, 163.96763392857503, 68.48774806999076, 59.352498618144025, 29.709796572909166, -1, -1, -1, -1
509, 1, 163.28125000000009, 68.50449140102629, 59.41057032309986, 29.732115741873642, -1, -1, -1, -1
510, 1, 162.59486607142864, 68.65515426505543, 59.468642028039184, 29.620515377833804, -1, -1, -1, -1
511, 1, 161.9084821428572, 68.80581712908457, 59.52671373297851, 29.508915013793967, -1, -1, -1, -1
512, 1, 161.22209821428575, 68.95647999311372, 59.58478543791783, 29.39731464975413, -1, -1, -1, -1
513, 1, 160.5357142857143, 69.10714285714286, 59.642857142857146, 29.28571428571429, -1, -1, -1, -1
514, 1, 159.89583333333337, 69.08482142857143, 59.6577380952381, 29.337797619047628, -1, -1, -1, -1
515, 1, 159.2559523809524, 69.0625, 59.67261904761905, 29.389880952380963, -1, -1, -1, -1
516, 1, 158.61607142857144, 69.04017857142857, 59.68750000000001, 29.4419642857143, -1, -1, -1, -1
517, 1, 157.97619047619048, 69.01785714285714, 59.70238095238096, 29.494047619047635, -1, -1, -1, -1
518, 1, 157.33630952380952, 68.99553571428571, 59.71726190476191, 29.546130952380967, -1, -1, -1, -1
519, 1, 156.69642857142858, 68.97321428571428, 59.73214285714286, 29.5982142857143, -1, -1, -1, -1
520, 1, 156.05654761904765, 68.95089285714286, 59.74702380952381, 29.65029761904763, -1, -1, -1, -1
521, 1, 155.41666666666669, 68.92857142857143, 59.76190476190476, 29.702380952380963, -1, -1, -1, -1
522, 1, 154.77678571428572, 68.90625, 59.77678571428571, 29.754464285714292, -1, -1, -1, -1
523, 1, 154.1369047619048, 68.88392857142858, 59.79166666666666, 29.80654761904762, -1, -1, -1, -1
524, 1, 153.49702380952385, 68.86160714285715, 59.806547619047606, 29.85863095238095, -1, -1, -1, -1
525, 1, 152.8571428571429, 68.83928571428572, 59.821428571428555, 29.910714285714278, -1, -1, -1, -1
526, 1, 152.21726190476193, 68.81696428571429, 59.83630952380951, 29.962797619047613, -1, -1, -1, -1
527, 1, 151.57738095238096, 68.79464285714286, 59.85119047619047, 30.01488095238095, -1, -1, -1, -1
528, 1, 150.9375, 68.77232142857143, 59.86607142857142, 30.066964285714285, -1, -1, -1, -1
529, 1, 150.29761904761907, 68.75, 59.88095238095238, 30.11904761904762, -1, -1, -1, -1
530, 1, 149.65773809523813, 68.72767857142857, 59.895833333333336, 30.171130952380956, -1, -1, -1, -1
531, 1, 149.01785714285717, 68.70535714285714, 59.91071428571429, 30.223214285714292, -1, -1, -1, -1
532, 1, 148.3779761904762, 68.68303571428571, 59.92559523809525, 30.275297619047628, -1, -1, -1, -1
533, 1, 147.73809523809524, 68.66071428571428, 59.940476190476204, 30.327380952380963, -1, -1, -1, -1
534, 1, 147.09821428571428, 68.63839285714285, 59.95535714285715, 30.379464285714295, -1, -1, -1, -1
535, 1, 146.45833333333334, 68.61607142857142, 59.9702380952381, 30.431547619047628, -1, -1, -1, -1
536, 1, 145.8184523809524, 68.59375, 59.98511904761905, 30.48363095238096, -1, -1, -1, -1
537, 1, 145.17857142857144, 68.57142857142857, 60.00000000000001, 30.535714285714292, -1, -1, -1, -1
538, 1, 144.55357142857144, 68.62723214285714, 60.078125, 30.50223214285715, -1, -1, -1, -1
539, 1, 143.92857142857144, 68.68303571428572, 60.15625, 30.468750000000007, -1, -1, -1, -1
540, 1, 143.30357142857144, 68.73883928571429, 60.234375, 30.435267857142865, -1, -1, -1, -1
541, 1, 142.67857142857144, 68.79464285714286, 60.3125, 30.401785714285722, -1, -1, -1, -1
542, 1, 142.05357142857144, 68.85044642857143, 60.390625, 30.36830357142858, -1, -1, -1, -1
543, 1, 141.42857142857144, 68.90625, 60.46875, 30.334821428571438, -1, -1, -1, -1
544, 1, 140.80357142857144, 68.96205357142857, 60.546875, 30.301339285714295, -1, -1, -1, -1
545, 1, 140.17857142857144, 69.01785714285714, 60.625, 30.267857142857153, -1, -1, -1, -1
546, 1, 139.55357142857144, 69.07366071428571, 60.703125, 30.234375000000007, -1, -1, -1, -1
547, 1, 138.92857142857144, 69.12946428571428, 60.78125, 30.20089285714286, -1, -1, -1, -1
548, 1, 138.30357142857144, 69.18526785714286, 60.859375, 30.167410714285715, -1, -1, -1, -1
549, 1, 137.67857142857144, 69.24107142857143, 60.9375, 30.13392857142857, -1, -1, -1, -1
550, 1, 137.05357142857144, 69.296875, 61.015625, 30.100446428571427, -1, -1, -1, -1
551, 1, 136.42857142857144, 69.35267857142858, 61.09375, 30.066964285714285, -1, -1, -1, -1
552, 1, 135.80357142857144, 69.40848214285715, 61.171875, 30.033482142857146, -1, -1, -1, -1
553, 1, 135.17857142857144, 69.46428571428572, 61.25000000000001, 30.000000000000004, -1, -1, -1, -1
554, 1, 134.62946428571297, 69.48214285714242, 61.29464285714376, 29.99553571428438, -1, -1, -1, -1
555, 1, 134.0803571428545, 69.49999999999912, 61.3392857142875, 29.991071428568752, -1, -1, -1, -1
556, 1, 133.53124999999602, 69.5178571428558, 61.38392857143125, 29.986607142853128, -1, -1, -1, -1
557, 1, 132.98214285713752, 69.5357142857125, 61.428571428575, 29.982142857137504, -1, -1, -1, -1
558, 1, 132.43303571427901, 69.5535714285692, 61.47321428571875, 29.977678571421876, -1, -1, -1, -1
559, 1, 131.88392857142054, 69.5714285714259, 61.517857142862496, 29.97321428570625, -1, -1, -1, -1
560, 1, 131.33482142856207, 69.5892857142826, 61.562500000006246, 29.96874999999062, -1, -1, -1, -1
561, 1, 130.7857142857036, 69.6071428571393, 61.607142857149995, 29.964285714274993, -1, -1, -1, -1
562, 1, 130.23660714284512, 69.62499999999599, 61.65178571429375, 29.95982142855937, -1, -1, -1, -1
563, 1, 129.6874999999866, 69.64285714285268, 61.69642857143751, 29.955357142843745, -1, -1, -1, -1
564, 1, 129.1383928571281, 69.66071428570937, 61.741071428581265, 29.95089285712812, -1, -1, -1, -1
565, 1, 128.58928571426964, 69.67857142856607, 61.78571428572502, 29.946428571412497, -1, -1, -1, -1
566, 1, 128.04017857141116, 69.69642857142277, 61.83035714286877, 29.94196428569687, -1, -1, -1, -1
567, 1, 127.49107142855267, 69.71428571427947, 61.87500000001252, 29.93749999998124, -1, -1, -1, -1
568, 1, 126.94196428569418, 69.73214285713617, 61.91964285715627, 29.933035714265614, -1, -1, -1, -1
569, 1, 126.39285714283571, 69.74999999999287, 61.96428571430002, 29.928571428549986, -1, -1, -1, -1
570, 1, 125.84374999997723, 69.76785714284956, 62.00892857144377, 29.924107142834366, -1, -1, -1, -1
571, 1, 125.29464285711875, 69.78571428570626, 62.05357142858752, 29.919642857118745, -1, -1, -1, -1
572, 1, 124.74553571426026, 69.80357142856295, 62.09821428573127, 29.915178571403125, -1, -1, -1, -1
573, 1, 124.19642857140178, 69.82142857141964, 62.142857142875016, 29.910714285687504, -1, -1, -1, -1
574, 1, 123.64732142854331, 69.83928571427634, 62.187500000018765, 29.90624999997188, -1, -1, -1, -1
575, 1, 123.09821428568482, 69.85714285713303, 62.232142857162515, 29.901785714256256, -1, -1, -1, -1
576, 1, 122.54910714282633, 69.87499999998973, 62.276785714306264, 29.897321428540632, -1, -1, -1, -1
577, 1, 121.99999999996786, 69.89285714284642, 62.321428571450014, 29.892857142825008, -1, -1, -1, -1
578, 1, 121.45089285710937, 69.91071428570312, 62.36607142859377, 29.88839285710938, -1, -1, -1, -1
579, 1, 120.90178571425088, 69.92857142855982, 62.41071428573752, 29.883928571393753, -1, -1, -1, -1
580, 1, 120.3526785713924, 69.94642857141652, 62.45535714288127, 29.879464285678125, -1, -1, -1, -1
581, 1, 119.80357142853391, 69.96428571427322, 62.500000000025025, 29.874999999962498, -1, -1, -1, -1
582, 1, 119.25446428567543, 69.98214285712992, 62.54464285716877, 29.870535714246873, -1, -1, -1, -1
583, 1, 118.70535714281695, 69.99999999998661, 62.58928571431252, 29.86607142853125, -1, -1, -1, -1
584, 1, 118.15624999995848, 70.0178571428433, 62.633928571456266, 29.861607142815625, -1, -1, -1, -1
585, 1, 117.60714285709999, 70.0357142857, 62.67857142860001, 29.8571428571, -1, -1, -1, -1
586, 1, 117.0580357142482, 70.05357142855893, 62.723214285739296, 29.85267857139107, -1, -1, -1, -1
587, 1, 116.50892857139641, 70.07142857141785, 62.76785714287858, 29.84821428568214, -1, -1, -1, -1
588, 1, 115.95982142854463, 70.08928571427678, 62.81250000001787, 29.84374999997321, -1, -1, -1, -1
589, 1, 115.41071428569285, 70.10714285713571, 62.85714285715716, 29.83928571426428, -1, -1, -1, -1
590, 1, 114.86160714284107, 70.12499999999464, 62.90178571429644, 29.83482142855535, -1, -1, -1, -1
591, 1, 114.31249999998929, 70.14285714285357, 62.946428571435725, 29.830357142846424, -1, -1, -1, -1
592, 1, 113.7633928571375, 70.1607142857125, 62.99107142857501, 29.825892857137497, -1, -1, -1, -1
593, 1, 113.21428571428572, 70.17857142857143, 63.03571428571429, 29.821428571428573, -1, -1, -1, -1
594, 1, 112.69252232142858, 70.1953125, 63.02455357142858, 29.829799107142854, -1, -1, -1, -1
595, 1, 112.17075892857144, 70.21205357142858, 63.01339285714286, 29.83816964285714, -1, -1, -1, -1
596, 1, 111.6489955357143, 70.22879464285715, 63.002232142857146, 29.846540178571423, -1, -1, -1, -1
597, 1, 111.12723214285715, 70.24553571428572, 62.99107142857143, 29.854910714285708, -1, -1, -1, -1
598, 1, 110.60546875, 70.26227678571429, 62.97991071428571, 29.863281249999996, -1, -1, -1, -1
599, 1, 110.08370535714286, 70.27901785714286, 62.96874999999999, 29.871651785714285, -1, -1, -1, -1
600, 1, 109.56194196428572, 70.29575892857143, 62.95758928571428, 29.880022321428573, -1, -1, -1, -1
601, 1, 109.04017857142858, 70.3125, 62.946428571428555, 29.88839285714286, -1, -1, -1, -1
602, 1, 108.51841517857144, 70.32924107142857, 62.93526785714285, 29.896763392857146, -1, -1, -1, -1
603, 1, 107.99665178571429, 70.34598214285714, 62.92410714285714, 29.90513392857143, -1, -1, -1, -1
604, 1, 107.47488839285714, 70.36272321428572, 62.91294642857143, 29.913504464285715, -1, -1, -1, -1
605, 1, 106.953125, 70.37946428571429, 62.90178571428572, 29.921875, -1, -1, -1, -1
606, 1, 106.43136160714286, 70.39620535714286, 62.890625, 29.93024553571429, -1, -1, -1, -1
607, 1, 105.90959821428572, 70.41294642857143, 62.879464285714285, 29.938616071428577, -1, -1, -1, -1
608, 1, 105.38783482142858, 70.4296875, 62.86830357142857, 29.946986607142865, -1, -1, -1, -1
609, 1, 104.86607142857143, 70.44642857142857, 62.85714285714285, 29.955357142857153, -1, -1, -1, -1
610, 1, 104.34430803571428, 70.46316964285714, 62.84598214285714, 29.963727678571434, -1, -1, -1, -1
611, 1, 103.82254464285714, 70.47991071428572, 62.83482142857142, 29.972098214285715, -1, -1, -1, -1
612, 1, 103.30078125, 70.49665178571429, 62.82366071428571, 29.980468749999996, -1, -1, -1, -1
613, 1, 102.77901785714286, 70.51339285714286, 62.8125, 29.988839285714278, -1, -1, -1, -1
614, 1, 102.25725446428572, 70.53013392857143, 62.80133928571428, 29.997209821428566, -1, -1, -1, -1
615, 1, 101.73549107142858, 70.546875, 62.79017857142856, 30.005580357142854, -1, -1, -1, -1
616, 1, 101.21372767857144, 70.56361607142857, 62.77901785714285, 30.013950892857142, -1, -1, -1, -1
617, 1, 100.69196428571429, 70.58035714285714, 62.767857142857125, 30.02232142857143, -1, -1, -1, -1
618, 1, 100.17020089285714, 70.59709821428571, 62.756696428571416, 30.030691964285715, -1, -1, -1, -1
619, 1, 99.6484375, 70.61383928571428, 62.7455357142857, 30.0390625, -1, -1, -1, -1
620, 1, 99.12667410714286, 70.63058035714286, 62.734374999999986, 30.047433035714285, -1, -1, -1, -1
621, 1, 98.60491071428572, 70.64732142857143, 62.72321428571428, 30.05580357142857, -1, -1, -1, -1
622, 1, 98.08314732142858, 70.6640625, 62.71205357142856, 30.064174107142854, -1, -1, -1, -1
623, 1, 97.56138392857143, 70.68080357142858, 62.70089285714285, 30.07254464285714, -1, -1, -1, -1
624, 1, 97.03962053571428, 70.69754464285715, 62.68973214285713, 30.080915178571423, -1, -1, -1, -1
625, 1, 96.51785714285714, 70.71428571428572, 62.678571428571416, 30.089285714285708, -1, -1, -1, -1
626, 1, 95.99609375, 70.73102678571429, 62.66741071428571, 30.097656249999996, -1, -1, -1, -1
627, 1, 95.47433035714286, 70.74776785714286, 62.65624999999999, 30.106026785714285, -1, -1, -1, -1
628, 1, 94.95256696428572, 70.76450892857143, 62.64508928571428, 30.114397321428573, -1, -1, -1, -1
629, 1, 94.43080357142857, 70.78125, 62.63392857142857, 30.12276785714286, -1, -1, -1, -1
630, 1, 93.90904017857142, 70.79799107142857, 62.62276785714286, 30.131138392857146, -1, -1, -1, -1
631, 1, 93.38727678571428, 70.81473214285714, 62.611607142857146, 30.13950892857143, -1, -1, -1, -1
632, 1, 92.86551339285714, 70.83147321428572, 62.60044642857143, 30.147879464285715, -1, -1, -1, -1
633, 1, 92.34375, 70.84821428571429, 62.58928571428572, 30.15625, -1, -1, -1, -1
634, 1, 91.82198660714286, 70.86495535714286, 62.578125, 30.16462053571429, -1, -1, -1, -1
635, 1, 91.30022321428572, 70.88169642857143, 62.566964285714285, 30.172991071428577, -1, -1, -1, -1
636, 1, 90.77845982142858, 70.8984375, 62.55580357142857, 30.181361607142865, -1, -1, -1, -1
637, 1, 90.25669642857143, 70.91517857142857, 62.54464285714285, 30.189732142857153, -1, -1, -1, -1
638, 1, 89.73493303571428, 70.93191964285714, 62.53348214285714, 30.198102678571434, -1, -1, -1, -1
639, 1, 89.21316964285714, 70.94866071428572, 62.52232142857142, 30.206473214285715, -1, -1, -1, -1
640, 1, 88.69140625, 70.96540178571429, 62.51116071428571, 30.214843749999996, -1, -1, -1, -1
641, 1, 88.16964285714286, 70.98214285714286, 62.5, 30.223214285714278, -1, -1, -1, -1
642, 1, 87.64787946428572, 70.99888392857143, 62.488839285714285, 30.231584821428566, -1, -1, -1, -1
643, 1, 87.12611607142857, 71.015625, 62.47767857142857, 30.239955357142854, -1, -1, -1, -1
644, 1, 86.60435267857142, 71.03236607142857, 62.466517857142854, 30.248325892857142, -1, -1, -1, -1
645, 1, 86.08258928571428, 71.04910714285714, 62.45535714285714, 30.25669642857143, -1, -1, -1, -1
646, 1, 85.56082589285714, 71.06584821428571, 62.44419642857142, 30.265066964285715, -1, -1, -1, -1
647, 1, 85.0390625, 71.08258928571428, 62.43303571428571, 30.2734375, -1, -1, -1, -1
648, 1, 84.51729910714286, 71.09933035714286, 62.42187499999999, 30.281808035714285, -1, -1, -1, -1
649, 1, 83.99553571428572, 71.11607142857143, 62.41071428571428, 30.29017857142857, -1, -1, -1, -1
650, 1, 83.47377232142858, 71.1328125, 62.39955357142856, 30.298549107142858, -1, -1, -1, -1
651, 1, 82.95200892857143, 71.14955357142857, 62.38839285714285, 30.306919642857146, -1, -1, -1, -1
652, 1, 82.43024553571428, 71.16629464285714, 62.37723214285713, 30.315290178571434, -1, -1, -1, -1
653, 1, 81.90848214285714, 71.18303571428571, 62.366071428571416, 30.323660714285722, -1, -1, -1, -1
654, 1, 81.38671875, 71.19977678571428, 62.35491071428571, 30.332031250000007, -1, -1, -1, -1
655, 1, 80.86495535714286, 71.21651785714286, 62.34375, 30.340401785714292, -1, -1, -1, -1
656, 1, 80.34319196428572, 71.23325892857143, 62.33258928571429, 30.348772321428577, -1, -1, -1, -1
657, 1, 79.82142857142857, 71.25, 62.32142857142858, 30.357142857142858, -1, -1, -1, -1
658, 1, 79.33684550441879, 71.27511160714499, 62.2563464598655, 30.348772321430715, -1, -1, -1, -1
659, 1, 78.852262437409, 71.30022321429, 62.191264348302425, 30.340401785718576, -1, -1, -1, -1
660, 1, 78.36767937039922, 71.325334821435, 62.126182236739346, 30.332031250006434, -1, -1, -1, -1
661, 1, 77.88309630338944, 71.35044642858, 62.06110012517627, 30.32366071429429, -1, -1, -1, -1
662, 1, 77.39851323637966, 71.37555803572499, 61.996018013613195, 30.31529017858215, -1, -1, -1, -1
663, 1, 76.91393016936988, 71.40066964287, 61.930935902050116, 30.306919642870007, -1, -1, -1, -1
664, 1, 76.42934710236008, 71.425781250015, 61.86585379048704, 30.298549107157864, -1, -1, -1, -1
665, 1, 75.9447640353503, 71.45089285716, 61.800771678923965, 30.290178571445722, -1, -1, -1, -1
666, 1, 75.46018096834052, 71.47600446430499, 61.73568956736088, 30.281808035733576, -1, -1, -1, -1
667, 1, 74.97559790133073, 71.50111607145, 61.6706074557978, 30.27343750002143, -1, -1, -1, -1
668, 1, 74.49101483432095, 71.526227678595, 61.60552534423472, 30.265066964309284, -1, -1, -1, -1
669, 1, 74.00643176731117, 71.55133928574, 61.540443232671635, 30.256696428597138, -1, -1, -1, -1
670, 1, 73.52184870030139, 71.57645089288499, 61.47536112110856, 30.248325892884996, -1, -1, -1, -1
671, 1, 73.03726563329161, 71.60156250003, 61.410279009545484, 30.239955357172853, -1, -1, -1, -1
672, 1, 72.55268256628182, 71.626674107175, 61.345196897982404, 30.23158482146071, -1, -1, -1, -1
673, 1, 72.06809949927204, 71.65178571432, 61.28011478641933, 30.22321428574857, -1, -1, -1, -1
674, 1, 71.58351643226226, 71.67689732146499, 61.21503267485625, 30.214843750036426, -1, -1, -1, -1
675, 1, 71.09893336525246, 71.70200892861, 61.149950563293174, 30.206473214324284, -1, -1, -1, -1
676, 1, 70.61435029824268, 71.727120535755, 61.0848684517301, 30.198102678612138, -1, -1, -1, -1
677, 1, 70.1297672312329, 71.7522321429, 61.01978634016702, 30.189732142899995, -1, -1, -1, -1
678, 1, 69.578928365588, 71.77734375004188, 61.020960027241145, 30.181361607184733, -1, -1, -1, -1
679, 1, 69.02808949994309, 71.80245535718376, 61.022133714315274, 30.172991071469475, -1, -1, -1, -1
680, 1, 68.4772506342982, 71.82756696432565, 61.0233074013894, 30.164620535754214, -1, -1, -1, -1
681, 1, 67.9264117686533, 71.85267857146754, 61.02448108846353, 30.156250000038952, -1, -1, -1, -1
682, 1, 67.37557290300839, 71.87779017860942, 61.02565477553766, 30.147879464323697, -1, -1, -1, -1
683, 1, 66.82473403736348, 71.9029017857513, 61.02682846261179, 30.139508928608443, -1, -1, -1, -1
684, 1, 66.27389517171858, 71.92801339289318, 61.02800214968592, 30.131138392893188, -1, -1, -1, -1
685, 1, 65.72305630607367, 71.95312500003506, 61.02917583676005, 30.122767857177934, -1, -1, -1, -1
686, 1, 65.17221744042877, 71.97823660717694, 61.03034952383417, 30.114397321462672, -1, -1, -1, -1
687, 1, 64.62137857478388, 72.00334821431883, 61.03152321090829, 30.10602678574741, -1, -1, -1, -1
688, 1, 64.07053970913897, 72.02845982146071, 61.03269689798241, 30.09765625003215, -1, -1, -1, -1
689, 1, 63.519700843494064, 72.0535714286026, 61.03387058505653, 30.089285714316887, -1, -1, -1, -1
690, 1, 62.96886197784916, 72.07868303574448, 61.03504427213066, 30.080915178601625, -1, -1, -1, -1
691, 1, 62.41802311220425, 72.10379464288636, 61.03621795920479, 30.072544642886363, -1, -1, -1, -1
692, 1, 61.86718424655935, 72.12890625002825, 61.03739164627892, 30.0641741071711, -1, -1, -1, -1
693, 1, 61.31634538091445, 72.15401785717013, 61.03856533335304, 30.05580357145584, -1, -1, -1, -1
694, 1, 60.76550651526955, 72.17912946431201, 61.03973902042716, 30.04743303574058, -1, -1, -1, -1
695, 1, 60.214667649624644, 72.20424107145391, 61.04091270750129, 30.039062500025317, -1, -1, -1, -1
696, 1, 59.66382878397974, 72.22935267859579, 61.04208639457542, 30.030691964310055, -1, -1, -1, -1
697, 1, 59.11298991833483, 72.25446428573767, 61.04326008164955, 30.022321428594793, -1, -1, -1, -1
698, 1, 58.56215105268993, 72.27957589287955, 61.04443376872368, 30.01395089287954, -1, -1, -1, -1
699, 1, 58.01131218704502, 72.30468750002143, 61.04560745579781, 30.005580357164284, -1, -1, -1, -1
700, 1, 57.460473321400116, 72.32979910716331, 61.046781142871936, 29.99720982144903, -1, -1, -1, -1
701, 1, 56.90963445575522, 72.35491071430519, 61.04795482994606, 29.988839285733775, -1, -1, -1, -1
702, 1, 56.35879559011032, 72.38002232144707, 61.04912851702018, 29.980468750018513, -1, -1, -1, -1
703, 1, 55.80795672446541, 72.40513392858895, 61.05030220409431, 29.97209821430325, -1, -1, -1, -1
704, 1, 55.25711785882051, 72.43024553573085, 61.05147589116844, 29.96372767858799, -1, -1, -1, -1
705, 1, 54.7062789931756, 72.45535714287273, 61.052649578242566, 29.955357142872728, -1, -1, -1, -1
706, 1, 54.155440127530696, 72.48046875001461, 61.05382326531669, 29.946986607157466, -1, -1, -1, -1
707, 1, 53.6046012618858, 72.5055803571565, 61.05499695239081, 29.938616071442205, -1, -1, -1, -1
708, 1, 53.0537623962409, 72.53069196429838, 61.05617063946493, 29.930245535726943, -1, -1, -1, -1
709, 1, 52.50292353059599, 72.55580357144026, 61.05734432653905, 29.92187500001168, -1, -1, -1, -1
710, 1, 51.95208466495109, 72.58091517858215, 61.05851801361318, 29.91350446429642, -1, -1, -1, -1
711, 1, 51.40124579930618, 72.60602678572403, 61.05969170068731, 29.905133928581158, -1, -1, -1, -1
712, 1, 50.850406933661276, 72.63113839286592, 61.06086538776144, 29.896763392865896, -1, -1, -1, -1
713, 1, 50.29956806801637, 72.6562500000078, 61.06203907483557, 29.888392857150635, -1, -1, -1, -1
714, 1, 49.748729202371464, 72.68136160714968, 61.063212761909696, 29.88002232143538, -1, -1, -1, -1
715, 1, 49.197890336726566, 72.70647321429156, 61.06438644898382, 29.871651785720125, -1, -1, -1, -1
716, 1, 48.64705147108167, 72.73158482143344, 61.06556013605794, 29.86328125000487, -1, -1, -1, -1
717, 1, 48.09621260543676, 72.75669642857532, 61.06673382313207, 29.854910714289616, -1, -1, -1, -1
718, 1, 47.545373739791856, 72.7818080357172, 61.0679075102062, 29.846540178574354, -1, -1, -1, -1
719, 1, 46.99453487414695, 72.8069196428591, 61.069081197280326, 29.838169642859093, -1, -1, -1, -1
720, 1, 46.443696008502044, 72.83203125000098, 61.070254884354455, 29.829799107143835, -1, -1, -1, -1
721, 1, 45.892857142857146, 72.85714285714286, 61.07142857142858, 29.821428571428573, -1, -1, -1, -1
722, 1, 45.319412053503896, 72.87946428571337, 61.03581753833227, 29.830994897958924, -1, -1, -1, -1
723, 1, 44.74596696415064, 72.90178571428387, 61.000206505235965, 29.840561224489278, -1, -1, -1, -1
724, 1, 44.17252187479738, 72.92410714285438, 60.964595472139656, 29.850127551019632, -1, -1, -1, -1
725, 1, 43.599076785444126, 72.9464285714249, 60.92898443904335, 29.859693877549986, -1, -1, -1, -1
726, 1, 43.02563169609087, 72.96874999999542, 60.89337340594703, 29.869260204080337, -1, -1, -1, -1
727, 1, 42.45218660673762, 72.99107142856593, 60.85776237285072, 29.878826530610688, -1, -1, -1, -1
728, 1, 41.87874151738437, 73.01339285713644, 60.82215133975441, 29.88839285714104, -1, -1, -1, -1
729, 1, 41.30529642803111, 73.03571428570694, 60.7865403066581, 29.89795918367139, -1, -1, -1, -1
730, 1, 40.731851338677856, 73.05803571427745, 60.75092927356179, 29.907525510201744, -1, -1, -1, -1
731, 1, 40.1584062493246, 73.08035714284796, 60.71531824046548, 29.917091836732098, -1, -1, -1, -1
732, 1, 39.58496115997134, 73.10267857141847, 60.67970720736918, 29.926658163262452, -1, -1, -1, -1
733, 1, 39.01151607061809, 73.12499999998899, 60.64409617427287, 29.936224489792806, -1, -1, -1, -1
734, 1, 38.43807098126484, 73.14732142855951, 60.60848514117656, 29.94579081632316, -1, -1, -1, -1
735, 1, 37.86462589191159, 73.16964285713001, 60.57287410808024, 29.955357142853515, -1, -1, -1, -1
736, 1, 37.29118080255833, 73.19196428570052, 60.53726307498393, 29.96492346938387, -1, -1, -1, -1
737, 1, 36.71773571320507, 73.21428571427103, 60.501652041887624, 29.974489795914224, -1, -1, -1, -1
738, 1, 36.144290623851816, 73.23660714284154, 60.466041008791315, 29.984056122444574, -1, -1, -1, -1
739, 1, 35.57084553449856, 73.25892857141204, 60.430429975695006, 29.993622448974925, -1, -1, -1, -1
740, 1, 34.9974004451453, 73.28124999998255, 60.394818942598704, 30.003188775505276, -1, -1, -1, -1
741, 1, 34.42395535579205, 73.30357142855307, 60.359207909502395, 30.012755102035626, -1, -1, -1, -1
742, 1, 33.8505102664388, 73.32589285712359, 60.323596876406086, 30.02232142856598, -1, -1, -1, -1
743, 1, 33.27706517708555, 73.3482142856941, 60.287985843309784, 30.031887755096335, -1, -1, -1, -1
744, 1, 32.70362008773229, 73.3705357142646, 60.252374810213475, 30.04145408162669, -1, -1, -1, -1
745, 1, 32.13017499837903, 73.39285714283511, 60.216763777117166, 30.051020408157044, -1, -1, -1, -1
746, 1, 31.55672990902578, 73.41517857140562, 60.18115274402085, 30.060586734687394, -1, -1, -1, -1
747, 1, 30.983284819672527, 73.43749999997613, 60.14554171092454, 30.070153061217745, -1, -1, -1, -1
748, 1, 30.409839730319273, 73.45982142854663, 60.10993067782823, 30.079719387748096, -1, -1, -1, -1
749, 1, 29.83639464096602, 73.48214285711715, 60.074319644731915, 30.089285714278446, -1, -1, -1, -1
750, 1, 29.262949551612763, 73.50446428568767, 60.038708611635606, 30.0988520408088, -1, -1, -1, -1
751, 1, 28.68950446225951, 73.52678571425818, 60.0030975785393, 30.108418367339155, -1, -1, -1, -1
752, 1, 28.116059372906257, 73.54910714282869, 59.967486545442995, 30.11798469386951, -1, -1, -1, -1
753, 1, 27.542614283553, 73.5714285713992, 59.931875512346686, 30.127551020399867, -1, -1, -1, -1
754, 1, 26.93071964078535, 73.59374999997424, 59.89401902532737, 30.13711734692987, -1, -1, -1, -1
755, 1, 26.318824998017703, 73.61607142854928, 59.856162538308055, 30.146683673459876, -1, -1, -1, -1
756, 1, 25.70693035525005, 73.63839285712432, 59.81830605128874, 30.156249999989882, -1, -1, -1, -1
757, 1, 25.095035712482403, 73.66071428569936, 59.78044956426942, 30.165816326519888, -1, -1, -1, -1
758, 1, 24.483141069714755, 73.6830357142744, 59.7425930772501, 30.175382653049898, -1, -1, -1, -1
759, 1, 23.871246426947106, 73.70535714284944, 59.70473659023078, 30.184948979579907, -1, -1, -1, -1
760, 1, 23.259351784179458, 73.72767857142446, 59.66688010321146, 30.194515306109917, -1, -1, -1, -1
761, 1, 22.64745714141181, 73.7499999999995, 59.62902361619214, 30.204081632639927, -1, -1, -1, -1
762, 1, 22.03556249864416, 73.77232142857454, 59.59116712917283, 30.21364795916993, -1, -1, -1, -1
763, 1, 21.42366785587651, 73.79464285714958, 59.55331064215351, 30.22321428569993, -1, -1, -1, -1
764, 1, 20.81177321310886, 73.81696428572462, 59.515454155134194, 30.232780612229934, -1, -1, -1, -1
765, 1, 20.199878570341212, 73.83928571429966, 59.47759766811488, 30.242346938759937, -1, -1, -1, -1
766, 1, 19.587983927573564, 73.8616071428747, 59.43974118109556, 30.251913265289947, -1, -1, -1, -1
767, 1, 18.976089284805916, 73.88392857144973, 59.401884694076244, 30.261479591819956, -1, -1, -1, -1
768, 1, 18.364194642038267, 73.90625000002477, 59.364028207056926, 30.271045918349966, -1, -1, -1, -1
769, 1, 17.75229999927062, 73.92857142859981, 59.32617172003761, 30.280612244879975, -1, -1, -1, -1
770, 1, 17.14040535650297, 73.95089285717485, 59.28831523301829, 30.29017857140998, -1, -1, -1, -1
771, 1, 16.528510713735322, 73.97321428574989, 59.25045874599897, 30.299744897939988, -1, -1, -1, -1
772, 1, 15.916616070967672, 73.99553571432493, 59.21260225897966, 30.309311224469994, -1, -1, -1, -1
773, 1, 15.304721428200022, 74.01785714289997, 59.17474577196034, 30.318877550999996, -1, -1, -1, -1
774, 1, 14.69282678543573, 74.0401785714607, 59.38105932897025, 30.32844387753571, -1, -1, -1, -1
775, 1, 14.08093214267144, 74.06250000002142, 59.58737288598017, 30.338010204071427, -1, -1, -1, -1
776, 1, 13.469037499907149, 74.08482142858213, 59.793686442990094, 30.347576530607142, -1, -1, -1, -1
777, 1, 12.857142857142858, 74.10714285714286, 60.00000000000001, 30.357142857142858, -1, -1, -1, -1
778, 1, 12.229102998403409, 74.1517857142875, 59.92198165674037, 30.412946428574998, -1, -1, -1, -1
779, 1, 11.601063139663959, 74.19642857143214, 59.843963313480735, 30.46875000000714, -1, -1, -1, -1
780, 1, 10.973023280924508, 74.24107142857679, 59.7659449702211, 30.52455357143928, -1, -1, -1, -1
781, 1, 10.34498342218506, 74.28571428572143, 59.68792662696146, 30.58035714287142, -1, -1, -1, -1
782, 1, 9.71694356344561, 74.33035714286606, 59.60990828370183, 30.636160714303564, -1, -1, -1, -1
783, 1, 9.08890370470616, 74.37500000001071, 59.5318899404422, 30.691964285735708, -1, -1, -1, -1
784, 1, 8.46086384596671, 74.41964285715535, 59.45387159718257, 30.74776785716785, -1, -1, -1, -1
785, 1, 7.83282398722726, 74.46428571429999, 59.375853253922934, 30.803571428599998, -1, -1, -1, -1
786, 1, 7.215106999150027, 74.5089285714375, 59.3137444045814, 30.85937500002499, -1, -1, -1, -1
787, 1, 6.597390011072794, 74.553571428575, 59.25163555523986, 30.915178571449978, -1, -1, -1, -1
788, 1, 5.979673022995561, 74.5982142857125, 59.18952670589832, 30.97098214287497, -1, -1, -1, -1
789, 1, 5.361956034918328, 74.64285714285, 59.12741785655678, 31.02678571429996, -1, -1, -1, -1
790, 1, 4.744239046841095, 74.68749999998751, 59.06530900721524, 31.08258928572496, -1, -1, -1, -1
791, 1, 4.126522058763862, 74.73214285712501, 59.0032001578737, 31.13839285714996, -1, -1, -1, -1
792, 1, 3.5088050706866287, 74.7767857142625, 58.94109130853216, 31.194196428574962, -1, -1, -1, -1
793, 1, 2.891088082609396, 74.8214285714, 58.87898245919062, 31.24999999999996, -1, -1, -1, -1
794, 1, 2.4349362548532847, 74.86607142854999, 58.68973842802176, 31.305803571424963, -1, -1, -1, -1
795, 1, 1.9787844270971735, 74.91071428569998, 58.50049439685291, 31.361607142849966, -1, -1, -1, -1
796, 1, 1.5226325993410623, 74.95535714284998, 58.31125036568405, 31.41741071427497, -1, -1, -1, -1
797, 1, 1.066480771584951, 74.99999999999996, 58.1220063345152, 31.47321428569997, -1, -1, -1, -1
798, 1, 0.7998605786887132, 75.04464285714995, 57.74323066848638, 31.52901785712497, -1, -1, -1, -1
799, 1, 0.5332403857924755, 75.08928571429995, 57.36445500245757, 31.584821428549965, -1, -1, -1, -1
800, 1, 0.26662019289623773, 75.13392857144994, 56.98567933642875, 31.64062499997496, -1, -1, -1, -1
801, 1, 0.0, 75.17857142859994, 56.60690367039994, 31.69642857139996, -1, -1, -1, -1
802, 1, 0.0, 75.22321428572496, 55.96150781146389, 31.752232142824973, -1, -1, -1, -1
803, 1, 0.0, 75.26785714285, 55.316111952527834, 31.808035714249982, -1, -1, -1, -1
804, 1, 0.0, 75.31249999997505, 54.67071609359178, 31.86383928567499, -1, -1, -1, -1
805, 1, 0.0, 75.35714285710007, 54.02532023465572, 31.919642857100005, -1, -1, -1, -1
806, 1, 0.0, 75.40178571425363, 53.24220446170608, 31.975446428539293, -1, -1, -1, -1
807, 1, 0.0, 75.44642857140718, 52.45908868875644, 32.03124999997858, -1, -1, -1, -1
808, 1, 0.0, 75.49107142856073, 51.675972915806796, 32.08705357141786, -1, -1, -1, -1
809, 1, 0.0, 75.53571428571429, 50.892857142857146, 32.142857142857146, -1, -1, -1, -1
810, 1, 0.0, 75.5952380952387, 50.21228057253268, 32.09449404761726, -1, -1, -1, -1
811, 1, 0.0, 75.65476190476309, 49.5317040022082, 32.04613095237738, -1, -1, -1, -1
812, 1, 0.0, 75.71428571428748, 48.85112743188373, 31.997767857137504, -1, -1, -1, -1
813, 1, 0.0, 75.77380952381189, 48.17055086155926, 31.949404761897625, -1, -1, -1, -1
814, 1, 0.0, 75.8333333333363, 47.489974291234795, 31.901041666657743, -1, -1, -1, -1
815, 1, 0.0, 75.89285714286069, 46.809397720910326, 31.85267857141786, -1, -1, -1, -1
816, 1, 0.0, 75.95238095238508, 46.12882115058586, 31.80431547617798, -1, -1, -1, -1
817, 1, 0.0, 76.01190476190949, 45.44824458026139, 31.755952380938098, -1, -1, -1, -1
818, 1, 0.0, 76.0714285714339, 44.76766800993692, 31.707589285698216, -1, -1, -1, -1
819, 1, 0.0, 76.13095238095829, 44.08709143961245, 31.659226190458334, -1, -1, -1, -1
820, 1, 0.0, 76.1904761904827, 43.40651486928798, 31.610863095218452, -1, -1, -1, -1
821, 1, 0.0, 76.2500000000071, 42.72593829896351, 31.56249999997857, -1, -1, -1, -1
822, 1, 0.0, 76.3095238095315, 42.045361728639044, 31.514136904738688, -1, -1, -1, -1
823, 1, 0.0, 76.3690476190559, 41.364785158314575, 31.465773809498806, -1, -1, -1, -1
824, 1, 0.0, 76.42857142858031, 40.6842085879901, 31.417410714258924, -1, -1, -1, -1
825, 1, 0.0, 76.4880952381047, 40.00363201766563, 31.369047619019042, -1, -1, -1, -1
826, 1, 0.0, 76.5476190476291, 39.32305544734116, 31.32068452377916, -1, -1, -1, -1
827, 1, 0.0, 76.6071428571535, 38.642478877016686, 31.27232142853928, -1, -1, -1, -1
828, 1, 0.0, 76.66666666667791, 37.96190230669222, 31.223958333299397, -1, -1, -1, -1
829, 1, 0.0, 76.7261904762023, 37.28132573636775, 31.175595238059515, -1, -1, -1, -1
830, 1, 0.0, 76.7857142857267, 36.60074916604328, 31.127232142819633, -1, -1, -1, -1
831, 1, 0.0, 76.8452380952511, 35.92017259571881, 31.07886904757975, -1, -1, -1, -1
832, 1, 0.0, 76.90476190477551, 35.23959602539434, 31.030505952339865, -1, -1, -1, -1
833, 1, 0.0, 76.9642857142999, 34.55901945506987, 30.982142857099984, -1, -1, -1, -1
834, 1, 0.0, 77.02380952382313, 33.85566745396577, 30.933779761863676, -1, -1, -1, -1
835, 1, 0.0, 77.08333333334635, 33.15231545286167, 30.885416666627364, -1, -1, -1, -1
836, 1, 0.0, 77.14285714286956, 32.44896345175757, 30.837053571391053, -1, -1, -1, -1
837, 1, 0.0, 77.20238095239279, 31.745611450653467, 30.78869047615474, -1, -1, -1, -1
838, 1, 0.0, 77.261904761916, 31.042259449549363, 30.740327380918433, -1, -1, -1, -1
839, 1, 0.0, 77.32142857143921, 30.338907448445262, 30.691964285682126, -1, -1, -1, -1
840, 1, 0.0, 77.38095238096244, 29.63555544734116, 30.643601190445818, -1, -1, -1, -1
841, 1, 0.0, 77.44047619048565, 28.932203446237057, 30.59523809520951, -1, -1, -1, -1
842, 1, 0.0, 77.50000000000887, 28.228851445132953, 30.546874999973205, -1, -1, -1, -1
843, 1, 0.0, 77.5595238095321, 27.525499444028853, 30.4985119047369, -1, -1, -1, -1
844, 1, 0.0, 77.61904761905531, 26.822147442924752, 30.450148809500597, -1, -1, -1, -1
845, 1, 0.0, 77.67857142857852, 26.11879544182065, 30.401785714264292, -1, -1, -1, -1
846, 1, 0.0, 77.73809523810175, 25.41544344071655, 30.35342261902798, -1, -1, -1, -1
847, 1, 0.0, 77.79761904762496, 24.712091439612447, 30.30505952379167, -1, -1, -1, -1
848, 1, 0.0, 77.85714285714818, 24.008739438508343, 30.256696428555358, -1, -1, -1, -1
849, 1, 0.0, 77.9166666666714, 23.305387437404242, 30.208333333319047, -1, -1, -1, -1
850, 1, 0.0, 77.97619047619463, 22.60203543630014, 30.159970238082735, -1, -1, -1, -1
851, 1, 0.0, 78.03571428571784, 21.89868343519604, 30.111607142846424, -1, -1, -1, -1
852, 1, 0.0, 78.09523809524106, 21.19533143409194, 30.063244047610112, -1, -1, -1, -1
853, 1, 0.0, 78.15476190476429, 20.491979432987836, 30.0148809523738, -1, -1, -1, -1
854, 1, 0.0, 78.2142857142875, 19.788627431883732, 29.966517857137493, -1, -1, -1, -1
855, 1, 0.0, 78.27380952381071, 19.08527543077963, 29.918154761901185, -1, -1, -1, -1
856, 1, 0.0, 78.33333333333394, 18.38192342967553, 29.86979166666488, -1, -1, -1, -1
857, 1, 0.0, 78.39285714285715, 17.67857142857143, 29.821428571428573, -1, -1, -1, -1
858, 1, 0.0, 78.56277082467804, 17.017857142862503, 29.754627131171965, -1, -1, -1, -1
859, 1, 0.0, 78.73268450649894, 16.357142857153573, 29.687825690915354, -1, -1, -1, -1
860, 1, 0.0, 78.90259818831984, 15.696428571444644, 29.621024250658746, -1, -1, -1, -1
861, 1, 0.0, 79.07251187014074, 15.035714285735715, 29.554222810402138, -1, -1, -1, -1
862, 1, 0.0, 79.24242555196165, 14.375000000026786, 29.487421370145533, -1, -1, -1, -1
863, 1, 0.0, 79.41233923378253, 13.714285714317857, 29.42061992988893, -1, -1, -1, -1
864, 1, 0.0, 79.58225291560342, 13.05357142860893, 29.353818489632324, -1, -1, -1, -1
865, 1, 0.0, 79.75216659742432, 12.3928571429, 29.28701704937572, -1, -1, -1, -1
866, 1, 0.0, 80.11769080549749, 11.732142857174999, 28.902952936854447, -1, -1, -1, -1
867, 1, 0.0, 80.48321501357064, 11.071428571449996, 28.518888824333175, -1, -1, -1, -1
868, 1, 0.0, 80.8487392216438, 10.410714285724993, 28.134824711811902, -1, -1, -1, -1
869, 1, 0.0, 81.21426342971696, 9.74999999999999, 27.75076059929063, -1, -1, -1, -1
870, 1, 0.0, 81.59819478671663, 9.089285714285705, 26.7819155243793, -1, -1, -1, -1
871, 1, 0.0, 81.9821261437163, 8.42857142857142, 25.813070449467972, -1, -1, -1, -1
872, 1, 0.0, 82.36605750071597, 7.767857142857136, 24.844225374556643, -1, -1, -1, -1
873, 1, 0.0, 82.74998885771564, 7.107142857142852, 23.875380299645315, -1, -1, -1, -1
874, 1, 0.0, 83.1339202147153, 6.446428571428568, 22.906535224733986, -1, -1, -1, -1
875, 1, 0.0, 83.51785157171497, 5.785714285714283, 21.937690149822657, -1, -1, -1, -1
876, 1, 0.0, 83.90178292871462, 5.124999999999998, 20.96884507491133, -1, -1, -1, -1
877, 1, 0.0, 84.28571428571429, 4.464285714285714, 20.0, -1, -1, -1, -1
878, 1, 0.0, 84.28571428571429, 4.464285714285714, 20.0, -1, -1, -1, -1
879, 1, 0.0, 84.28571428571429, 4.464285714285714, 20.0, -1, -1, -1, -1
880, 1, 0.0, 84.28571428571429, 4.464285714285714, 20.0, -1, -1, -1, -1
