1, 1581956305832790936
2, 1581956305854324480
3, 1581956305875857936
4, 1581956305897391360
5, 1581956305918924936
6, 1581956305940458496
7, 1581956305961991936
8, 1581956305983525888
9, 1581956306005059936
10, 1581956306026593280
11, 1581956306048126936
12, 1581956306069660416
13, 1581956306091193936
14, 1581956306112727296
15, 1581956306134260936, 0, 237.58659217877096, 70.79329608938548, 2.41340782122905, 27.083798882681567
16, 1581956306155794432, 0, 236.14127474237142, 70.41787709499275, 3.858725257628569, 27.378770949740783
17, 1581956306177327936, 0, 234.6959573059719, 70.0424581006, 5.304042694028087, 27.6737430168
18, 1581956306198861824, 0, 233.04270441025898, 69.667039106175, 6.95729558974101, 27.968715083824996
19, 1581956306220395936, 0, 231.38945151454604, 69.29162011175, 8.610548485453933, 28.26368715084999
20, 1581956306241929472, 0, 229.7361986188331, 68.91620111732502, 10.263801381166855, 28.55865921787499
21, 1581956306263462936, 0, 228.0829457231202, 68.54078212290001, 11.917054276879778, 28.85363128489999
22, 1581956306284996352, 0, 226.63762828675357, 68.16536312848785, 13.36237171324643, 29.148603351943144
23, 1581956306306529936, 0, 225.19231085038692, 67.78994413407571, 14.807689149613083, 29.4435754189863
24, 1581956306328063488, 0, 223.74699341402027, 67.41452513966355, 16.253006585979726, 29.73854748602946
25, 1581956306349596936, 0, 222.30167597765364, 67.0391061452514, 17.69832402234637, 30.033519553072626
26, 1581956306371130368, 0, 220.80701226538525, 66.87305015371362, 19.192987734614753, 30.309224244554443
27, 1581956306392663936, 0, 219.31234855311686, 66.70699416217583, 20.687651446883137, 30.584928936036263
28, 1581956306414198016, 0, 217.81768484084847, 66.54093817063804, 22.182315159151532, 30.860633627518084
29, 1581956306435731936, 0, 216.32302112858005, 66.37488217910027, 23.676978871419927, 31.1363383189999
30, 1581956306457265408, 0, 214.7948877631348, 66.34084870141689, 25.205112236865165, 31.28002049663325
31, 1581956306478798936, 0, 213.26675439768957, 66.30681522373352, 26.733245602310404, 31.423702674266593
32, 1581956306500332288, 0, 211.73862103224434, 66.27278174605014, 28.261378967755647, 31.567384851899945
33, 1581956306521865936, 0, 210.21048766679908, 66.23874826836676, 29.78951233320089, 31.711067029533297
34, 1581956306543399424, 0, 208.68235430135383, 66.2047147906834, 31.31764569864613, 31.85474920716664
35, 1581956306564932936, 0, 207.1542209359086, 66.17068131300002, 32.84577906409137, 31.998431384799986
36, 1581956306586466304, 0, 205.74583588234475, 66.13664783532124, 34.25416411765521, 32.14211356241829
37, 1581956306607999936, 0, 204.33745082878093, 66.10261435764245, 35.66254917121904, 32.28579574003659
38, 1581956306629533952, 0, 202.92906577521708, 66.06858087996368, 37.0709342247829, 32.42947791765489
39, 1581956306651067936, 0, 201.52068072165324, 66.0345474022849, 38.479319278346765, 32.573160095273195
40, 1581956306672601344, 0, 200.11229566808942, 66.00051392460611, 39.887704331910605, 32.7168422728915
41, 1581956306694134936, 0, 198.70391061452557, 65.96648044692733, 41.296089385474446, 32.8605244505098
42, 1581956306715668480, 0, 197.30930275185528, 65.98179134924294, 42.69069724814472, 32.95287246837088
43, 1581956306737201936, 0, 195.914694889185, 65.99710225155854, 44.085305110815, 33.045220486231955
44, 1581956306758735360, 0, 194.52008702651472, 66.01241315387415, 45.4799129734853, 33.13756850409303
45, 1581956306780268936, 0, 193.1254791638444, 66.02772405618974, 46.8745208361556, 33.22991652195411
46, 1581956306801802496, 0, 191.73087130117412, 66.04303495850534, 48.26912869882588, 33.32226453981518
47, 1581956306823335936, 0, 190.33626343850383, 66.05834586082095, 49.663736561496165, 33.41461255767625
48, 1581956306844869888, 0, 188.94165557583355, 66.07365676313655, 51.05834442416645, 33.50696057553733
49, 1581956306866403936, 0, 187.54704771316327, 66.08896766545216, 52.452952286836734, 33.599308593398405
50, 1581956306887937280, 0, 186.15243985049295, 66.10427856776775, 53.84756014950703, 33.69165661125949
51, 1581956306909470936, 0, 184.75783198782267, 66.11958947008335, 55.24216801217733, 33.784004629120574
52, 1581956306931004416, 0, 183.36322412515239, 66.13490037239896, 56.636775874847615, 33.876352646981644
53, 1581956306952537936, 0, 181.9686162624821, 66.15021127471456, 58.03138373751789, 33.96870066484271
54, 1581956306974071296, 0, 180.65049928673318, 66.22848543968249, 59.34950071326682, 33.96127425028426
55, 1581956306995604936, 0, 179.33238231098426, 66.3067596046504, 60.66761768901574, 33.95384783572581
56, 1581956307017138432, 0, 178.01426533523534, 66.3850337696183, 61.985734664764664, 33.94642142116736
57, 1581956307038671936, 0, 176.69614835948641, 66.46330793458623, 63.303851640513585, 33.938995006608906
58, 1581956307060205824, 0, 175.3780313837375, 66.54158209955415, 64.62196861626252, 33.93156859205046
59, 1581956307081739936, 0, 174.05991440798854, 66.61985626452206, 65.94008559201146, 33.924142177492016
60, 1581956307103273472, 0, 172.74179743223962, 66.69813042948996, 67.25820256776038, 33.91671576293356
61, 1581956307124806936, 0, 171.4236804564907, 66.77640459445789, 68.5763195435093, 33.90928934837511
62, 1581956307146340352, 0, 170.10556348074178, 66.85467875942581, 69.89443651925822, 33.90186293381666
63, 1581956307167873936, 0, 168.78744650499286, 66.93295292439372, 71.21255349500713, 33.8944365192582
64, 1581956307189407488, 0, 167.69186875889645, 66.94151212554684, 72.30813124110354, 33.92115865157909
65, 1581956307210940936, 0, 166.59629101280004, 66.95007132669994, 73.40370898719995, 33.947880783899976
66, 1581956307232474368, 0, 165.50071326673336, 66.95863052783326, 73.57574980196702, 33.97460291623329
67, 1581956307254007936, 0, 164.40513552066668, 66.9671897289666, 73.74779061673411, 34.0013250485666
68, 1581956307275541760, 0, 163.30955777459997, 66.97574893009994, 73.91983143150121, 34.0280471808999
69, 1581956307297075936, 0, 162.21398002853329, 66.98430813123328, 74.09187224626831, 34.054769313233194
70, 1581956307318609408, 0, 161.1184022824666, 66.99286733236661, 74.2639130610354, 34.0814914455665
71, 1581956307340142936, 0, 160.02282453639992, 67.00142653349994, 74.43595387580247, 34.10821357789981
72, 1581956307361676288, 0, 158.92724679032096, 67.00998573464312, 74.49543988781653, 34.13493571022964
73, 1581956307383209936, 0, 157.831669044242, 67.01854493578632, 74.55492589983061, 34.161657842559464
74, 1581956307404743424, 0, 156.73609129816305, 67.02710413692952, 74.61441191184471, 34.18837997488928
75, 1581956307426276936, 0, 155.64051355208406, 67.03566333807271, 74.67389792385882, 34.215102107219096
76, 1581956307447810304, 0, 154.5449358060051, 67.04422253921591, 74.7333839358729, 34.24182423954891
77, 1581956307469343936, 0, 153.44935805992614, 67.05278174035911, 74.79286994788697, 34.26854637187873
78, 1581956307490877952, 0, 152.35378031384718, 67.0613409415023, 74.85235595990105, 34.29526850420855
79, 1581956307512411936, 0, 151.25820256776822, 67.0699001426455, 74.91184197191512, 34.321990636538374
80, 1581956307533945344, 0, 150.16262482168923, 67.0784593437887, 74.97132798392923, 34.34871276886819
81, 1581956307555478936, 0, 149.06704707561028, 67.08701854493188, 75.03081399594333, 34.375434901198005
82, 1581956307577012480, 0, 147.97146932953132, 67.09557774607507, 75.09030000795741, 34.40215703352783
83, 1581956307598545936, 0, 146.87589158345236, 67.10413694721827, 75.1497860199715, 34.42887916585766
84, 1581956307620079360, 0, 145.88341983538714, 67.11992827443643, 75.26146362476433, 34.44574001510189
85, 1581956307641612936, 0, 144.8909480873219, 67.13571960165461, 75.37314122955718, 34.462600864346115
86, 1581956307663146496, 0, 143.89847633925666, 67.1515109288728, 75.48481883435004, 34.47946171359034
87, 1581956307684679936, 0, 142.90600459119142, 67.16730225609096, 75.5964964391429, 34.496322562834564
88, 1581956307706213888, 0, 141.91353284312618, 67.18309358330913, 75.70817404393573, 34.5131834120788
89, 1581956307727747936, 0, 140.92106109506096, 67.1988849105273, 75.81985164872856, 34.53004426132304
90, 1581956307749281280, 0, 139.92858934699572, 67.21467623774546, 75.93152925352142, 34.546905110567266
91, 1581956307770814936, 0, 138.93611759893048, 67.23046756496365, 76.04320685831428, 34.56376595981149
92, 1581956307792348416, 0, 137.94364585086527, 67.24625889218183, 76.15488446310712, 34.58062680905573
93, 1581956307813881936, 0, 136.95117410280002, 67.2620502194, 76.26656206789995, 34.59748765829996
94, 1581956307835415296, 0, 135.9587023547358, 67.2778415466215, 76.3782396726981, 34.61434850754999
95, 1581956307856948936, 0, 134.96623060667162, 67.29363287384301, 76.48991727749623, 34.63120935680003
96, 1581956307878482432, 0, 133.97375885860743, 67.30942420106452, 76.60159488229436, 34.64807020605006
97, 1581956307900015936, 0, 132.98128711054324, 67.32521552828602, 76.7132724870925, 34.66493105530009
98, 1581956307921549824, 0, 131.98881536247904, 67.34100685550753, 76.82495009189063, 34.681791904550124
99, 1581956307943083936, 0, 130.99634361441483, 67.35679818272904, 76.93662769668876, 34.69865275380016
100, 1581956307964617472, 0, 130.00387186635064, 67.37258950995054, 77.04830530148689, 34.7155136030502
101, 1581956307986150936, 0, 129.01140011828645, 67.38838083717205, 77.15998290628502, 34.732374452300235
102, 1581956308007684352, 0, 128.01892837022223, 67.40417216439356, 77.27166051108316, 34.74923530155027
103, 1581956308029217936, 0, 127.02645662215804, 67.41996349161506, 77.38333811588129, 34.76609615080031
104, 1581956308050751488, 0, 126.03398487409385, 67.43575481883657, 77.49501572067942, 34.78295700005034
105, 1581956308072284936, 0, 125.04151312602964, 67.45154614605808, 77.60669332547756, 34.79981784930037
106, 1581956308093818368, 0, 124.04904137796544, 67.46733747327958, 77.7183709302757, 34.816678698550405
107, 1581956308115351936, 0, 123.05656962990125, 67.48312880050109, 77.83004853507383, 34.83353954780045
108, 1581956308136886016, 0, 122.15218237823404, 67.49892012772096, 77.8004561861935, 34.7896855562865
109, 1581956308158419936, 0, 121.24779512656686, 67.51471145494085, 77.77086383731317, 34.745831564772544
110, 1581956308179953408, 0, 120.34340787489967, 67.53050278216074, 77.74127148843286, 34.701977573258596
111, 1581956308201486936, 0, 119.43902062323247, 67.54629410938061, 77.71167913955253, 34.65812358174465
112, 1581956308223020288, 0, 118.53463337156526, 67.56208543660048, 77.68208679067222, 34.6142695902307
113, 1581956308244553936, 0, 117.63024611989806, 67.57787676382037, 77.6524944417919, 34.57041559871675
114, 1581956308266087424, 0, 116.72585886823086, 67.59366809104026, 77.62290209291157, 34.5265616072028
115, 1581956308287620936, 0, 115.82147161656367, 67.60945941826013, 77.59330974403126, 34.48270761568885
116, 1581956308309154304, 0, 114.91708436489648, 67.62525074548, 77.56371739515095, 34.4388536241749
117, 1581956308330687936, 0, 114.01269711322928, 67.64104207269989, 77.53412504627062, 34.39499963266095
118, 1581956308352221952, 0, 112.98688018004098, 67.65683339990993, 77.62596237891204, 34.5130518831741
119, 1581956308373755936, 0, 111.96106324685269, 67.67262472711997, 77.71779971155345, 34.631104133687245
120, 1581956308395289344, 0, 110.9352463136644, 67.68841605432999, 77.80963704419489, 34.74915638420039
121, 1581956308416822936, 0, 109.9094293804761, 67.70420738154003, 77.90147437683632, 34.867208634713535
122, 1581956308438356480, 0, 108.8836124472878, 67.71999870875007, 77.99331170947774, 34.98526088522668
123, 1581956308459889936, 0, 107.85779551409951, 67.73579003596011, 78.08514904211916, 35.103313135739825
124, 1581956308481423360, 0, 106.91247127974118, 67.75971117060507, 78.07794369759769, 35.07063430341148
125, 1581956308502956936, 0, 105.96714704538286, 67.78363230525004, 78.07073835307622, 35.03795547108314
126, 1581956308524490496, 0, 105.02182281102455, 67.807553439895, 78.06353300855474, 35.0052766387548
127, 1581956308546023936, 0, 104.07649857666622, 67.83147457453997, 78.05632766403328, 34.972597806426464
128, 1581956308567557888, 0, 103.1311743423079, 67.85539570918493, 78.04912231951181, 34.93991897409813
129, 1581956308589091936, 0, 102.18585010794958, 67.87931684382988, 78.04191697499034, 34.90724014176979
130, 1581956308610625280, 0, 101.24052587359125, 67.90323797847485, 78.03471163046888, 34.87456130944145
131, 1581956308632158936, 0, 100.29520163923293, 67.92715911311981, 78.02750628594741, 34.8418824771131
132, 1581956308653692416, 0, 99.3498774048746, 67.95108024776478, 78.02030094142594, 34.809203644784766
133, 1581956308675225936, 0, 98.4045531705163, 67.97500138240974, 78.01309559690446, 34.77652481245643
134, 1581956308696759296, 0, 97.45922893615797, 67.99892251705471, 78.005890252383, 34.743845980128086
135, 1581956308718292936, 0, 96.51390470179965, 68.02284365169967, 77.99868490786153, 34.71116714779974
136, 1581956308739826432, 0, 95.56858046744091, 68.0467647863497, 77.95281029819671, 34.67848831546648
137, 1581956308761359936, 0, 94.62325623308216, 68.07068592099972, 77.9069356885319, 34.64580948313322
138, 1581956308782893824, 0, 93.67793199872341, 68.09460705564976, 77.8610610788671, 34.61313065079995
139, 1581956308804427936, 0, 92.73260776436467, 68.11852819029978, 77.8151864692023, 34.580451818466685
140, 1581956308825961472, 0, 91.78728353000594, 68.14244932494981, 77.76931185953748, 34.54777298613343
141, 1581956308847494936, 0, 90.8419592956472, 68.16637045959983, 77.72343724987266, 34.51509415380018
142, 1581956308869028352, 0, 89.89663506128846, 68.19029159424986, 77.67756264020787, 34.48241532146691
143, 1581956308890561936, 0, 88.95131082692971, 68.2142127288999, 77.63168803054306, 34.44973648913364
144, 1581956308912095488, 0, 88.00598659257096, 68.23813386354992, 77.58581342087825, 34.41705765680038
145, 1581956308933628936, 0, 87.06066235821223, 68.26205499819994, 77.53993881121345, 34.38437882446711
146, 1581956308955162368, 0, 85.8989715314357, 68.28597613284995, 77.59383528886175, 34.450048443233726
147, 1581956308976695936, 0, 84.73728070465918, 68.30989726749996, 77.64773176651008, 34.51571806200033
148, 1581956308998229760, 0, 83.57558987788266, 68.33381840214997, 77.7016282441584, 34.581387680766944
149, 1581956309019763936, 0, 82.41389905110614, 68.35773953679997, 77.75552472180672, 34.64705729953356
150, 1581956309041297408, 0, 81.25220822432962, 68.38166067144996, 77.80942119945504, 34.71272691830016
151, 1581956309062830936, 0, 80.09051739755311, 68.40558180609997, 77.86331767710335, 34.77839653706677
152, 1581956309084364288, 0, 78.9288265707766, 68.42950294074998, 77.91721415475166, 34.844066155833374
153, 1581956309105897936, 0, 77.76713574400007, 68.4534240754, 77.97111063239998, 34.90973577459998
154, 1581956309127431424, 0, 76.60544491722689, 68.47734521005488, 78.0250071100547, 34.975405393359864
155, 1581956309148964936, 0, 75.4437540904537, 68.50126634470976, 78.07890358770942, 35.04107501211975
156, 1581956309170498304, 0, 74.2820632636805, 68.52518747936465, 78.13280006536412, 35.106744630879625
157, 1581956309192031936, 0, 73.1203724369073, 68.54910861401953, 78.18669654301883, 35.1724142496395
158, 1581956309213565952, 0, 71.95868161013411, 68.57302974867443, 78.24059302067351, 35.23808386839938
159, 1581956309235099936, 0, 70.79699078336093, 68.59695088332931, 78.29448949832822, 35.303753487159256
160, 1581956309256633344, 0, 69.63529995658774, 68.6208720179842, 78.34838597598294, 35.36942310591914
161, 1581956309278166936, 0, 68.47360912981455, 68.64479315263908, 78.40228245363765, 35.43509272467903
162, 1581956309299700480, 0, 67.11061317427065, 68.72438902039343, 78.47922309038535, 35.50077597153053
163, 1581956309321233936, 0, 65.74761721872676, 68.80398488814778, 78.55616372713303, 35.56645921838202
164, 1581956309342767360, 0, 64.38462126318286, 68.88358075590213, 78.63310436388072, 35.632142465233514
165, 1581956309364300936, 0, 63.02162530763896, 68.9631766236565, 78.71004500062841, 35.697825712085006
166, 1581956309385834496, 0, 61.65862935209506, 69.04277249141084, 78.78698563737612, 35.763508958936505
167, 1581956309407367936, 0, 60.29563339655117, 69.1223683591652, 78.86392627412381, 35.829192205788004
168, 1581956309428901888, 0, 58.93263744100727, 69.20196422691954, 78.94086691087152, 35.8948754526395
169, 1581956309450435936, 0, 57.56964148546338, 69.28156009467389, 79.01780754761923, 35.960558699491
170, 1581956309471969280, 0, 56.206645529919484, 69.36115596242824, 79.09474818436692, 36.0262419463425
171, 1581956309493502936, 0, 54.84364957437558, 69.44075183018259, 79.17168882111463, 36.091925193194
172, 1581956309515036416, 0, 53.48065361883168, 69.52034769793696, 79.24862945786232, 36.15760844004549
173, 1581956309536569936, 0, 52.11765766328779, 69.5999435656913, 79.32557009461001, 36.223291686896985
174, 1581956309558103296, 0, 50.75466170774389, 69.67953943344565, 79.40251073135771, 36.288974933748484
175, 1581956309579636936, 0, 49.3916657522, 69.7591353012, 79.4794513681054, 36.35465818059998
176, 1581956309601170432, 0, 48.02866979665952, 69.83873116895714, 79.44842565885853, 36.420341427454744
177, 1581956309622703936, 0, 46.665673841119045, 69.91832703671429, 79.41739994961165, 36.486024674309505
178, 1581956309644237824, 0, 45.30267788557857, 69.99792290447144, 79.38637424036477, 36.55170792116427
179, 1581956309665771936, 0, 43.93968193003809, 70.07751877222857, 79.35534853111788, 36.61739116801904
180, 1581956309687305472, 0, 42.576685974497614, 70.1571146399857, 79.32432282187101, 36.68307441487381
181, 1581956309708838936, 0, 41.21369001895714, 70.23671050774286, 79.29329711262413, 36.748757661728575
182, 1581956309730372352, 0, 39.85069406341667, 70.3163063755, 79.26227140337724, 36.81444090858333
183, 1581956309751905936, 0, 38.48769810787619, 70.39590224325715, 79.23124569413037, 36.88012415543808
184, 1581956309773439488, 0, 37.124702152335715, 70.4754981110143, 79.20021998488349, 36.94580740229284
185, 1581956309794972936, 0, 35.76170619679524, 70.55509397877144, 79.16919427563661, 37.0114906491476
186, 1581956309816506368, 0, 34.39871024125476, 70.63468984652857, 79.13816856638974, 37.07717389600238
187, 1581956309838039936, 0, 33.035714285714285, 70.71428571428572, 79.10714285714286, 37.142857142857146
188, 1581956309859574016, 0, 31.495535714285715, 70.90401785714286, 79.08482142857143, 37.16517857142857
189, 1581956309881107936, 0, 29.955357142857142, 71.09375, 79.0625, 37.1875
190, 1581956309902641408, 0, 28.41517857142857, 71.28348214285714, 79.04017857142857, 37.20982142857142
191, 1581956309924174936, 0, 26.875, 71.47321428571429, 79.01785714285714, 37.23214285714285
192, 1581956309945708288, 0, 25.33482142857143, 71.66294642857144, 78.99553571428571, 37.25446428571428
193, 1581956309967241936, 0, 23.794642857142858, 71.85267857142858, 78.97321428571428, 37.27678571428571
194, 1581956309988775424, 0, 22.254464285714285, 72.04241071428572, 78.95089285714285, 37.29910714285714
195, 1581956310010308936, 0, 20.714285714285715, 72.23214285714286, 78.92857142857142, 37.32142857142857
196, 1581956310031842304, 0, 19.174107142857146, 72.421875, 78.90625, 37.34375
197, 1581956310053375936, 0, 17.633928571428573, 72.61160714285714, 78.88392857142857, 37.36607142857143
198, 1581956310074909952, 0, 16.09375, 72.80133928571428, 78.86160714285714, 37.38839285714286
199, 1581956310096443936, 0, 14.55357142857143, 72.99107142857143, 78.83928571428571, 37.41071428571429
200, 1581956310117977344, 0, 13.01339285714286, 73.18080357142858, 78.81696428571428, 37.433035714285715
201, 1581956310139510936, 0, 11.473214285714288, 73.37053571428572, 78.79464285714285, 37.45535714285714, 1, 236.8298969072165, 73.76288659793815, 3.17010309278347, 13.68556701030928
202, 1581956310161044480, 0, 9.933035714285715, 73.56026785714286, 78.77232142857142, 37.47767857142857, 1, 235.4685198821797, 72.59572901325478, 4.531480117820307, 18.09278350515464
203, 1581956310182577936, 0, 8.392857142857144, 73.75, 78.75, 37.5, 1, 234.10714285714286, 71.42857142857143, 5.892857142857143, 22.5
204, 1581956310204111360, 0, 6.99404761904762, 73.90873015871662, 78.54166666666663, 37.58059837989998, 1, 232.80133928571428, 71.14955357142858, 7.19866071428571, 22.834821428571423
205, 1581956310225644936, 0, 5.595238095238097, 74.06746031743326, 78.33333333333324, 37.661196759799964, 1, 231.49553571428572, 70.87053571428572, 8.504464285714278, 23.169642857142847
206, 1581956310247178496, 0, 4.196428571428573, 74.22619047614988, 78.12499999999986, 37.741795139699946, 1, 230.18973214285717, 70.59151785714286, 9.810267857142847, 23.504464285714285
207, 1581956310268711936, 0, 2.7976190476190483, 74.3849206348665, 77.91666666666649, 37.82239351959993, 1, 228.88392857142858, 70.3125, 11.116071428571416, 23.839285714285722
208, 1581956310290245888, 0, 1.3988095238095242, 74.54365079358314, 77.70833333333312, 37.90299189949991, 1, 227.578125, 70.03348214285714, 12.421874999999986, 24.174107142857146
209, 1581956310311779936, 0, 0, 74.70238095229976, 77.49999999999974, 37.983590279399884, 1, 226.27232142857144, 69.75446428571429, 13.727678571428555, 24.50892857142857
210, 1581956310333313280, 0, 0.0, 74.86111111104958, 75.89285714284966, 38.06418865932364, 1, 224.96651785714286, 69.47544642857144, 15.033482142857139, 24.843749999999993
211, 1581956310354846936, 0, 0, 75.01984126979941, 74.2857142856996, 38.1447870392474, 1, 223.66071428571428, 69.19642857142858, 16.339285714285722, 25.178571428571416
212, 1581956310376380416, 0, 0.0, 75.17857142852458, 72.6785714285497, 38.38441833768225, 1, 222.35491071428572, 68.91741071428572, 17.645089285714292, 25.513392857142854
213, 1581956310397913936, 0, 0.0, 75.33730158724973, 71.07142857139979, 38.62404963611709, 1, 221.04910714285714, 68.63839285714286, 18.95089285714286, 25.848214285714292
214, 1581956310419447296, 0, 0.0, 75.49603174597488, 69.46428571424988, 38.86368093455196, 1, 219.74330357142856, 68.359375, 20.25669642857143, 26.183035714285715
215, 1581956310440980936, 0, 0, 75.65476190470002, 67.85714285709999, 39.10331223298682, 1, 218.4375, 68.08035714285715, 21.5625, 26.51785714285714
216, 1581956310462514432, 0, 0.0, 75.81349206344049, 66.24999999996427, 38.77656971796521, 1, 217.13169642857144, 67.80133928571429, 22.86830357142857, 26.852678571428577
217, 1581956310484047936, 0, 0.0, 75.97222222218097, 64.64285714282856, 38.449827202943595, 1, 215.82589285714286, 67.52232142857143, 24.17410714285714, 27.187500000000014
218, 1581956310505581824, 0, 0.0, 76.13095238092144, 63.03571428569285, 38.12308468792198, 1, 214.52008928571428, 67.24330357142858, 25.479910714285715, 27.522321428571438
219, 1581956310527115936, 0, 0.0, 76.28968253966191, 61.42857142855714, 37.79634217290037, 1, 213.21428571428572, 66.96428571428572, 26.785714285714292, 27.857142857142858
220, 1581956310548649472, 0, 0.0, 76.4484126984024, 59.82142857142143, 37.46959965787876, 1, 211.82142857142858, 66.94642857142858, 28.178571428571423, 27.964285714285722
221, 1581956310570182936, 0, 0, 76.60714285714286, 58.214285714285715, 37.142857142857146, 1, 210.42857142857144, 66.92857142857143, 29.571428571428555, 28.071428571428584
222, 1581956310591716352, 0, 0.0, 76.93452380952381, 56.59722222222223, 36.88492063492063, 1, 209.0357142857143, 66.91071428571429, 30.964285714285694, 28.178571428571438
223, 1581956310613249936, 0, 0.0, 77.26190476190476, 54.980158730158735, 36.62698412698413, 1, 207.64285714285717, 66.89285714285715, 32.35714285714283, 28.285714285714292
224, 1581956310634783488, 0, 0.0, 77.58928571428572, 53.36309523809524, 36.36904761904761, 1, 206.25, 66.875, 33.75, 28.392857142857146
225, 1581956310656316936, 0, 0.0, 77.91666666666667, 51.74603174603175, 36.1111111111111, 1, 204.85714285714286, 66.85714285714286, 35.14285714285717, 28.5
226, 1581956310677850368, 0, 0.0, 78.24404761904762, 50.12896825396825, 35.8531746031746, 1, 203.46428571428572, 66.83928571428572, 36.535714285714306, 28.607142857142854
227, 1581956310699383936, 0, 0.0, 78.57142857142857, 48.51190476190476, 35.5952380952381, 1, 202.07142857142858, 66.82142857142858, 37.928571428571445, 28.714285714285708
228, 1581956310720917760, 0, 0.0, 78.89880952380952, 46.894841269841265, 35.33730158730159, 1, 200.67857142857144, 66.80357142857144, 39.321428571428584, 28.82142857142857
229, 1581956310742451936, 0, 0.0, 79.22619047619048, 45.27777777777778, 35.079365079365076, 1, 199.2857142857143, 66.78571428571429, 40.714285714285715, 28.92857142857143
230, 1581956310763985408, 0, 0.0, 79.55357142857143, 43.66071428571429, 34.82142857142857, 1, 197.88690476191195, 66.84523809524525, 42.11309523808808, 28.988095238092853
231, 1581956310785518936, 0, 0.0, 79.88095238095238, 42.0436507936508, 34.56349206349206, 1, 196.4880952381096, 66.90476190477621, 43.511904761890435, 29.047619047614276
232, 1581956310807052288, 0, 0.0, 80.20833333333334, 40.426587301587304, 34.30555555555555, 1, 195.08928571430727, 66.96428571430715, 44.91071428569279, 29.107142857135713
233, 1581956310828585936, 0, 0.0, 80.53571428571429, 38.80952380952381, 34.04761904761904, 1, 193.6904761905049, 67.02380952383811, 46.30952380949515, 29.16666666665715
234, 1581956310850119424, 0, 0.0, 80.86309523809524, 37.192460317460316, 33.78968253968254, 1, 192.29166666670255, 67.08333333336907, 47.708333333297496, 29.226190476178573
235, 1581956310871652936, 0, 0.0, 81.19047619047619, 35.57539682539682, 33.53174603174604, 1, 190.8928571429002, 67.14285714290003, 49.107142857099845, 29.2857142857
236, 1581956310893186304, 0, 0.0, 81.51785714285714, 33.95833333333333, 33.273809523809526, 1, 189.4940476191, 67.2023809524, 50.505952380900034, 29.345238095249996
237, 1581956310914719936, 0, 0.0, 81.8452380952381, 32.34126984126984, 33.01587301587301, 1, 188.09523809529978, 67.26190476189997, 51.90476190470022, 29.404761904799994
238, 1581956310936253952, 0, 0.0, 82.17261904761905, 30.724206349206348, 32.757936507936506, 1, 186.69642857144976, 67.3214285713999, 53.3035714285502, 29.464285714299976
239, 1581956310957787936, 0, 0, 82.5, 29.107142857142858, 32.5, 1, 185.29761904759977, 67.38095238089986, 54.702380952400176, 29.523809523799958
240, 1581956310979321344, 0, 0.0, 82.79017857142857, 27.47767857142857, 32.47767857142858, 1, 183.89880952379988, 67.44047619044993, 55.38690476191438, 29.583333333328554
241, 1581956311000854936, 0, 0.0, 83.08035714285714, 25.848214285714285, 32.45535714285715, 1, 182.5, 67.5, 56.07142857142858, 29.642857142857146
242, 1581956311022388480, 0, 0.0, 83.37053571428572, 24.21875, 32.43303571428572, 1, 181.12723214286245, 67.600446428575, 56.40171373295374, 29.620535714287488
243, 1581956311043921936, 0, 0.0, 83.66071428571429, 22.589285714285715, 32.41071428571429, 1, 179.7544642857249, 67.70089285715, 56.73199889447889, 29.59821428571783
244, 1581956311065455360, 0, 0.0, 83.95089285714286, 20.95982142857143, 32.38839285714286, 1, 178.38169642858736, 67.80133928572499, 57.062284056004074, 29.575892857148183
245, 1581956311086988936, 0, 0.0, 84.24107142857144, 19.330357142857146, 32.36607142857143, 1, 177.0089285714498, 67.90178571429999, 57.39256921752926, 29.553571428578536
246, 1581956311108522496, 0, 0.0, 84.53125000000001, 17.70089285714286, 32.34375, 1, 175.6361607143122, 68.00223214287499, 57.722854379054425, 29.53125000000889
247, 1581956311130055936, 0, 0, 84.82142857142858, 16.071428571428573, 32.32142857142858, 1, 174.26339285717467, 68.10267857144999, 58.05313954057959, 29.50892857143924
248, 1581956311151589888, 0, 0.0, 84.82268945753954, 14.434523809514275, 32.40511561856506, 1, 172.89062500003712, 68.20312500002498, 58.38342470210475, 29.486607142869588
249, 1581956311173123936, 0, 0, 84.8239503436505, 12.797619047599976, 32.488802665701556, 1, 171.51785714289957, 68.30357142859998, 58.713709863629894, 29.464285714299937
250, 1581956311194657280, 0, 0.0, 85.33857450566339, 11.160714285699987, 30.145990251362623, 1, 170.14508928574966, 68.33705809067104, 58.82985327354156, 29.508924052228885
251, 1581956311216190936, 0, 0, 85.85319866767627, 9.523809523799997, 27.80317783702369, 1, 168.77232142859975, 68.37054475274208, 58.94599668345322, 29.553562390157836
252, 1581956311237724416, 0, 0.0, 87.39088504812385, 7.886904761899999, 24.437303204226133, 1, 167.39955357144981, 68.40403141481313, 59.062140093364874, 29.598200728086788
253, 1581956311259257936, 0, 0, 88.92857142857143, 6.25, 21.071428571428573, 1, 166.0267857142999, 68.43751807688419, 59.17828350327653, 29.64283906601574
254, 1581956311280791296, 0, 0.0, 88.92857142857143, 6.25, 21.071428571428573, 1, 164.65401785715, 68.47100473895523, 59.2944269131882, 29.68747740394469
255, 1581956311302324936, 1, 163.28125000000009, 68.50449140102629, 59.41057032309986, 29.732115741873642
256, 1581956311323858432, 1, 161.9084821428572, 68.80581712908457, 59.52671373297851, 29.508915013793967
257, 1581956311345391936, 1, 160.5357142857143, 69.10714285714286, 59.642857142857146, 29.28571428571429
258, 1581956311366925824, 1, 159.2559523809524, 69.0625, 59.67261904761905, 29.389880952380963
259, 1581956311388459936, 1, 157.97619047619048, 69.01785714285714, 59.70238095238096, 29.494047619047635
260, 1581956311409993472, 1, 156.69642857142858, 68.97321428571428, 59.73214285714286, 29.5982142857143
261, 1581956311431526936, 1, 155.41666666666669, 68.92857142857143, 59.76190476190476, 29.702380952380963
262, 1581956311453060352, 1, 154.1369047619048, 68.88392857142858, 59.79166666666666, 29.80654761904762
263, 1581956311474593936, 1, 152.8571428571429, 68.83928571428572, 59.821428571428555, 29.910714285714278
264, 1581956311496127488, 1, 151.57738095238096, 68.79464285714286, 59.85119047619047, 30.01488095238095
265, 1581956311517660936, 1, 150.29761904761907, 68.75, 59.88095238095238, 30.11904761904762
266, 1581956311539194368, 1, 149.01785714285717, 68.70535714285714, 59.91071428571429, 30.223214285714292
267, 1581956311560727936, 1, 147.73809523809524, 68.66071428571428, 59.940476190476204, 30.327380952380963
268, 1581956311582262016, 1, 146.45833333333334, 68.61607142857142, 59.9702380952381, 30.431547619047628
269, 1581956311603795936, 1, 145.17857142857144, 68.57142857142857, 60.00000000000001, 30.535714285714292
270, 1581956311625329408, 1, 143.92857142857144, 68.68303571428572, 60.15625, 30.468750000000007
271, 1581956311646862936, 1, 142.67857142857144, 68.79464285714286, 60.3125, 30.401785714285722
272, 1581956311668396288, 1, 141.42857142857144, 68.90625, 60.46875, 30.334821428571438
273, 1581956311689929936, 1, 140.17857142857144, 69.01785714285714, 60.625, 30.267857142857153
274, 1581956311711463424, 1, 138.92857142857144, 69.12946428571428, 60.78125, 30.20089285714286
275, 1581956311732996936, 1, 137.67857142857144, 69.24107142857143, 60.9375, 30.13392857142857
276, 1581956311754530304, 1, 136.42857142857144, 69.35267857142858, 61.09375, 30.066964285714285
277, 1581956311776063936, 1, 135.17857142857144, 69.46428571428572, 61.25000000000001, 30.000000000000004
278, 1581956311797597952, 1, 134.0803571428545, 69.49999999999912, 61.3392857142875, 29.991071428568752
279, 1581956311819131936, 1, 132.98214285713752, 69.5357142857125, 61.428571428575, 29.982142857137504
280, 1581956311840665344, 1, 131.88392857142054, 69.5714285714259, 61.517857142862496, 29.97321428570625
281, 1581956311862198936, 1, 130.7857142857036, 69.6071428571393, 61.607142857149995, 29.964285714274993
282, 1581956311883732480, 1, 129.6874999999866, 69.64285714285268, 61.69642857143751, 29.955357142843745
283, 1581956311905265936, 1, 128.58928571426964, 69.67857142856607, 61.78571428572502, 29.946428571412497
284, 1581956311926799360, 1, 127.49107142855267, 69.71428571427947, 61.87500000001252, 29.93749999998124
285, 1581956311948332936, 1, 126.39285714283571, 69.74999999999287, 61.96428571430002, 29.928571428549986
286, 1581956311969866496, 1, 125.29464285711875, 69.78571428570626, 62.05357142858752, 29.919642857118745
287, 1581956311991399936, 1, 124.19642857140178, 69.82142857141964, 62.142857142875016, 29.910714285687504
288, 1581956312012933888, 1, 123.09821428568482, 69.85714285713303, 62.232142857162515, 29.901785714256256
289, 1581956312034467936, 1, 121.99999999996786, 69.89285714284642, 62.321428571450014, 29.892857142825008
290, 1581956312056001280, 1, 120.90178571425088, 69.92857142855982, 62.41071428573752, 29.883928571393753
291, 1581956312077534936, 1, 119.80357142853391, 69.96428571427322, 62.500000000025025, 29.874999999962498
292, 1581956312099068416, 1, 118.70535714281695, 69.99999999998661, 62.58928571431252, 29.86607142853125
293, 1581956312120601936, 1, 117.60714285709999, 70.0357142857, 62.67857142860001, 29.8571428571
294, 1581956312142135296, 1, 116.50892857139641, 70.07142857141785, 62.76785714287858, 29.84821428568214
295, 1581956312163668936, 1, 115.41071428569285, 70.10714285713571, 62.85714285715716, 29.83928571426428
296, 1581956312185202432, 1, 114.31249999998929, 70.14285714285357, 62.946428571435725, 29.830357142846424
297, 1581956312206735936, 1, 113.21428571428572, 70.17857142857143, 63.03571428571429, 29.821428571428573
298, 1581956312228269824, 1, 112.17075892857144, 70.21205357142858, 63.01339285714286, 29.83816964285714
299, 1581956312249803936, 1, 111.12723214285715, 70.24553571428572, 62.99107142857143, 29.854910714285708
300, 1581956312271337472, 1, 110.08370535714286, 70.27901785714286, 62.96874999999999, 29.871651785714285
301, 1581956312292870936, 1, 109.04017857142858, 70.3125, 62.946428571428555, 29.88839285714286
302, 1581956312314404352, 1, 107.99665178571429, 70.34598214285714, 62.92410714285714, 29.90513392857143
303, 1581956312335937936, 1, 106.953125, 70.37946428571429, 62.90178571428572, 29.921875
304, 1581956312357471488, 1, 105.90959821428572, 70.41294642857143, 62.879464285714285, 29.938616071428577
305, 1581956312379004936, 1, 104.86607142857143, 70.44642857142857, 62.85714285714285, 29.955357142857153
306, 1581956312400538368, 1, 103.82254464285714, 70.47991071428572, 62.83482142857142, 29.972098214285715
307, 1581956312422071936, 1, 102.77901785714286, 70.51339285714286, 62.8125, 29.988839285714278
308, 1581956312443605760, 1, 101.73549107142858, 70.546875, 62.79017857142856, 30.005580357142854
309, 1581956312465139936, 1, 100.69196428571429, 70.58035714285714, 62.767857142857125, 30.02232142857143
310, 1581956312486673408, 1, 99.6484375, 70.61383928571428, 62.7455357142857, 30.0390625
311, 1581956312508206936, 1, 98.60491071428572, 70.64732142857143, 62.72321428571428, 30.05580357142857
312, 1581956312529740288, 1, 97.56138392857143, 70.68080357142858, 62.70089285714285, 30.07254464285714
313, 1581956312551273936, 1, 96.51785714285714, 70.71428571428572, 62.678571428571416, 30.089285714285708
314, 1581956312572807424, 1, 95.47433035714286, 70.74776785714286, 62.65624999999999, 30.106026785714285
315, 1581956312594340936, 1, 94.43080357142857, 70.78125, 62.63392857142857, 30.12276785714286
316, 1581956312615874304, 1, 93.38727678571428, 70.81473214285714, 62.611607142857146, 30.13950892857143
317, 1581956312637407936, 1, 92.34375, 70.84821428571429, 62.58928571428572, 30.15625
318, 1581956312658941952, 1, 91.30022321428572, 70.88169642857143, 62.566964285714285, 30.172991071428577
319, 1581956312680475936, 1, 90.25669642857143, 70.91517857142857, 62.54464285714285, 30.189732142857153
320, 1581956312702009344, 1, 89.21316964285714, 70.94866071428572, 62.52232142857142, 30.206473214285715
321, 1581956312723542936, 1, 88.16964285714286, 70.98214285714286, 62.5, 30.223214285714278
322, 1581956312745076480, 1, 87.12611607142857, 71.015625, 62.47767857142857, 30.239955357142854
323, 1581956312766609936, 1, 86.08258928571428, 71.04910714285714, 62.45535714285714, 30.25669642857143
324, 1581956312788143360, 1, 85.0390625, 71.08258928571428, 62.43303571428571, 30.2734375
325, 1581956312809676936, 1, 83.99553571428572, 71.11607142857143, 62.41071428571428, 30.29017857142857
326, 1581956312831210496, 1, 82.95200892857143, 71.14955357142857, 62.38839285714285, 30.306919642857146
327, 1581956312852743936, 1, 81.90848214285714, 71.18303571428571, 62.366071428571416, 30.323660714285722
328, 1581956312874277888, 1, 80.86495535714286, 71.21651785714286, 62.34375, 30.340401785714292
329, 1581956312895811936, 1, 79.82142857142857, 71.25, 62.32142857142858, 30.357142857142858
330, 1581956312917345280, 1, 78.852262437409, 71.30022321429, 62.191264348302425, 30.340401785718576
331, 1581956312938878936, 1, 77.88309630338944, 71.35044642858, 62.06110012517627, 30.32366071429429
332, 1581956312960412416, 1, 76.91393016936988, 71.40066964287, 61.930935902050116, 30.306919642870007
333, 1581956312981945936, 1, 75.9447640353503, 71.45089285716, 61.800771678923965, 30.290178571445722
334, 1581956313003479296, 1, 74.97559790133073, 71.50111607145, 61.6706074557978, 30.27343750002143
335, 1581956313025012936, 1, 74.00643176731117, 71.55133928574, 61.540443232671635, 30.256696428597138
336, 1581956313046546432, 1, 73.03726563329161, 71.60156250003, 61.410279009545484, 30.239955357172853
337, 1581956313068079936, 1, 72.06809949927204, 71.65178571432, 61.28011478641933, 30.22321428574857
338, 1581956313089613824, 1, 71.09893336525246, 71.70200892861, 61.149950563293174, 30.206473214324284
339, 1581956313111147936, 1, 70.1297672312329, 71.7522321429, 61.01978634016702, 30.189732142899995
340, 1581956313132681472, 1, 69.02808949994309, 71.80245535718376, 61.022133714315274, 30.172991071469475
341, 1581956313154214936, 1, 67.9264117686533, 71.85267857146754, 61.02448108846353, 30.156250000038952
342, 1581956313175748352, 1, 66.82473403736348, 71.9029017857513, 61.02682846261179, 30.139508928608443
343, 1581956313197281936, 1, 65.72305630607367, 71.95312500003506, 61.02917583676005, 30.122767857177934
344, 1581956313218815488, 1, 64.62137857478388, 72.00334821431883, 61.03152321090829, 30.10602678574741
345, 1581956313240348936, 1, 63.519700843494064, 72.0535714286026, 61.03387058505653, 30.089285714316887
346, 1581956313261882368, 1, 62.41802311220425, 72.10379464288636, 61.03621795920479, 30.072544642886363
347, 1581956313283415936, 1, 61.31634538091445, 72.15401785717013, 61.03856533335304, 30.05580357145584
348, 1581956313304950016, 1, 60.214667649624644, 72.20424107145391, 61.04091270750129, 30.039062500025317
349, 1581956313326483936, 1, 59.11298991833483, 72.25446428573767, 61.04326008164955, 30.022321428594793
350, 1581956313348017408, 1, 58.01131218704502, 72.30468750002143, 61.04560745579781, 30.005580357164284
351, 1581956313369550936, 1, 56.90963445575522, 72.35491071430519, 61.04795482994606, 29.988839285733775
352, 1581956313391084288, 1, 55.80795672446541, 72.40513392858895, 61.05030220409431, 29.97209821430325
353, 1581956313412617936, 1, 54.7062789931756, 72.45535714287273, 61.052649578242566, 29.955357142872728
354, 1581956313434151424, 1, 53.6046012618858, 72.5055803571565, 61.05499695239081, 29.938616071442205
355, 1581956313455684936, 1, 52.50292353059599, 72.55580357144026, 61.05734432653905, 29.92187500001168
356, 1581956313477218304, 1, 51.40124579930618, 72.60602678572403, 61.05969170068731, 29.905133928581158
357, 1581956313498751936, 1, 50.29956806801637, 72.6562500000078, 61.06203907483557, 29.888392857150635
358, 1581956313520285952, 1, 49.197890336726566, 72.70647321429156, 61.06438644898382, 29.871651785720125
359, 1581956313541819936, 1, 48.09621260543676, 72.75669642857532, 61.06673382313207, 29.854910714289616
360, 1581956313563353344, 1, 46.99453487414695, 72.8069196428591, 61.069081197280326, 29.838169642859093
361, 1581956313584886936, 1, 45.892857142857146, 72.85714285714286, 61.07142857142858, 29.821428571428573
362, 1581956313606420480, 1, 44.74596696415064, 72.90178571428387, 61.000206505235965, 29.840561224489278
363, 1581956313627953936, 1, 43.599076785444126, 72.9464285714249, 60.92898443904335, 29.859693877549986
364, 1581956313649487360, 1, 42.45218660673762, 72.99107142856593, 60.85776237285072, 29.878826530610688
365, 1581956313671020936, 1, 41.30529642803111, 73.03571428570694, 60.7865403066581, 29.89795918367139
366, 1581956313692554496, 1, 40.1584062493246, 73.08035714284796, 60.71531824046548, 29.917091836732098
367, 1581956313714087936, 1, 39.01151607061809, 73.12499999998899, 60.64409617427287, 29.936224489792806
368, 1581956313735621888, 1, 37.86462589191159, 73.16964285713001, 60.57287410808024, 29.955357142853515
369, 1581956313757155936, 1, 36.71773571320507, 73.21428571427103, 60.501652041887624, 29.974489795914224
370, 1581956313778689280, 1, 35.57084553449856, 73.25892857141204, 60.430429975695006, 29.993622448974925
371, 1581956313800222936, 1, 34.42395535579205, 73.30357142855307, 60.359207909502395, 30.012755102035626
372, 1581956313821756416, 1, 33.27706517708555, 73.3482142856941, 60.287985843309784, 30.031887755096335
373, 1581956313843289936, 1, 32.13017499837903, 73.39285714283511, 60.216763777117166, 30.051020408157044
374, 1581956313864823296, 1, 30.983284819672527, 73.43749999997613, 60.14554171092454, 30.070153061217745
375, 1581956313886356936, 1, 29.83639464096602, 73.48214285711715, 60.074319644731915, 30.089285714278446
376, 1581956313907890432, 1, 28.68950446225951, 73.52678571425818, 60.0030975785393, 30.108418367339155
377, 1581956313929423936, 1, 27.542614283553, 73.5714285713992, 59.931875512346686, 30.127551020399867
378, 1581956313950957824, 1, 26.318824998017703, 73.61607142854928, 59.856162538308055, 30.146683673459876
379, 1581956313972491936, 1, 25.095035712482403, 73.66071428569936, 59.78044956426942, 30.165816326519888
380, 1581956313994025472, 1, 23.871246426947106, 73.70535714284944, 59.70473659023078, 30.184948979579907
381, 1581956314015558936, 1, 22.64745714141181, 73.7499999999995, 59.62902361619214, 30.204081632639927
382, 1581956314037092352, 1, 21.42366785587651, 73.79464285714958, 59.55331064215351, 30.22321428569993
383, 1581956314058625936, 1, 20.199878570341212, 73.83928571429966, 59.47759766811488, 30.242346938759937
384, 1581956314080159488, 1, 18.976089284805916, 73.88392857144973, 59.401884694076244, 30.261479591819956
385, 1581956314101692936, 1, 17.75229999927062, 73.92857142859981, 59.32617172003761, 30.280612244879975
386, 1581956314123226368, 1, 16.528510713735322, 73.97321428574989, 59.25045874599897, 30.299744897939988
387, 1581956314144759936, 1, 15.304721428200022, 74.01785714289997, 59.17474577196034, 30.318877550999996
388, 1581956314166293760, 1, 14.08093214267144, 74.06250000002142, 59.58737288598017, 30.338010204071427
389, 1581956314187827936, 1, 12.857142857142858, 74.10714285714286, 60.00000000000001, 30.357142857142858
390, 1581956314209361408, 1, 11.601063139663959, 74.19642857143214, 59.843963313480735, 30.46875000000714
391, 1581956314230894936, 1, 10.34498342218506, 74.28571428572143, 59.68792662696146, 30.58035714287142
392, 1581956314252428288, 1, 9.08890370470616, 74.37500000001071, 59.5318899404422, 30.691964285735708
393, 1581956314273961936, 1, 7.83282398722726, 74.46428571429999, 59.375853253922934, 30.803571428599998
394, 1581956314295495424, 1, 6.597390011072794, 74.553571428575, 59.25163555523986, 30.915178571449978
395, 1581956314317028936, 1, 5.361956034918328, 74.64285714285, 59.12741785655678, 31.02678571429996
396, 1581956314338562304, 1, 4.126522058763862, 74.73214285712501, 59.0032001578737, 31.13839285714996
397, 1581956314360095936, 1, 2.891088082609396, 74.8214285714, 58.87898245919062, 31.24999999999996
398, 1581956314381629952, 1, 1.9787844270971735, 74.91071428569998, 58.50049439685291, 31.361607142849966
399, 1581956314403163936, 1, 1.066480771584951, 74.99999999999996, 58.1220063345152, 31.47321428569997
400, 1581956314424697344, 1, 0.5332403857924755, 75.08928571429995, 57.36445500245757, 31.584821428549965
401, 1581956314446230936, 1, 0, 75.17857142859994, 56.60690367039994, 31.69642857139996
402, 1581956314467764480, 1, 0.0, 75.26785714285, 55.316111952527834, 31.808035714249982
403, 1581956314489297936, 1, 0, 75.35714285710007, 54.02532023465572, 31.919642857100005
404, 1581956314510831360, 1, 0.0, 75.44642857140718, 52.45908868875644, 32.03124999997858
405, 1581956314532364936, 1, 0, 75.53571428571429, 50.892857142857146, 32.142857142857146
406, 1581956314553898496, 1, 0.0, 75.65476190476309, 49.5317040022082, 32.04613095237738
407, 1581956314575431936, 1, 0.0, 75.77380952381189, 48.17055086155926, 31.949404761897625
408, 1581956314596965888, 1, 0.0, 75.89285714286069, 46.809397720910326, 31.85267857141786
409, 1581956314618499936, 1, 0.0, 76.01190476190949, 45.44824458026139, 31.755952380938098
410, 1581956314640033280, 1, 0.0, 76.13095238095829, 44.08709143961245, 31.659226190458334
411, 1581956314661566936, 1, 0.0, 76.2500000000071, 42.72593829896351, 31.56249999997857
412, 1581956314683100416, 1, 0.0, 76.3690476190559, 41.364785158314575, 31.465773809498806
413, 1581956314704633936, 1, 0.0, 76.4880952381047, 40.00363201766563, 31.369047619019042
414, 1581956314726167296, 1, 0.0, 76.6071428571535, 38.642478877016686, 31.27232142853928
415, 1581956314747700936, 1, 0.0, 76.7261904762023, 37.28132573636775, 31.175595238059515
416, 1581956314769234432, 1, 0.0, 76.8452380952511, 35.92017259571881, 31.07886904757975
417, 1581956314790767936, 1, 0, 76.9642857142999, 34.55901945506987, 30.982142857099984
418, 1581956314812301824, 1, 0.0, 77.08333333334635, 33.15231545286167, 30.885416666627364
419, 1581956314833835936, 1, 0.0, 77.20238095239279, 31.745611450653467, 30.78869047615474
420, 1581956314855369472, 1, 0.0, 77.32142857143921, 30.338907448445262, 30.691964285682126
421, 1581956314876902936, 1, 0.0, 77.44047619048565, 28.932203446237057, 30.59523809520951
422, 1581956314898436352, 1, 0.0, 77.5595238095321, 27.525499444028853, 30.4985119047369
423, 1581956314919969936, 1, 0.0, 77.67857142857852, 26.11879544182065, 30.401785714264292
424, 1581956314941503488, 1, 0.0, 77.79761904762496, 24.712091439612447, 30.30505952379167
425, 1581956314963036936, 1, 0.0, 77.9166666666714, 23.305387437404242, 30.208333333319047
426, 1581956314984570368, 1, 0.0, 78.03571428571784, 21.89868343519604, 30.111607142846424
427, 1581956315006103936, 1, 0.0, 78.15476190476429, 20.491979432987836, 30.0148809523738
428, 1581956315027638016, 1, 0.0, 78.27380952381071, 19.08527543077963, 29.918154761901185
429, 1581956315049171936, 1, 0, 78.39285714285715, 17.67857142857143, 29.821428571428573
430, 1581956315070705408, 1, 0.0, 78.73268450649894, 16.357142857153573, 29.687825690915354
431, 1581956315092238936, 1, 0.0, 79.07251187014074, 15.035714285735715, 29.554222810402138
432, 1581956315113772288, 1, 0.0, 79.41233923378253, 13.714285714317857, 29.42061992988893
433, 1581956315135305936, 1, 0, 79.75216659742432, 12.3928571429, 29.28701704937572
434, 1581956315156839424, 1, 0.0, 80.48321501357064, 11.071428571449996, 28.518888824333175
435, 1581956315178372936, 1, 0, 81.21426342971696, 9.74999999999999, 27.75076059929063
436, 1581956315199906304, 1, 0.0, 81.9821261437163, 8.42857142857142, 25.813070449467972
437, 1581956315221439936, 1, 0.0, 82.74998885771564, 7.107142857142852, 23.875380299645315
438, 1581956315242973952, 1, 0.0, 83.51785157171497, 5.785714285714283, 21.937690149822657
439, 1581956315264507936, 1, 0, 84.28571428571429, 4.464285714285714, 20
440, 1581956315286041344, 1, 0.0, 84.28571428571429, 4.464285714285714, 20.0
441, 1581956315307574936
442, 1581956315329108480
443, 1581956315350641936
