1, 1603471347223041364
2, 1603471347228424448
3, 1603471347233807872
4, 1603471347239191296
5, 1603471347244574720
6, 1603471347249958144
7, 1603471347255341568
8, 1603471347260724992
9, 1603471347266108364
10, 1603471347271491840
11, 1603471347276875264
12, 1603471347282258432
13, 1603471347287641856
14, 1603471347293025280
15, 1603471347298408704
16, 1603471347303792128
17, 1603471347309175364
18, 1603471347314558464
19, 1603471347319941888
20, 1603471347325325312
21, 1603471347330708736
22, 1603471347336092160
23, 1603471347341475584
24, 1603471347346859008
25, 1603471347352242364
26, 1603471347357625856
27, 1603471347363009280
28, 1603471347368392704
29, 1603471347373775872
30, 1603471347379159296
31, 1603471347384542720
32, 1603471347389926144
33, 1603471347395309364
34, 1603471347400692736
35, 1603471347406076160
36, 1603471347411459584
37, 1603471347416843264
38, 1603471347422226944
39, 1603471347427610368
40, 1603471347432993792
41, 1603471347438377364
42, 1603471347443760896
43, 1603471347449144320
44, 1603471347454527488
45, 1603471347459910912
46, 1603471347465294336
47, 1603471347470677760
48, 1603471347476061184
49, 1603471347481444364, 0, 0.0, 86.52061855670104, 5.567010309278351, 27.603092783505154
50, 1603471347486827520, 0, 0.0, 86.04736243138235, 6.299337260681032, 28.686922613467377
51, 1603471347492210944, 0, 0.0, 85.57410630606367, 7.031664212083713, 29.7707524434296
52, 1603471347497594368, 0, 0.0, 85.10085018074497, 7.763991163486394, 30.85458227339182
53, 1603471347502977792, 0, 0.0, 84.62759405542629, 8.496318114889075, 31.938412103354043
54, 1603471347508361216, 0, 0.0, 84.1543379301076, 9.228645066291755, 33.022241933316266
55, 1603471347513744640, 0, 0.0, 83.6810818047889, 9.960972017694436, 34.106071763278486
56, 1603471347519128064, 0, 0.0, 83.20782567947022, 10.693298969097118, 35.189901593240705
57, 1603471347524511364, 0, 0.0, 82.73456955415153, 11.425625920499797, 36.27373142320293
58, 1603471347529894912, 0, 0.0, 82.61276609987421, 12.15795287189713, 36.698587494967036
59, 1603471347535278336, 0, 0.0, 82.49096264559688, 12.890279823294465, 37.12344356673114
60, 1603471347540661760, 0, 0.0, 82.36915919131955, 13.6226067746918, 37.54829963849524
61, 1603471347546044928, 0, 0.0, 82.24735573704223, 14.354933726089133, 37.97315571025934
62, 1603471347551428096, 0, 0.0, 82.1255522827649, 15.087260677486466, 38.398011782023445
63, 1603471347556811520, 0, 0.0, 82.00374882848757, 15.8195876288838, 38.82286785378754
64, 1603471347562194944, 0, 0.0, 81.88194537421023, 16.551914580281135, 39.24772392555165
65, 1603471347567578364, 0, 0.0, 81.7601419199329, 17.284241531678468, 39.67257999731575
66, 1603471347572961792, 0, 0.0, 81.63833846565558, 18.0165684830758, 40.097436069079855
67, 1603471347578345216, 0, 0.0, 81.51653501137824, 18.748895434473138, 40.52229214084396
68, 1603471347583728640, 0, 0.0, 81.39473155710091, 19.481222385870474, 40.947148212608056
69, 1603471347589111808, 0, 0.0, 81.27292810282358, 20.213549337267807, 41.37200428437216
70, 1603471347594495232, 0, 0.0, 81.15112464854626, 20.94587628866514, 41.796860356136264
71, 1603471347599878656, 0, 0.0, 81.02932119426893, 21.678203240062473, 42.22171642790036
72, 1603471347605262080, 0, 0.0, 80.9075177399916, 22.410530191459806, 42.646572499664465
73, 1603471347610645364, 0, 0.0, 80.78571428571428, 23.142857142857142, 43.07142857142857
74, 1603471347616028672, 0, 0.0, 80.77770618556701, 23.90335051546392, 43.0805412371134
75, 1603471347621412096, 0, 0.0, 80.76969808541973, 24.663843888070694, 43.08965390279823
76, 1603471347626795520, 0, 0.0, 80.76168998527245, 25.42433726067747, 43.098766568483065
77, 1603471347632179200, 0, 0.0, 80.75368188512519, 26.184830633284243, 43.107879234167896
78, 1603471347637562880, 0, 0.0, 80.74567378497791, 26.945324005891017, 43.11699189985273
79, 1603471347642946304, 0, 0.0, 80.73766568483063, 27.70581737849779, 43.12610456553756
80, 1603471347648329728, 0, 0.0, 80.72965758468337, 28.466310751104565, 43.135217231222384
81, 1603471347653713364, 0, 0.0, 80.72164948453609, 29.226804123711343, 43.144329896907216
82, 1603471347659096832, 0, 2.67826997693079e-15, 80.47980925565611, 30.003865979379384, 43.49055156908449
83, 1603471347664480256, 0, 5.35653995386158e-15, 80.23796902677614, 30.78092783504742, 43.83677324126175
84, 1603471347669863424, 0, 8.03480993079237e-15, 79.99612879789618, 31.557989690715463, 44.18299491343902
85, 1603471347675246848, 0, 1.071307990772316e-14, 79.75428856901621, 32.335051546383504, 44.52921658561628
86, 1603471347680630272, 0, 1.339134988465395e-14, 79.51244834013625, 33.11211340205155, 44.87543825779355
87, 1603471347686013696, 0, 1.606961986158474e-14, 79.27060811125627, 33.889175257719586, 45.22165992997082
88, 1603471347691397120, 0, 1.874788983851553e-14, 79.02876788237629, 34.66623711338762, 45.56788160214809
89, 1603471347696780364, 0, 2.142615981544632e-14, 78.78692765349632, 35.44329896905567, 45.914103274325356
90, 1603471347702163456, 0, 2.4104429792377108e-14, 78.54508742461636, 36.22036082472371, 46.26032494650262
91, 1603471347707546880, 0, 2.67826997693079e-14, 78.30324719573638, 36.99742268039175, 46.60654661867989
92, 1603471347712930304, 0, 2.946096974623869e-14, 78.0614069668564, 37.77448453605979, 46.952768290857165
93, 1603471347718313728, 0, 3.213923972316948e-14, 77.81956673797643, 38.551546391727825, 47.29898996303443
94, 1603471347723697152, 0, 3.481750970010027e-14, 77.57772650909646, 39.32860824739586, 47.645211635211695
95, 1603471347729080576, 0, 3.749577967703106e-14, 77.33588628021649, 40.10567010306391, 47.99143330738897
96, 1603471347734464000, 0, 4.017404965396185e-14, 77.0940460513365, 40.88273195873195, 48.33765497956624
97, 1603471347739847364, 0, 4.285231963089264e-14, 76.85220582245654, 41.65979381439999, 48.6838766517435
98, 1603471347745230848, 0, 4.1066806312938776e-14, 76.78108337585543, 42.43685567007146, 48.85938054164468
99, 1603471347750614272, 0, 3.928129299498492e-14, 76.70996092925432, 43.21391752574293, 49.03488443154586
100, 1603471347755997696, 0, 3.749577967703106e-14, 76.63883848265321, 43.990979381414405, 49.21038832144704
101, 1603471347761380864, 0, 3.57102663590772e-14, 76.5677160360521, 44.768041237085875, 49.38589221134822
102, 1603471347766764288, 0, 3.3924753041123336e-14, 76.496593589451, 45.545103092757344, 49.5613961012494
103, 1603471347772147712, 0, 3.213923972316948e-14, 76.42547114284989, 46.32216494842882, 49.73689999115058
104, 1603471347777531136, 0, 3.035372640521562e-14, 76.35434869624879, 47.09922680410029, 49.91240388105176
105, 1603471347782914364, 0, 2.856821308726176e-14, 76.28322624964768, 47.87628865977176, 50.08790777095294
106, 1603471347788297472, 0, 2.67826997693079e-14, 76.21210380304657, 48.653350515443236, 50.26341166085412
107, 1603471347793680896, 0, 2.499718645135404e-14, 76.14098135644548, 49.430412371114706, 50.4389155507553
108, 1603471347799064320, 0, 2.321167313340018e-14, 76.06985890984437, 50.207474226786175, 50.61441944065648
109, 1603471347804447744, 0, 2.142615981544632e-14, 75.99873646324326, 50.98453608245765, 50.78992333055765
110, 1603471347809831168, 0, 1.964064649749246e-14, 75.92761401664215, 51.76159793812912, 50.96542722045882
111, 1603471347815214592, 0, 1.78551331795386e-14, 75.85649157004104, 52.53865979380059, 51.14093111036
112, 1603471347820598016, 0, 1.606961986158474e-14, 75.78536912343993, 53.31572164947207, 51.31643500026118
113, 1603471347825981364, 0, 1.428410654363088e-14, 75.71424667683883, 54.09278350514354, 51.49193889016236
114, 1603471347831365120, 0, 1.249859322567702e-14, 75.64312423023772, 54.869845360815006, 51.66744278006354
115, 1603471347836748544, 0, 1.071307990772316e-14, 75.57200178363661, 55.64690721648648, 51.84294666996472
116, 1603471347842131968, 0, 8.9275665897693e-15, 75.5008793370355, 56.42396907215795, 52.0184505598659
117, 1603471347847515392, 0, 7.14205327181544e-15, 75.42975689043439, 57.20103092782942, 52.19395444976708
118, 1603471347852898816, 0, 5.35653995386158e-15, 75.35863444383328, 57.97809278350089, 52.369458339668256
119, 1603471347858282496, 0, 3.57102663590772e-15, 75.28751199723217, 58.75515463917236, 52.544962229569435
120, 1603471347863665920, 0, 1.78551331795386e-15, 75.21638955063108, 59.53221649484384, 52.720466119470615
121, 1603471347869049364, 0, 0.0, 75.14526710402997, 60.30927835051531, 52.895970009371794
122, 1603471347874432512, 0, 0.0, 75.16289831302717, 61.13273195876273, 52.88413776944678
123, 1603471347879815936, 0, 0.0, 75.18052952202436, 61.956185567010166, 52.87230552952177
124, 1603471347885199360, 0, 0.0, 75.19816073102155, 62.77963917525759, 52.860473289596754
125, 1603471347890582784, 0, 0.0, 75.21579194001873, 63.60309278350502, 52.848641049671734
126, 1603471347895966208, 0, 0.0, 75.23342314901592, 64.42654639175245, 52.836808809746714
127, 1603471347901349632, 0, 0.0, 75.2510543580131, 65.24999999999987, 52.8249765698217
128, 1603471347906733056, 0, 0.0, 75.2686855670103, 66.07345360824729, 52.81314432989669
129, 1603471347912116364, 0, 0.0, 75.28631677600748, 66.89690721649472, 52.801312089971674
130, 1603471347917499904, 0, 0.0, 75.30394798500467, 67.72036082474216, 52.789479850046654
131, 1603471347922883328, 0, 0.0, 75.32157919400186, 68.54381443298958, 52.77764761012163
132, 1603471347928266752, 0, 0.0, 75.33921040299904, 69.367268041237, 52.76581537019662
133, 1603471347933649920, 0, 0.0, 75.35684161199623, 70.19072164948443, 52.7539831302716
134, 1603471347939033344, 0, 0.0, 75.37447282099342, 71.01417525773186, 52.74215089034658
135, 1603471347944416768, 0, 0.0, 75.3921040299906, 71.83762886597928, 52.730318650421566
136, 1603471347949800192, 0, 0.0, 75.40973523898779, 72.6610824742267, 52.718486410496546
137, 1603471347955183364, 0, 0.0, 75.427366447985, 73.48453608247414, 52.706654170571525
138, 1603471347960566528, 0, 0.0, 75.4449976569822, 74.30798969072157, 52.69482193064651
139, 1603471347965949952, 0, 0.0, 75.46262886597938, 75.13144329896899, 52.6829896907215
140, 1603471347971333376, 0, 0.0, 75.48026007497657, 75.95489690721641, 52.671157450796485
141, 1603471347976716800, 0, 0.0, 75.49789128397376, 76.77835051546384, 52.659325210871465
142, 1603471347982100224, 0, 0.0, 75.51552249297094, 77.60180412371128, 52.647492970946445
143, 1603471347987483648, 0, 0.0, 75.53315370196813, 78.4252577319587, 52.63566073102143
144, 1603471347992867072, 0, 0.0, 75.55078491096532, 79.24871134020611, 52.62382849109642
145, 1603471347998250364, 0, 0.0, 75.5684161199625, 80.07216494845355, 52.611996251171405
146, 1603471348003633408, 0, 0.0, 75.5860473289597, 80.89561855670098, 52.600164011246385
147, 1603471348009016832, 0, 0.0, 75.60367853795688, 81.7190721649484, 52.588331771321364
148, 1603471348014400256, 0, 0.0, 75.62130974695407, 82.54252577319582, 52.57649953139635
149, 1603471348019783680, 0, 0.0, 75.63894095595126, 83.36597938144325, 52.56466729147133
150, 1603471348025167104, 0, 0.0, 75.65657216494844, 84.18943298969069, 52.55283505154631
151, 1603471348030550528, 0, 0.0, 75.67420337394563, 85.0128865979381, 52.5410028116213
152, 1603471348035933952, 0, 0.0, 75.69183458294282, 85.83634020618553, 52.52917057169628
153, 1603471348041317364, 0, 0.0, 75.70946579194002, 86.65979381443296, 52.517338331771256
154, 1603471348046701056, 0, 0.0, 75.72709700093722, 87.48324742268039, 52.50550609184624
155, 1603471348052084480, 0, 0.0, 75.74472820993441, 88.30670103092781, 52.49367385192123
156, 1603471348057467904, 0, 0.0, 75.7623594189316, 89.13015463917523, 52.48184161199622
157, 1603471348062851328, 0, 0.0, 75.77999062792878, 89.95360824742266, 52.470009372071196
158, 1603471348068234752, 0, 0.0, 75.79762183692597, 90.7770618556701, 52.458177132146176
159, 1603471348073618432, 0, 0.0, 75.81525304592316, 91.60051546391752, 52.44634489222116
160, 1603471348079001856, 0, 0.0, 75.83288425492034, 92.42396907216494, 52.43451265229615
161, 1603471348084385364, 0, 0.0, 75.85051546391753, 93.24742268041237, 52.422680412371136
162, 1603471348089768448, 0, 0.0, 75.85051546391642, 94.09407216494907, 52.44007731958543
163, 1603471348095151872, 0, 0.0, 75.8505154639153, 94.94072164948578, 52.45747422679971
164, 1603471348100535296, 0, 0.0, 75.85051546391418, 95.7873711340225, 52.474871134013995
165, 1603471348105918720, 0, 0.0, 75.85051546391307, 96.63402061855919, 52.492268041228286
166, 1603471348111302144, 0, 0.0, 75.85051546391196, 97.4806701030959, 52.50966494844258
167, 1603471348116685568, 0, 0.0, 75.85051546391084, 98.32731958763262, 52.52706185565686
168, 1603471348122068992, 0, 0.0, 75.85051546390972, 99.17396907216931, 52.544458762871145
169, 1603471348127452364, 0, 0.0, 75.85051546390861, 100.02061855670603, 52.561855670085436
170, 1603471348132835840, 0, 0.0, 75.8505154639075, 100.86726804124274, 52.57925257729973
171, 1603471348138219264, 0, 0.0, 75.85051546390638, 101.71391752577944, 52.59664948451402
172, 1603471348143602688, 0, 0.0, 75.85051546390525, 102.56056701031615, 52.61404639172831
173, 1603471348148985856, 0, 0.0, 75.85051546390415, 103.40721649485286, 52.63144329894261
174, 1603471348154369280, 0, 0.0, 75.85051546390304, 104.25386597938956, 52.648840206156905
175, 1603471348159752704, 0, 0.0, 75.85051546390191, 105.10051546392627, 52.666237113371196
176, 1603471348165136128, 0, 0.0, 75.85051546390079, 105.94716494846298, 52.68363402058549
177, 1603471348170519364, 0, 0.0, 75.85051546389968, 106.79381443299968, 52.70103092779978
178, 1603471348175902464, 0, 0.2957825633665481, 75.85051546389971, 107.34468135417066, 52.71842783501231
179, 1603471348181285888, 0, 0.5915651267330962, 75.85051546389974, 107.89554827534162, 52.73582474222483
180, 1603471348186669312, 0, 0.8873476900996444, 75.85051546389977, 108.44641519651259, 52.75322164943735
181, 1603471348192052736, 0, 1.1831302534661925, 75.85051546389981, 108.99728211768357, 52.77061855664988
182, 1603471348197436160, 0, 1.4789128168327408, 75.85051546389985, 109.54814903885453, 52.78801546386241
183, 1603471348202819584, 0, 1.7746953801992889, 75.85051546389988, 110.0990159600255, 52.80541237107494
184, 1603471348208203008, 0, 2.070477943565837, 75.85051546389991, 110.64988288119648, 52.822809278287465
185, 1603471348213586364, 0, 2.366260506932385, 75.85051546389994, 111.20074980236744, 52.84020618549999
186, 1603471348218969856, 0, 3.0882145860738532, 75.85051546390105, 111.32544520776071, 52.857603092720666
187, 1603471348224353280, 0, 3.810168665215321, 75.85051546390214, 111.45014061315399, 52.87499999994135
188, 1603471348229736448, 0, 4.532122744356789, 75.85051546390324, 111.57483601854726, 52.89239690716204
189, 1603471348235119872, 0, 5.2540768234982576, 75.85051546390434, 111.69953142394053, 52.909793814382724
190, 1603471348240503296, 0, 5.976030902639726, 75.85051546390544, 111.82422682933381, 52.92719072160341
191, 1603471348245886720, 0, 6.697984981781194, 75.85051546390653, 111.94892223472708, 52.944587628824095
192, 1603471348251270144, 0, 7.419939060922662, 75.85051546390764, 112.07361764012035, 52.96198453604478
193, 1603471348256653364, 0, 8.14189314006413, 75.85051546390874, 112.19831304551363, 52.97938144326547
194, 1603471348262036736, 0, 8.8638472192056, 75.85051546390983, 112.3230084509069, 52.99677835048615
195, 1603471348267420160, 0, 9.585801298347068, 75.85051546391094, 112.44770385630017, 53.01417525770683
196, 1603471348272803840, 0, 10.307755377488537, 75.85051546391203, 112.57239926169345, 53.03157216492751
197, 1603471348278187264, 0, 11.029709456630004, 75.85051546391313, 112.69709466708672, 53.048969072148196
198, 1603471348283570688, 0, 11.75166353577147, 75.85051546391423, 112.82179007247998, 53.06636597936888
199, 1603471348288954368, 0, 12.47361761491294, 75.85051546391533, 112.94648547787327, 53.08376288658957
200, 1603471348294337792, 0, 13.195571694054408, 75.85051546391642, 113.07118088326654, 53.101159793810254
201, 1603471348299721364, 0, 13.917525773195877, 75.85051546391753, 113.1958762886598, 53.11855670103093
202, 1603471348305104896, 0, 14.693137886597938, 75.85776417525774, 113.26111469072166, 53.10405927835052
203, 1603471348310488320, 0, 15.46875, 75.86501288659795, 113.3263530927835, 53.08956185567011
204, 1603471348315871744, 0, 16.24436211340206, 75.87226159793815, 113.39159149484536, 53.0750644329897
205, 1603471348321254912, 0, 17.019974226804123, 75.87951030927836, 113.45682989690722, 53.060567010309285
206, 1603471348326638336, 0, 17.795586340206185, 75.88675902061857, 113.52206829896909, 53.04606958762887
207, 1603471348332021760, 0, 18.571198453608247, 75.89400773195877, 113.58730670103094, 53.03157216494846
208, 1603471348337405184, 0, 19.34681056701031, 75.90125644329898, 113.65254510309279, 53.01707474226804
209, 1603471348342788364, 0, 20.12242268041237, 75.90850515463919, 113.71778350515464, 53.00257731958763
210, 1603471348348171520, 0, 20.898034793814432, 75.91575386597938, 113.7830219072165, 52.988079896907216
211, 1603471348353554944, 0, 21.673646907216494, 75.9230025773196, 113.84826030927836, 52.9735824742268
212, 1603471348358938368, 0, 22.449259020618555, 75.9302512886598, 113.91349871134022, 52.959085051546396
213, 1603471348364321792, 0, 23.224871134020617, 75.9375, 113.97873711340208, 52.94458762886598
214, 1603471348369705216, 0, 24.00048324742268, 75.94474871134021, 114.04397551546393, 52.93009020618557
215, 1603471348375088640, 0, 24.77609536082474, 75.95199742268042, 114.10921391752579, 52.91559278350516
216, 1603471348380472064, 0, 25.551707474226802, 75.95924613402062, 114.17445231958766, 52.90109536082475
217, 1603471348385855364, 0, 26.327319587628867, 75.96649484536083, 114.23969072164951, 52.886597938144334
218, 1603471348391238912, 0, 27.102931701030933, 75.97374355670104, 114.30492912371136, 52.87210051546392
219, 1603471348396622336, 0, 27.878543814432994, 75.98099226804123, 114.37016752577321, 52.857603092783506
220, 1603471348402005504, 0, 28.654155927835056, 75.98824097938144, 114.43540592783506, 52.8431056701031
221, 1603471348407388928, 0, 29.429768041237118, 75.99548969072166, 114.50064432989693, 52.828608247422686
222, 1603471348412772352, 0, 30.20538015463918, 76.00273840206185, 114.5658827319588, 52.81411082474227
223, 1603471348418155520, 0, 30.98099226804124, 76.00998711340206, 114.63112113402065, 52.799613402061865
224, 1603471348423538944, 0, 31.756604381443303, 76.01723582474227, 114.6963595360825, 52.78511597938145
225, 1603471348428922364, 0, 32.532216494845365, 76.02448453608247, 114.76159793814435, 52.77061855670104
226, 1603471348434305792, 0, 33.307828608247426, 76.03173324742268, 114.8268363402062, 52.756121134020624
227, 1603471348439689216, 0, 34.08344072164949, 76.03898195876289, 114.89207474226805, 52.74162371134021
228, 1603471348445072384, 0, 34.85905283505155, 76.04623067010309, 114.9573131443299, 52.7271262886598
229, 1603471348450455808, 0, 35.63466494845361, 76.0534793814433, 115.02255154639177, 52.71262886597938
230, 1603471348455839232, 0, 36.41027706185567, 76.0607280927835, 115.08778994845363, 52.69813144329897
231, 1603471348461222656, 0, 37.185889175257735, 76.0679768041237, 115.15302835051548, 52.683634020618555
232, 1603471348466606080, 0, 37.9615012886598, 76.07522551546391, 115.21826675257734, 52.66913659793815
233, 1603471348471989364, 0, 38.73711340206186, 76.08247422680412, 115.28350515463919, 52.654639175257735
234, 1603471348477372672, 0, 39.565537555228275, 76.08247422680412, 115.29593151693669, 52.671207658321066
235, 1603471348482756096, 0, 40.3939617083947, 76.08247422680412, 115.30835787923418, 52.68777614138439
236, 1603471348488139776, 0, 41.22238586156112, 76.08247422680412, 115.32078424153167, 52.704344624447714
237, 1603471348493523200, 0, 42.050810014727546, 76.08247422680412, 115.33321060382917, 52.72091310751104
238, 1603471348498906624, 0, 42.87923416789397, 76.08247422680412, 115.34563696612666, 52.73748159057436
239, 1603471348504290304, 0, 43.707658321060386, 76.08247422680412, 115.35806332842415, 52.75405007363769
240, 1603471348509673728, 0, 44.5360824742268, 76.08247422680412, 115.37048969072166, 52.770618556701024
241, 1603471348515057364, 0, 45.364506627393226, 76.08247422680412, 115.38291605301914, 52.78718703976435
242, 1603471348520440832, 0, 46.19293078055965, 76.08247422680412, 115.39534241531663, 52.80375552282768
243, 1603471348525824256, 0, 47.02135493372607, 76.08247422680412, 115.40776877761414, 52.82032400589101
244, 1603471348531207680, 0, 47.8497790868925, 76.08247422680412, 115.42019513991164, 52.83689248895434
245, 1603471348536590848, 0, 48.67820324005891, 76.08247422680412, 115.43262150220914, 52.85346097201767
246, 1603471348541974272, 0, 49.50662739322533, 76.08247422680412, 115.44504786450665, 52.870029455081
247, 1603471348547357696, 0, 50.33505154639175, 76.08247422680412, 115.45747422680414, 52.886597938144334
248, 1603471348552741120, 0, 51.16347569955818, 76.08247422680412, 115.46990058910163, 52.903166421207665
249, 1603471348558124364, 0, 51.9918998527246, 76.08247422680412, 115.48232695139913, 52.919734904270996
250, 1603471348563507456, 0, 52.820324005891024, 76.08247422680412, 115.49475331369663, 52.93630338733432
251, 1603471348568890880, 0, 53.64874815905744, 76.08247422680412, 115.50717967599412, 52.95287187039765
252, 1603471348574274304, 0, 54.47717231222386, 76.08247422680412, 115.51960603829161, 52.96944035346098
253, 1603471348579657728, 0, 55.30559646539028, 76.08247422680412, 115.53203240058912, 52.986008836524306
254, 1603471348585041152, 0, 56.134020618556704, 76.08247422680412, 115.54445876288662, 53.00257731958763
255, 1603471348590424576, 0, 56.96244477172313, 76.08247422680412, 115.55688512518411, 53.01914580265096
256, 1603471348595808000, 0, 57.79086892488955, 76.08247422680412, 115.5693114874816, 53.03571428571429
257, 1603471348601191364, 0, 58.61929307805597, 76.08247422680412, 115.5817378497791, 53.052282768777616
258, 1603471348606574848, 0, 59.447717231222384, 76.08247422680412, 115.5941642120766, 53.06885125184094
259, 1603471348611958272, 0, 60.27614138438881, 76.08247422680412, 115.6065905743741, 53.08541973490427
260, 1603471348617341440, 0, 61.10456553755523, 76.08247422680412, 115.61901693667158, 53.1019882179676
261, 1603471348622724864, 0, 61.932989690721655, 76.08247422680412, 115.63144329896909, 53.118556701030926
262, 1603471348628108288, 0, 62.76141384388808, 76.08247422680412, 115.64386966126658, 53.13512518409425
263, 1603471348633491712, 0, 63.589837997054495, 76.08247422680412, 115.65629602356407, 53.15169366715758
264, 1603471348638875136, 0, 64.41826215022091, 76.08247422680412, 115.66872238586157, 53.16826215022091
265, 1603471348644258364, 0, 65.24668630338734, 76.08247422680412, 115.68114874815906, 53.184830633284236
266, 1603471348649641472, 0, 66.07511045655374, 76.08247422680412, 115.69357511045655, 53.20139911634756
267, 1603471348655024896, 0, 66.90353460972017, 76.08247422680412, 115.70600147275405, 53.21796759941089
268, 1603471348660408320, 0, 67.73195876288659, 76.08247422680412, 115.71842783505154, 53.23453608247422
269, 1603471348665791744, 0, 68.56038291605302, 76.08247422680412, 115.73085419734903, 53.251104565537545
270, 1603471348671175168, 0, 69.38880706921944, 76.08247422680412, 115.74328055964654, 53.26767304860087
271, 1603471348676558592, 0, 70.21723122238586, 76.08247422680412, 115.75570692194403, 53.2842415316642
272, 1603471348681942016, 0, 71.04565537555229, 76.08247422680412, 115.76813328424151, 53.30081001472753
273, 1603471348687325364, 0, 71.87407952871871, 76.08247422680412, 115.78055964653902, 53.317378497790855
274, 1603471348692709120, 0, 72.70250368188513, 76.08247422680412, 115.79298600883652, 53.333946980854186
275, 1603471348698092544, 0, 73.53092783505156, 76.08247422680412, 115.80541237113403, 53.35051546391752
276, 1603471348703475968, 0, 74.35935198821798, 76.08247422680412, 115.81783873343153, 53.36708394698085
277, 1603471348708859392, 0, 75.18777614138439, 76.08247422680412, 115.83026509572902, 53.38365243004418
278, 1603471348714243072, 0, 76.0162002945508, 76.08247422680412, 115.84269145802651, 53.40022091310751
279, 1603471348719626496, 0, 76.84462444771722, 76.08247422680412, 115.85511782032401, 53.41678939617084
280, 1603471348725009920, 0, 77.67304860088365, 76.08247422680412, 115.86754418262151, 53.43335787923417
281, 1603471348730393364, 0, 78.50147275405007, 76.08247422680412, 115.87997054491902, 53.449926362297504
282, 1603471348735776512, 0, 79.3298969072165, 76.08247422680412, 115.89239690721652, 53.46649484536083
283, 1603471348741159936, 0, 80.15832106038292, 76.08247422680412, 115.90482326951401, 53.48306332842416
284, 1603471348746543360, 0, 80.98674521354934, 76.08247422680412, 115.9172496318115, 53.49963181148749
285, 1603471348751926784, 0, 81.81516936671576, 76.08247422680412, 115.929675994109, 53.51620029455081
286, 1603471348757310208, 0, 82.64359351988219, 76.08247422680412, 115.9421023564065, 53.53276877761414
287, 1603471348762693632, 0, 83.47201767304861, 76.08247422680412, 115.95452871870398, 53.54933726067747
288, 1603471348768077056, 0, 84.30044182621504, 76.08247422680412, 115.96695508100149, 53.5659057437408
289, 1603471348773460364, 0, 85.12886597938144, 76.08247422680412, 115.97938144329898, 53.58247422680412
290, 1603471348778843904, 0, 85.97962844736517, 76.09490058910195, 115.89539980261242, 53.57131988943737
291, 1603471348784227328, 0, 86.83039091534889, 76.10732695139978, 115.81141816192587, 53.560165552070615
292, 1603471348789610496, 0, 87.68115338333261, 76.11975331369761, 115.72743652123933, 53.54901121470386
293, 1603471348794993920, 0, 88.53191585131634, 76.13217967599545, 115.64345488055278, 53.537856877337106
294, 1603471348800377344, 0, 89.38267831930006, 76.14460603829328, 115.55947323986624, 53.52670253997035
295, 1603471348805760768, 0, 90.23344078728378, 76.1570324005911, 115.47549159917969, 53.5155482026036
296, 1603471348811144192, 0, 91.08420325526751, 76.16945876288894, 115.39150995849315, 53.50439386523684
297, 1603471348816527364, 0, 91.93496572325122, 76.18188512518677, 115.3075283178066, 53.49323952787009
298, 1603471348821910528, 0, 92.78572819123494, 76.1943114874846, 115.22354667712005, 53.48208519050334
299, 1603471348827293952, 0, 93.63649065921867, 76.20673784978243, 115.13956503643351, 53.470930853136586
300, 1603471348832677376, 0, 94.4872531272024, 76.21916421208026, 115.05558339574696, 53.45977651576983
301, 1603471348838060800, 0, 95.3380155951861, 76.23159057437809, 114.97160175506042, 53.448622178403085
302, 1603471348843444224, 0, 96.18877806316983, 76.24401693667592, 114.88762011437387, 53.43746784103634
303, 1603471348848827648, 0, 97.03954053115356, 76.25644329897375, 114.80363847368733, 53.42631350366958
304, 1603471348854211072, 0, 97.89030299913728, 76.26886966127158, 114.71965683300078, 53.41515916630283
305, 1603471348859594364, 0, 98.741065467121, 76.28129602356941, 114.63567519231422, 53.40400482893608
306, 1603471348864977408, 0, 99.59182793510473, 76.29372238586724, 114.5516935516277, 53.39285049156933
307, 1603471348870360832, 0, 100.44259040308845, 76.30614874816507, 114.46771191094115, 53.38169615420257
308, 1603471348875744256, 0, 101.29335287107217, 76.3185751104629, 114.3837302702546, 53.37054181683582
309, 1603471348881127680, 0, 102.1441153390559, 76.33100147276073, 114.29974862956806, 53.35938747946906
310, 1603471348886511104, 0, 102.99487780703961, 76.34342783505856, 114.21576698888151, 53.34823314210231
311, 1603471348891894528, 0, 103.84564027502334, 76.3558541973564, 114.13178534819497, 53.337078804735555
312, 1603471348897277952, 0, 104.69640274300707, 76.36828055965422, 114.04780370750842, 53.3259244673688
313, 1603471348902661364, 0, 105.54716521099078, 76.38070692195205, 113.96382206682188, 53.314770130002046
314, 1603471348908045056, 0, 106.3979276789745, 76.39313328424988, 113.87984042613533, 53.30361579263529
315, 1603471348913428480, 0, 107.24869014695823, 76.40555964654772, 113.79585878544879, 53.29246145526854
316, 1603471348918811904, 0, 108.09945261494195, 76.41798600884555, 113.71187714476224, 53.281307117901775
317, 1603471348924195328, 0, 108.95021508292567, 76.43041237114338, 113.6278955040757, 53.27015278053502
318, 1603471348929579008, 0, 109.80097755090938, 76.4428387334412, 113.54391386338915, 53.25899844316827
319, 1603471348934962432, 0, 110.65174001889311, 76.45526509573904, 113.4599322227026, 53.247844105801505
320, 1603471348940345856, 0, 111.50250248687684, 76.46769145803688, 113.37595058201606, 53.23668976843475
321, 1603471348945729364, 0, 112.35326495486055, 76.48011782033471, 113.29196894132951, 53.225535431067996
322, 1603471348951112448, 0, 113.20402742284426, 76.49254418263254, 113.20798730064297, 53.21438109370125
323, 1603471348956495872, 0, 114.05478989082799, 76.50497054493037, 113.12400565995642, 53.203226756334494
324, 1603471348961879296, 0, 114.90555235881172, 76.5173969072282, 113.04002401926988, 53.19207241896774
325, 1603471348967262720, 0, 115.75631482679543, 76.52982326952603, 112.95604237858333, 53.18091808160099
326, 1603471348972646144, 0, 116.60707729477916, 76.54224963182386, 112.87206073789679, 53.169763744234245
327, 1603471348978029568, 0, 117.45783976276289, 76.5546759941217, 112.78807909721024, 53.15860940686749
328, 1603471348983412992, 0, 118.3086022307466, 76.56710235641953, 112.7040974565237, 53.14745506950074
329, 1603471348988796364, 0, 119.15936469873033, 76.57952871871736, 112.62011581583714, 53.13630073213399
330, 1603471348994179840, 0, 120.01012716671406, 76.59195508101519, 112.53613417515058, 53.125146394767235
331, 1603471348999563264, 0, 120.86088963469777, 76.60438144331302, 112.45215253446403, 53.11399205740048
332, 1603471349004946432, 0, 121.7116521026815, 76.61680780561085, 112.36817089377749, 53.10283772003373
333, 1603471349010329856, 0, 122.56241457066523, 76.62923416790868, 112.28418925309094, 53.09168338266698
334, 1603471349015713280, 0, 123.41317703864894, 76.64166053020651, 112.2002076124044, 53.080529045300224
335, 1603471349021096704, 0, 124.26393950663267, 76.65408689250434, 112.11622597171785, 53.06937470793348
336, 1603471349026480128, 0, 125.1147019746164, 76.66651325480217, 112.03224433103131, 53.05822037056672
337, 1603471349031863364, 0, 125.96546444260011, 76.6789396171, 111.94826269034476, 53.04706603319997
338, 1603471349037246464, 0, 126.81622691058996, 76.60350281163542, 111.35828433073672, 53.123774863590484
339, 1603471349042629888, 0, 127.66698937857981, 76.52806600617083, 110.7683059711287, 53.200483693981
340, 1603471349048013312, 0, 128.51775184656967, 76.45262920070624, 110.17832761152067, 53.277192524371515
341, 1603471349053396736, 0, 129.36851431455952, 76.37719239524165, 109.58834925191263, 53.35390135476203
342, 1603471349058780160, 0, 130.21927678254937, 76.30175558977706, 108.9983708923046, 53.430610185152545
343, 1603471349064163584, 0, 131.07003925053922, 76.22631878431248, 108.40839253269658, 53.50731901554306
344, 1603471349069547008, 0, 131.92080171852908, 76.1508819788479, 107.81841417308854, 53.584027845933576
345, 1603471349074930364, 0, 132.77156418651893, 76.07544517338332, 107.22843581348052, 53.6607366763241
346, 1603471349080313856, 0, 133.56349067953101, 76.07031638366124, 106.43650932046842, 53.64388283728769
347, 1603471349085697280, 0, 134.35541717254313, 76.06518759393916, 105.6445828274563, 53.62702899825128
348, 1603471349091080704, 0, 135.1473436655552, 76.06005880421708, 104.8526563344442, 53.61017515921486
349, 1603471349096463872, 0, 135.9392701585673, 76.05493001449499, 104.0607298414321, 53.59332132017845
350, 1603471349101847296, 0, 136.7311966515794, 76.04980122477289, 103.26880334842001, 53.57646748114203
351, 1603471349107230720, 0, 137.5231231445915, 76.04467243505081, 102.47687685540791, 53.559613642105624
352, 1603471349112614144, 0, 138.31504963760358, 76.03954364532873, 101.68495036239581, 53.54275980306922
353, 1603471349117997364, 0, 139.1069761306157, 76.03441485560666, 100.89302386938371, 53.5259059640328
354, 1603471349123380736, 0, 139.89890262362778, 76.02928606588458, 100.10109737637161, 53.509052124996394
355, 1603471349128764160, 0, 140.69082911663986, 76.0241572761625, 99.30917088335951, 53.49219828595999
356, 1603471349134147584, 0, 141.48275560965197, 76.01902848644042, 98.51724439034741, 53.47534444692357
357, 1603471349139531264, 0, 142.27468210266406, 76.01389969671834, 97.72531789733532, 53.458490607887164
358, 1603471349144914944, 0, 143.06660859567614, 76.00877090699626, 96.93339140432322, 53.441636768850756
359, 1603471349150298368, 0, 143.85853508868826, 76.00364211727418, 96.14146491131112, 53.42478292981434
360, 1603471349155681792, 0, 144.65046158170034, 75.9985133275521, 95.34953841829902, 53.407929090777934
361, 1603471349161065364, 0, 145.44238807471243, 75.99338453783001, 94.55761192528692, 53.391075251741526
362, 1603471349166448896, 0, 146.2343145677245, 75.98825574810792, 93.76568543227482, 53.37422141270512
363, 1603471349171832320, 0, 147.0262410607366, 75.98312695838584, 92.97375893926272, 53.35736757366871
364, 1603471349177215488, 0, 147.8181675537487, 75.97799816866376, 92.18183244625064, 53.3405137346323
365, 1603471349182598912, 0, 148.6100940467608, 75.97286937894168, 91.38990595323854, 53.323659895595895
366, 1603471349187982336, 0, 149.40202053977288, 75.9677405892196, 90.59797946022644, 53.30680605655949
367, 1603471349193365760, 0, 150.193947032785, 75.96261179949752, 89.80605296721436, 53.28995221752308
368, 1603471349198749184, 0, 150.98587352579707, 75.95748300977544, 89.01412647420226, 53.27309837848667
369, 1603471349204132364, 0, 151.77780001880916, 75.95235422005335, 88.22219998119016, 53.256244539450265
370, 1603471349209515520, 0, 152.56972651182127, 75.94722543033126, 87.43027348817806, 53.23939070041385
371, 1603471349214898944, 0, 153.36165300483336, 75.94209664060918, 86.63834699516596, 53.22253686137744
372, 1603471349220282368, 0, 154.15357949784544, 75.9369678508871, 85.84642050215386, 53.205683022341034
373, 1603471349225665792, 0, 154.94550599085755, 75.93183906116502, 85.05449400914176, 53.18882918330462
374, 1603471349231049216, 0, 155.73743248386964, 75.92671027144294, 84.26256751612966, 53.171975344268205
375, 1603471349236432640, 0, 156.52935897688172, 75.92158148172086, 83.47064102311757, 53.1551215052318
376, 1603471349241816064, 0, 157.32128546989384, 75.91645269199878, 82.67871453010547, 53.13826766619539
377, 1603471349247199364, 0, 158.11321196290592, 75.91132390227669, 81.88678803709337, 53.121413827158975
378, 1603471349252582912, 0, 158.905138455918, 75.9061951125546, 81.09486154408127, 53.10455998812256
379, 1603471349257966336, 0, 159.69706494893012, 75.90106632283252, 80.30293505106917, 53.087706149086145
380, 1603471349263349760, 0, 160.4889914419422, 75.89593753311044, 79.51100855805706, 53.07085231004973
381, 1603471349268732928, 0, 161.2809179349543, 75.89080874338836, 78.71908206504496, 53.05399847101332
382, 1603471349274116096, 0, 162.0728444279664, 75.88567995366628, 77.92715557203286, 53.037144631976915
383, 1603471349279499520, 0, 162.8647709209785, 75.8805511639442, 77.13522907902075, 53.0202907929405
384, 1603471349284882944, 0, 163.65669741399057, 75.87542237422213, 76.34330258600865, 53.003436953904085
385, 1603471349290266364, 0, 164.44862390700268, 75.87029358450005, 75.55137609299655, 52.98658311486767
386, 1603471349295649792, 0, 165.24055040001477, 75.86516479477797, 74.75944959998446, 52.96972927583126
387, 1603471349301033216, 0, 166.03247689302685, 75.86003600505589, 73.96752310697237, 52.952875436794855
388, 1603471349306416640, 0, 166.82440338603897, 75.85490721533381, 73.17559661396027, 52.93602159775845
389, 1603471349311799808, 0, 167.61632987905105, 75.84977842561172, 72.38367012094818, 52.91916775872204
390, 1603471349317183232, 0, 168.40825637206314, 75.84464963588962, 71.59174362793608, 52.90231391968563
391, 1603471349322566656, 0, 169.20018286507525, 75.83952084616755, 70.79981713492398, 52.885460080649224
392, 1603471349327950080, 0, 169.99210935808733, 75.83439205644547, 70.0078906419119, 52.86860624161282
393, 1603471349333333364, 0, 170.78403585109942, 75.82926326672339, 69.2159641488998, 52.85175240257641
394, 1603471349338716672, 0, 171.5759623441103, 76.23784762642421, 68.42403765588898, 52.42118541411003
395, 1603471349344100096, 0, 172.3678888371212, 76.64643198612502, 67.63211116287815, 51.990618425643646
396, 1603471349349483520, 0, 173.15981533013212, 77.05501634582583, 66.84018466986733, 51.560051437177265
397, 1603471349354867200, 0, 173.951741823143, 77.46360070552666, 66.0482581768565, 51.12948444871088
398, 1603471349360250880, 0, 174.7436683161539, 77.87218506522748, 65.25633168384567, 50.6989174602445
399, 1603471349365634304, 0, 175.53559480916482, 78.2807694249283, 64.46440519083485, 50.26835047177812
400, 1603471349371017728, 0, 176.3275213021757, 78.6893537846291, 63.67247869782403, 49.83778348331174
401, 1603471349376401364, 0, 177.1194477951866, 79.09793814432993, 62.880552204813206, 49.407216494845365
402, 1603471349381784832, 0, 177.83393407918743, 79.09275037468772, 62.16606592081237, 49.38435401765649
403, 1603471349387168256, 0, 178.54842036318823, 79.08756260504552, 61.45157963681153, 49.36149154046761
404, 1603471349392551424, 0, 179.26290664718903, 79.08237483540331, 60.73709335281069, 49.33862906327873
405, 1603471349397934848, 0, 179.97739293118985, 79.07718706576111, 60.02260706880985, 49.31576658608985
406, 1603471349403318272, 0, 180.69187921519065, 79.0719992961189, 59.308120784809006, 49.29290410890097
407, 1603471349408701696, 0, 181.40636549919145, 79.0668115264767, 58.59363450080817, 49.2700416317121
408, 1603471349414085120, 0, 182.12085178319228, 79.06162375683449, 57.87914821680734, 49.247179154523224
409, 1603471349419468364, 0, 182.83533806719308, 79.05643598719229, 57.164661932806496, 49.22431667733434
410, 1603471349424851456, 0, 183.54982435119388, 79.05124821755008, 56.450175648805654, 49.20145420014546
411, 1603471349430234880, 0, 184.2643106351947, 79.04606044790788, 55.73568936480482, 49.17859172295658
412, 1603471349435618304, 0, 184.9787969191955, 79.04087267826567, 55.021203080803986, 49.1557292457677
413, 1603471349441001728, 0, 185.6932832031963, 79.03568490862347, 54.306716796803144, 49.132866768578815
414, 1603471349446385152, 0, 186.40776948719713, 79.03049713898126, 53.5922305128023, 49.11000429138993
415, 1603471349451768576, 0, 187.12225577119793, 79.02530936933906, 52.87774422880147, 49.08714181420105
416, 1603471349457152000, 0, 187.83674205519873, 79.02012159969686, 52.163257944800634, 49.06427933701217
417, 1603471349462535364, 0, 188.55122833919955, 79.01493383005466, 51.44877166079979, 49.041416859823286
418, 1603471349467918848, 0, 189.2657146231996, 78.98446151516336, 50.734285376799804, 49.07064953026924
419, 1603471349473302272, 0, 189.98020090719967, 78.95398920027208, 50.01979909279982, 49.0998822007152
420, 1603471349478685696, 0, 190.69468719119973, 78.92351688538078, 49.30531280879984, 49.12911487116116
421, 1603471349484068864, 0, 191.4091734751998, 78.89304457048948, 48.59082652479985, 49.158347541607114
422, 1603471349489452288, 0, 192.12365975919985, 78.86257225559818, 47.87634024079986, 49.18758021205307
423, 1603471349494835712, 0, 192.8381460431999, 78.83209994070688, 47.161853956799874, 49.21681288249903
424, 1603471349500219136, 0, 193.5526323272, 78.80162762581558, 46.447367672799885, 49.24604555294498
425, 1603471349505602364, 0, 194.26711861120006, 78.77115531092429, 45.7328813887999, 49.275278223390934
426, 1603471349510985472, 0, 195.00345984473284, 78.78748293140461, 44.99654015526711, 49.25619463602865
427, 1603471349516368896, 0, 195.7398010782656, 78.80381055188494, 44.260198921734315, 49.237111048666364
428, 1603471349521752320, 0, 196.47614231179838, 78.82013817236526, 43.52385768820152, 49.218027461304075
429, 1603471349527135744, 0, 197.21248354533117, 78.8364657928456, 42.78751645466872, 49.198943873941786
430, 1603471349532519168, 0, 197.94882477886395, 78.85279341332594, 42.05117522113592, 49.1798602865795
431, 1603471349537902592, 0, 198.68516601239673, 78.86912103380627, 41.31483398760312, 49.160776699217216
432, 1603471349543286016, 0, 199.42150724592952, 78.88544865428659, 40.578492754070325, 49.141693111854934
433, 1603471349548669364, 0, 200.1578484794623, 78.90177627476692, 39.84215152053753, 49.122609524492646
434, 1603471349554053120, 0, 200.8941897129951, 78.91810389524724, 39.105810287004736, 49.103525937130364
435, 1603471349559436544, 0, 201.63053094652787, 78.93443151572757, 38.369469053471946, 49.08444234976808
436, 1603471349564819968, 0, 202.36687218006065, 78.95075913620789, 37.63312781993915, 49.06535876240581
437, 1603471349570203392, 0, 203.10321341359344, 78.96708675668822, 36.89678658640636, 49.046275175043526
438, 1603471349575586816, 0, 203.83955464712622, 78.98341437716854, 36.160445352873566, 49.027191587681244
439, 1603471349580970496, 0, 204.575895880659, 78.99974199764887, 35.42410411934077, 49.00810800031897
440, 1603471349586353920, 0, 205.31223711419176, 79.0160696181292, 34.68776288580798, 48.98902441295669
441, 1603471349591737364, 0, 206.04857834772454, 79.03239723860953, 33.95142165227519, 48.969940825594406
442, 1603471349597120512, 0, 206.75432265192137, 79.12652638918411, 33.245677348078274, 48.77723429578383
443, 1603471349602503936, 0, 207.4600669561182, 79.22065553975867, 32.53993304388136, 48.58452776597325
444, 1603471349607887360, 0, 208.16581126031502, 79.31478469033324, 31.834188739684446, 48.39182123616267
445, 1603471349613270784, 0, 208.87155556451185, 79.40891384090781, 31.12844443548753, 48.19911470635209
446, 1603471349618654208, 0, 209.57729986870868, 79.50304299148239, 30.42270013129062, 48.00640817654151
447, 1603471349624037632, 0, 210.2830441729055, 79.59717214205696, 29.716955827093702, 47.813701646730934
448, 1603471349629421056, 0, 210.98878847710233, 79.69130129263152, 29.011211522896787, 47.620995116920355
449, 1603471349634804364, 0, 211.69453278129916, 79.7854304432061, 28.305467218699874, 47.428288587109776
450, 1603471349640187904, 0, 212.40027708548666, 79.90884731635612, 27.59972291451238, 46.81438910485453
451, 1603471349645571328, 0, 213.10602138967414, 80.03226418950612, 26.893978610324886, 46.20048962259928
452, 1603471349650954752, 0, 213.81176569386162, 80.15568106265614, 26.188234306137392, 45.58659014034403
453, 1603471349656337920, 0, 214.51750999804912, 80.27909793580616, 25.4824900019499, 44.97269065808878
454, 1603471349661721344, 0, 215.22325430223663, 80.40251480895618, 24.776745697762404, 44.35879117583353
455, 1603471349667104768, 0, 215.9289986064241, 80.5259316821062, 24.07100139357491, 43.74489169357828
456, 1603471349672488192, 0, 216.63474291061158, 80.64934855525622, 23.36525708938742, 43.13099221132303
457, 1603471349677871364, 0, 217.34048721479908, 80.77276542840625, 22.659512785199926, 42.517092729067784
458, 1603471349683254528, 0, 218.0462315189992, 80.78594073700161, 21.953768480999933, 42.35024362111315
459, 1603471349688637952, 0, 218.7519758231993, 80.79911604559697, 21.248024176799944, 42.183394513158525
460, 1603471349694021376, 0, 219.45772012739943, 80.81229135419234, 20.542279872599956, 42.0165454052039
461, 1603471349699404800, 0, 220.16346443159955, 80.8254666627877, 19.836535568399967, 41.84969629724927
462, 1603471349704788224, 0, 220.86920873579965, 80.83864197138307, 19.130791264199978, 41.682847189294634
463, 1603471349710171648, 0, 221.57495303999977, 80.85181727997843, 18.425046959999985, 41.51599808134
464, 1603471349715555072, 0, 222.2806973441999, 80.8649925885738, 17.719302655799993, 41.34914897338537
465, 1603471349720938364, 0, 222.9864416484, 80.87816789716916, 17.013558351600004, 41.18229986543074
466, 1603471349726321408, 0, 223.6921859525915, 81.07134941390537, 16.307814047408506, 40.667040144459875
467, 1603471349731704832, 0, 224.39793025678298, 81.26453093064157, 15.60206974321701, 40.151780423489015
468, 1603471349737088256, 0, 225.10367456097447, 81.45771244737779, 14.896325439025514, 39.63652070251815
469, 1603471349742471680, 0, 225.80941886516598, 81.65089396411399, 14.190581134834016, 39.12126098154728
470, 1603471349747855104, 0, 226.5151631693575, 81.8440754808502, 13.484836830642518, 38.60600126057641
471, 1603471349753238528, 0, 227.22090747354898, 82.03725699758641, 12.779092526451022, 38.090741539605546
472, 1603471349758621952, 0, 227.92665177774046, 82.23043851432261, 12.073348222259526, 37.57548181863468
473, 1603471349764005364, 0, 228.63239608193197, 82.42362003105882, 11.367603918068028, 37.06022209766381
474, 1603471349769389056, 0, 229.33814038612348, 82.61680154779502, 10.66185961387653, 36.54496237669295
475, 1603471349774772480, 0, 230.04388469031497, 82.80998306453122, 9.956115309685032, 36.02970265572208
476, 1603471349780155904, 0, 230.74962899450645, 83.00316458126743, 9.250371005493534, 35.514442934751216
477, 1603471349785539328, 0, 231.45537329869796, 83.19634609800363, 8.544626701302038, 34.999183213780356
478, 1603471349790922752, 0, 232.16111760288945, 83.38952761473983, 7.83888239711054, 34.483923492809495
479, 1603471349796306432, 0, 232.86686190708093, 83.58270913147604, 7.133138092919043, 33.968663771838635
480, 1603471349801689856, 0, 233.57260621127244, 83.77589064821225, 6.427393788727546, 33.453404050867775
481, 1603471349807073364, 0, 234.27835051546393, 83.96907216494846, 5.721649484536048, 32.93814432989691
482, 1603471349812456448, 0, 234.27835051546393, 83.96907216494846, 5.721649484536048, 32.93814432989691
483, 1603471349817839872, 0, 234.27835051546393, 83.96907216494846, 5.721649484536048, 32.93814432989691
484, 1603471349823223296, 0, 234.27835051546393, 83.96907216494846, 5.721649484536048, 32.93814432989691
485, 1603471349828606720, 0, 234.27835051546393, 83.96907216494846, 5.721649484536048, 32.93814432989691
486, 1603471349833990144, 0, 234.27835051546393, 83.96907216494846, 5.721649484536048, 32.93814432989691
487, 1603471349839373568, 0, 234.27835051546393, 83.96907216494846, 5.721649484536048, 32.93814432989691
488, 1603471349844756992, 0, 234.27835051546393, 83.96907216494846, 5.721649484536048, 32.93814432989691
489, 1603471349850140364
490, 1603471349855523840
491, 1603471349860907264
492, 1603471349866290688
493, 1603471349871673856
494, 1603471349877057280
495, 1603471349882440704
496, 1603471349887824128
497, 1603471349893207364
498, 1603471349898590464
499, 1603471349903973888
500, 1603471349909357312
501, 1603471349914740736
502, 1603471349920124160
503, 1603471349925507584
504, 1603471349930891008
505, 1603471349936274364
506, 1603471349941657856
507, 1603471349947041280
508, 1603471349952424448
509, 1603471349957807872
510, 1603471349963191296
511, 1603471349968574720
512, 1603471349973958144
513, 1603471349979341364
