1, 1603471523712426364
2, 1603471523715117824
3, 1603471523717809408
4, 1603471523720501248
5, 1603471523723192832
6, 1603471523725884416
7, 1603471523728576256
8, 1603471523731268096
9, 1603471523733959680
10, 1603471523736651264
11, 1603471523739343104
12, 1603471523742034944
13, 1603471523744726528
14, 1603471523747418112
15, 1603471523750109952
16, 1603471523752801536
17, 1603471523755493364
18, 1603471523758185216
19, 1603471523760877056
20, 1603471523763568640
21, 1603471523766260480
22, 1603471523768952320
23, 1603471523771643904
24, 1603471523774335488
25, 1603471523777027328
26, 1603471523779719168
27, 1603471523782410752
28, 1603471523785102592
29, 1603471523787794432
30, 1603471523790486016
31, 1603471523793177856
32, 1603471523795869696
33, 1603471523798561364
34, 1603471523801252864
35, 1603471523803944448
36, 1603471523806636032
37, 1603471523809327872
38, 1603471523812019712
39, 1603471523814711296
40, 1603471523817402880
41, 1603471523820094720
42, 1603471523822786560
43, 1603471523825478144
44, 1603471523828169728
45, 1603471523830861568
46, 1603471523833553408
47, 1603471523836244992
48, 1603471523838936576
49, 1603471523841628364, 0, 236.8298969072165, 36.41752577319588, 3.17010309278347, 16.701030927835053
50, 1603471523844320256, 0, 236.45296391752788, 35.97653908663481, 3.5470360824719993, 17.645221013781814
51, 1603471523847011840, 0, 236.07603092783927, 35.53555240007374, 3.9239690721605283, 18.589411099728576
52, 1603471523849703424, 0, 235.69909793815066, 35.09456571351268, 4.300902061849057, 19.533601185675337
53, 1603471523852395264, 0, 235.32216494846202, 34.65357902695161, 4.677835051537587, 20.4777912716221
54, 1603471523855087104, 0, 234.94523195877338, 34.21259234039054, 5.054768041226115, 21.42198135756886
55, 1603471523857778688, 0, 234.56829896908476, 33.77160565382948, 5.4317010309146445, 22.366171443515622
56, 1603471523860470272, 0, 234.19136597939615, 33.330618967268414, 5.808634020603174, 23.310361529462384
57, 1603471523863161856, 0, 233.81443298970754, 32.889632280707346, 6.185567010291702, 24.254551615409145
58, 1603471523865853440, 0, 233.43750000001893, 32.448645594146285, 6.562499999980232, 25.198741701355907
59, 1603471523868545280, 0, 233.0605670103303, 32.00765890758522, 6.939432989668761, 26.14293178730267
60, 1603471523871237120, 0, 232.68363402064165, 31.56667222102415, 7.31636597935729, 27.08712187324943
61, 1603471523873928704, 0, 232.30670103095304, 31.125685534463084, 7.693298969045819, 28.03131195919619
62, 1603471523876620288, 0, 231.92976804126442, 30.68469884790202, 8.070231958734349, 28.975502045142953
63, 1603471523879312128, 0, 231.5528350515758, 30.24371216134095, 8.447164948422877, 29.919692131089715
64, 1603471523882003712, 0, 231.1759020618872, 29.802725474779887, 8.824097938111407, 30.863882217036476
65, 1603471523884695364, 0, 230.79896907219856, 29.361738788218823, 9.201030927799936, 31.808072302983238
66, 1603471523887386880, 0, 230.42203608250492, 29.403469688976447, 9.577963917493658, 31.812906806383943
67, 1603471523890078464, 0, 230.0451030928113, 29.44520058973407, 9.95489690718738, 31.817741309784648
68, 1603471523892770304, 0, 229.6681701031177, 29.486931490491692, 10.331829896881102, 31.822575813185352
69, 1603471523895461888, 0, 229.29123711342405, 29.528662391249316, 10.708762886574824, 31.827410316586057
70, 1603471523898153472, 0, 228.9143041237304, 29.57039329200694, 11.085695876268547, 31.832244819986762
71, 1603471523900845312, 0, 228.5373711340368, 29.61212419276456, 11.46262886596227, 31.837079323387467
72, 1603471523903537152, 0, 228.16043814434317, 29.653855093522186, 11.839561855655992, 31.841913826788172
73, 1603471523906228736, 0, 227.78350515464953, 29.69558599427981, 12.216494845349715, 31.846748330188877
74, 1603471523908920320, 0, 227.4065721649559, 29.737316895037434, 12.593427835043437, 31.851582833589582
75, 1603471523911612160, 0, 227.02963917526228, 29.77904779579506, 12.97036082473716, 31.856417336990287
76, 1603471523914304000, 0, 226.65270618556866, 29.820778696552683, 13.347293814430882, 31.86125184039099
77, 1603471523916995584, 0, 226.27577319587502, 29.862509597310307, 13.724226804124605, 31.866086343791697
78, 1603471523919687168, 0, 225.89884020618138, 29.90424049806793, 14.101159793818328, 31.8709208471924
79, 1603471523922379008, 0, 225.52190721648776, 29.945971398825556, 14.47809278351205, 31.875755350593106
80, 1603471523925070592, 0, 225.14497422679415, 29.987702299583177, 14.855025773205773, 31.88058985399381
81, 1603471523927762364, 0, 224.7680412371005, 30.0294332003408, 15.231958762899495, 31.885424357394516
82, 1603471523930454272, 0, 224.39110824741294, 29.931863928294504, 15.608891752587025, 32.19494760749883
83, 1603471523933145856, 0, 224.0141752577254, 29.834294656248204, 15.985824742274556, 32.50447085760315
84, 1603471523935837696, 0, 223.63724226803788, 29.736725384201907, 16.362757731962084, 32.81399410770747
85, 1603471523938529280, 0, 223.26030927835035, 29.63915611215561, 16.739690721649616, 33.123517357811785
86, 1603471523941220864, 0, 222.88337628866282, 29.541586840109314, 17.116623711337148, 33.4330406079161
87, 1603471523943912448, 0, 222.50644329897528, 29.444017568063018, 17.49355670102468, 33.74256385802042
88, 1603471523946604032, 0, 222.12951030928775, 29.34644829601672, 17.870489690712212, 34.05208710812474
89, 1603471523949295872, 0, 221.7525773196002, 29.248879023970424, 18.24742268039974, 34.36161035822906
90, 1603471523951987712, 0, 221.37564432991263, 29.151309751924128, 18.62435567008727, 34.67113360833338
91, 1603471523954679296, 0, 220.9987113402251, 29.05374047987783, 19.0012886597748, 34.98065685843769
92, 1603471523957370880, 0, 220.62177835053757, 28.956171207831535, 19.378221649462333, 35.290180108542
93, 1603471523960062720, 0, 220.24484536085004, 28.858601935785238, 19.755154639149865, 35.59970335864632
94, 1603471523962754560, 0, 219.8679123711625, 28.76103266373894, 20.132087628837397, 35.90922660875064
95, 1603471523965446144, 0, 219.49097938147497, 28.663463391692645, 20.509020618524925, 36.21874985885496
96, 1603471523968137728, 0, 219.11404639178744, 28.565894119646345, 20.885953608212454, 36.52827310895928
97, 1603471523970829364, 0, 218.73711340209988, 28.468324847600048, 21.262886597899985, 36.837796359063596
98, 1603471523973520896, 0, 218.3601804124068, 28.370755575552877, 21.639819587593088, 36.98549851961181
99, 1603471523976212736, 0, 217.9832474227137, 28.27318630350571, 22.016752577286194, 37.13320068016003
100, 1603471523978904576, 0, 217.6063144330206, 28.175617031458543, 22.3936855669793, 37.280902840708244
101, 1603471523981596160, 0, 217.2293814433275, 28.078047759411376, 22.770618556672403, 37.42860500125646
102, 1603471523984288000, 0, 216.8524484536344, 27.98047848736421, 23.147551546365506, 37.57630716180468
103, 1603471523986979840, 0, 216.4755154639413, 27.882909215317042, 23.524484536058612, 37.72400932235289
104, 1603471523989671424, 0, 216.0985824742482, 27.785339943269875, 23.901417525751718, 37.871711482901105
105, 1603471523992363264, 0, 215.7216494845551, 27.687770671222705, 24.27835051544482, 38.019413643449326
106, 1603471523995055104, 0, 215.34471649486198, 27.590201399175534, 24.655283505137923, 38.16711580399755
107, 1603471523997746688, 0, 214.96778350516888, 27.492632127128367, 25.03221649483103, 38.31481796454576
108, 1603471524000438528, 0, 214.59085051547578, 27.3950628550812, 25.409149484524136, 38.462520125093974
109, 1603471524003130368, 0, 214.2139175257827, 27.297493583034033, 25.78608247421724, 38.610222285642195
110, 1603471524005821952, 0, 213.83698453608963, 27.199924310986866, 26.16301546391034, 38.75792444619041
111, 1603471524008513792, 0, 213.46005154639653, 27.1023550389397, 26.539948453603447, 38.90562660673862
112, 1603471524011205632, 0, 213.08311855670343, 27.00478576689253, 26.916881443296553, 39.05332876728684
113, 1603471524013897364, 0, 212.70618556701032, 26.90721649484536, 27.293814432989656, 39.201030927835056
114, 1603471524016589312, 0, 212.27851159793812, 26.842161622008298, 27.72148840206185, 39.269710156341475
115, 1603471524019280896, 0, 211.85083762886592, 26.77710674917124, 28.14916237113405, 39.3383893848479
116, 1603471524021972480, 0, 211.42316365979372, 26.712051876334176, 28.57683634020625, 39.407068613354326
117, 1603471524024664320, 0, 210.9954896907215, 26.646997003497113, 29.004510309278444, 39.475747841860745
118, 1603471524027356160, 0, 210.5678157216493, 26.58194213066005, 29.43218427835064, 39.54442707036716
119, 1603471524030047744, 0, 210.1401417525771, 26.516887257822987, 29.859858247422835, 39.61310629887359
120, 1603471524032739328, 0, 209.7124677835049, 26.451832384985924, 30.28753221649503, 39.681785527380015
121, 1603471524035430912, 0, 209.2847938144327, 26.38677751214886, 30.71520618556723, 39.75046475588643
122, 1603471524038122496, 0, 208.8571198453605, 26.321722639311798, 31.14288015463943, 39.81914398439285
123, 1603471524040814336, 0, 208.4294458762883, 26.256667766474735, 31.570554123711624, 39.88782321289928
124, 1603471524043506176, 0, 208.0017719072161, 26.19161289363767, 31.99822809278382, 39.9565024414057
125, 1603471524046197760, 0, 207.5740979381439, 26.12655802080061, 32.425902061856014, 40.02518166991212
126, 1603471524048889344, 0, 207.1464239690717, 26.061503147963546, 32.85357603092821, 40.09386089841854
127, 1603471524051581184, 0, 206.7187499999995, 25.996448275126482, 33.28125000000041, 40.162540126924966
128, 1603471524054272768, 0, 206.2910760309273, 25.93139340228942, 33.70892396907261, 40.23121935543139
129, 1603471524056964364, 0, 205.86340206185508, 25.866338529452356, 34.1365979381448, 40.29989858393781
130, 1603471524059655936, 0, 205.43572809278288, 25.801283656615293, 34.564271907217, 40.36857781244423
131, 1603471524062347520, 0, 205.00805412371068, 25.73622878377823, 34.99194587628919, 40.437257040950655
132, 1603471524065039360, 0, 204.58038015463848, 25.671173910941167, 35.419619845361396, 40.50593626945708
133, 1603471524067730944, 0, 204.15270618556627, 25.606119038104104, 35.84729381443359, 40.57461549796351
134, 1603471524070422528, 0, 203.72503221649407, 25.54106416526704, 36.27496778350579, 40.64329472646993
135, 1603471524073114368, 0, 203.29735824742187, 25.47600929242998, 36.70264175257799, 40.71197395497635
136, 1603471524075806208, 0, 202.86968427834967, 25.410954419592915, 37.130315721650184, 40.78065318348277
137, 1603471524078497792, 0, 202.44201030927746, 25.345899546755852, 37.55798969072238, 40.849332411989195
138, 1603471524081189376, 0, 202.01433634020526, 25.28084467391879, 37.985663659794575, 40.91801164049562
139, 1603471524083881216, 0, 201.58666237113306, 25.215789801081726, 38.41333762886677, 40.98669086900204
140, 1603471524086573056, 0, 201.15898840206086, 25.150734928244663, 38.841011597938966, 41.05537009750846
141, 1603471524089264640, 0, 200.73131443298865, 25.0856800554076, 39.26868556701116, 41.124049326014884
142, 1603471524091956224, 0, 200.30364046391645, 25.020625182570537, 39.69635953608336, 41.19272855452131
143, 1603471524094648064, 0, 199.87596649484425, 24.955570309733474, 40.12403350515555, 41.261407783027735
144, 1603471524097339648, 0, 199.44829252577205, 24.89051543689641, 40.551707474227754, 41.33008701153416
145, 1603471524100031364, 0, 199.02061855669982, 24.825460564059348, 40.97938144329995, 41.39876624004058
146, 1603471524102723328, 0, 198.59294458762764, 24.806069490743866, 41.4070554123721, 41.421781669026416
147, 1603471524105414912, 0, 198.1652706185555, 24.786678417428387, 41.83472938144426, 41.444797098012245
148, 1603471524108106752, 0, 197.73759664948335, 24.76728734411291, 42.262403350516415, 41.467812526998074
149, 1603471524110798336, 0, 197.3099226804112, 24.747896270797426, 42.69007731958857, 41.4908279559839
150, 1603471524113489920, 0, 196.88224871133906, 24.728505197481944, 43.11775128866073, 41.51384338496973
151, 1603471524116181504, 0, 196.4545747422669, 24.709114124166465, 43.54542525773288, 41.53685881395557
152, 1603471524118873088, 0, 196.02690077319477, 24.689723050850986, 43.97309922680503, 41.559874242941405
153, 1603471524121564928, 0, 195.5992268041226, 24.670331977535504, 44.40077319587719, 41.582889671927234
154, 1603471524124256768, 0, 195.17155283505042, 24.650940904220022, 44.828447164949345, 41.60590510091306
155, 1603471524126948352, 0, 194.74387886597827, 24.631549830904543, 45.2561211340215, 41.6289205298989
156, 1603471524129639936, 0, 194.31620489690613, 24.612158757589064, 45.68379510309366, 41.651935958884735
157, 1603471524132331520, 0, 193.88853092783398, 24.592767684273582, 46.11146907216581, 41.674951387870564
158, 1603471524135023104, 0, 193.46085695876184, 24.5733766109581, 46.53914304123796, 41.69796681685639
159, 1603471524137714944, 0, 193.0331829896897, 24.553985537642617, 46.96681701031012, 41.72098224584223
160, 1603471524140406528, 0, 192.60550902061755, 24.534594464327135, 47.394490979382276, 41.743997674828066
161, 1603471524143098364, 0, 192.17783505154537, 24.515203391011656, 47.82216494845443, 41.767013103813895
162, 1603471524145790208, 0, 191.7501610824732, 24.495812317696178, 48.24983891752658, 41.790028532799724
163, 1603471524148481792, 0, 191.32248711340105, 24.476421244380695, 48.677512886598734, 41.81304396178555
164, 1603471524151173632, 0, 190.8948131443289, 24.457030171065213, 49.105186855670894, 41.83605939077138
165, 1603471524153865216, 0, 190.46713917525676, 24.43763909774973, 49.53286082474305, 41.85907481975722
166, 1603471524156556800, 0, 190.03946520618462, 24.41824802443425, 49.9605347938152, 41.882090248743054
167, 1603471524159248384, 0, 189.61179123711247, 24.39885695111877, 50.38820876288736, 41.90510567772888
168, 1603471524161939968, 0, 189.18411726804032, 24.37946587780329, 50.81588273195951, 41.92812110671471
169, 1603471524164631808, 0, 188.75644329896818, 24.36007480448781, 51.243556701031665, 41.95113653570054
170, 1603471524167323648, 0, 188.32876932989603, 24.340683731172327, 51.67123067010382, 41.97415196468637
171, 1603471524170015232, 0, 187.9010953608239, 24.321292657856848, 52.09890463917597, 41.9971673936722
172, 1603471524172706816, 0, 187.47342139175174, 24.30190158454137, 52.52657860824813, 42.02018282265803
173, 1603471524175398656, 0, 187.04574742267957, 24.282510511225887, 52.95425257732028, 42.043198251643865
174, 1603471524178090496, 0, 186.6180734536074, 24.263119437910404, 53.381926546392435, 42.0662136806297
175, 1603471524180782080, 0, 186.19039948453525, 24.243728364594926, 53.809600515464595, 42.08922910961553
176, 1603471524183473664, 0, 185.7627255154631, 24.224337291279447, 54.23727448453675, 42.11224453860136
177, 1603471524186165364, 0, 185.33505154639096, 24.204946217963965, 54.6649484536089, 42.13525996758719
178, 1603471524188856832, 0, 184.9073775773188, 24.185555144648482, 55.09262242268105, 42.15827539657302
179, 1603471524191548672, 0, 184.47970360824667, 24.166164071333004, 55.520296391753206, 42.18129082555885
180, 1603471524194240512, 0, 184.05202963917452, 24.146772998017525, 55.947970360825366, 42.204306254544676
181, 1603471524196932096, 0, 183.62435567010235, 24.127381924702043, 56.37564432989752, 42.22732168353051
182, 1603471524199623936, 0, 183.19668170103017, 24.10799085138656, 56.80331829896967, 42.25033711251635
183, 1603471524202315776, 0, 182.76900773195803, 24.08859977807108, 57.23099226804183, 42.27335254150218
184, 1603471524205007360, 0, 182.34133376288588, 24.069208704755603, 57.658666237113984, 42.29636797048801
185, 1603471524207699200, 0, 181.91365979381374, 24.04981763144012, 58.08634020618614, 42.319383399473836
186, 1603471524210391040, 0, 181.4859858247416, 24.03042655812464, 58.51401417525829, 42.342398828459665
187, 1603471524213082624, 0, 181.05831185566944, 24.01103548480916, 58.94168814433044, 42.365414257445494
188, 1603471524215774464, 0, 180.6306378865973, 23.99164441149368, 59.3693621134026, 42.38842968643132
189, 1603471524218466304, 0, 180.20296391752512, 23.9722533381782, 59.797036082474754, 42.41144511541716
190, 1603471524221157888, 0, 179.77528994845295, 23.952862264862716, 60.22471005154691, 42.434460544402995
191, 1603471524223849728, 0, 179.3476159793808, 23.933471191547234, 60.65238402061907, 42.457475973388824
192, 1603471524226541568, 0, 178.91994201030866, 23.91408011823175, 61.08005798969122, 42.48049140237465
193, 1603471524229233364, 0, 178.4922680412365, 23.894689044916273, 61.50773195876337, 42.50350683136048
194, 1603471524231925248, 0, 178.06459407216437, 23.875297971600794, 61.935405927835525, 42.52652226034631
195, 1603471524234616832, 0, 177.63692010309222, 23.855906898285312, 62.36307989690768, 42.54953768933215
196, 1603471524237308416, 0, 177.20924613402008, 23.83651582496983, 62.79075386597984, 42.572553118317984
197, 1603471524240000256, 0, 176.7815721649479, 23.817124751654347, 63.21842783505199, 42.59556854730381
198, 1603471524242692096, 0, 176.35389819587573, 23.797733678338865, 63.64610180412414, 42.61858397628964
199, 1603471524245383680, 0, 175.92622422680358, 23.778342605023386, 64.0737757731963, 42.64159940527548
200, 1603471524248075264, 0, 175.49855025773144, 23.758951531707908, 64.50144974226845, 42.664614834261315
201, 1603471524250766848, 0, 175.0708762886593, 23.739560458392425, 64.92912371134061, 42.687630263247144
202, 1603471524253458432, 0, 174.64320231958715, 23.720169385076943, 65.35679768041277, 42.71064569223297
203, 1603471524256150272, 0, 174.215528350515, 23.700778311761464, 65.78447164948491, 42.73366112121881
204, 1603471524258842112, 0, 173.78785438144286, 23.681387238445986, 66.21214561855707, 42.756676550204645
205, 1603471524261533696, 0, 173.36018041237068, 23.661996165130503, 66.63981958762923, 42.779691979190474
206, 1603471524264225280, 0, 172.9325064432985, 23.64260509181502, 67.06749355670138, 42.8027074081763
207, 1603471524266917120, 0, 172.50483247422636, 23.623214018499542, 67.49516752577354, 42.82572283716213
208, 1603471524269608704, 0, 172.07715850515422, 23.603822945184064, 67.9228414948457, 42.84873826614796
209, 1603471524272300364, 0, 171.64948453608207, 23.58443187186858, 68.35051546391784, 42.8717536951338
210, 1603471524274991872, 0, 171.22181056700992, 23.5650407985531, 68.77818943298999, 42.894769124119634
211, 1603471524277683456, 0, 170.79413659793778, 23.54564972523762, 69.20586340206215, 42.91778455310546
212, 1603471524280375296, 0, 170.36646262886563, 23.52625865192214, 69.63353737113431, 42.94079998209129
213, 1603471524283066880, 0, 169.93878865979346, 23.50686757860666, 70.06121134020646, 42.96381541107712
214, 1603471524285758464, 0, 169.51111469072129, 23.487476505291177, 70.48888530927861, 42.98683084006295
215, 1603471524288450304, 0, 169.08344072164914, 23.468085431975698, 70.91655927835077, 43.009846269048786
216, 1603471524291142144, 0, 168.655766752577, 23.44869435866022, 71.34423324742292, 43.03286169803462
217, 1603471524293833728, 0, 168.22809278350485, 23.429303285344737, 71.77190721649508, 43.05587712702045
218, 1603471524296525312, 0, 167.8004188144327, 23.409912212029255, 72.19958118556724, 43.07889255600628
219, 1603471524299217152, 0, 167.37274484536056, 23.390521138713776, 72.62725515463939, 43.10190798499212
220, 1603471524301908992, 0, 166.9450708762884, 23.371130065398297, 73.05492912371155, 43.12492341397795
221, 1603471524304600576, 0, 166.51739690721627, 23.351738992082815, 73.4826030927837, 43.14793884296378
222, 1603471524307292160, 0, 166.08972293814412, 23.332347918767333, 73.91027706185585, 43.17095427194961
223, 1603471524309984000, 0, 165.66204896907198, 23.31295684545185, 74.33795103092801, 43.19396970093545
224, 1603471524312675584, 0, 165.23437499999983, 23.29356577213637, 74.76562500000017, 43.216985129921284
225, 1603471524315367364, 0, 164.80670103092766, 23.27417469882089, 75.19329896907232, 43.24000055890711
226, 1603471524318059264, 0, 164.37902706185548, 23.25478362550541, 75.62097293814446, 43.26301598789294
227, 1603471524320750848, 0, 163.95135309278334, 23.23539255218993, 76.04864690721662, 43.28603141687877
228, 1603471524323442688, 0, 163.5236791237112, 23.216001478874446, 76.47632087628878, 43.3090468458646
229, 1603471524326134272, 0, 163.09600515463904, 23.196610405558964, 76.90399484536093, 43.332062274850436
230, 1603471524328825856, 0, 162.6683311855669, 23.17721933224348, 77.33166881443307, 43.35507770383627
231, 1603471524331517440, 0, 162.24065721649475, 23.157828258928003, 77.75934278350523, 43.3780931328221
232, 1603471524334209024, 0, 161.8129832474226, 23.138437185612524, 78.18701675257739, 43.40110856180793
233, 1603471524336900864, 0, 161.38530927835043, 23.119046112297042, 78.61469072164954, 43.42412399079376
234, 1603471524339592704, 0, 160.95763530927826, 23.09965503898156, 79.04236469072168, 43.44713941977959
235, 1603471524342284288, 0, 160.5299613402061, 23.08026396566608, 79.47003865979384, 43.470154848765425
236, 1603471524344975872, 0, 160.10228737113397, 23.060872892350602, 79.897712628866, 43.49317027775126
237, 1603471524347667712, 0, 159.67461340206182, 23.04148181903512, 80.32538659793815, 43.51618570673709
238, 1603471524350359552, 0, 159.24693943298968, 23.022090745719638, 80.75306056701031, 43.53920113572292
239, 1603471524353051136, 0, 158.81926546391753, 23.00269967240416, 81.18073453608247, 43.56221656470875
240, 1603471524355742720, 0, 158.3915914948454, 22.98330859908868, 81.60840850515461, 43.58523199369458
241, 1603471524358434364, 0, 157.9639175257732, 22.963917525773198, 82.03608247422677, 43.608247422680414
242, 1603471524361125888, 0, 157.47583762886467, 22.957474226805285, 82.50027596343315, 43.6163015463904
243, 1603471524363817472, 0, 156.98775773195615, 22.951030927837373, 82.96446945263952, 43.624355670100385
244, 1603471524366509056, 0, 156.4996778350476, 22.944587628869463, 83.42866294184589, 43.632409793810375
245, 1603471524369200896, 0, 156.01159793813906, 22.93814432990155, 83.89285643105225, 43.640463917520364
246, 1603471524371892736, 0, 155.52351804123052, 22.931701030933638, 84.35704992025862, 43.648518041230346
247, 1603471524374584320, 0, 155.03543814432197, 22.92525773196573, 84.82124340946498, 43.656572164940336
248, 1603471524377275904, 0, 154.54735824741343, 22.918814432997817, 85.28543689867135, 43.664626288650325
249, 1603471524379967744, 0, 154.05927835050488, 22.912371134029904, 85.74963038787772, 43.67268041236031
250, 1603471524382659584, 0, 153.57119845359634, 22.90592783506199, 86.21382387708408, 43.68073453607029
251, 1603471524385351168, 0, 153.0831185566878, 22.89948453609408, 86.67801736629045, 43.68878865978028
252, 1603471524388042752, 0, 152.59503865977925, 22.89304123712617, 87.14221085549681, 43.69684278349027
253, 1603471524390734592, 0, 152.1069587628707, 22.886597938158257, 87.60640434470318, 43.70489690720025
254, 1603471524393426432, 0, 151.61887886596216, 22.880154639190344, 88.07059783390955, 43.71295103091023
255, 1603471524396118016, 0, 151.13079896905361, 22.873711340222435, 88.53479132311591, 43.72100515462022
256, 1603471524398809600, 0, 150.64271907214507, 22.867268041254523, 88.99898481232228, 43.72905927833021
257, 1603471524401501364, 0, 150.15463917523653, 22.86082474228661, 89.46317830152864, 43.737113402040194
258, 1603471524404193280, 0, 149.66655927832798, 22.854381443318697, 89.92737179073501, 43.745167525750176
259, 1603471524406885120, 0, 149.17847938141944, 22.847938144350785, 90.39156527994137, 43.753221649460166
260, 1603471524409576960, 0, 148.6903994845109, 22.841494845382876, 90.85575876914774, 43.761275773170155
261, 1603471524412268544, 0, 148.20231958760235, 22.835051546414963, 91.3199522583541, 43.76932989688014
262, 1603471524414960128, 0, 147.7142396906938, 22.82860824744705, 91.78414574756047, 43.77738402059012
263, 1603471524417651968, 0, 147.22615979378526, 22.82216494847914, 92.24833923676684, 43.78543814430011
264, 1603471524420343808, 0, 146.73807989687674, 22.81572164951123, 92.7125327259732, 43.7934922680101
265, 1603471524423035392, 0, 146.2499999999682, 22.809278350543316, 93.17672621517957, 43.80154639172008
266, 1603471524425727232, 0, 145.76192010305965, 22.802835051575407, 93.64091970438594, 43.80960051543006
267, 1603471524428419072, 0, 145.27384020615114, 22.796391752607494, 94.1051131935923, 43.81765463914005
268, 1603471524431110656, 0, 144.7857603092426, 22.78994845363958, 94.56930668279867, 43.82570876285004
269, 1603471524433802496, 0, 144.29768041233405, 22.783505154671673, 95.03350017200503, 43.833762886560024
270, 1603471524436494336, 0, 143.8096005154255, 22.77706185570376, 95.4976936612114, 43.841817010270006
271, 1603471524439185920, 0, 143.32152061851696, 22.770618556735847, 95.96188715041777, 43.84987113397999
272, 1603471524441877760, 0, 142.8334407216084, 22.76417525776794, 96.42608063962413, 43.85792525768997
273, 1603471524444569364, 0, 142.34536082469987, 22.757731958800026, 96.89027412883048, 43.86597938139996
274, 1603471524447260928, 0, 141.8572809277936, 22.751288659831268, 96.9768850757373, 43.87403350511245
275, 1603471524449952512, 0, 141.36920103088733, 22.744845360862513, 97.06349602264413, 43.88208762882495
276, 1603471524452644352, 0, 140.88112113398103, 22.738402061893755, 97.15010696955095, 43.89014175253744
277, 1603471524455335936, 0, 140.39304123707475, 22.731958762924997, 97.23671791645776, 43.89819587624993
278, 1603471524458027520, 0, 139.90496134016848, 22.725515463956242, 97.32332886336458, 43.90624999996242
279, 1603471524460719360, 0, 139.41688144326218, 22.719072164987484, 97.4099398102714, 43.91430412367491
280, 1603471524463411200, 0, 138.9288015463559, 22.712628866018726, 97.49655075717821, 43.92235824738741
281, 1603471524466102784, 0, 138.44072164944964, 22.70618556704997, 97.58316170408503, 43.9304123710999
282, 1603471524468794368, 0, 137.95264175254337, 22.699742268081213, 97.66977265099185, 43.93846649481239
283, 1603471524471486208, 0, 137.4645618556371, 22.693298969112455, 97.75638359789866, 43.946520618524886
284, 1603471524474178048, 0, 136.97648195873083, 22.6868556701437, 97.84299454480549, 43.95457474223738
285, 1603471524476869632, 0, 136.48840206182456, 22.680412371174942, 97.92960549171231, 43.96262886594987
286, 1603471524479561216, 0, 136.0003221649183, 22.673969072206184, 98.01621643861913, 43.97068298966236
287, 1603471524482253056, 0, 135.51224226801202, 22.66752577323743, 98.10282738552596, 43.97873711337485
288, 1603471524484944640, 0, 135.02416237110572, 22.66108247426867, 98.18943833243277, 43.986791237087346
289, 1603471524487636364, 0, 134.53608247419945, 22.654639175299913, 98.27604927933959, 43.994845360799836
290, 1603471524490328320, 0, 134.04800257729318, 22.648195876331158, 98.36266022624642, 44.00289948451233
291, 1603471524493019904, 0, 133.55992268038688, 22.6417525773624, 98.44927117315324, 44.010953608224824
292, 1603471524495711744, 0, 133.0718427834806, 22.635309278393642, 98.53588212006005, 44.019007731937315
293, 1603471524498403328, 0, 132.58376288657433, 22.628865979424887, 98.62249306696688, 44.027061855649805
294, 1603471524501094912, 0, 132.09568298966806, 22.62242268045613, 98.7091040138737, 44.035115979362295
295, 1603471524503786496, 0, 131.6076030927618, 22.61597938148737, 98.79571496078051, 44.043170103074786
296, 1603471524506478080, 0, 131.1195231958555, 22.609536082518616, 98.88232590768735, 44.05122422678728
297, 1603471524509169920, 0, 130.63144329894922, 22.603092783549858, 98.96893685459416, 44.05927835049977
298, 1603471524511861760, 0, 130.14336340204295, 22.5966494845811, 99.05554780150098, 44.06733247421226
299, 1603471524514553344, 0, 129.65528350513665, 22.590206185612345, 99.14215874840781, 44.07538659792475
300, 1603471524517244928, 0, 129.16720360823038, 22.583762886643587, 99.22876969531463, 44.08344072163724
301, 1603471524519936768, 0, 128.6791237113241, 22.57731958767483, 99.31538064222144, 44.09149484534973
302, 1603471524522628608, 0, 128.19104381441784, 22.570876288706074, 99.40199158912827, 44.09954896906222
303, 1603471524525320192, 0, 127.70296391751157, 22.564432989737316, 99.48860253603509, 44.10760309277471
304, 1603471524528011776, 0, 127.2148840206053, 22.557989690768558, 99.5752134829419, 44.1156572164872
305, 1603471524530703364, 0, 126.72680412369901, 22.551546391799803, 99.66182442984874, 44.12371134019969
306, 1603471524533394944, 0, 126.23872422679196, 22.54510309283014, 99.68022688220759, 44.13176546391111
307, 1603471524536086528, 0, 125.75064432988489, 22.53865979386048, 99.69862933456643, 44.13981958762253
308, 1603471524538778112, 0, 125.26256443297783, 22.532216494890818, 99.71703178692528, 44.14787371133396
309, 1603471524541469952, 0, 124.77448453607076, 22.525773195921154, 99.73543423928413, 44.155927835045375
310, 1603471524544161792, 0, 124.28640463916369, 22.51932989695149, 99.75383669164299, 44.16398195875679
311, 1603471524546853376, 0, 123.79832474225664, 22.51288659798183, 99.77223914400183, 44.17203608246822
312, 1603471524549544960, 0, 123.31024484534959, 22.50644329901217, 99.79064159636067, 44.18009020617964
313, 1603471524552236800, 0, 122.82216494844252, 22.500000000042505, 99.80904404871953, 44.18814432989106
314, 1603471524554928640, 0, 122.33408505153545, 22.49355670107284, 99.82744650107838, 44.19619845360248
315, 1603471524557620224, 0, 121.84600515462839, 22.48711340210318, 99.84584895343723, 44.2042525773139
316, 1603471524560311808, 0, 121.35792525772132, 22.48067010313352, 99.86425140579607, 44.21230670102533
317, 1603471524563003648, 0, 120.86984536081427, 22.474226804163855, 99.88265385815492, 44.220360824736744
318, 1603471524565695488, 0, 120.38176546390721, 22.46778350519419, 99.90105631051378, 44.22841494844816
319, 1603471524568387072, 0, 119.89368556700015, 22.461340206224527, 99.91945876287262, 44.236469072159586
320, 1603471524571078656, 0, 119.40560567009308, 22.454896907254863, 99.93786121523146, 44.24452319587101
321, 1603471524573770364, 0, 118.91752577318601, 22.448453608285202, 99.95626366759032, 44.25257731958243
322, 1603471524576461824, 0, 118.42944587627895, 22.442010309315542, 99.97466611994918, 44.260631443293846
323, 1603471524579153408, 0, 117.94136597937188, 22.435567010345878, 99.99306857230802, 44.26868556700527
324, 1603471524581844992, 0, 117.45328608246481, 22.429123711376214, 100.01147102466686, 44.276739690716695
325, 1603471524584536832, 0, 116.96520618555776, 22.422680412406553, 100.02987347702572, 44.28479381442811
326, 1603471524587228672, 0, 116.47712628865071, 22.416237113436893, 100.04827592938457, 44.29284793813953
327, 1603471524589920256, 0, 115.98904639174364, 22.40979381446723, 100.06667838174342, 44.300902061850955
328, 1603471524592611840, 0, 115.50096649483658, 22.403350515497564, 100.08508083410226, 44.30895618556238
329, 1603471524595303680, 0, 115.01288659792951, 22.396907216527904, 100.10348328646111, 44.3170103092738
330, 1603471524597995520, 0, 114.52480670102244, 22.390463917558243, 100.12188573881997, 44.325064432985215
331, 1603471524600687104, 0, 114.03672680411539, 22.38402061858858, 100.14028819117881, 44.33311855669664
332, 1603471524603378688, 0, 113.54864690720834, 22.377577319618915, 100.15869064353765, 44.341172680408064
333, 1603471524606070528, 0, 113.06056701030127, 22.371134020649254, 100.17709309589651, 44.34922680411948
334, 1603471524608762368, 0, 112.5724871133942, 22.364690721679594, 100.19549554825537, 44.3572809278309
335, 1603471524611453952, 0, 112.08440721648714, 22.35824742270993, 100.21389800061422, 44.365335051542324
336, 1603471524614145536, 0, 111.59632731958007, 22.351804123740266, 100.23230045297308, 44.37338917525375
337, 1603471524616837364, 0, 111.10824742267302, 22.345360824770605, 100.25070290533192, 44.381443298965166
338, 1603471524619529216, 0, 110.62016752576596, 22.338917525800944, 100.26910535769076, 44.38949742267659
339, 1603471524622221056, 0, 110.1320876288589, 22.33247422683128, 100.28750781004962, 44.397551546388016
340, 1603471524624912896, 0, 109.64400773195183, 22.326030927861616, 100.30591026240846, 44.40560567009943
341, 1603471524627604480, 0, 109.15592783504476, 22.319587628891952, 100.3243127147673, 44.41365979381086
342, 1603471524630296064, 0, 108.6678479381377, 22.313144329922288, 100.34271516712616, 44.42171391752228
343, 1603471524632987904, 0, 108.17976804123064, 22.306701030952627, 100.361117619485, 44.4297680412337
344, 1603471524635679744, 0, 107.69168814432359, 22.300257731982967, 100.37952007184384, 44.437822164945125
345, 1603471524638371328, 0, 107.20360824741653, 22.293814433013303, 100.3979225242027, 44.44587628865655
346, 1603471524641063168, 0, 106.71552835050946, 22.28737113404364, 100.41632497656155, 44.45393041236797
347, 1603471524643755008, 0, 106.22744845360239, 22.280927835073978, 100.4347274289204, 44.46198453607939
348, 1603471524646446592, 0, 105.73936855669533, 22.274484536104318, 100.45312988127924, 44.470038659790816
349, 1603471524649138432, 0, 105.25128865978827, 22.268041237134653, 100.4715323336381, 44.478092783502234
350, 1603471524651830272, 0, 104.76320876288122, 22.26159793816499, 100.48993478599695, 44.48614690721366
351, 1603471524654521856, 0, 104.27512886597415, 22.25515463919533, 100.5083372383558, 44.49420103092508
352, 1603471524657213696, 0, 103.78704896906709, 22.248711340225668, 100.52673969071463, 44.5022551546365
353, 1603471524659905364, 0, 103.29896907216002, 22.242268041256004, 100.54514214307349, 44.510309278347925
354, 1603471524662596864, 0, 102.81088917525295, 22.23582474228634, 100.56354459543235, 44.51836340205935
355, 1603471524665288448, 0, 102.32280927834589, 22.22938144331668, 100.58194704779119, 44.52641752577077
356, 1603471524667980288, 0, 101.83472938143882, 22.22293814434702, 100.60034950015003, 44.534471649482185
357, 1603471524670671872, 0, 101.34664948453177, 22.216494845377355, 100.61875195250889, 44.54252577319361
358, 1603471524673363456, 0, 100.85856958762471, 22.21005154640769, 100.63715440486774, 44.550579896905035
359, 1603471524676055296, 0, 100.37048969071765, 22.20360824743803, 100.65555685722659, 44.55863402061645
360, 1603471524678747136, 0, 99.88240979381058, 22.19716494846837, 100.67395930958543, 44.56668814432787
361, 1603471524681438720, 0, 99.39432989690351, 22.190721649498705, 100.69236176194428, 44.574742268039294
362, 1603471524684130304, 0, 98.90624999999645, 22.18427835052904, 100.71076421430314, 44.58279639175072
363, 1603471524686822144, 0, 98.4181701030894, 22.17783505155938, 100.72916666666198, 44.59085051546214
364, 1603471524689513984, 0, 97.93009020618234, 22.17139175258972, 100.74756911902082, 44.598904639173554
365, 1603471524692205568, 0, 97.44201030927528, 22.164948453620056, 100.76597157137968, 44.60695876288498
366, 1603471524694897152, 0, 96.95393041236821, 22.158505154650392, 100.78437402373854, 44.6150128865964
367, 1603471524697588992, 0, 96.46585051546114, 22.15206185568073, 100.80277647609739, 44.62306701030782
368, 1603471524700280576, 0, 95.97777061855408, 22.14561855671107, 100.82117892845625, 44.63112113401924
369, 1603471524702972364, 0, 95.48969072164702, 22.139175257741407, 100.83958138081509, 44.63917525773066
370, 1603471524705664256, 0, 95.00161082473997, 22.132731958771743, 100.85798383317393, 44.64722938144209
371, 1603471524708355840, 0, 94.5135309278329, 22.126288659802082, 100.87638628553279, 44.655283505153506
372, 1603471524711047680, 0, 94.02545103092584, 22.11984536083242, 100.89478873789164, 44.66333762886492
373, 1603471524713739264, 0, 93.53737113401877, 22.113402061862757, 100.9131911902505, 44.67139175257635
374, 1603471524716430848, 0, 93.0492912371117, 22.106958762893093, 100.93159364260936, 44.67944587628777
375, 1603471524719122432, 0, 92.56121134020465, 22.100515463923433, 100.9499960949682, 44.68749999999919
376, 1603471524721814016, 0, 92.0731314432976, 22.094072164953772, 100.96839854732704, 44.69555412371061
377, 1603471524724505856, 0, 91.58505154639053, 22.087628865984108, 100.9868009996859, 44.70360824742203
378, 1603471524727197696, 0, 91.09697164948346, 22.081185567014444, 101.00520345204475, 44.71166237113346
379, 1603471524729889280, 0, 90.6088917525764, 22.074742268044783, 101.0236059044036, 44.719716494844874
380, 1603471524732580864, 0, 90.12081185566933, 22.068298969075123, 101.04200835676244, 44.72777061855629
381, 1603471524735272704, 0, 89.63273195876228, 22.06185567010546, 101.0604108091213, 44.73582474226772
382, 1603471524737964544, 0, 89.14465206185523, 22.055412371135795, 101.07881326148015, 44.74387886597914
383, 1603471524740656128, 0, 88.65657216494816, 22.04896907216613, 101.097215713839, 44.75193298969056
384, 1603471524743347712, 0, 88.16849226804109, 22.042525773196466, 101.11561816619786, 44.759987113401976
385, 1603471524746039364, 0, 87.68041237113403, 22.036082474226806, 101.1340206185567, 44.7680412371134
386, 1603471524748730880, 0, 87.19837306701005, 22.045143363401387, 101.1215565242722, 44.768041237113195
387, 1603471524751422464, 0, 86.71633376288608, 22.054204252575968, 101.1090924299877, 44.76804123711298
388, 1603471524754114048, 0, 86.23429445876212, 22.06326514175055, 101.09662833570319, 44.768041237112776
389, 1603471524756805888, 0, 85.75225515463815, 22.07232603092513, 101.08416424141868, 44.76804123711257
390, 1603471524759497728, 0, 85.27021585051418, 22.08138692009971, 101.07170014713418, 44.76804123711236
391, 1603471524762189312, 0, 84.78817654639022, 22.09044780927429, 101.05923605284967, 44.76804123711215
392, 1603471524764880896, 0, 84.30613724226625, 22.099508698448872, 101.04677195856516, 44.768041237111944
393, 1603471524767572736, 0, 83.82409793814227, 22.108569587623453, 101.03430786428066, 44.76804123711173
394, 1603471524770264576, 0, 83.3420586340183, 22.117630476798034, 101.02184376999617, 44.76804123711152
395, 1603471524772956160, 0, 82.86001932989433, 22.126691365972615, 101.00937967571166, 44.76804123711131
396, 1603471524775647744, 0, 82.37798002577037, 22.135752255147196, 100.99691558142715, 44.768041237111106
397, 1603471524778339584, 0, 81.8959407216464, 22.144813144321777, 100.98445148714265, 44.76804123711089
398, 1603471524781031424, 0, 81.41390141752242, 22.153874033496358, 100.97198739285815, 44.76804123711068
399, 1603471524783723008, 0, 80.93186211339847, 22.16293492267094, 100.95952329857364, 44.768041237110474
400, 1603471524786414592, 0, 80.4498228092745, 22.17199581184552, 100.94705920428913, 44.76804123711027
401, 1603471524789106364, 0, 79.96778350515052, 22.1810567010201, 100.93459511000464, 44.768041237110054
402, 1603471524791798272, 0, 79.48574420102655, 22.19011759019468, 100.92213101572014, 44.76804123710984
403, 1603471524794489856, 0, 79.00370489690258, 22.199178479369266, 100.90966692143563, 44.76804123710963
404, 1603471524797181440, 0, 78.52166559277862, 22.208239368543847, 100.89720282715112, 44.768041237109415
405, 1603471524799873280, 0, 78.03962628865465, 22.217300257718428, 100.88473873286662, 44.76804123710921
406, 1603471524802565120, 0, 77.55758698453067, 22.22636114689301, 100.87227463858213, 44.768041237109
407, 1603471524805256704, 0, 77.07554768040671, 22.23542203606759, 100.85981054429762, 44.76804123710879
408, 1603471524807948288, 0, 76.59350837628274, 22.24448292524217, 100.8473464500131, 44.76804123710858
409, 1603471524810639872, 0, 76.11146907215877, 22.25354381441675, 100.83488235572861, 44.76804123710836
410, 1603471524813331456, 0, 75.6294297680348, 22.262604703591332, 100.82241826144411, 44.76804123710815
411, 1603471524816023296, 0, 75.14739046391082, 22.271665592765913, 100.8099541671596, 44.768041237107944
412, 1603471524818715136, 0, 74.66535115978687, 22.280726481940494, 100.79749007287509, 44.76804123710774
413, 1603471524821406720, 0, 74.1833118556629, 22.289787371115075, 100.7850259785906, 44.768041237107525
414, 1603471524824098304, 0, 73.70127255153892, 22.298848260289656, 100.7725618843061, 44.76804123710731
415, 1603471524826790144, 0, 73.21923324741496, 22.307909149464237, 100.76009779002159, 44.7680412371071
416, 1603471524829481728, 0, 72.73719394329099, 22.316970038638818, 100.74763369573708, 44.768041237106885
417, 1603471524832173364, 0, 72.25515463916702, 22.3260309278134, 100.73516960145258, 44.76804123710668
418, 1603471524834864896, 0, 71.77311533504304, 22.33509181698798, 100.72270550716809, 44.76804123710647
419, 1603471524837556736, 0, 71.29107603091907, 22.34415270616256, 100.71024141288358, 44.76804123710626
420, 1603471524840248320, 0, 70.80903672679511, 22.35321359533714, 100.69777731859907, 44.76804123710605
421, 1603471524842940160, 0, 70.32699742267114, 22.362274484511723, 100.68531322431457, 44.76804123710584
422, 1603471524845632000, 0, 69.84495811854717, 22.371335373686303, 100.67284913003007, 44.768041237105635
423, 1603471524848323584, 0, 69.36291881442321, 22.380396262860884, 100.66038503574558, 44.76804123710542
424, 1603471524851015424, 0, 68.88087951029924, 22.389457152035465, 100.64792094146108, 44.76804123710521
425, 1603471524853707264, 0, 68.39884020617527, 22.398518041210046, 100.63545684717657, 44.768041237105
426, 1603471524856399104, 0, 67.91680090205129, 22.407578930384627, 100.62299275289206, 44.768041237104796
427, 1603471524859090944, 0, 67.43476159792732, 22.416639819559208, 100.61052865860756, 44.76804123710458
428, 1603471524861782528, 0, 66.95272229380336, 22.42570070873379, 100.59806456432307, 44.76804123710437
429, 1603471524864474368, 0, 66.47068298967939, 22.43476159790837, 100.58560047003857, 44.768041237104164
430, 1603471524867166208, 0, 65.98864368555542, 22.44382248708295, 100.57313637575407, 44.76804123710396
431, 1603471524869857792, 0, 65.50660438143146, 22.45288337625753, 100.56067228146956, 44.768041237103745
432, 1603471524872549632, 0, 65.02456507730749, 22.461944265432113, 100.54820818718505, 44.76804123710353
433, 1603471524875241364, 0, 64.54252577318351, 22.471005154606694, 100.53574409290056, 44.768041237103326
434, 1603471524877933312, 0, 64.06048646905954, 22.480066043781274, 100.52327999861606, 44.76804123710312
435, 1603471524880624896, 0, 63.578447164935575, 22.489126932955855, 100.51081590433155, 44.768041237102906
436, 1603471524883316736, 0, 63.09640786081161, 22.498187822130436, 100.49835181004704, 44.76804123710269
437, 1603471524886008320, 0, 62.61436855668764, 22.507248711305017, 100.48588771576254, 44.76804123710249
438, 1603471524888699904, 0, 62.132329252563665, 22.516309600479598, 100.47342362147805, 44.76804123710228
439, 1603471524891391488, 0, 61.6502899484397, 22.52537048965418, 100.46095952719354, 44.76804123710207
440, 1603471524894083072, 0, 61.168250644315734, 22.53443137882876, 100.44849543290903, 44.768041237101855
441, 1603471524896774912, 0, 60.68621134019176, 22.54349226800334, 100.43603133862453, 44.76804123710165
442, 1603471524899466752, 0, 60.20417203606779, 22.552553157177922, 100.42356724434003, 44.76804123710144
443, 1603471524902158336, 0, 59.72213273194382, 22.561614046352503, 100.41110315005552, 44.76804123710123
444, 1603471524904849920, 0, 59.24009342781986, 22.570674935527084, 100.39863905577101, 44.768041237101016
445, 1603471524907541760, 0, 58.758054123695885, 22.579735824701665, 100.38617496148652, 44.76804123710081
446, 1603471524910233600, 0, 58.27601481957191, 22.588796713876246, 100.37371086720202, 44.768041237100604
447, 1603471524912925184, 0, 57.79397551544795, 22.597857603050826, 100.36124677291751, 44.76804123710039
448, 1603471524915616768, 0, 57.31193621132398, 22.606918492225407, 100.348782678633, 44.76804123710018
449, 1603471524918308364, 0, 56.82989690720001, 22.61597938139999, 100.3363185843485, 44.76804123709997
450, 1603471524920999936, 0, 56.33073367825406, 22.62504027057499, 100.31878997974293, 44.76804123709998
451, 1603471524923691520, 0, 55.83157044930812, 22.63410115974999, 100.30126137513736, 44.76804123709998
452, 1603471524926383104, 0, 55.33240722036217, 22.64316204892499, 100.28373277053178, 44.76804123709998
453, 1603471524929074944, 0, 54.83324399141622, 22.65222293809999, 100.26620416592621, 44.76804123709998
454, 1603471524931766784, 0, 54.334080762470265, 22.66128382727499, 100.24867556132064, 44.76804123709998
455, 1603471524934458368, 0, 53.83491753352432, 22.67034471644999, 100.23114695671507, 44.76804123709998
456, 1603471524937149952, 0, 53.33575430457837, 22.67940560562499, 100.21361835210949, 44.76804123709998
457, 1603471524939841792, 0, 52.83659107563243, 22.68846649479999, 100.19608974750392, 44.76804123709998
458, 1603471524942533632, 0, 52.33742784668648, 22.69752738397499, 100.17856114289835, 44.76804123709998
459, 1603471524945225216, 0, 51.838264617740535, 22.70658827314999, 100.16103253829277, 44.76804123709998
460, 1603471524947916800, 0, 51.33910138879459, 22.71564916232499, 100.1435039336872, 44.76804123709998
461, 1603471524950608640, 0, 50.839938159848636, 22.72471005149999, 100.12597532908163, 44.76804123709998
462, 1603471524953300480, 0, 50.34077493090268, 22.73377094067499, 100.10844672447605, 44.76804123709998
463, 1603471524955992064, 0, 49.84161170195674, 22.74283182984999, 100.09091811987048, 44.76804123709998
464, 1603471524958683648, 0, 49.34244847301079, 22.751892719024987, 100.0733895152649, 44.76804123709998
465, 1603471524961375364, 0, 48.843285244064845, 22.760953608199987, 100.05586091065933, 44.76804123709998
466, 1603471524964067328, 0, 48.3441220151189, 22.770014497374987, 100.03833230605376, 44.76804123709998
467, 1603471524966758912, 0, 47.84495878617295, 22.779075386549984, 100.02080370144819, 44.76804123709998
468, 1603471524969450496, 0, 47.34579555722701, 22.788136275724984, 100.00327509684263, 44.76804123709998
469, 1603471524972142336, 0, 46.84663232828105, 22.797197164899984, 99.98574649223706, 44.76804123709998
470, 1603471524974834176, 0, 46.3474690993351, 22.806258054074984, 99.96821788763148, 44.76804123709998
471, 1603471524977525760, 0, 45.848305870389154, 22.815318943249984, 99.95068928302592, 44.76804123709998
472, 1603471524980217344, 0, 45.34914264144321, 22.824379832424984, 99.93316067842035, 44.76804123709998
473, 1603471524982908928, 0, 44.84997941249726, 22.833440721599985, 99.91563207381478, 44.76804123709997
474, 1603471524985600512, 0, 44.350816183551316, 22.842501610774985, 99.8981034692092, 44.768041237099965
475, 1603471524988292096, 0, 43.85165295460537, 22.851562499949985, 99.88057486460363, 44.768041237099965
476, 1603471524990983680, 0, 43.352489725659424, 22.860623389124985, 99.86304625999806, 44.768041237099965
477, 1603471524993675520, 0, 42.85332649671347, 22.869684278299985, 99.84551765539248, 44.768041237099965
478, 1603471524996367360, 0, 42.35416326776752, 22.878745167474985, 99.82798905078691, 44.768041237099965
479, 1603471524999058944, 0, 41.85500003882157, 22.887806056649985, 99.81046044618134, 44.768041237099965
480, 1603471525001750528, 0, 41.355836809875626, 22.896866945824986, 99.79293184157578, 44.768041237099965
481, 1603471525004442364, 0, 40.85667358092968, 22.905927834999986, 99.7754032369702, 44.768041237099965
482, 1603471525007134208, 0, 40.39175820162872, 22.914988724176855, 99.7236267827221, 44.768041237100384
483, 1603471525009825792, 0, 39.92684282232776, 22.924049613353723, 99.671850328474, 44.7680412371008
484, 1603471525012517376, 0, 39.461927443026795, 22.933110502530592, 99.6200738742259, 44.76804123710122
485, 1603471525015209216, 0, 38.99701206372584, 22.94217139170746, 99.5682974199778, 44.76804123710164
486, 1603471525017901056, 0, 38.532096684424886, 22.95123228088433, 99.5165209657297, 44.76804123710206
487, 1603471525020592640, 0, 38.067181305123924, 22.9602931700612, 99.4647445114816, 44.76804123710248
488, 1603471525023284224, 0, 37.60226592582296, 22.969354059238068, 99.4129680572335, 44.768041237102906
489, 1603471525025975808, 0, 37.137350546522, 22.978414948414937, 99.3611916029854, 44.768041237103326
490, 1603471525028667392, 0, 36.67243516722104, 22.987475837591806, 99.3094151487373, 44.768041237103745
491, 1603471525031359232, 0, 36.20751978792008, 22.996536726768674, 99.2576386944892, 44.76804123710417
492, 1603471525034051072, 0, 35.742604408619115, 23.005597615945543, 99.20586224024109, 44.76804123710459
493, 1603471525036742656, 0, 35.27768902931816, 23.014658505122412, 99.15408578599299, 44.76804123710501
494, 1603471525039434240, 0, 34.812773650017206, 23.02371939429928, 99.10230933174489, 44.76804123710543
495, 1603471525042126080, 0, 34.347858270716245, 23.03278028347615, 99.05053287749678, 44.76804123710585
496, 1603471525044817664, 0, 33.88294289141528, 23.041841172653022, 98.99875642324868, 44.76804123710627
497, 1603471525047509364, 0, 33.41802751211432, 23.05090206182989, 98.94697996900058, 44.76804123710669
498, 1603471525050200832, 0, 32.95311213281336, 23.05996295100676, 98.89520351475248, 44.768041237107106
499, 1603471525052892672, 0, 32.4881967535124, 23.069023840183633, 98.84342706050438, 44.768041237107525
500, 1603471525055584256, 0, 32.023281374211436, 23.0780847293605, 98.79165060625627, 44.768041237107944
501, 1603471525058276096, 0, 31.55836599491048, 23.08714561853737, 98.73987415200817, 44.76804123710836
502, 1603471525060967936, 0, 31.093450615609523, 23.09620650771424, 98.68809769776007, 44.76804123710878
503, 1603471525063659520, 0, 30.628535236308565, 23.105267396891108, 98.63632124351196, 44.7680412371092
504, 1603471525066351360, 0, 30.163619857007603, 23.114328286067977, 98.58454478926386, 44.76804123710962
505, 1603471525069043200, 0, 29.698704477706645, 23.123389175244846, 98.53276833501576, 44.76804123711004
506, 1603471525071735040, 0, 29.233789098405687, 23.132450064421715, 98.48099188076766, 44.76804123711046
507, 1603471525074426880, 0, 28.768873719104725, 23.141510953598583, 98.42921542651956, 44.76804123711088
508, 1603471525077118464, 0, 28.303958339803767, 23.150571842775452, 98.37743897227145, 44.7680412371113
509, 1603471525079810304, 0, 27.83904296050281, 23.15963273195232, 98.32566251802335, 44.76804123711172
510, 1603471525082502144, 0, 27.374127581201847, 23.16869362112919, 98.27388606377525, 44.768041237112136
511, 1603471525085193728, 0, 26.90921220190089, 23.17775451030606, 98.22210960952714, 44.768041237112556
512, 1603471525087885568, 0, 26.44429682259993, 23.186815399482928, 98.17033315527904, 44.76804123711298
513, 1603471525090577364, 0, 25.97938144329897, 23.195876288659797, 98.11855670103094, 44.7680412371134
514, 1603471525093269248, 0, 25.510523184528893, 23.21037371133918, 98.0582590319657, 44.73311093148173
515, 1603471525095960832, 0, 25.041664925758816, 23.22487113401856, 97.99796136290047, 44.69818062585007
516, 1603471525098652672, 0, 24.57280666698874, 23.23936855669794, 97.93766369383523, 44.6632503202184
517, 1603471525101344256, 0, 24.103948408218667, 23.253865979377323, 97.87736602477, 44.628320014586734
518, 1603471525104035840, 0, 23.635090149448594, 23.268363402056703, 97.81706835570476, 44.593389708955065
519, 1603471525106727424, 0, 23.166231890678517, 23.282860824736083, 97.75677068663953, 44.5584594033234
520, 1603471525109419008, 0, 22.69737363190844, 23.297358247415467, 97.69647301757429, 44.52352909769173
521, 1603471525112110848, 0, 22.228515373138364, 23.311855670094847, 97.63617534850906, 44.48859879206006
522, 1603471525114802688, 0, 21.759657114368288, 23.326353092774227, 97.57587767944382, 44.45366848642839
523, 1603471525117494272, 0, 21.290798855598215, 23.34085051545361, 97.51558001037859, 44.41873818079672
524, 1603471525120185856, 0, 20.821940596828142, 23.35534793813299, 97.45528234131335, 44.38380787516506
525, 1603471525122877696, 0, 20.353082338058066, 23.36984536081237, 97.39498467224811, 44.34887756953339
526, 1603471525125569536, 0, 19.88422407928799, 23.384342783491753, 97.33468700318288, 44.313947263901724
527, 1603471525128261120, 0, 19.415365820517913, 23.398840206171133, 97.27438933411764, 44.27901695827006
528, 1603471525130952704, 0, 18.946507561747836, 23.413337628850513, 97.21409166505242, 44.244086652638394
529, 1603471525133644364, 0, 18.477649302977763, 23.427835051529897, 97.15379399598719, 44.209156347006726
530, 1603471525136335872, 0, 18.00879104420769, 23.44233247420928, 97.09349632692195, 44.17422604137506
531, 1603471525139027456, 0, 17.539932785437614, 23.45682989688866, 97.03319865785673, 44.13929573574339
532, 1603471525141719040, 0, 17.071074526667537, 23.47132731956804, 96.9729009887915, 44.10436543011172
533, 1603471525144410880, 0, 16.60221626789746, 23.485824742247424, 96.91260331972626, 44.06943512448005
534, 1603471525147102720, 0, 16.133358009127384, 23.500322164926807, 96.85230565066102, 44.03450481884838
535, 1603471525149794304, 0, 15.66449975035731, 23.514819587606187, 96.79200798159579, 43.999574513216714
536, 1603471525152485888, 0, 15.195641491587235, 23.529317010285567, 96.73171031253055, 43.964644207585046
537, 1603471525155177728, 0, 14.726783232817159, 23.54381443296495, 96.67141264346532, 43.92971390195338
538, 1603471525157869568, 0, 14.257924974047082, 23.558311855644334, 96.61111497440008, 43.89478359632171
539, 1603471525160561152, 0, 13.789066715277007, 23.572809278323714, 96.55081730533485, 43.85985329069004
540, 1603471525163252736, 0, 13.320208456506933, 23.587306701003094, 96.49051963626961, 43.82492298505837
541, 1603471525165944576, 0, 12.851350197736856, 23.601804123682477, 96.43022196720437, 43.7899926794267
542, 1603471525168636416, 0, 12.382491938966782, 23.616301546361857, 96.36992429813914, 43.755062373795035
543, 1603471525171328000, 0, 11.913633680196707, 23.630798969041237, 96.3096266290739, 43.720132068163366
544, 1603471525174019584, 0, 11.44477542142663, 23.64529639172062, 96.24932896000868, 43.6852017625317
545, 1603471525176711364, 0, 10.975917162656556, 23.6597938144, 96.18903129094345, 43.65027145690003
546, 1603471525179403264, 0, 10.541128963310001, 23.67429123708125, 96.0946635624525, 43.615341151268765
547, 1603471525182094848, 0, 10.106340763963448, 23.688788659762494, 96.00029583396153, 43.58041084563751
548, 1603471525184786432, 0, 9.671552564616896, 23.703286082443743, 95.90592810547057, 43.54548054000625
549, 1603471525187478272, 0, 9.236764365270341, 23.71778350512499, 95.8115603769796, 43.51055023437499
550, 1603471525190170112, 0, 8.801976165923787, 23.732280927806237, 95.71719264848863, 43.475619928743725
551, 1603471525192861696, 0, 8.367187966577234, 23.746778350487485, 95.62282491999768, 43.44068962311247
552, 1603471525195553280, 0, 7.93239976723068, 23.761275773168734, 95.52845719150673, 43.40575931748121
553, 1603471525198244864, 0, 7.497611567884126, 23.77577319584998, 95.43408946301577, 43.37082901184995
554, 1603471525200936448, 0, 7.062823368537573, 23.790270618531224, 95.3397217345248, 43.335898706218686
555, 1603471525203628288, 0, 6.628035169191019, 23.804768041212473, 95.24535400603385, 43.30096840058743
556, 1603471525206320128, 0, 6.193246969844465, 23.81926546389372, 95.1509862775429, 43.26603809495617
557, 1603471525209011712, 0, 5.758458770497912, 23.833762886574966, 95.05661854905193, 43.23110778932491
558, 1603471525211703296, 0, 5.323670571151358, 23.848260309256215, 94.96225082056097, 43.196177483693646
559, 1603471525214395136, 0, 4.8888823718048044, 23.862757731937464, 94.86788309207002, 43.16124717806239
560, 1603471525217086720, 0, 4.454094172458251, 23.87725515461871, 94.77351536357907, 43.12631687243113
561, 1603471525219778364, 0, 4.019305973111697, 23.891752577299957, 94.6791476350881, 43.09138656679987
562, 1603471525222469888, 0, 3.768099349792217, 23.906249999981597, 94.40119833057551, 43.05645626117141
563, 1603471525225161472, 0, 3.516892726472736, 23.920747422663233, 94.12324902606292, 43.021525955542955
564, 1603471525227853312, 0, 3.2656861031532554, 23.935244845344872, 93.84529972155033, 42.9865956499145
565, 1603471525230544896, 0, 3.014479479833775, 23.94974226802651, 93.56735041703773, 42.95166534428604
566, 1603471525233236480, 0, 2.7632728565142943, 23.96423969070815, 93.28940111252513, 42.916735038657585
567, 1603471525235928320, 0, 2.5120662331948136, 23.97873711338979, 93.01145180801254, 42.88180473302913
568, 1603471525238620160, 0, 2.2608596098753333, 23.99323453607143, 92.73350250349995, 42.84687442740067
569, 1603471525241311744, 0, 2.0096529865558526, 24.00773195875307, 92.45555319898736, 42.811944121772214
570, 1603471525244003328, 0, 1.758446363236372, 24.02222938143471, 92.17760389447477, 42.77701381614376
571, 1603471525246695168, 0, 1.5072397399168915, 24.03672680411635, 91.89965458996218, 42.7420835105153
572, 1603471525249387008, 0, 1.256033116597411, 24.051224226797988, 91.6217052854496, 42.70715320488684
573, 1603471525252078592, 0, 1.0048264932779305, 24.065721649479627, 91.343755980937, 42.67222289925839
574, 1603471525254770176, 0, 0.75361986995845, 24.080219072161267, 91.06580667642442, 42.63729259362993
575, 1603471525257462016, 0, 0.5024132466389694, 24.094716494842906, 90.78785737191183, 42.60236228800147
576, 1603471525260153600, 0, 0.2512066233194888, 24.109213917524546, 90.50990806739924, 42.567431982373016
577, 1603471525262845364, 0, 8.240830698248587e-15, 24.123711340206185, 90.23195876288663, 42.53250167674456
578, 1603471525265537280, 0, 8.112067718588453e-15, 24.15270618556701, 89.7245489690722, 42.52031535866398
579, 1603471525268229120, 0, 7.983304738928319e-15, 24.181701030927833, 89.21713917525776, 42.508129040583405
580, 1603471525270920704, 0, 7.854541759268185e-15, 24.21069587628866, 88.70972938144332, 42.49594272250283
581, 1603471525273612544, 0, 7.72577877960805e-15, 24.239690721649485, 88.20231958762889, 42.48375640442225
582, 1603471525276304384, 0, 7.597015799947914e-15, 24.26868556701031, 87.69490979381446, 42.47157008634167
583, 1603471525278995968, 0, 7.46825282028778e-15, 24.297680412371136, 87.18750000000003, 42.45938376826109
584, 1603471525281687552, 0, 7.339489840627647e-15, 24.32667525773196, 86.6800902061856, 42.44719745018051
585, 1603471525284379392, 0, 7.210726860967513e-15, 24.355670103092784, 86.17268041237116, 42.43501113209994
586, 1603471525287071232, 0, 7.081963881307379e-15, 24.384664948453608, 85.66527061855673, 42.422824814019364
587, 1603471525289762816, 0, 6.953200901647245e-15, 24.413659793814432, 85.1578608247423, 42.410638495938784
588, 1603471525292454656, 0, 6.824437921987111e-15, 24.44265463917526, 84.65045103092787, 42.3984521778582
589, 1603471525295146496, 0, 6.6956749423269765e-15, 24.471649484536083, 84.14304123711344, 42.38626585977762
590, 1603471525297838080, 0, 6.566911962666842e-15, 24.500644329896907, 83.635631443299, 42.37407954169704
591, 1603471525300529920, 0, 6.438148983006708e-15, 24.529639175257735, 83.12822164948457, 42.36189322361647
592, 1603471525303221760, 0, 6.309386003346574e-15, 24.55863402061856, 82.62081185567014, 42.349706905535896
593, 1603471525305913364, 0, 6.18062302368644e-15, 24.587628865979383, 82.11340206185571, 42.337520587455316
594, 1603471525308604928, 0, 6.051860044026306e-15, 24.616623711340207, 81.60599226804128, 42.325334269374736
595, 1603471525311296512, 0, 5.923097064366172e-15, 24.64561855670103, 81.09858247422684, 42.31314795129416
596, 1603471525313988096, 0, 5.794334084706037e-15, 24.67461340206186, 80.59117268041241, 42.30096163321359
597, 1603471525316679936, 0, 5.665571105045903e-15, 24.703608247422682, 80.08376288659798, 42.28877531513301
598, 1603471525319371776, 0, 5.536808125385769e-15, 24.732603092783506, 79.57635309278355, 42.27658899705243
599, 1603471525322063360, 0, 5.408045145725635e-15, 24.761597938144334, 79.06894329896912, 42.264402678971855
600, 1603471525324754944, 0, 5.2792821660655015e-15, 24.790592783505158, 78.56153350515467, 42.25221636089128
601, 1603471525327446784, 0, 5.150519186405367e-15, 24.819587628865982, 78.05412371134024, 42.2400300428107
602, 1603471525330138624, 0, 5.021756206745232e-15, 24.848582474226806, 77.5467139175258, 42.22784372473012
603, 1603471525332830208, 0, 4.892993227085098e-15, 24.87757731958763, 77.03930412371136, 42.21565740664955
604, 1603471525335521792, 0, 4.7642302474249644e-15, 24.906572164948454, 76.53189432989693, 42.203471088568975
605, 1603471525338213632, 0, 4.6354672677648305e-15, 24.935567010309278, 76.0244845360825, 42.191284770488394
606, 1603471525340905472, 0, 4.506704288104697e-15, 24.9645618556701, 75.51707474226806, 42.179098452407814
607, 1603471525343597056, 0, 4.377941308444562e-15, 24.993556701030926, 75.00966494845363, 42.16691213432724
608, 1603471525346288640, 0, 4.249178328784427e-15, 25.022551546391753, 74.5022551546392, 42.15472581624667
609, 1603471525348980364, 0, 4.1204153491242935e-15, 25.051546391752577, 73.99484536082477, 42.14253949816609
610, 1603471525351672320, 0, 3.9916523694641596e-15, 25.0805412371134, 73.48743556701034, 42.13035318008551
611, 1603471525354363904, 0, 3.862889389804025e-15, 25.10953608247423, 72.9800257731959, 42.118166862004934
612, 1603471525357055488, 0, 3.73412641014389e-15, 25.138530927835053, 72.47261597938147, 42.10598054392436
613, 1603471525359747328, 0, 3.605363430483756e-15, 25.167525773195877, 71.96520618556704, 42.09379422584378
614, 1603471525362439168, 0, 3.4766004508236225e-15, 25.1965206185567, 71.45779639175261, 42.0816079077632
615, 1603471525365130752, 0, 3.3478374711634882e-15, 25.225515463917525, 70.95038659793818, 42.06942158968263
616, 1603471525367822336, 0, 3.219074491503354e-15, 25.25451030927835, 70.44297680412373, 42.05723527160205
617, 1603471525370513920, 0, 3.09031151184322e-15, 25.283505154639172, 69.9355670103093, 42.04504895352147
618, 1603471525373205504, 0, 2.961548532183086e-15, 25.312499999999996, 69.42815721649487, 42.03286263544089
619, 1603471525375897344, 0, 2.8327855525229516e-15, 25.34149484536082, 68.92074742268042, 42.02067631736032
620, 1603471525378589184, 0, 2.7040225728628177e-15, 25.370489690721648, 68.41333762886599, 42.008489999279746
621, 1603471525381280768, 0, 2.5752595932026834e-15, 25.399484536082472, 67.90592783505156, 41.996303681199166
622, 1603471525383972352, 0, 2.446496613542549e-15, 25.428479381443296, 67.39851804123712, 41.98411736311859
623, 1603471525386664192, 0, 2.3177336338824153e-15, 25.457474226804123, 66.8911082474227, 41.97193104503802
624, 1603471525389355776, 0, 2.188970654222281e-15, 25.486469072164947, 66.38369845360826, 41.95974472695744
625, 1603471525392047364, 0, 2.0602076745621467e-15, 25.51546391752577, 65.87628865979383, 41.947558408876866
626, 1603471525394738944, 0, 1.9314446949020125e-15, 25.544458762886595, 65.3688788659794, 41.93537209079629
627, 1603471525397430528, 0, 1.802681715241878e-15, 25.57345360824742, 64.86146907216497, 41.92318577271571
628, 1603471525400122368, 0, 1.6739187355817441e-15, 25.602448453608247, 64.35405927835053, 41.91099945463513
629, 1603471525402813952, 0, 1.54515575592161e-15, 25.63144329896907, 63.846649484536094, 41.89881313655455
630, 1603471525405505536, 0, 1.4163927762614758e-15, 25.660438144329895, 63.339239690721655, 41.88662681847397
631, 1603471525408197376, 0, 1.2876297966013417e-15, 25.689432989690722, 62.83182989690722, 41.8744405003934
632, 1603471525410889216, 0, 1.1588668169412076e-15, 25.718427835051546, 62.32442010309279, 41.862254182312824
633, 1603471525413580800, 0, 1.0301038372810734e-15, 25.74742268041237, 61.81701030927836, 41.850067864232244
634, 1603471525416272384, 0, 9.01340857620939e-16, 25.776417525773194, 61.30960051546393, 41.837881546151664
635, 1603471525418964224, 0, 7.72577877960805e-16, 25.805412371134018, 60.802190721649495, 41.82569522807109
636, 1603471525421656064, 0, 6.438148983006709e-16, 25.834407216494846, 60.29478092783506, 41.81350890999052
637, 1603471525424347648, 0, 5.150519186405367e-16, 25.86340206185567, 59.787371134020624, 41.80132259190994
638, 1603471525427039232, 0, 3.862889389804025e-16, 25.892396907216494, 59.279961340206185, 41.78913627382936
639, 1603471525429731072, 0, 2.5752595932026834e-16, 25.92139175257732, 58.77255154639175, 41.77694995574878
640, 1603471525432422656, 0, 1.2876297966013417e-16, 25.950386597938145, 58.26514175257732, 41.76476363766821
641, 1603471525435114364, 0, 0.0, 25.97938144329897, 57.75773195876289, 41.75257731958763
642, 1603471525437805824, 0, 0.0, 25.997503221649485, 57.2924561251279, 41.738079896907216
643, 1603471525440497408, 0, 0.0, 26.015625, 56.82718029149291, 41.7235824742268
644, 1603471525443189248, 0, 0.0, 26.033746778350515, 56.36190445785792, 41.70908505154639
645, 1603471525445880832, 0, 0.0, 26.05186855670103, 55.89662862422292, 41.694587628865975
646, 1603471525448572416, 0, 0.0, 26.069990335051546, 55.43135279058792, 41.68009020618556
647, 1603471525451264256, 0, 0.0, 26.08811211340206, 54.96607695695293, 41.66559278350515
648, 1603471525453956096, 0, 0.0, 26.106233891752577, 54.50080112331794, 41.65109536082473
649, 1603471525456647680, 0, 0.0, 26.124355670103093, 54.03552528968295, 41.63659793814432
650, 1603471525459339264, 0, 0.0, 26.142477448453608, 53.57024945604796, 41.622100515463906
651, 1603471525462031104, 0, 0.0, 26.160599226804123, 53.10497362241297, 41.60760309278349
652, 1603471525464722944, 0, 0.0, 26.17872100515464, 52.63969778877798, 41.59310567010308
653, 1603471525467414528, 0, 0.0, 26.196842783505154, 52.17442195514298, 41.578608247422665
654, 1603471525470106112, 0, 0.0, 26.21496456185567, 51.709146121507985, 41.56411082474225
655, 1603471525472797952, 0, 0.0, 26.233086340206185, 51.243870287872994, 41.54961340206184
656, 1603471525475489536, 0, 0.0, 26.251208118556697, 50.778594454238004, 41.53511597938142
657, 1603471525478181364, 0, 0.0, 26.269329896907212, 50.31331862060301, 41.52061855670101
658, 1603471525480873216, 0, 0.0, 26.287451675257728, 49.84804278696802, 41.506121134020596
659, 1603471525483565056, 0, 0.0, 26.30557345360824, 49.38276695333303, 41.49162371134018
660, 1603471525486256640, 0, 0.0, 26.323695231958755, 48.91749111969804, 41.47712628865977
661, 1603471525488948480, 0, 0.0, 26.34181701030927, 48.452215286063044, 41.462628865979354
662, 1603471525491640320, 0, 0.0, 26.359938788659786, 47.98693945242805, 41.44813144329894
663, 1603471525494331904, 0, 0.0, 26.3780605670103, 47.521663618793056, 41.43363402061853
664, 1603471525497023488, 0, 0.0, 26.396182345360817, 47.056387785158066, 41.41913659793812
665, 1603471525499715328, 0, 0.0, 26.414304123711332, 46.591111951523075, 41.40463917525771
666, 1603471525502407168, 0, 0.0, 26.432425902061848, 46.125836117888085, 41.39014175257729
667, 1603471525505098752, 0, 0.0, 26.450547680412363, 45.660560284253094, 41.375644329896886
668, 1603471525507790592, 0, 0.0, 26.46866945876288, 45.195284450618104, 41.36114690721647
669, 1603471525510482432, 0, 0.0, 26.486791237113394, 44.730008616983106, 41.34664948453606
670, 1603471525513174016, 0, 0.0, 26.50491301546391, 44.26473278334811, 41.332152061855645
671, 1603471525515865856, 0, 0.0, 26.523034793814425, 43.79945694971312, 41.31765463917523
672, 1603471525518557696, 0, 0.0, 26.54115657216494, 43.33418111607813, 41.30315721649482
673, 1603471525521249364, 0, 0.0, 26.559278350515456, 42.86890528244314, 41.2886597938144
674, 1603471525523940864, 0, 0.0, 26.57740012886597, 42.40362944880815, 41.27416237113399
675, 1603471525526632448, 0, 0.0, 26.595521907216487, 41.938353615173156, 41.259664948453576
676, 1603471525529324032, 0, 0.0, 26.613643685567002, 41.473077781538166, 41.24516752577317
677, 1603471525532015872, 0, 0.0, 26.631765463917517, 41.00780194790317, 41.230670103092756
678, 1603471525534707712, 0, 0.0, 26.649887242268033, 40.54252611426817, 41.21617268041234
679, 1603471525537399296, 0, 0.0, 26.66800902061855, 40.07725028063318, 41.201675257731935
680, 1603471525540090880, 0, 0.0, 26.68613079896906, 39.61197444699819, 41.18717783505152
681, 1603471525542782720, 0, 0.0, 26.704252577319576, 39.1466986133632, 41.17268041237111
682, 1603471525545474560, 0, 0.0, 26.72237435567009, 38.68142277972821, 41.158182989690694
683, 1603471525548166144, 0, 0.0, 26.740496134020603, 38.21614694609322, 41.14368556701028
684, 1603471525550857728, 0, 0.0, 26.75861791237112, 37.75087111245823, 41.129188144329866
685, 1603471525553549568, 0, 0.0, 26.776739690721634, 37.28559527882323, 41.11469072164945
686, 1603471525556241408, 0, 0.0, 26.79486146907215, 36.82031944518823, 41.10019329896904
687, 1603471525558932992, 0, 0.0, 26.812983247422665, 36.35504361155324, 41.085695876288625
688, 1603471525561624576, 0, 0.0, 26.83110502577318, 35.88976777791825, 41.07119845360822
689, 1603471525564316364, 0, 0.0, 26.849226804123695, 35.42449194428326, 41.056701030927805
690, 1603471525567008256, 0, 0.0, 26.86734858247421, 34.95921611064827, 41.04220360824739
691, 1603471525569699840, 0, 0.0, 26.885470360824726, 34.49394027701328, 41.02770618556698
692, 1603471525572391424, 0, 0.0, 26.90359213917524, 34.02866444337829, 41.01320876288656
693, 1603471525575083264, 0, 0.0, 26.921713917525757, 33.56338860974329, 40.99871134020615
694, 1603471525577775104, 0, 0.0, 26.939835695876273, 33.098112776108294, 40.984213917525736
695, 1603471525580466688, 0, 0.0, 26.957957474226788, 32.632836942473304, 40.96971649484532
696, 1603471525583158272, 0, 0.0, 26.976079252577303, 32.16756110883831, 40.95521907216491
697, 1603471525585849856, 0, 0.0, 26.99420103092782, 31.702285275203323, 40.940721649484495
698, 1603471525588541440, 0, 0.0, 27.012322809278334, 31.237009441568333, 40.92622422680408
699, 1603471525591233280, 0, 0.0, 27.03044458762885, 30.77173360793334, 40.91172680412367
700, 1603471525593925120, 0, 0.0, 27.048566365979365, 30.306457774298345, 40.89722938144325
701, 1603471525596616704, 0, 0.0, 27.06668814432988, 29.841181940663354, 40.88273195876284
702, 1603471525599308288, 0, 0.0, 27.084809922680396, 29.37590610702836, 40.868234536082426
703, 1603471525602000128, 0, 0.0, 27.10293170103091, 28.910630273393366, 40.85373711340201
704, 1603471525604691712, 0, 0.0, 27.121053479381423, 28.445354439758376, 40.8392396907216
705, 1603471525607383364, 0, 0.0, 27.13917525773194, 27.98007860612338, 40.824742268041184
706, 1603471525610074880, 0, 0.0, 27.240657216494824, 27.513139683272442, 40.48538879032054
707, 1603471525612766464, 0, 0.0, 27.34213917525771, 27.046200760421506, 40.14603531259989
708, 1603471525615458304, 0, 0.0, 27.443621134020596, 26.579261837570566, 39.80668183487924
709, 1603471525618149888, 0, 0.0, 27.54510309278348, 26.112322914719627, 39.46732835715859
710, 1603471525620841472, 0, 0.0, 27.646585051546367, 25.645383991868687, 39.12797487943794
711, 1603471525623533312, 0, 0.0, 27.748067010309253, 25.178445069017748, 38.78862140171729
712, 1603471525626225152, 0, 0.0, 27.84954896907214, 24.71150614616681, 38.44926792399664
713, 1603471525628916736, 0, 0.0, 27.951030927835024, 24.24456722331587, 38.109914446275994
714, 1603471525631608320, 0, 0.0, 28.05251288659791, 23.77762830046493, 37.770560968555344
715, 1603471525634300160, 0, 0.0, 28.153994845360796, 23.31068937761399, 37.431207490834694
716, 1603471525636992000, 0, 0.0, 28.25547680412368, 22.843750454763054, 37.091854013114045
717, 1603471525639683584, 0, 0.0, 28.356958762886567, 22.376811531912114, 36.752500535393395
718, 1603471525642375168, 0, 0.0, 28.458440721649453, 21.909872609061175, 36.413147057672745
719, 1603471525645067008, 0, 0.0, 28.55992268041234, 21.44293368621024, 36.073793579952095
720, 1603471525647758592, 0, 0.0, 28.661404639175224, 20.9759947633593, 35.734440102231446
721, 1603471525650450364, 0, 0.0, 28.76288659793811, 20.50905584050836, 35.395086624510796
722, 1603471525653142272, 0, 0.0, 28.864368556700995, 20.04211691765742, 35.055733146790146
723, 1603471525655833856, 0, 0.0, 28.965850515463885, 19.57517799480648, 34.7163796690695
724, 1603471525658525696, 0, 0.0, 29.06733247422677, 19.108239071955545, 34.37702619134885
725, 1603471525661217280, 0, 0.0, 29.168814432989656, 18.641300149104605, 34.0376727136282
726, 1603471525663908864, 0, 0.0, 29.27029639175254, 18.174361226253666, 33.69831923590755
727, 1603471525666600448, 0, 0.0, 29.371778350515427, 17.70742230340273, 33.3589657581869
728, 1603471525669292032, 0, 0.0, 29.473260309278313, 17.24048338055179, 33.01961228046625
729, 1603471525671983872, 0, 0.0, 29.5747422680412, 16.77354445770085, 32.6802588027456
730, 1603471525674675712, 0, 0.0, 29.676224226804084, 16.30660553484991, 32.34090532502495
731, 1603471525677367296, 0, 0.0, 29.77770618556697, 15.839666611998974, 32.0015518473043
732, 1603471525680058880, 0, 0.0, 29.879188144329856, 15.372727689148036, 31.66219836958365
733, 1603471525682750720, 0, 0.0, 29.98067010309274, 14.905788766297096, 31.322844891863
734, 1603471525685442560, 0, 0.0, 30.082152061855627, 14.438849843446157, 30.98349141414235
735, 1603471525688134144, 0, 0.0, 30.183634020618513, 13.971910920595217, 30.6441379364217
736, 1603471525690825728, 0, 0.0, 30.2851159793814, 13.504971997744278, 30.30478445870105
737, 1603471525693517364, 0, 0.0, 30.386597938144284, 13.03803307489334, 29.9654309809804
738, 1603471525696208896, 0, 0.0, 30.48807989690717, 12.571094152042402, 29.62607750325975
739, 1603471525698900736, 0, 0.0, 30.589561855670055, 12.104155229191463, 29.2867240255391
740, 1603471525701592576, 0, 0.0, 30.69104381443294, 11.637216306340523, 28.94737054781845
741, 1603471525704284160, 0, 0.0, 30.792525773195827, 11.170277383489585, 28.608017070097805
742, 1603471525706976000, 0, 0.0, 30.894007731958713, 10.703338460638648, 28.26866359237716
743, 1603471525709667840, 0, 0.0, 30.995489690721598, 10.236399537787708, 27.92931011465651
744, 1603471525712359424, 0, 0.0, 31.096971649484484, 9.769460614936769, 27.58995663693586
745, 1603471525715051264, 0, 0.0, 31.19845360824737, 9.302521692085831, 27.25060315921521
746, 1603471525717743104, 0, 0.0, 31.299935567010255, 8.835582769234893, 26.91124968149456
747, 1603471525720434688, 0, 0.0, 31.40141752577314, 8.368643846383954, 26.57189620377391
748, 1603471525723126528, 0, 0.0, 31.502899484536027, 7.901704923533015, 26.23254272605326
749, 1603471525725818368, 0, 0.0, 31.604381443298912, 7.434766000682076, 25.89318924833261
750, 1603471525728509952, 0, 0.0, 31.705863402061798, 6.967827077831138, 25.55383577061196
751, 1603471525731201792, 0, 0.0, 31.807345360824684, 6.500888154980199, 25.21448229289131
752, 1603471525733893632, 0, 0.0, 31.90882731958757, 6.03394923212926, 24.87512881517066
753, 1603471525736585364, 0, 0.0, 32.010309278350455, 5.567010309278321, 24.535775337450016
754, 1603471525739277312, 0, 0.0, 32.010309278350455, 5.567010309278321, 24.535775337450016
755, 1603471525741968896, 0, 0.0, 32.010309278350455, 5.567010309278321, 24.535775337450016
756, 1603471525744660480, 0, 0.0, 32.010309278350455, 5.567010309278321, 24.535775337450016
757, 1603471525747352320, 0, 0.0, 32.010309278350455, 5.567010309278321, 24.535775337450016
758, 1603471525750044160, 0, 0.0, 32.010309278350455, 5.567010309278321, 24.535775337450016
759, 1603471525752735744, 0, 0.0, 32.010309278350455, 5.567010309278321, 24.535775337450016
760, 1603471525755427328, 0, 0.0, 32.010309278350455, 5.567010309278321, 24.535775337450016
761, 1603471525758118912, 0, 0.0, 32.010309278350455, 5.567010309278321, 24.535775337450016
762, 1603471525760810496, 0, 0.0, 32.010309278350455, 5.567010309278321, 24.535775337450016
763, 1603471525763502336, 0, 0.0, 32.010309278350455, 5.567010309278321, 24.535775337450016
764, 1603471525766194176, 0, 0.0, 32.010309278350455, 5.567010309278321, 24.535775337450016
765, 1603471525768885760, 0, 0.0, 32.010309278350455, 5.567010309278321, 24.535775337450016
766, 1603471525771577344, 0, 0.0, 32.010309278350455, 5.567010309278321, 24.535775337450016
767, 1603471525774269184, 0, 0.0, 32.010309278350455, 5.567010309278321, 24.535775337450016
768, 1603471525776960768, 0, 0.0, 32.010309278350455, 5.567010309278321, 24.535775337450016
769, 1603471525779652364
770, 1603471525782343936
771, 1603471525785035520
772, 1603471525787727360
773, 1603471525790418944
774, 1603471525793110528
775, 1603471525795802368
776, 1603471525798494208
777, 1603471525801185792
778, 1603471525803877376
779, 1603471525806569216
780, 1603471525809261056
781, 1603471525811952640
782, 1603471525814644224
783, 1603471525817336064
784, 1603471525820027648
785, 1603471525822719364
786, 1603471525825411328
787, 1603471525828102912
788, 1603471525830794752
789, 1603471525833486336
790, 1603471525836177920
791, 1603471525838869504
792, 1603471525841561088
793, 1603471525844252928
794, 1603471525846944768
795, 1603471525849636352
796, 1603471525852327936
797, 1603471525855019520
798, 1603471525857711104
799, 1603471525860402944
800, 1603471525863094528
801, 1603471525865786364
802, 1603471525868478208
803, 1603471525871169792
804, 1603471525873861632
805, 1603471525876553216
806, 1603471525879244800
807, 1603471525881936384
808, 1603471525884627968
809, 1603471525887319808
810, 1603471525890011648
811, 1603471525892703232
812, 1603471525895394816
813, 1603471525898086656
814, 1603471525900778496
815, 1603471525903470080
816, 1603471525906161664
817, 1603471525908853364
818, 1603471525911544832
819, 1603471525914236672
820, 1603471525916928512
821, 1603471525919620096
822, 1603471525922311936
823, 1603471525925003776
824, 1603471525927695360
825, 1603471525930387200
826, 1603471525933079040
827, 1603471525935770624
828, 1603471525938462464
829, 1603471525941154304
830, 1603471525943845888
831, 1603471525946537728
832, 1603471525949229568
833, 1603471525951921364
834, 1603471525954613248
835, 1603471525957304832
836, 1603471525959996416
837, 1603471525962688256
838, 1603471525965380096
839, 1603471525968071680
840, 1603471525970763264
841, 1603471525973454848
842, 1603471525976146432
843, 1603471525978838272
844, 1603471525981530112
845, 1603471525984221696
846, 1603471525986913280
847, 1603471525989605120
848, 1603471525992296704
849, 1603471525994988364
850, 1603471525997679872
851, 1603471526000371456
852, 1603471526003063296
853, 1603471526005754880
854, 1603471526008446464
855, 1603471526011138304
856, 1603471526013830144
857, 1603471526016521728
858, 1603471526019213312
859, 1603471526021905152
860, 1603471526024596992
861, 1603471526027288576
862, 1603471526029980160
863, 1603471526032672000
864, 1603471526035363584
865, 1603471526038055364
866, 1603471526040747264
867, 1603471526043438848
868, 1603471526046130688
869, 1603471526048822272
870, 1603471526051513856
871, 1603471526054205440
872, 1603471526056897024
873, 1603471526059588864
874, 1603471526062280704
875, 1603471526064972288
876, 1603471526067663872
877, 1603471526070355712
878, 1603471526073047552
879, 1603471526075739136
880, 1603471526078430720
881, 1603471526081122364
