6, 0, 0, 85.82474226804125, 7.422680412371134, 30.61855670103093, -1, -1, -1, -1
7, 0, 3.296332279299421e-14, 79.57442811497512, 16.314432989699906, 40.0700786852975, -1, -1, -1, -1
8, 0, 1.6481661396497104e-14, 78.87226560387931, 25.206185567014902, 42.535039342648744, -1, -1, -1, -1
9, 0, 0, 78.1701030927835, 34.0979381443299, 45, -1, -1, -1, -1
10, 0, 0, 74.55131208996467, 42.564432989699746, 49.14069821933494, -1, -1, -1, -1
11, 0, 0.0, 74.0565448297359, 51.03092783505756, 50.15737269605147, -1, -1, -1, -1
12, 0, 0.0, 73.56177756950713, 59.49742268041538, 51.174047172768, -1, -1, -1, -1
13, 0, 0, 73.06701030927836, 67.9639175257732, 52.19072164948454, -1, -1, -1, -1
14, 0, 0.0, 73.159793814433, 75.61855670103093, 52.28350515463917, -1, -1, -1, -1
15, 0, 0.0, 73.25257731958764, 83.27319587628867, 52.3762886597938, -1, -1, -1, -1
16, 0, 0.0, 73.34536082474227, 90.9278350515464, 52.46907216494846, -1, -1, -1, -1
17, 0, 0.0, 73.43814432989691, 98.58247422680412, 52.561855670103085, -1, -1, -1, -1
18, 0, 0, 73.53092783505156, 106.23711340206187, 52.654639175257735, -1, -1, -1, -1
19, 0, 0.525242485780792, 73.06701030929956, 111.5108399885187, 53.118556700999605, -1, -1, -1, -1
20, 0, 5.365714026395551, 72.60309278351576, 112.46933752003255, 53.58247422678846, -1, -1, -1, -1
21, 0, 10.20618556701031, 72.13917525773196, 113.4278350515464, 54.04639175257732, -1, -1, -1, -1
22, 0, 14.57536190834018, 72.27451842195464, 113.84301106261616, 54.0592783505182, -1, -1, -1, -1
23, 0, 18.944538249670053, 72.40986158617731, 114.25818707368595, 54.07216494845906, -1, -1, -1, -1
24, 0, 23.313714590999922, 72.54520475039999, 114.67336308475572, 54.08505154639994, -1, -1, -1, -1
25, 0, 27.682890932370604, 72.68054791457062, 114.2010309278, 54.0979381444, -1, -1, -1, -1
26, 0, 31.363636363590047, 72.12746016869353, 114.3943298969, 54.1108247423, -1, -1, -1, -1
27, 0, 34.00187441420478, 72.03139643861611, 114.58762886598, 54.12371134024001, -1, -1, -1, -1
28, 0, 36.64011246481951, 71.9353327085387, 114.78092783506, 54.13659793818, -1, -1, -1, -1
29, 0, 39.27835051543424, 71.83926897846129, 114.97422680414, 54.14948453612, -1, -1, -1, -1
30, 0, 41.91658856604898, 71.74320524838387, 115.16752577322, 54.162371134059995, -1, -1, -1, -1
31, 0, 44.55482661666371, 71.64714151830646, 115.3608247423, 54.175257732, -1, -1, -1, -1
32, 0, 45.24835988751889, 71.650656045013, 115.55412371136819, 54.188144329932996, -1, -1, -1, -1
33, 0, 45.94189315837407, 71.65417057171953, 115.74742268043634, 54.201030927865986, -1, -1, -1, -1
34, 0, 46.635426429229256, 71.65768509842607, 115.9407216495045, 54.213917525798976, -1, -1, -1, -1
35, 0, 47.32895970008443, 71.66119962513261, 116.13402061857269, 54.22680412373197, -1, -1, -1, -1
36, 0, 48.02249297093961, 71.66471415183915, 116.32731958764087, 54.23969072166496, -1, -1, -1, -1
37, 0, 48.71602624179479, 71.66822867854569, 116.52061855670902, 54.25257731959795, -1, -1, -1, -1
38, 0, 49.40955951264998, 71.67174320525223, 116.71391752577718, 54.26546391753094, -1, -1, -1, -1
39, 0, 50.103092783505154, 71.67525773195877, 116.90721649484537, 54.27835051546392, -1, -1, -1, -1
40, 0, 50.154639175257735, 71.77835051546393, 116.8298969072165, 54.175257731958766, -1, -1, -1, -1
41, 0, 50.20618556701031, 71.88144329896907, 116.75257731958764, 54.07216494845362, -1, -1, -1, -1
42, 0, 50.25773195876289, 71.98453608247424, 116.67525773195877, 53.96907216494846, -1, -1, -1, -1
43, 0, 50.30927835051546, 72.08762886597938, 116.5979381443299, 53.86597938144331, -1, -1, -1, -1
44, 0, 50.36082474226804, 72.19072164948454, 116.52061855670104, 53.76288659793815, -1, -1, -1, -1
45, 0, 50.41237113402062, 72.29381443298969, 116.44329896907217, 53.659793814433, -1, -1, -1, -1
46, 0, 50.4639175257732, 72.39690721649485, 116.3659793814433, 53.55670103092784, -1, -1, -1, -1
47, 0, 50.51546391752577, 72.5, 116.28865979381445, 53.45360824742269, -1, -1, -1, -1
48, 0, 50.56701030927835, 72.60309278350516, 116.21134020618557, 53.35051546391753, -1, -1, -1, -1
49, 0, 50.53806790850752, 72.59020618556701, 116.2242268041249, 53.37628865979035, -1, -1, -1, -1
50, 0, 50.50912550773669, 72.57731958762886, 116.23711340206418, 53.40206185566316, -1, -1, -1, -1
51, 0, 50.48018310696586, 72.56443298969073, 116.2500000000035, 53.42783505153595, -1, -1, -1, -1
52, 0, 50.45124070619503, 72.55154639175258, 116.26288659794281, 53.453608247408766, -1, -1, -1, -1
53, 0, 50.4222983054242, 72.53865979381443, 116.2757731958821, 53.47938144328158, -1, -1, -1, -1
54, 0, 50.39335590465337, 72.5257731958763, 116.28865979382141, 53.50515463915437, -1, -1, -1, -1
55, 0, 50.36441350388254, 72.51288659793815, 116.3015463917607, 53.530927835027185, -1, -1, -1, -1
56, 0, 50.33547110311171, 72.5, 116.3144329897, 53.5567010309, -1, -1, -1, -1
57, 0, 50.63697553919229, 72.48711340206185, 116.32731958763722, 53.582474226779084, -1, -1, -1, -1
58, 0, 50.93847997527287, 72.47422680412372, 116.34020618557444, 53.60824742265814, -1, -1, -1, -1
59, 0, 51.239984411353454, 72.46134020618557, 116.35309278351167, 53.63402061853722, -1, -1, -1, -1
60, 0, 51.54148884743404, 72.44845360824742, 116.36597938144888, 53.65979381441629, -1, -1, -1, -1
61, 0, 51.842993283514616, 72.43556701030928, 116.37886597938608, 53.68556701029536, -1, -1, -1, -1
62, 0, 52.1444977195952, 72.42268041237114, 116.3917525773233, 53.71134020617444, -1, -1, -1, -1
63, 0, 52.446002155675785, 72.40979381443299, 116.40463917526051, 53.73711340205351, -1, -1, -1, -1
64, 0, 52.74750659175637, 72.39690721649484, 116.41752577319772, 53.76288659793259, -1, -1, -1, -1
65, 0, 53.04901102783695, 72.3840206185567, 116.43041237113496, 53.78865979381165, -1, -1, -1, -1
66, 0, 53.35051546391753, 72.37113402061856, 116.44329896907217, 53.81443298969072, -1, -1, -1, -1
67, 0, 53.877694470477984, 72.26569821930647, 116.485473289597, 53.81443298969073, -1, -1, -1, -1
68, 0, 54.40487347703843, 72.16026241799437, 116.52764761012185, 53.81443298969073, -1, -1, -1, -1
69, 0, 54.93205248359888, 72.05482661668229, 116.5698219306467, 53.81443298969073, -1, -1, -1, -1
70, 0, 55.45923149015933, 71.9493908153702, 116.61199625117152, 53.81443298969073, -1, -1, -1, -1
71, 0, 55.98641049671978, 71.84395501405811, 116.65417057169637, 53.81443298969073, -1, -1, -1, -1
72, 0, 56.51358950328023, 71.73851921274601, 116.69634489222119, 53.81443298969073, -1, -1, -1, -1
73, 0, 57.040768509840674, 71.63308341143393, 116.73851921274603, 53.81443298969073, -1, -1, -1, -1
74, 0, 57.56794751640113, 71.52764761012183, 116.78069353327086, 53.81443298969073, -1, -1, -1, -1
75, 0, 58.09512652296158, 71.42221180880975, 116.82286785379571, 53.81443298969073, -1, -1, -1, -1
76, 0, 58.62230552952202, 71.31677600749765, 116.86504217432055, 53.81443298969073, -1, -1, -1, -1
77, 0, 59.149484536082475, 71.21134020618557, 116.90721649484537, 53.81443298969072, -1, -1, -1, -1
78, 0, 60.14359351988218, 71.27761413843888, 116.87407952871871, 53.78129602356408, -1, -1, -1, -1
79, 0, 61.137702503681886, 71.3438880706922, 116.84094256259206, 53.748159057437405, -1, -1, -1, -1
80, 0, 62.13181148748159, 71.41016200294551, 116.80780559646539, 53.71502209131076, -1, -1, -1, -1
81, 0, 63.1259204712813, 71.47643593519882, 116.77466863033877, 53.68188512518411, -1, -1, -1, -1
82, 0, 64.12002945508101, 71.54270986745213, 116.74153166421209, 53.64874815905745, -1, -1, -1, -1
83, 0, 65.11413843888072, 71.60898379970546, 116.70839469808543, 53.615611192930785, -1, -1, -1, -1
84, 0, 66.10824742268042, 71.67525773195877, 116.67525773195877, 53.58247422680414, -1, -1, -1, -1
85, 0, 67.10235640648013, 71.74153166421208, 116.6421207658321, 53.549337260677476, -1, -1, -1, -1
86, 0, 68.09646539027983, 71.8078055964654, 116.60898379970544, 53.51620029455081, -1, -1, -1, -1
87, 0, 69.09057437407954, 71.87407952871871, 116.57584683357878, 53.48306332842415, -1, -1, -1, -1
88, 0, 70.08468335787924, 71.94035346097202, 116.54270986745215, 53.449926362297504, -1, -1, -1, -1
89, 0, 71.07879234167895, 72.00662739322533, 116.50957290132548, 53.416789396170856, -1, -1, -1, -1
90, 0, 72.07290132547865, 72.07290132547865, 116.47643593519882, 53.38365243004418, -1, -1, -1, -1
91, 0, 73.06701030927836, 72.13917525773196, 116.44329896907217, 53.35051546391753, -1, -1, -1, -1
92, 0, 74.65149571978444, 72.1238503517921, 116.28459034183834, 53.3627238198614, -1, -1, -1, -1
93, 0, 76.23598113029051, 72.10852544585225, 116.12588171460449, 53.374932175805256, -1, -1, -1, -1
94, 0, 77.8204665407966, 72.09320053991239, 115.96717308737065, 53.38714053174911, -1, -1, -1, -1
95, 0, 79.40495195130268, 72.07787563397252, 115.80846446013683, 53.39934888769298, -1, -1, -1, -1
96, 0, 80.98943736180875, 72.06255072803268, 115.64975583290301, 53.411557243636835, -1, -1, -1, -1
97, 0, 82.57392277231483, 72.04722582209281, 115.49104720566916, 53.423765599580705, -1, -1, -1, -1
98, 0, 84.1584081828209, 72.03190091615296, 115.33233857843534, 53.43597395552456, -1, -1, -1, -1
99, 0, 85.74289359332698, 72.0165760102131, 115.17362995120152, 53.44818231146843, -1, -1, -1, -1
100, 0, 87.32737900383307, 72.00125110427324, 115.01492132396768, 53.460390667412284, -1, -1, -1, -1
101, 0, 88.91186441433915, 71.98592619833339, 114.85621269673383, 53.47259902335614, -1, -1, -1, -1
102, 0, 90.49634982484523, 71.97060129239352, 114.6975040695, 53.4848073793, -1, -1, -1, -1
103, 0, 92.43495042663648, 71.90468850197836, 114.5387954422558, 53.49701573523802, -1, -1, -1, -1
104, 0, 94.37355102842773, 71.83877571156319, 114.38008681501162, 53.50922409117604, -1, -1, -1, -1
105, 0, 96.31215163021899, 71.77286292114802, 114.2213781877674, 53.52143244711405, -1, -1, -1, -1
106, 0, 98.25075223201024, 71.70695013073285, 114.06266956052322, 53.533640803052066, -1, -1, -1, -1
107, 0, 100.1893528338015, 71.64103734031768, 113.90396093327901, 53.54584915899008, -1, -1, -1, -1
108, 0, 102.12795343559276, 71.57512454990251, 113.74525230603479, 53.558057514928095, -1, -1, -1, -1
109, 0, 104.06655403738401, 71.50921175948734, 113.5865436787906, 53.57026587086611, -1, -1, -1, -1
110, 0, 106.00515463917526, 71.44329896907217, 113.4278350515464, 53.58247422680412, -1, -1, -1, -1
111, 0, 108.44072164948454, 71.44329896907217, 113.04896907216494, 53.60567010309278, -1, -1, -1, -1
112, 0, 110.87628865979381, 71.44329896907217, 112.67010309278352, 53.628865979381445, -1, -1, -1, -1
113, 0, 113.3118556701031, 71.44329896907217, 112.29123711340206, 53.6520618556701, -1, -1, -1, -1
114, 0, 115.74742268041237, 71.44329896907217, 111.91237113402062, 53.675257731958766, -1, -1, -1, -1
115, 0, 118.18298969072166, 71.44329896907217, 111.53350515463919, 53.69845360824742, -1, -1, -1, -1
116, 0, 120.61855670103094, 71.44329896907217, 111.15463917525773, 53.72164948453607, -1, -1, -1, -1
117, 0, 123.05412371134021, 71.44329896907217, 110.77577319587628, 53.74484536082474, -1, -1, -1, -1
118, 0, 125.4896907216495, 71.44329896907217, 110.39690721649482, 53.768041237113394, -1, -1, -1, -1
119, 0, 127.92525773195877, 71.44329896907217, 110.01804123711341, 53.79123711340206, -1, -1, -1, -1
120, 0, 130.36082474226805, 71.44329896907217, 109.63917525773194, 53.81443298969072, -1, -1, -1, -1
121, 0, 133.1056701030928, 71.46262886597938, 106.89432989690721, 53.7757731958763, -1, -1, -1, -1
122, 0, 135.85051546391753, 71.4819587628866, 104.14948453608247, 53.73711340206185, -1, -1, -1, -1
123, 0, 138.59536082474227, 71.50128865979383, 101.40463917525773, 53.698453608247405, -1, -1, -1, -1
124, 0, 141.340206185567, 71.52061855670104, 98.65979381443299, 53.65979381443299, -1, -1, -1, -1
125, 0, 144.08505154639175, 71.53994845360825, 95.91494845360825, 53.62113402061857, -1, -1, -1, -1
126, 0, 146.8298969072165, 71.55927835051547, 93.1701030927835, 53.58247422680412, -1, -1, -1, -1
127, 0, 149.57474226804123, 71.5786082474227, 90.42525773195877, 53.54381443298968, -1, -1, -1, -1
128, 0, 152.319587628866, 71.5979381443299, 87.680412371134, 53.50515463917526, -1, -1, -1, -1
129, 0, 155.06443298969074, 71.61726804123711, 84.93556701030926, 53.46649484536084, -1, -1, -1, -1
130, 0, 157.80927835051548, 71.63659793814433, 82.19072164948452, 53.427835051546396, -1, -1, -1, -1
131, 0, 160.55412371134022, 71.65592783505156, 79.44587628865978, 53.38917525773195, -1, -1, -1, -1
132, 0, 163.29896907216497, 71.67525773195877, 76.70103092783502, 53.35051546391753, -1, -1, -1, -1
133, 0, 166.57538659793815, 71.87822164948454, 73.42461340206185, 53.00257731958763, -1, -1, -1, -1
134, 0, 169.85180412371136, 72.08118556701031, 70.14819587628864, 52.65463917525774, -1, -1, -1, -1
135, 0, 173.12822164948454, 72.28414948453609, 66.87177835051546, 52.30670103092784, -1, -1, -1, -1
136, 0, 176.40463917525773, 72.48711340206185, 63.59536082474227, 51.95876288659795, -1, -1, -1, -1
137, 0, 179.68105670103094, 72.69007731958763, 60.31894329896903, 51.61082474226805, -1, -1, -1, -1
138, 0, 182.95747422680412, 72.89304123711341, 57.04252577319585, 51.26288659793815, -1, -1, -1, -1
139, 0, 186.23389175257734, 73.09600515463917, 53.766108247422636, 50.91494845360826, -1, -1, -1, -1
140, 0, 189.51030927835052, 73.29896907216495, 50.48969072164945, 50.56701030927835, -1, -1, -1, -1
141, 0, 192.50257731958763, 73.57731958762886, 47.49742268041234, 50.01030927835053, -1, -1, -1, -1
142, 0, 195.49484536082474, 73.85567010309279, 44.50515463917523, 49.45360824742268, -1, -1, -1, -1
143, 0, 198.48711340206185, 74.1340206185567, 41.51288659793812, 48.89690721649485, -1, -1, -1, -1
144, 0, 201.47938144329896, 74.41237113402062, 38.52061855670101, 48.34020618556701, -1, -1, -1, -1
145, 0, 204.4716494845361, 74.69072164948454, 35.52835051546387, 47.78350515463917, -1, -1, -1, -1
146, 0, 207.46391752577318, 74.96907216494846, 32.53608247422679, 47.22680412371135, -1, -1, -1, -1
147, 0, 210.45618556701032, 75.24742268041237, 29.54381443298965, 46.670103092783506, -1, -1, -1, -1
148, 0, 213.44845360824743, 75.52577319587628, 26.551546391752538, 46.11340206185568, -1, -1, -1, -1
149, 0, 216.44072164948454, 75.80412371134021, 23.559278350515427, 45.556701030927826, -1, -1, -1, -1
150, 0, 219.43298969072166, 76.08247422680412, 20.567010309278317, 45, -1, -1, -1, -1
151, 0, 222.13917525773198, 76.46907216494846, 17.860824742267994, 43.45360824742268, -1, -1, -1, -1
152, 0, 224.84536082474227, 76.85567010309278, 15.1546391752577, 41.90721649484537, -1, -1, -1, -1
153, 0, 227.5515463917526, 77.24226804123711, 12.448453608247387, 40.36082474226804, -1, -1, -1, -1
154, 0, 230.4896907216495, 78.6340206185567, 9.510309278350462, 36.34020618556701, -1, -1, -1, -1
155, 0, 233.4278350515464, 80.02577319587628, 6.572164948453576, 32.31958762886599, -1, -1, -1, -1
156, 0, 236.3659793814433, 81.41752577319588, 3.634020618556666, 28.29896907216495, -1, -1, -1, -1
