1, 1603471574445588364
2, 1603471574456355328
3, 1603471574467121920
4, 1603471574477888768
5, 1603471574488655364
6, 1603471574499421952
7, 1603471574510188800
8, 1603471574520955648
9, 1603471574531722364
10, 1603471574542488832
11, 1603471574553255680
12, 1603471574564022528
13, 1603471574574789364, 0, 232.88659793814415, 30.850515463917507, 7.113402061855633, 30.18759804325657
14, 1603471574585556480, 0, 231.24838917526364, 30.488079896902832, 8.751610824736176, 31.28432834579608
15, 1603471574596323328, 0, 229.6101804123831, 30.125644329888154, 10.389819587616719, 32.38105864833559
16, 1603471574607090432, 0, 227.97197164950256, 29.76320876287348, 12.028028350497262, 33.477788950875095
17, 1603471574617857364, 0, 226.33376288662203, 29.400773195858804, 13.666237113377804, 34.57451925341461
18, 1603471574628623872, 0, 224.6955541237415, 29.03833762884413, 15.304445876258349, 35.67124955595411
19, 1603471574639390720, 0, 223.05734536086095, 28.675902061829454, 16.942654639138894, 36.76797985849362
20, 1603471574650157568, 0, 221.4191365979804, 28.31346649481478, 18.58086340201944, 37.86471016103313
21, 1603471574660924364, 0, 219.7809278350999, 27.951030927800105, 20.219072164899984, 38.961440463572636
22, 1603471574671691264, 0, 218.14271907220729, 27.588595360794166, 21.85728092779263, 39.306893997918166
23, 1603471574682457856, 0, 216.50451030931464, 27.226159793788224, 23.495489690685275, 39.65234753226369
24, 1603471574693224704, 0, 214.866301546422, 26.86372422678228, 25.13369845357792, 39.99780106660921
25, 1603471574703991364, 0, 213.22809278352938, 26.501288659776343, 26.771907216470566, 40.343254600954744
26, 1603471574714757888, 0, 211.58988402063676, 26.1388530927704, 28.410115979363212, 40.688708135300274
27, 1603471574725524736, 0, 209.9516752577441, 25.776417525764458, 30.048324742255854, 41.034161669645805
28, 1603471574736291584, 0, 208.31346649485147, 25.41398195875852, 31.686533505148496, 41.379615203991335
29, 1603471574747058364, 0, 206.67525773195885, 25.051546391752577, 33.32474226804114, 41.725068738336866
30, 1603471574757825280, 0, 204.82787187039773, 25.01840942562592, 35.17212812960227, 41.825462086047224
31, 1603471574768591872, 0, 202.9804860088366, 24.985272459499264, 37.01951399116339, 41.925855433757576
32, 1603471574779358720, 0, 201.13310014727548, 24.95213549337261, 38.866899852724515, 42.02624878146793
33, 1603471574790125364, 0, 199.28571428571436, 24.91899852724595, 40.71428571428564, 42.12664212917828
34, 1603471574800892160, 0, 197.43832842415324, 24.88586156111929, 42.56167157584676, 42.22703547688863
35, 1603471574811659264, 0, 195.59094256259212, 24.852724594992637, 44.40905743740788, 42.32742882459899
36, 1603471574822426368, 0, 193.743556701031, 24.819587628865982, 46.256443298969, 42.42782217230935
37, 1603471574833193364, 0, 191.89617083946987, 24.786450662739323, 48.103829160530125, 42.5282155200197
38, 1603471574843960320, 0, 190.04878497790875, 24.753313696612665, 49.95121502209125, 42.62860886773005
39, 1603471574854726912, 0, 188.20139911634763, 24.72017673048601, 51.79860088365237, 42.72900221544041
40, 1603471574865493760, 0, 186.3540132547865, 24.687039764359355, 53.64598674521349, 42.82939556315077
41, 1603471574876260364, 0, 184.5066273932254, 24.653902798232696, 55.493372606774614, 42.92978891086112
42, 1603471574887026944, 0, 182.65924153166426, 24.620765832106038, 57.340758468335736, 43.03018225857148
43, 1603471574897793792, 0, 180.81185567010314, 24.587628865979383, 59.18814432989686, 43.13057560628184
44, 1603471574908560640, 0, 178.96446980854202, 24.554491899852724, 61.03553019145798, 43.23096895399219
45, 1603471574919327364, 0, 177.1170839469809, 24.521354933726066, 62.8829160530191, 43.33136230170255
46, 1603471574930094336, 0, 175.26969808541978, 24.48821796759941, 64.73030191458022, 43.43175564941291
47, 1603471574940860928, 0, 173.42231222385865, 24.455081001472752, 66.57768777614135, 43.53214899712326
48, 1603471574951627520, 0, 171.57492636229753, 24.421944035346094, 68.42507363770247, 43.63254234483361
49, 1603471574962394364, 0, 169.7275405007364, 24.38880706921944, 70.27245949926359, 43.73293569254396
50, 1603471574973161216, 0, 167.8801546391753, 24.355670103092784, 72.11984536082471, 43.83332904025432
51, 1603471574983927808, 0, 166.03276877761417, 24.322533136966126, 73.96723122238583, 43.93372238796468
52, 1603471574994694656, 0, 164.18538291605304, 24.289396170839467, 75.81461708394696, 44.03411573567503
53, 1603471575005461364, 0, 162.33799705449192, 24.256259204712812, 77.66200294550808, 44.13450908338539
54, 1603471575016228096, 0, 160.4906111929308, 24.223122238586157, 79.5093888070692, 44.23490243109575
55, 1603471575026995200, 0, 158.64322533136968, 24.1899852724595, 81.35677466863032, 44.3352957788061
56, 1603471575037762304, 0, 156.79583946980856, 24.15684830633284, 83.20416053019144, 44.43568912651645
57, 1603471575048529364, 0, 154.94845360824743, 24.123711340206185, 85.05154639175255, 44.53608247422681
58, 1603471575059296256, 0, 152.92364690721053, 24.118878865979624, 87.07635309278945, 44.550579896920084
59, 1603471575070062848, 0, 150.89884020617365, 24.114046391753067, 89.10115979382635, 44.56507731961335
60, 1603471575080829696, 0, 148.87403350513677, 24.10921391752651, 91.12596649486325, 44.57957474230662
61, 1603471575091596364, 0, 146.84922680409986, 24.10438144329995, 93.15077319590014, 44.59407216499989
62, 1603471575102362880, 0, 144.96899059419343, 24.099548969074963, 94.20988991174337, 44.60856958767492
63, 1603471575113129728, 0, 143.08875438428697, 24.094716494849976, 95.2690066275866, 44.62306701034994
64, 1603471575123896576, 0, 141.20851817438052, 24.089884020624986, 96.32812334342984, 44.63756443302496
65, 1603471575134663364, 0, 139.32828196447406, 24.0850515464, 97.38724005927305, 44.65206185569998
66, 1603471575145430272, 0, 137.15890477233052, 24.080219072174998, 97.77169448322272, 44.66655927837496
67, 1603471575156196864, 0, 134.98952758018694, 24.07538659795, 98.15614890717237, 44.68105670104995
68, 1603471575166963712, 0, 132.82015038804337, 24.070554123725003, 98.54060333112201, 44.69555412372493
69, 1603471575177730364, 0, 130.65077319589983, 24.065721649500002, 98.92505775507166, 44.71005154639991
70, 1603471575188496896, 0, 128.62596649486653, 24.06088917527499, 99.10324491745183, 44.724548969083244
71, 1603471575199263744, 0, 126.6011597938332, 24.05605670104998, 99.281432079832, 44.739046391766585
72, 1603471575210030592, 0, 124.57635309279989, 24.051224226824967, 99.45961924221217, 44.75354381444993
73, 1603471575220797364, 0, 122.55154639176658, 24.046391752599956, 99.63780640459234, 44.76804123713326
74, 1603471575231564544, 0, 120.52673969073327, 24.041559278374944, 99.81599356697251, 44.7825386598166
75, 1603471575242331392, 0, 118.50193298969995, 24.036726804149932, 99.99418072935268, 44.79703608249994
76, 1603471575253098496, 0, 116.47712628866665, 24.03189432992492, 100.17236789173285, 44.811533505183284
77, 1603471575263865364, 0, 114.45231958763334, 24.02706185569991, 100.35055505411303, 44.826030927866626
78, 1603471575274631936, 0, 112.42751288660003, 24.022229381474897, 100.5287422164932, 44.84052835054997
79, 1603471575285398784, 0, 110.40270618556671, 24.017396907249886, 100.70692937887337, 44.85502577323331
80, 1603471575296165632, 0, 108.3778994845334, 24.012564433024874, 100.88511654125354, 44.86952319591664
81, 1603471575306932364, 0, 106.35309278350009, 24.007731958799862, 101.06330370363371, 44.88402061859998
82, 1603471575317699328, 0, 104.32828608246939, 24.002899484571522, 101.07959949412904, 44.89851804127859
83, 1603471575328465920, 0, 102.30347938143868, 23.998067010343185, 101.09589528462436, 44.9130154639572
84, 1603471575339232768, 0, 100.27867268040796, 23.993234536114848, 101.11219107511968, 44.92751288663581
85, 1603471575349999364, 0, 98.25386597937725, 23.98840206188651, 101.128486865615, 44.94201030931442
86, 1603471575360765952, 0, 96.22905927834654, 23.983569587658174, 101.14478265611032, 44.95650773199303
87, 1603471575371532800, 0, 94.20425257731583, 23.978737113429837, 101.16107844660566, 44.97100515467163
88, 1603471575382299648, 0, 92.17944587628511, 23.9739046392015, 101.17737423710099, 44.98550257735023
89, 1603471575393066364, 0, 90.1546391752544, 23.969072164973163, 101.19367002759631, 45.00000000002884
90, 1603471575403832832, 0, 88.12983247422369, 23.964239690744826, 101.20996581809165, 45.01449742270745
91, 1603471575414599680, 0, 86.10502577319298, 23.95940721651649, 101.22626160858698, 45.02899484538606
92, 1603471575425366528, 0, 84.08021907216227, 23.954574742288152, 101.2425573990823, 45.04349226806467
93, 1603471575436133364, 0, 82.05541237113157, 23.949742268059815, 101.25885318957764, 45.05798969074328
94, 1603471575446900480, 0, 80.03060567010087, 23.944909793831478, 101.27514898007297, 45.072487113421886
95, 1603471575457667328, 0, 78.00579896907016, 23.94007731960314, 101.29144477056829, 45.0869845361005
96, 1603471575468434432, 0, 75.98099226803944, 23.935244845374804, 101.30774056106361, 45.10148195877911
97, 1603471575479201364, 0, 73.95618556700873, 23.930412371146463, 101.32403635155893, 45.11597938145772
98, 1603471575489967872, 0, 71.93137886597802, 23.925579896918123, 101.34033214205425, 45.13047680413632
99, 1603471575500734720, 0, 69.9065721649473, 23.920747422689786, 101.35662793254959, 45.14497422681493
100, 1603471575511501568, 0, 67.8817654639166, 23.91591494846145, 101.37292372304492, 45.15947164949354
101, 1603471575522268364, 0, 65.85695876288588, 23.911082474233112, 101.38921951354024, 45.17396907217214
102, 1603471575533035264, 0, 63.83215206185517, 23.906250000004775, 101.40551530403556, 45.18846649485075
103, 1603471575543801856, 0, 61.80734536082446, 23.901417525776438, 101.42181109453088, 45.20296391752936
104, 1603471575554568704, 0, 59.78253865979376, 23.8965850515481, 101.4381068850262, 45.217461340207976
105, 1603471575565335364, 0, 57.757731958763046, 23.891752577319764, 101.45440267552154, 45.231958762886585
106, 1603471575576101888, 0, 55.71681374611417, 23.95699097938103, 101.36868523755263, 45.18269303126242
107, 1603471575586868736, 0, 53.675895533465294, 24.022229381442294, 101.28296779958372, 45.13342729963826
108, 1603471575597635584, 0, 51.63497732081642, 24.08746778350356, 101.1972503616148, 45.08416156801409
109, 1603471575608402364, 0, 49.59405910816754, 24.152706185564824, 101.1115329236459, 45.03489583638992
110, 1603471575619169280, 0, 47.553140895518666, 24.21794458762609, 101.02581548567699, 44.98563010476576
111, 1603471575629935872, 0, 45.51222268286979, 24.283182989687354, 100.94009804770806, 44.93636437314159
112, 1603471575640702720, 0, 43.471304470220915, 24.34842139174862, 100.85438060973914, 44.887098641517426
113, 1603471575651469364, 0, 41.430386257572046, 24.413659793809884, 100.76866317177021, 44.837832909893265
114, 1603471575662236160, 0, 39.38946804492318, 24.47889819587115, 100.6829457338013, 44.788567178269105
115, 1603471575673003264, 0, 37.3485498322743, 24.544136597932415, 100.5972282958324, 44.73930144664494
116, 1603471575683770368, 0, 35.307631619625425, 24.60937499999368, 100.51151085786348, 44.69003571502077
117, 1603471575694537364, 0, 33.26671340697655, 24.674613402054945, 100.42579341989457, 44.64076998339661
118, 1603471575705304320, 0, 31.225795194327674, 24.73985180411621, 100.34007598192566, 44.59150425177245
119, 1603471575716070912, 0, 29.184876981678798, 24.805090206177475, 100.25435854395676, 44.54223852014829
120, 1603471575726837760, 0, 27.143958769029922, 24.87032860823874, 100.16864110598783, 44.49297278852413
121, 1603471575737604364, 0, 25.103040556381043, 24.935567010300005, 100.08292366801892, 44.44370705689996
122, 1603471575748370944, 0, 23.312216170187, 25.00080541236251, 99.74711240358798, 44.39444132527497
123, 1603471575759137792, 0, 21.521391783992954, 25.066043814425015, 99.41130113915702, 44.34517559364997
124, 1603471575769904640, 0, 19.730567397798907, 25.13128221648752, 99.07548987472606, 44.29590986202498
125, 1603471575780671364, 0, 17.939743011604865, 25.19652061855003, 98.7396786102951, 44.246644130399986
126, 1603471575791438336, 0, 16.148918625410822, 25.261759020612537, 98.40386734586414, 44.19737839877499
127, 1603471575802204928, 0, 14.358094239216776, 25.326997422675042, 98.06805608143318, 44.14811266714999
128, 1603471575812971520, 0, 12.567269853022733, 25.392235824737547, 97.73224481700223, 44.09884693552499
129, 1603471575823738364, 0, 10.776445466828688, 25.457474226800052, 97.39643355257128, 44.0495812039
130, 1603471575834505216, 0, 8.67593709134982, 25.522712628850027, 97.37030627742507, 44.00031547227497
131, 1603471575845271808, 0, 6.575428715870949, 25.5879510309, 97.34417900227888, 43.95104974064994
132, 1603471575856038656, 0, 4.474920340392078, 25.653189432949976, 97.31805172713268, 43.901784009024915
133, 1603471575866805364, 0, 2.3744119649132083, 25.71842783499995, 97.29192445198649, 43.85251827739989
134, 1603471575877572096, 0, 1.7808089736849062, 25.783666237074698, 95.7588917925981, 43.803252545799126
135, 1603471575888339200, 0, 1.1872059824566041, 25.848904639149445, 94.22585913320972, 43.753986814198356
136, 1603471575899106304, 0, 0.5936029912283021, 25.914143041224193, 92.69282647382133, 43.70472108259759
137, 1603471575909873364, 0, 0.0, 25.979381443298944, 91.15979381443294, 43.655455350996824
138, 1603471575920640256, 0, 1.4079395312173892e-16, 26.02769847884945, 89.09747859955395, 43.58707691452521
139, 1603471575931406848, 0, 2.8158790624347783e-16, 26.07601551439996, 87.03516338467496, 43.51869847805361
140, 1603471575942173696, 0, 4.223818593652168e-16, 26.124332549950466, 84.97284816979597, 43.450320041582
141, 1603471575952940364, 0, 5.631758124869557e-16, 26.172649585500974, 82.91053295491697, 43.3819416051104
142, 1603471575963706880, 0, 7.039697656086947e-16, 26.22096662105148, 80.84821774003797, 43.313563168638794
143, 1603471575974473728, 0, 8.447637187304336e-16, 26.26928365660199, 78.78590252515897, 43.24518473216719
144, 1603471575985240576, 0, 9.855576718521724e-16, 26.317600692152496, 76.72358731027998, 43.176806295695584
145, 1603471575996007364, 0, 1.1263516249739113e-15, 26.365917727703003, 74.66127209540099, 43.10842785922398
146, 1603471576006774272, 0, 1.2671455780956504e-15, 26.41423476325351, 72.598956880522, 43.040049422752375
147, 1603471576017540864, 0, 1.4079395312173893e-15, 26.46255179880402, 70.536641665643, 42.97167098628077
148, 1603471576028307712, 0, 1.5487334843391282e-15, 26.51086883435453, 68.47432645076401, 42.903292549809166
149, 1603471576039074364, 0, 1.6895274374608671e-15, 26.559185869905036, 66.41201123588502, 42.83491411333756
150, 1603471576049840896, 0, 1.830321390582606e-15, 26.607502905455544, 64.34969602100603, 42.766535676865956
151, 1603471576060607744, 0, 1.971115343704345e-15, 26.65581994100605, 62.28738080612703, 42.69815724039435
152, 1603471576071374592, 0, 2.1119092968260838e-15, 26.70413697655656, 60.22506559124804, 42.62977880392275
153, 1603471576082141364, 0, 2.2527032499478227e-15, 26.752454012107066, 58.16275037636905, 42.56140036745114
154, 1603471576092908544, 0, 2.3934972030695616e-15, 26.800771047657573, 56.100435161490054, 42.49302193097954
155, 1603471576103675392, 0, 2.5342911561913005e-15, 26.84908808320808, 54.03811994661106, 42.42464349450793
156, 1603471576114442496, 0, 2.6750851093130394e-15, 26.897405118758588, 51.97580473173207, 42.35626505803633
157, 1603471576125209364, 0, 2.8158790624347782e-15, 26.945722154309095, 49.91348951685307, 42.28788662156473
158, 1603471576135975936, 0, 1.8238800800570792e-14, 27.089971687516645, 47.95940511688196, 42.18430854080357
159, 1603471576146742784, 0, 3.3661722538706805e-14, 27.234221220724194, 46.00532071691085, 42.08073046004242
160, 1603471576157509632, 0, 4.908464427684282e-14, 27.378470753931744, 44.05123631693974, 41.977152379281264
161, 1603471576168276364, 0, 6.450756601497883e-14, 27.52272028713929, 42.097151916968635, 41.87357429852011
162, 1603471576179043328, 0, 7.993048775311484e-14, 27.66696982034684, 40.143067516997526, 41.76999621775896
163, 1603471576189809920, 0, 9.535340949125085e-14, 27.81121935355439, 38.18898311702642, 41.666418136997805
164, 1603471576200576768, 0, 1.1077633122938686e-13, 27.95546888676194, 36.23489871705531, 41.56284005623665
165, 1603471576211343364, 0, 1.2619925296752287e-13, 28.099718419969488, 34.2808143170842, 41.4592619754755
166, 1603471576222109952, 0, 1.4162217470565888e-13, 28.243967953177034, 32.32672991711309, 41.355683894714346
167, 1603471576232876800, 0, 1.570450964437949e-13, 28.388217486384583, 30.372645517141983, 41.25210581395319
168, 1603471576243643648, 0, 1.724680181819309e-13, 28.532467019592133, 28.418561117170874, 41.14852773319204
169, 1603471576254410364, 0, 1.878909399200669e-13, 28.676716552799682, 26.464476717199766, 41.04494965243089
170, 1603471576265176832, 0, 1.6481661396497096e-13, 28.97054793052228, 24.510392317224795, 39.449119470899255
171, 1603471576275943680, 0, 1.4174228800987503e-13, 29.264379308244877, 22.556307917249825, 37.85328928936762
172, 1603471576286710528, 0, 1.186679620547791e-13, 29.558210685967474, 20.602223517274858, 36.257459107836
173, 1603471576297477364, 0, 9.559363609968317e-14, 29.85204206369007, 18.648139117299888, 34.66162892630437
174, 1603471576308244480, 0, 7.251931014458724e-14, 30.145873441412668, 16.694054717324917, 33.065798744772735
175, 1603471576319011328, 0, 4.94449841894913e-14, 30.439704819135265, 14.73997031734995, 31.469968563241096
176, 1603471576329778432, 0, 2.6370658234395365e-14, 30.733536196857862, 12.78588591737498, 29.874138381709457
177, 1603471576340545364, 0, 3.2963322792994316e-15, 31.027367574580463, 10.831801517400011, 28.278308200177822
178, 1603471576351311872, 0, 2.4722492094745737e-15, 32.43289681495597, 8.877717117431452, 24.804091974875632
179, 1603471576362078720, 0, 1.6481661396497158e-15, 33.83842605533147, 6.923632717462892, 21.329875749573446
180, 1603471576372845568, 0, 8.240830698248579e-16, 35.24395529570697, 4.969548317494333, 17.85565952427126
181, 1603471576383612364, 0, 0.0, 36.649484536082475, 3.015463917525773, 14.381443298969073
182, 1603471576394379264, 0, 0.0, 36.649484536082475, 3.015463917525773, 14.381443298969073
183, 1603471576405145856, 0, 0.0, 36.649484536082475, 3.015463917525773, 14.381443298969073
184, 1603471576415912704, 0, 0.0, 36.649484536082475, 3.015463917525773, 14.381443298969073
185, 1603471576426679364
186, 1603471576437445888
187, 1603471576448212736
188, 1603471576458979584
189, 1603471576469746364
190, 1603471576480513280
191, 1603471576491279872
192, 1603471576502046720
193, 1603471576512813364
194, 1603471576523580160
195, 1603471576534347264
196, 1603471576545114368
197, 1603471576555881364
198, 1603471576566648320
199, 1603471576577414912
200, 1603471576588181760
201, 1603471576598948364
202, 1603471576609714944
203, 1603471576620481792
204, 1603471576631248640
205, 1603471576642015364
206, 1603471576652782336
207, 1603471576663548928
208, 1603471576674315520
209, 1603471576685082364
210, 1603471576695849216
211, 1603471576706615808
212, 1603471576717382656
213, 1603471576728149364
214, 1603471576738916096
215, 1603471576749683200
216, 1603471576760450304
217, 1603471576771217364
218, 1603471576781984256
219, 1603471576792750848
220, 1603471576803517696
221, 1603471576814284364
