3, 0, 0, 91.15979381443299, 5.335051546391753, 28.994845360824744, -1, -1, -1, -1
4, 0, 0.0, 90.07928511302485, 9.816114908968832, 32.2973516088525, -1, -1, -1, -1
5, 0, 0.0, 88.99877641161672, 14.297178271545912, 35.59985785688026, -1, -1, -1, -1
6, 0, 0.0, 87.91826771020857, 18.778241634122992, 38.90236410490803, -1, -1, -1, -1
7, 0, 0, 86.83775900880043, 23.25930499670007, 42.2048703529358, -1, -1, -1, -1
8, 0, 0.0, 85.7572503074025, 27.740368359292212, 43.981737867160994, -1, -1, -1, -1
9, 0, 0.0, 84.67674160600455, 32.22143172188436, 45.75860538138619, -1, -1, -1, -1
10, 0, 0.0, 83.59623290460661, 36.702495084476496, 47.53547289561136, -1, -1, -1, -1
11, 0, 0, 82.51572420320868, 41.18355844706864, 49.31234040983654, -1, -1, -1, -1
12, 0, 0.0, 82.38610522035731, 45.64436555942646, 49.62670723917664, -1, -1, -1, -1
13, 0, 0.0, 82.25648623750592, 50.10517267178429, 49.94107406851674, -1, -1, -1, -1
14, 0, 0.0, 82.12686725465454, 54.56597978414211, 50.25544089785684, -1, -1, -1, -1
15, 0, 0, 81.99724827180316, 59.02678689649993, 50.56980772719695, -1, -1, -1, -1
16, 0, 0.0, 81.4782003715673, 63.48759400886117, 51.27360347395067, -1, -1, -1, -1
17, 0, 0.0, 80.95915247133144, 67.94840112122242, 51.9773992207044, -1, -1, -1, -1
18, 0, 0.0, 80.44010457109559, 72.40920823358366, 52.68119496745811, -1, -1, -1, -1
19, 0, 0, 79.92105667085973, 76.8700153459449, 53.384990714211824, -1, -1, -1, -1
20, 0, 0.0, 79.98951218810225, 80.7769997743018, 53.45477427804784, -1, -1, -1, -1
21, 0, 0.0, 80.05796770534478, 84.68398420265868, 53.52455784188386, -1, -1, -1, -1
22, 0, 0.0, 80.1264232225873, 88.59096863101556, 53.59434140571988, -1, -1, -1, -1
23, 0, 0.0, 80.19487873982982, 92.49795305937243, 53.6641249695559, -1, -1, -1, -1
24, 0, 0.0, 80.26333425707234, 96.40493748772931, 53.733908533391926, -1, -1, -1, -1
25, 0, 0.0, 80.33178977431487, 100.3119219160862, 53.80369209722795, -1, -1, -1, -1
26, 0, 0.0, 80.4002452915574, 104.2189063444431, 53.873475661063964, -1, -1, -1, -1
27, 0, 0, 80.46870080879992, 108.12589077279998, 53.94325922489997, -1, -1, -1, -1
28, 0, 1.3573038883137065, 80.53715632601296, 110.67557131283621, 54.01304278872638, -1, -1, -1, -1
29, 0, 2.714607776627413, 80.605611843226, 113.22525185287246, 54.082826352552786, -1, -1, -1, -1
30, 0, 5.747296038656128, 80.63462125355352, 113.50785641542754, 54.07371770255892, -1, -1, -1, -1
31, 0, 8.779984300684841, 80.66363066388104, 113.79046097798263, 54.06460905256506, -1, -1, -1, -1
32, 0, 11.812672562713555, 80.69264007420855, 114.07306554053771, 54.05550040257119, -1, -1, -1, -1
33, 0, 14.845360824742269, 80.72164948453609, 114.35567010309279, 54.04639175257732, -1, -1, -1, -1
34, 0, 17.54439198990012, 80.7379611391967, 114.60371007675026, 54.05412371134771, -1, -1, -1, -1
35, 0, 20.243423155057975, 80.75427279385733, 114.85175005040773, 54.06185567011809, -1, -1, -1, -1
36, 0, 22.942454320215827, 80.77058444851795, 115.09979002406521, 54.06958762888847, -1, -1, -1, -1
37, 0, 25.64148548537368, 80.78689610317858, 115.34782999772268, 54.07731958765885, -1, -1, -1, -1
38, 0, 28.340516650531534, 80.8032077578392, 115.59586997138015, 54.08505154642923, -1, -1, -1, -1
39, 0, 31.039547815689385, 80.81951941249982, 115.84390994503761, 54.092783505199606, -1, -1, -1, -1
40, 0, 33.00341089025566, 80.83583106714974, 116.06265656616259, 54.100515463949634, -1, -1, -1, -1
41, 0, 34.96727396482193, 80.85214272179968, 116.28140318728755, 54.10824742269966, -1, -1, -1, -1
42, 0, 36.9311370393882, 80.86845437644962, 116.50014980841254, 54.11597938144968, -1, -1, -1, -1
43, 0, 38.89500011395447, 80.88476603109956, 116.71889642953752, 54.12371134019969, -1, -1, -1, -1
44, 0, 40.858863188520736, 80.9010776857495, 116.93764305066249, 54.131443298949705, -1, -1, -1, -1
45, 0, 42.822726263087006, 80.91738934039942, 117.15638967178745, 54.139175257699726, -1, -1, -1, -1
46, 0, 44.5445330367309, 80.93370099506609, 117.09124450157196, 54.14690721646639, -1, -1, -1, -1
47, 0, 46.266339810374795, 80.95001264973276, 117.02609933135648, 54.154639175233044, -1, -1, -1, -1
48, 0, 47.98814658401869, 80.96632430439942, 116.96095416114099, 54.1623711339997, -1, -1, -1, -1
49, 0, 49.70995335766259, 80.98263595906609, 116.8958089909255, 54.170103092766354, -1, -1, -1, -1
50, 0, 51.43176013130649, 80.99894761373275, 116.83066382071001, 54.17783505153301, -1, -1, -1, -1
51, 0, 53.15356690495038, 81.01525926839942, 116.76551865049451, 54.185567010299664, -1, -1, -1, -1
52, 0, 54.027718549358376, 81.03157092306733, 116.81190503046392, 54.193298969066404, -1, -1, -1, -1
53, 0, 54.90187019376637, 81.04788257773525, 116.85829141043331, 54.201030927833145, -1, -1, -1, -1
54, 0, 55.77602183817437, 81.06419423240317, 116.90467779040272, 54.20876288659989, -1, -1, -1, -1
55, 0, 56.65017348258237, 81.08050588707107, 116.95106417037212, 54.21649484536664, -1, -1, -1, -1
56, 0, 57.52432512699036, 81.09681754173899, 116.99745055034153, 54.22422680413338, -1, -1, -1, -1
57, 0, 58.39847677139836, 81.1131291964069, 117.04383693031093, 54.23195876290012, -1, -1, -1, -1
58, 0, 58.80974742065468, 81.095811460998, 117.10907260532724, 54.239690721666776, -1, -1, -1, -1
59, 0, 59.221018069911004, 81.07849372558908, 117.17430828034355, 54.24742268043343, -1, -1, -1, -1
60, 0, 59.63228871916732, 81.06117599018017, 117.23954395535985, 54.255154639200086, -1, -1, -1, -1
61, 0, 60.043559368423644, 81.04385825477127, 117.30477963037615, 54.26288659796674, -1, -1, -1, -1
62, 0, 60.45483001767997, 81.02654051936236, 117.37001530539246, 54.270618556733396, -1, -1, -1, -1
63, 0, 60.86610066693629, 81.00922278395345, 117.43525098040877, 54.27835051550005, -1, -1, -1, -1
64, 0, 61.277371316192614, 80.99190504854454, 117.50048665542508, 54.2860824742667, -1, -1, -1, -1
65, 0, 61.68864196544894, 80.97458731313564, 117.56572233044139, 54.29381443303335, -1, -1, -1, -1
66, 0, 62.09991261470526, 80.95726957772673, 117.63095800545769, 54.3015463918, -1, -1, -1, -1
67, 0, 62.51118326396158, 80.93995184231783, 117.69619368047398, 54.30927835056666, -1, -1, -1, -1
68, 0, 62.9224539132179, 80.92263410690892, 117.76142935549029, 54.31701030933331, -1, -1, -1, -1
69, 0, 63.333724562474224, 80.9053163715, 117.82666503050662, 54.324742268099975, -1, -1, -1, -1
70, 0, 63.7006183414433, 80.88799863608958, 117.78835467485405, 54.33247422686041, -1, -1, -1, -1
71, 0, 64.06751212041237, 80.87068090067913, 117.75004431920149, 54.34020618562084, -1, -1, -1, -1
72, 0, 64.43440589938145, 80.85336316526869, 117.71173396354895, 54.34793814438128, -1, -1, -1, -1
73, 0, 64.80129967835052, 80.83604542985826, 117.67342360789641, 54.35567010314172, -1, -1, -1, -1
74, 0, 65.16819345731959, 80.81872769444783, 117.63511325224385, 54.36340206190216, -1, -1, -1, -1
75, 0, 65.53508723628866, 80.80140995903739, 117.5968028965913, 54.371134020662595, -1, -1, -1, -1
76, 0, 65.90198101525773, 80.78409222362694, 117.55849254093874, 54.37886597942304, -1, -1, -1, -1
77, 0, 66.2688747942268, 80.7667744882165, 117.52018218528619, 54.386597938183485, -1, -1, -1, -1
78, 0, 66.63576857319588, 80.74945675280605, 117.48187182963365, 54.39432989694392, -1, -1, -1, -1
79, 0, 67.00266235216495, 80.73213901739562, 117.4435614739811, 54.40206185570436, -1, -1, -1, -1
80, 0, 67.36955613113402, 80.7148212819852, 117.40525111832855, 54.4097938144648, -1, -1, -1, -1
81, 0, 67.73644991010309, 80.69750354657475, 117.366940762676, 54.417525773225236, -1, -1, -1, -1
82, 0, 68.10334368907216, 80.6801858111643, 117.32863040702344, 54.425257731985674, -1, -1, -1, -1
83, 0, 68.47023746804123, 80.66286807575388, 117.29032005137088, 54.43298969074611, -1, -1, -1, -1
84, 0, 68.8371312470103, 80.64555034034345, 117.25200969571834, 54.44072164950655, -1, -1, -1, -1
85, 0, 69.20402502597938, 80.628232604933, 117.2136993400658, 54.44845360826699, -1, -1, -1, -1
86, 0, 69.57091880494846, 80.61091486952256, 117.17538898441325, 54.45618556702743, -1, -1, -1, -1
87, 0, 69.93781258391753, 80.59359713411212, 117.13707862876068, 54.46391752578788, -1, -1, -1, -1
88, 0, 70.3047063628866, 80.57627939870167, 117.09876827310812, 54.471649484548315, -1, -1, -1, -1
89, 0, 70.67160014185568, 80.55896166329124, 117.06045791745557, 54.47938144330875, -1, -1, -1, -1
90, 0, 71.03849392082475, 80.54164392788081, 117.02214756180302, 54.48711340206919, -1, -1, -1, -1
91, 0, 71.40538769979382, 80.52432619247037, 116.98383720615048, 54.49484536082963, -1, -1, -1, -1
92, 0, 71.77228147876289, 80.50700845705992, 116.94552685049793, 54.502577319590074, -1, -1, -1, -1
93, 0, 72.13917525773196, 80.4896907216495, 116.90721649484537, 54.51030927835052, -1, -1, -1, -1
94, 0, 72.49436211340208, 80.47757693700126, 116.89634342783506, 54.515174351658544, -1, -1, -1, -1
95, 0, 72.84954896907217, 80.46546315235301, 116.88547036082474, 54.52003942496657, -1, -1, -1, -1
96, 0, 73.20473582474227, 80.45334936770476, 116.87459729381443, 54.52490449827462, -1, -1, -1, -1
97, 0, 73.55992268041237, 80.44123558305651, 116.86372422680412, 54.529769571582676, -1, -1, -1, -1
98, 0, 73.91510953608247, 80.42912179840826, 116.8528511597938, 54.53463464489071, -1, -1, -1, -1
99, 0, 74.27029639175258, 80.41700801376003, 116.84197809278349, 54.53949971819874, -1, -1, -1, -1
100, 0, 74.62548324742268, 80.40489422911178, 116.83110502577318, 54.54436479150678, -1, -1, -1, -1
101, 0, 74.98067010309278, 80.39278044446353, 116.82023195876288, 54.54922986481482, -1, -1, -1, -1
102, 0, 75.33585695876289, 80.38066665981529, 116.80935889175257, 54.55409493812285, -1, -1, -1, -1
103, 0, 75.69104381443299, 80.36855287516704, 116.79848582474227, 54.558960011430884, -1, -1, -1, -1
104, 0, 76.04623067010309, 80.35643909051879, 116.78761275773196, 54.56382508473894, -1, -1, -1, -1
105, 0, 76.40141752577318, 80.34432530587054, 116.77673969072166, 54.56869015804699, -1, -1, -1, -1
106, 0, 76.75660438144328, 80.33221152122229, 116.76586662371133, 54.57355523135502, -1, -1, -1, -1
107, 0, 77.1117912371134, 80.32009773657406, 116.75499355670102, 54.578420304663055, -1, -1, -1, -1
108, 0, 77.46697809278349, 80.30798395192582, 116.74412048969072, 54.58328537797109, -1, -1, -1, -1
109, 0, 77.82216494845359, 80.29587016727757, 116.7332474226804, 54.58815045127912, -1, -1, -1, -1
110, 0, 78.1773518041237, 80.28375638262932, 116.7223743556701, 54.59301552458717, -1, -1, -1, -1
111, 0, 78.5325386597938, 80.27164259798107, 116.71150128865978, 54.59788059789523, -1, -1, -1, -1
112, 0, 78.8877255154639, 80.25952881333282, 116.70062822164947, 54.60274567120326, -1, -1, -1, -1
113, 0, 79.242912371134, 80.24741502868459, 116.68975515463916, 54.60761074451129, -1, -1, -1, -1
114, 0, 79.5980992268041, 80.23530124403634, 116.67888208762884, 54.61247581781933, -1, -1, -1, -1
115, 0, 79.95328608247421, 80.22318745938809, 116.66800902061853, 54.61734089112737, -1, -1, -1, -1
116, 0, 80.3084729381443, 80.21107367473985, 116.65713595360823, 54.6222059644354, -1, -1, -1, -1
117, 0, 80.6636597938144, 80.1989598900916, 116.64626288659794, 54.627071037743434, -1, -1, -1, -1
118, 0, 81.01884664948452, 80.18684610544335, 116.63538981958763, 54.63193611105149, -1, -1, -1, -1
119, 0, 81.37403350515461, 80.1747323207951, 116.6245167525773, 54.63680118435954, -1, -1, -1, -1
120, 0, 81.72922036082471, 80.16261853614685, 116.613643685567, 54.64166625766757, -1, -1, -1, -1
121, 0, 82.08440721649481, 80.15050475149862, 116.60277061855669, 54.646531330975606, -1, -1, -1, -1
122, 0, 82.43959407216491, 80.13839096685037, 116.59189755154637, 54.651396404283645, -1, -1, -1, -1
123, 0, 82.79478092783502, 80.12627718220212, 116.58102448453606, 54.656261477591684, -1, -1, -1, -1
124, 0, 83.14996778350513, 80.11416339755388, 116.57015141752575, 54.661126550899716, -1, -1, -1, -1
125, 0, 83.50515463917523, 80.10204961290563, 116.55927835051543, 54.66599162420775, -1, -1, -1, -1
126, 0, 83.86034149484533, 80.08993582825738, 116.54840528350512, 54.670856697515795, -1, -1, -1, -1
127, 0, 84.21552835051543, 80.07782204360915, 116.53753221649481, 54.67572177082384, -1, -1, -1, -1
128, 0, 84.57071520618553, 80.0657082589609, 116.5266591494845, 54.68058684413188, -1, -1, -1, -1
129, 0, 84.92590206185562, 80.05359447431265, 116.5157860824742, 54.68545191743992, -1, -1, -1, -1
130, 0, 85.28108891752572, 80.04148068966441, 116.50491301546387, 54.69031699074795, -1, -1, -1, -1
131, 0, 85.63627577319583, 80.02936690501616, 116.49403994845356, 54.695182064055984, -1, -1, -1, -1
132, 0, 85.99146262886595, 80.01725312036791, 116.48316688144325, 54.70004713736404, -1, -1, -1, -1
133, 0, 86.34664948453604, 80.00513933571966, 116.47229381443293, 54.70491221067209, -1, -1, -1, -1
134, 0, 86.70183634020614, 79.99302555107141, 116.46142074742264, 54.709777283980124, -1, -1, -1, -1
135, 0, 87.05702319587624, 79.98091176642318, 116.45054768041234, 54.714642357288156, -1, -1, -1, -1
136, 0, 87.41221005154634, 79.96879798177493, 116.43967461340202, 54.719507430596195, -1, -1, -1, -1
137, 0, 87.76739690721645, 79.95668419712668, 116.42880154639171, 54.724372503904235, -1, -1, -1, -1
138, 0, 88.12258376288655, 79.94457041247844, 116.4179284793814, 54.72923757721227, -1, -1, -1, -1
139, 0, 88.47777061855665, 79.93245662783019, 116.4070554123711, 54.7341026505203, -1, -1, -1, -1
140, 0, 88.83295747422676, 79.92034284318194, 116.39618234536078, 54.73896772382835, -1, -1, -1, -1
141, 0, 89.18814432989686, 79.90822905853369, 116.38530927835046, 54.743832797136406, -1, -1, -1, -1
142, 0, 89.54333118556696, 79.89611527388544, 116.37443621134015, 54.74869787044444, -1, -1, -1, -1
143, 0, 89.89851804123705, 79.8840014892372, 116.36356314432985, 54.75356294375247, -1, -1, -1, -1
144, 0, 90.25370489690715, 79.87188770458897, 116.35269007731952, 54.7584280170605, -1, -1, -1, -1
145, 0, 90.60889175257726, 79.85977391994072, 116.34181701030921, 54.763293090368535, -1, -1, -1, -1
146, 0, 90.96407860824736, 79.84766013529247, 116.3309439432989, 54.76815816367659, -1, -1, -1, -1
147, 0, 91.31926546391746, 79.83554635064422, 116.3200708762886, 54.77302323698464, -1, -1, -1, -1
148, 0, 91.67445231958757, 79.82343256599597, 116.30919780927829, 54.777888310292674, -1, -1, -1, -1
149, 0, 92.02963917525767, 79.81131878134774, 116.298324742268, 54.782753383600706, -1, -1, -1, -1
150, 0, 92.38482603092777, 79.79920499669949, 116.28745167525769, 54.787618456908746, -1, -1, -1, -1
151, 0, 92.74001288659787, 79.78709121205124, 116.27657860824738, 54.792483530216785, -1, -1, -1, -1
152, 0, 93.09519974226797, 79.774977427403, 116.26570554123705, 54.79734860352482, -1, -1, -1, -1
153, 0, 93.45038659793808, 79.76286364275475, 116.25483247422675, 54.80221367683285, -1, -1, -1, -1
154, 0, 93.80557345360819, 79.7507498581065, 116.24395940721644, 54.8070787501409, -1, -1, -1, -1
155, 0, 94.16076030927829, 79.73863607345825, 116.23308634020611, 54.811943823448956, -1, -1, -1, -1
156, 0, 94.51594716494839, 79.72652228881, 116.2222132731958, 54.81680889675699, -1, -1, -1, -1
157, 0, 94.87113402061848, 79.71440850416177, 116.2113402061855, 54.82167397006502, -1, -1, -1, -1
158, 0, 95.05071871370023, 79.72089526857386, 116.17526663822949, 54.800689782973414, -1, -1, -1, -1
159, 0, 95.23030340678199, 79.72738203298593, 116.13919307027348, 54.77970559588181, -1, -1, -1, -1
160, 0, 95.40988809986374, 79.733868797398, 116.10311950231747, 54.7587214087902, -1, -1, -1, -1
161, 0, 95.5894727929455, 79.74035556181009, 116.06704593436145, 54.737737221698595, -1, -1, -1, -1
162, 0, 95.76905748602726, 79.74684232622218, 116.03097236640542, 54.71675303460699, -1, -1, -1, -1
163, 0, 95.94864217910902, 79.75332909063425, 115.99489879844941, 54.69576884751538, -1, -1, -1, -1
164, 0, 96.12822687219077, 79.75981585504633, 115.9588252304934, 54.67478466042377, -1, -1, -1, -1
165, 0, 96.30781156527252, 79.7663026194584, 115.9227516625374, 54.653800473332154, -1, -1, -1, -1
166, 0, 96.48739625835427, 79.77278938387047, 115.88667809458138, 54.63281628624055, -1, -1, -1, -1
167, 0, 96.66698095143602, 79.77927614828256, 115.85060452662538, 54.61183209914894, -1, -1, -1, -1
168, 0, 96.84656564451777, 79.78576291269465, 115.81453095866937, 54.590847912057335, -1, -1, -1, -1
169, 0, 97.02615033759953, 79.79224967710672, 115.77845739071334, 54.56986372496573, -1, -1, -1, -1
170, 0, 97.2057350306813, 79.7987364415188, 115.74238382275732, 54.54887953787412, -1, -1, -1, -1
171, 0, 97.38531972376305, 79.80522320593089, 115.70631025480131, 54.527895350782515, -1, -1, -1, -1
172, 0, 97.5649044168448, 79.81170997034297, 115.6702366868453, 54.50691116369091, -1, -1, -1, -1
173, 0, 97.74448910992655, 79.81819673475505, 115.63416311888929, 54.4859269765993, -1, -1, -1, -1
174, 0, 97.9240738030083, 79.82468349916712, 115.59808955093328, 54.464942789507695, -1, -1, -1, -1
175, 0, 98.10365849609005, 79.83117026357921, 115.56201598297727, 54.44395860241609, -1, -1, -1, -1
176, 0, 98.2832431891718, 79.8376570279913, 115.52594241502126, 54.42297441532448, -1, -1, -1, -1
177, 0, 98.46282788225356, 79.84414379240337, 115.48986884706524, 54.401990228232876, -1, -1, -1, -1
178, 0, 98.64241257533533, 79.85063055681545, 115.45379527910922, 54.38100604114126, -1, -1, -1, -1
179, 0, 98.82199726841708, 79.85711732122752, 115.4177217111532, 54.36002185404965, -1, -1, -1, -1
180, 0, 99.00158196149883, 79.8636040856396, 115.3816481431972, 54.33903766695804, -1, -1, -1, -1
181, 0, 99.18116665458058, 79.87009085005168, 115.34557457524119, 54.318053479866435, -1, -1, -1, -1
182, 0, 99.36075134766233, 79.87657761446377, 115.30950100728518, 54.29706929277483, -1, -1, -1, -1
183, 0, 99.54033604074408, 79.88306437887584, 115.27342743932917, 54.27608510568322, -1, -1, -1, -1
184, 0, 99.71992073382583, 79.88955114328792, 115.23735387137316, 54.25510091859161, -1, -1, -1, -1
185, 0, 99.8995054269076, 79.8960379077, 115.20128030341715, 54.2341167315, -1, -1, -1, -1
186, 0, 99.94963324834572, 79.90252467210883, 115.21698948412256, 54.21313254440953, -1, -1, -1, -1
187, 0, 99.99976106978384, 79.90901143651763, 115.23269866482799, 54.19214835731907, -1, -1, -1, -1
188, 0, 100.04988889122197, 79.91549820092645, 115.24840784553344, 54.17116417022861, -1, -1, -1, -1
189, 0, 100.10001671266009, 79.92198496533527, 115.26411702623888, 54.150179983138145, -1, -1, -1, -1
190, 0, 100.15014453409822, 79.92847172974407, 115.2798262069443, 54.12919579604769, -1, -1, -1, -1
191, 0, 100.20027235553636, 79.9349584941529, 115.29553538764972, 54.108211608957234, -1, -1, -1, -1
192, 0, 100.25040017697448, 79.94144525856171, 115.31124456835516, 54.087227421866764, -1, -1, -1, -1
193, 0, 100.3005279984126, 79.94793202297052, 115.3269537490606, 54.066243234776294, -1, -1, -1, -1
194, 0, 100.35065581985073, 79.95441878737934, 115.34266292976604, 54.04525904768582, -1, -1, -1, -1
195, 0, 100.40078364128885, 79.96090555178816, 115.35837211047146, 54.02427486059534, -1, -1, -1, -1
196, 0, 100.45091146272698, 79.96739231619696, 115.37408129117689, 54.003290673504885, -1, -1, -1, -1
197, 0, 100.5010392841651, 79.97387908060578, 115.38979047188232, 53.98230648641443, -1, -1, -1, -1
198, 0, 100.55116710560323, 79.9803658450146, 115.40549965258776, 53.961322299323975, -1, -1, -1, -1
199, 0, 100.60129492704135, 79.98685260942341, 115.4212088332932, 53.94033811223352, -1, -1, -1, -1
200, 0, 100.65142274847949, 79.99333937383221, 115.43691801399862, 53.91935392514305, -1, -1, -1, -1
201, 0, 100.70155056991761, 79.99982613824103, 115.45262719470405, 53.89836973805258, -1, -1, -1, -1
202, 0, 100.75167839135574, 80.00631290264985, 115.46833637540949, 53.8773855509621, -1, -1, -1, -1
203, 0, 100.80180621279386, 80.01279966705867, 115.48404555611494, 53.856401363871626, -1, -1, -1, -1
204, 0, 100.85193403423199, 80.01928643146749, 115.49975473682036, 53.83541717678118, -1, -1, -1, -1
205, 0, 100.90206185567011, 80.0257731958763, 115.51546391752578, 53.81443298969072, -1, -1, -1, -1
206, 0, 100.89285714285715, 80.0239322533137, 115.51730486008839, 53.82916053019146, -1, -1, -1, -1
207, 0, 100.8836524300442, 80.02209131075111, 115.51914580265098, 53.8438880706922, -1, -1, -1, -1
208, 0, 100.87444771723123, 80.02025036818853, 115.52098674521356, 53.858615611192924, -1, -1, -1, -1
209, 0, 100.86524300441828, 80.01840942562593, 115.52282768777614, 53.873343151693646, -1, -1, -1, -1
210, 0, 100.85603829160532, 80.01656848306334, 115.52466863033874, 53.88807069219439, -1, -1, -1, -1
211, 0, 100.84683357879236, 80.01472754050074, 115.52650957290133, 53.90279823269513, -1, -1, -1, -1
212, 0, 100.83762886597938, 80.01288659793815, 115.52835051546393, 53.91752577319588, -1, -1, -1, -1
213, 0, 100.82842415316642, 80.01104565537555, 115.53019145802654, 53.93225331369662, -1, -1, -1, -1
214, 0, 100.81921944035346, 80.00920471281296, 115.53203240058913, 53.94698085419734, -1, -1, -1, -1
215, 0, 100.8100147275405, 80.00736377025038, 115.53387334315173, 53.961708394698064, -1, -1, -1, -1
216, 0, 100.80081001472755, 80.00552282768778, 115.5357142857143, 53.97643593519881, -1, -1, -1, -1
217, 0, 100.79160530191459, 80.00368188512519, 115.53755522827689, 53.99116347569955, -1, -1, -1, -1
218, 0, 100.78240058910163, 80.00184094256261, 115.53939617083948, 54.00589101620029, -1, -1, -1, -1
219, 0, 100.77319587628867, 80.00000000000001, 115.54123711340208, 54.020618556701024, -1, -1, -1, -1
220, 0, 100.76399116347571, 79.99815905743742, 115.54307805596467, 54.03534609720175, -1, -1, -1, -1
221, 0, 100.75478645066275, 79.99631811487482, 115.54491899852727, 54.05007363770248, -1, -1, -1, -1
222, 0, 100.74558173784979, 79.99447717231223, 115.54675994108986, 54.064801178203226, -1, -1, -1, -1
223, 0, 100.73637702503683, 79.99263622974964, 115.54860088365245, 54.07952871870397, -1, -1, -1, -1
224, 0, 100.72717231222387, 79.99079528718704, 115.55044182621504, 54.094256259204705, -1, -1, -1, -1
225, 0, 100.71796759941091, 79.98895434462446, 115.55228276877762, 54.10898379970544, -1, -1, -1, -1
226, 0, 100.70876288659795, 79.98711340206187, 115.55412371134021, 54.123711340206185, -1, -1, -1, -1
227, 0, 100.699558173785, 79.98527245949927, 115.5559646539028, 54.13843888070693, -1, -1, -1, -1
228, 0, 100.69035346097203, 79.98343151693668, 115.55780559646541, 54.15316642120766, -1, -1, -1, -1
229, 0, 100.68114874815906, 79.98159057437408, 115.55964653902801, 54.16789396170839, -1, -1, -1, -1
230, 0, 100.6719440353461, 79.9797496318115, 115.56148748159059, 54.18262150220912, -1, -1, -1, -1
231, 0, 100.66273932253314, 79.9779086892489, 115.56332842415317, 54.19734904270986, -1, -1, -1, -1
232, 0, 100.65353460972018, 79.97606774668631, 115.56516936671576, 54.2120765832106, -1, -1, -1, -1
233, 0, 100.64432989690722, 79.97422680412372, 115.56701030927836, 54.22680412371135, -1, -1, -1, -1
234, 0, 100.63512518409426, 79.97238586156112, 115.56885125184095, 54.241531664212076, -1, -1, -1, -1
235, 0, 100.6259204712813, 79.97054491899853, 115.57069219440355, 54.256259204712805, -1, -1, -1, -1
236, 0, 100.61671575846835, 79.96870397643593, 115.57253313696614, 54.27098674521354, -1, -1, -1, -1
237, 0, 100.60751104565539, 79.96686303387335, 115.57437407952874, 54.28571428571428, -1, -1, -1, -1
238, 0, 100.59830633284243, 79.96502209131076, 115.57621502209132, 54.30044182621502, -1, -1, -1, -1
239, 0, 100.58910162002947, 79.96318114874816, 115.5780559646539, 54.315169366715764, -1, -1, -1, -1
240, 0, 100.57989690721651, 79.96134020618558, 115.5798969072165, 54.32989690721649, -1, -1, -1, -1
241, 0, 100.57069219440355, 79.95949926362299, 115.58173784977909, 54.34462444771721, -1, -1, -1, -1
242, 0, 100.56148748159059, 79.95765832106039, 115.58357879234168, 54.35935198821795, -1, -1, -1, -1
243, 0, 100.55228276877763, 79.9558173784978, 115.58541973490428, 54.374079528718696, -1, -1, -1, -1
244, 0, 100.54307805596466, 79.9539764359352, 115.58726067746687, 54.38880706921944, -1, -1, -1, -1
245, 0, 100.5338733431517, 79.95213549337261, 115.58910162002948, 54.40353460972018, -1, -1, -1, -1
246, 0, 100.52466863033874, 79.95029455081001, 115.59094256259206, 54.418262150220905, -1, -1, -1, -1
247, 0, 100.51546391752578, 79.94845360824743, 115.59278350515464, 54.43298969072163, -1, -1, -1, -1
248, 0, 100.50625920471282, 79.94661266568484, 115.59462444771724, 54.44771723122237, -1, -1, -1, -1
249, 0, 100.49705449189986, 79.94477172312224, 115.59646539027983, 54.46244477172311, -1, -1, -1, -1
250, 0, 100.4878497790869, 79.94293078055965, 115.59830633284243, 54.47717231222386, -1, -1, -1, -1
251, 0, 100.47864506627394, 79.94108983799705, 115.60014727540502, 54.4918998527246, -1, -1, -1, -1
252, 0, 100.46944035346098, 79.93924889543447, 115.60198821796762, 54.50662739322532, -1, -1, -1, -1
253, 0, 100.46023564064802, 79.93740795287188, 115.60382916053021, 54.521354933726045, -1, -1, -1, -1
254, 0, 100.45103092783506, 79.93556701030928, 115.60567010309279, 54.53608247422679, -1, -1, -1, -1
255, 0, 100.4418262150221, 79.93372606774669, 115.60751104565537, 54.55081001472753, -1, -1, -1, -1
256, 0, 100.43262150220914, 79.9318851251841, 115.60935198821797, 54.565537555228275, -1, -1, -1, -1
257, 0, 100.42341678939619, 79.9300441826215, 115.61119293078056, 54.58026509572902, -1, -1, -1, -1
258, 0, 100.41421207658323, 79.9282032400589, 115.61303387334316, 54.59499263622974, -1, -1, -1, -1
259, 0, 100.40500736377027, 79.92636229749633, 115.61487481590575, 54.60972017673046, -1, -1, -1, -1
260, 0, 100.39580265095731, 79.92452135493373, 115.61671575846833, 54.624447717231206, -1, -1, -1, -1
261, 0, 100.38659793814433, 79.92268041237114, 115.61855670103093, 54.63917525773195, -1, -1, -1, -1
262, 0, 100.37739322533137, 79.92083946980856, 115.62039764359352, 54.653902798232686, -1, -1, -1, -1
263, 0, 100.36818851251842, 79.91899852724596, 115.62223858615612, 54.66863033873342, -1, -1, -1, -1
264, 0, 100.35898379970546, 79.91715758468337, 115.62407952871871, 54.68335787923415, -1, -1, -1, -1
265, 0, 100.3497790868925, 79.91531664212077, 115.6259204712813, 54.69808541973488, -1, -1, -1, -1
266, 0, 100.34057437407954, 79.91347569955818, 115.6277614138439, 54.712812960235624, -1, -1, -1, -1
267, 0, 100.33136966126658, 79.91163475699558, 115.6296023564065, 54.72754050073637, -1, -1, -1, -1
268, 0, 100.32216494845362, 79.90979381443299, 115.63144329896907, 54.742268041237104, -1, -1, -1, -1
269, 0, 100.31296023564066, 79.9079528718704, 115.63328424153165, 54.75699558173784, -1, -1, -1, -1
270, 0, 100.3037555228277, 79.90611192930781, 115.63512518409425, 54.77172312223858, -1, -1, -1, -1
271, 0, 100.29455081001474, 79.90427098674522, 115.63696612665684, 54.78645066273933, -1, -1, -1, -1
272, 0, 100.28534609720178, 79.90243004418262, 115.63880706921944, 54.801178203240056, -1, -1, -1, -1
273, 0, 100.27614138438882, 79.90058910162003, 115.64064801178203, 54.815905743740785, -1, -1, -1, -1
274, 0, 100.26693667157586, 79.89874815905745, 115.64248895434463, 54.83063328424152, -1, -1, -1, -1
275, 0, 100.2577319587629, 79.89690721649485, 115.64432989690722, 54.84536082474226, -1, -1, -1, -1
276, 0, 100.24852724594993, 79.89506627393226, 115.64617083946982, 54.860088365243, -1, -1, -1, -1
277, 0, 100.23932253313697, 79.89322533136966, 115.6480117820324, 54.874815905743745, -1, -1, -1, -1
278, 0, 100.23011782032401, 79.89138438880707, 115.649852724595, 54.88954344624447, -1, -1, -1, -1
279, 0, 100.22091310751105, 79.88954344624449, 115.65169366715759, 54.90427098674519, -1, -1, -1, -1
280, 0, 100.21170839469809, 79.8877025036819, 115.65353460972018, 54.91899852724593, -1, -1, -1, -1
281, 0, 100.20250368188513, 79.8858615611193, 115.65537555228278, 54.933726067746676, -1, -1, -1, -1
282, 0, 100.19329896907217, 79.8840206185567, 115.65721649484536, 54.94845360824742, -1, -1, -1, -1
283, 0, 100.18409425625921, 79.88217967599411, 115.65905743740794, 54.96318114874816, -1, -1, -1, -1
284, 0, 100.17488954344626, 79.88033873343153, 115.66089837997053, 54.977908689248885, -1, -1, -1, -1
285, 0, 100.1656848306333, 79.87849779086893, 115.66273932253313, 54.99263622974961, -1, -1, -1, -1
286, 0, 100.15648011782034, 79.87665684830634, 115.66458026509572, 55.00736377025035, -1, -1, -1, -1
287, 0, 100.14727540500738, 79.87481590574374, 115.66642120765832, 55.022091310751094, -1, -1, -1, -1
288, 0, 100.13807069219442, 79.87297496318115, 115.66826215022091, 55.03681885125184, -1, -1, -1, -1
289, 0, 100.12886597938146, 79.87113402061856, 115.6701030927835, 55.05154639175258, -1, -1, -1, -1
290, 0, 100.1196612665685, 79.86929307805596, 115.67194403534609, 55.0662739322533, -1, -1, -1, -1
291, 0, 100.11045655375554, 79.86745213549338, 115.67378497790867, 55.081001472754025, -1, -1, -1, -1
292, 0, 100.10125184094258, 79.86561119293079, 115.67562592047128, 55.09572901325477, -1, -1, -1, -1
293, 0, 100.09204712812961, 79.86377025036819, 115.67746686303387, 55.11045655375551, -1, -1, -1, -1
294, 0, 100.08284241531665, 79.8619293078056, 115.67930780559647, 55.125184094256255, -1, -1, -1, -1
295, 0, 100.07363770250369, 79.860088365243, 115.68114874815906, 55.139911634757, -1, -1, -1, -1
296, 0, 100.06443298969073, 79.85824742268042, 115.68298969072166, 55.15463917525772, -1, -1, -1, -1
297, 0, 100.05522827687777, 79.85640648011783, 115.68483063328425, 55.16936671575844, -1, -1, -1, -1
298, 0, 100.04602356406481, 79.85456553755523, 115.68667157584683, 55.184094256259186, -1, -1, -1, -1
299, 0, 100.03681885125185, 79.85272459499264, 115.68851251840941, 55.19882179675993, -1, -1, -1, -1
300, 0, 100.02761413843889, 79.85088365243004, 115.690353460972, 55.213549337260666, -1, -1, -1, -1
301, 0, 100.01840942562593, 79.84904270986746, 115.6921944035346, 55.2282768777614, -1, -1, -1, -1
302, 0, 100.00920471281297, 79.84720176730487, 115.6940353460972, 55.24300441826213, -1, -1, -1, -1
303, 0, 100.00000000000001, 79.84536082474227, 115.69587628865979, 55.25773195876286, -1, -1, -1, -1
304, 0, 99.99079528718705, 79.84351988217968, 115.69771723122238, 55.272459499263604, -1, -1, -1, -1
305, 0, 99.9815905743741, 79.84167893961708, 115.69955817378498, 55.28718703976435, -1, -1, -1, -1
306, 0, 99.97238586156114, 79.8398379970545, 115.70139911634756, 55.301914580265084, -1, -1, -1, -1
307, 0, 99.96318114874818, 79.83799705449191, 115.70324005891014, 55.31664212076582, -1, -1, -1, -1
308, 0, 99.9539764359352, 79.83615611192931, 115.70508100147273, 55.33136966126655, -1, -1, -1, -1
309, 0, 99.94477172312224, 79.83431516936672, 115.70692194403534, 55.34609720176728, -1, -1, -1, -1
310, 0, 99.93556701030928, 79.83247422680412, 115.70876288659794, 55.36082474226802, -1, -1, -1, -1
311, 0, 99.92636229749633, 79.83063328424153, 115.71060382916053, 55.375552282768766, -1, -1, -1, -1
312, 0, 99.91715758468337, 79.82879234167893, 115.71244477172311, 55.3902798232695, -1, -1, -1, -1
313, 0, 99.9079528718704, 79.82695139911635, 115.7142857142857, 55.40500736377024, -1, -1, -1, -1
314, 0, 99.89874815905745, 79.82511045655376, 115.71612665684829, 55.41973490427098, -1, -1, -1, -1
315, 0, 99.88954344624449, 79.82326951399116, 115.71796759941088, 55.434462444771725, -1, -1, -1, -1
316, 0, 99.88033873343153, 79.82142857142857, 115.71980854197348, 55.449189985272454, -1, -1, -1, -1
317, 0, 99.87113402061857, 79.81958762886597, 115.72164948453607, 55.463917525773184, -1, -1, -1, -1
318, 0, 99.86192930780561, 79.8177466863034, 115.72349042709867, 55.47864506627392, -1, -1, -1, -1
319, 0, 99.85272459499265, 79.8159057437408, 115.72533136966126, 55.493372606774656, -1, -1, -1, -1
320, 0, 99.84351988217969, 79.8140648011782, 115.72717231222384, 55.5081001472754, -1, -1, -1, -1
321, 0, 99.83431516936673, 79.81222385861561, 115.72901325478642, 55.52282768777614, -1, -1, -1, -1
322, 0, 99.82511045655377, 79.81038291605302, 115.73085419734902, 55.537555228276865, -1, -1, -1, -1
323, 0, 99.81590574374081, 79.80854197349043, 115.73269513991161, 55.55228276877759, -1, -1, -1, -1
324, 0, 99.80670103092785, 79.80670103092784, 115.73453608247422, 55.56701030927833, -1, -1, -1, -1
325, 0, 99.79749631811488, 79.80486008836525, 115.73637702503682, 55.581737849779074, -1, -1, -1, -1
326, 0, 99.78829160530192, 79.80301914580265, 115.73821796759941, 55.59646539027982, -1, -1, -1, -1
327, 0, 99.77908689248896, 79.80117820324006, 115.740058910162, 55.61119293078056, -1, -1, -1, -1
328, 0, 99.769882179676, 79.79933726067748, 115.74189985272459, 55.62592047128128, -1, -1, -1, -1
329, 0, 99.76067746686304, 79.79749631811488, 115.74374079528717, 55.640648011782005, -1, -1, -1, -1
330, 0, 99.75147275405008, 79.79565537555229, 115.74558173784976, 55.655375552282756, -1, -1, -1, -1
331, 0, 99.74226804123712, 79.79381443298969, 115.74742268041237, 55.670103092783506, -1, -1, -1, -1
332, 0, 99.59572279585825, 79.80414034078996, 115.75156066124835, 55.66582918442392, -1, -1, -1, -1
333, 0, 99.44917755047936, 79.81446624859022, 115.75569864208433, 55.661555276064334, -1, -1, -1, -1
334, 0, 99.30263230510047, 79.82479215639049, 115.75983662292032, 55.65728136770475, -1, -1, -1, -1
335, 0, 99.15608705972159, 79.83511806419077, 115.76397460375631, 55.65300745934516, -1, -1, -1, -1
336, 0, 99.0095418143427, 79.84544397199103, 115.7681125845923, 55.64873355098558, -1, -1, -1, -1
337, 0, 98.86299656896382, 79.8557698797913, 115.77225056542828, 55.644459642626, -1, -1, -1, -1
338, 0, 98.71645132358493, 79.86609578759156, 115.77638854626427, 55.640185734266424, -1, -1, -1, -1
339, 0, 98.56990607820605, 79.87642169539183, 115.78052652710026, 55.635911825906845, -1, -1, -1, -1
340, 0, 98.42336083282717, 79.8867476031921, 115.78466450793624, 55.63163791754726, -1, -1, -1, -1
341, 0, 98.27681558744828, 79.89707351099237, 115.78880248877223, 55.62736400918767, -1, -1, -1, -1
342, 0, 98.1302703420694, 79.90739941879264, 115.79294046960821, 55.623090100828094, -1, -1, -1, -1
343, 0, 97.9837250966905, 79.9177253265929, 115.79707845044419, 55.618816192468515, -1, -1, -1, -1
344, 0, 97.83717985131162, 79.92805123439317, 115.80121643128018, 55.614542284108936, -1, -1, -1, -1
345, 0, 97.69063460593274, 79.93837714219343, 115.80535441211616, 55.61026837574936, -1, -1, -1, -1
346, 0, 97.54408936055385, 79.9487030499937, 115.80949239295215, 55.60599446738977, -1, -1, -1, -1
347, 0, 97.39754411517497, 79.95902895779398, 115.81363037378814, 55.601720559030184, -1, -1, -1, -1
348, 0, 97.25099886979609, 79.96935486559424, 115.81776835462412, 55.597446650670605, -1, -1, -1, -1
349, 0, 97.1044536244172, 79.9796807733945, 115.82190633546011, 55.593172742311026, -1, -1, -1, -1
350, 0, 96.95790837903832, 79.99000668119477, 115.8260443162961, 55.58889883395145, -1, -1, -1, -1
351, 0, 96.81136313365943, 80.00033258899504, 115.8301822971321, 55.58462492559187, -1, -1, -1, -1
352, 0, 96.66481788828054, 80.01065849679532, 115.83432027796809, 55.58035101723227, -1, -1, -1, -1
353, 0, 96.51827264290166, 80.02098440459558, 115.83845825880407, 55.57607710887267, -1, -1, -1, -1
354, 0, 96.37172739752279, 80.03131031239585, 115.84259623964005, 55.57180320051309, -1, -1, -1, -1
355, 0, 96.2251821521439, 80.04163622019611, 115.84673422047604, 55.56752929215351, -1, -1, -1, -1
356, 0, 96.07863690676501, 80.05196212799638, 115.85087220131203, 55.56325538379392, -1, -1, -1, -1
357, 0, 95.93209166138612, 80.06228803579666, 115.85501018214802, 55.55898147543434, -1, -1, -1, -1
358, 0, 95.78554641600724, 80.07261394359692, 115.85914816298401, 55.55470756707476, -1, -1, -1, -1
359, 0, 95.63900117062836, 80.08293985139719, 115.86328614381999, 55.55043365871518, -1, -1, -1, -1
360, 0, 95.49245592524947, 80.09326575919745, 115.86742412465597, 55.5461597503556, -1, -1, -1, -1
361, 0, 95.34591067987058, 80.10359166699772, 115.87156210549195, 55.54188584199602, -1, -1, -1, -1
362, 0, 95.19936543449171, 80.113917574798, 115.87570008632792, 55.537611933636434, -1, -1, -1, -1
363, 0, 95.05282018911282, 80.12424348259826, 115.87983806716392, 55.53333802527685, -1, -1, -1, -1
364, 0, 94.90627494373393, 80.13456939039853, 115.88397604799991, 55.52906411691727, -1, -1, -1, -1
365, 0, 94.75972969835505, 80.14489529819879, 115.8881140288359, 55.52479020855769, -1, -1, -1, -1
366, 0, 94.61318445297616, 80.15522120599906, 115.89225200967189, 55.52051630019811, -1, -1, -1, -1
367, 0, 94.46663920759728, 80.16554711379932, 115.89638999050787, 55.51624239183853, -1, -1, -1, -1
368, 0, 94.3200939622184, 80.17587302159959, 115.90052797134386, 55.511968483478945, -1, -1, -1, -1
369, 0, 94.1735487168395, 80.18619892939986, 115.90466595217985, 55.50769457511936, -1, -1, -1, -1
370, 0, 94.02700347146063, 80.19652483720013, 115.90880393301583, 55.50342066675978, -1, -1, -1, -1
371, 0, 93.88045822608174, 80.2068507450004, 115.91294191385181, 55.4991467584002, -1, -1, -1, -1
372, 0, 93.6765715021578, 80.21717665280086, 115.92871674686428, 55.494872850041105, -1, -1, -1, -1
373, 0, 93.47268477823387, 80.22750256060132, 115.94449157987675, 55.49059894168201, -1, -1, -1, -1
374, 0, 93.26879805430994, 80.23782846840179, 115.96026641288921, 55.48632503332291, -1, -1, -1, -1
375, 0, 93.064911330386, 80.24815437620225, 115.97604124590165, 55.48205112496382, -1, -1, -1, -1
376, 0, 92.86102460646205, 80.2584802840027, 115.99181607891413, 55.47777721660473, -1, -1, -1, -1
377, 0, 92.65713788253812, 80.26880619180317, 116.00759091192658, 55.47350330824564, -1, -1, -1, -1
378, 0, 92.4532511586142, 80.27913209960363, 116.02336574493904, 55.469229399886544, -1, -1, -1, -1
379, 0, 92.24936443469025, 80.2894580074041, 116.03914057795149, 55.46495549152745, -1, -1, -1, -1
380, 0, 92.0454777107663, 80.29978391520456, 116.05491541096396, 55.46068158316835, -1, -1, -1, -1
381, 0, 91.84159098684238, 80.31010982300502, 116.07069024397641, 55.456407674809256, -1, -1, -1, -1
382, 0, 91.63770426291845, 80.32043573080549, 116.08646507698887, 55.45213376645016, -1, -1, -1, -1
383, 0, 91.4338175389945, 80.33076163860595, 116.10223991000134, 55.447859858091064, -1, -1, -1, -1
384, 0, 91.22993081507056, 80.34108754640641, 116.11801474301379, 55.44358594973197, -1, -1, -1, -1
385, 0, 91.02604409114663, 80.35141345420688, 116.13378957602625, 55.43931204137287, -1, -1, -1, -1
386, 0, 90.8221573672227, 80.36173936200734, 116.1495644090387, 55.43503813301378, -1, -1, -1, -1
387, 0, 90.61827064329876, 80.3720652698078, 116.16533924205118, 55.43076422465468, -1, -1, -1, -1
388, 0, 90.41438391937481, 80.38239117760827, 116.18111407506362, 55.42649031629559, -1, -1, -1, -1
389, 0, 90.21049719545088, 80.39271708540872, 116.19688890807608, 55.4222164079365, -1, -1, -1, -1
390, 0, 90.00661047152695, 80.40304299320918, 116.21266374108853, 55.41794249957741, -1, -1, -1, -1
391, 0, 89.80272374760301, 80.41336890100965, 116.228438574101, 55.41366859121831, -1, -1, -1, -1
392, 0, 89.59883702367908, 80.42369480881011, 116.24421340711346, 55.409394682859215, -1, -1, -1, -1
393, 0, 89.39495029975515, 80.43402071661058, 116.25998824012592, 55.40512077450012, -1, -1, -1, -1
394, 0, 89.19106357583121, 80.44434662441104, 116.27576307313836, 55.40084686614101, -1, -1, -1, -1
395, 0, 88.98717685190728, 80.4546725322115, 116.29153790615082, 55.3965729577819, -1, -1, -1, -1
396, 0, 88.78329012798335, 80.46499844001197, 116.30731273916328, 55.3922990494228, -1, -1, -1, -1
397, 0, 88.5794034040594, 80.47532434781243, 116.32308757217575, 55.38802514106371, -1, -1, -1, -1
398, 0, 88.37551668013546, 80.48565025561288, 116.3388624051882, 55.38375123270462, -1, -1, -1, -1
399, 0, 88.17162995621153, 80.49597616341335, 116.35463723820065, 55.37947732434553, -1, -1, -1, -1
400, 0, 87.9677432322876, 80.50630207121381, 116.37041207121311, 55.375203415986434, -1, -1, -1, -1
401, 0, 87.76385650836366, 80.51662797901427, 116.38618690422558, 55.37092950762734, -1, -1, -1, -1
402, 0, 87.55996978443972, 80.52695388681474, 116.40196173723803, 55.36665559926824, -1, -1, -1, -1
403, 0, 87.35608306051579, 80.5372797946152, 116.41773657025048, 55.362381690909146, -1, -1, -1, -1
404, 0, 87.15219633659186, 80.54760570241567, 116.43351140326294, 55.35810778255005, -1, -1, -1, -1
405, 0, 86.94830961266791, 80.55793161021613, 116.44928623627541, 55.353833874190954, -1, -1, -1, -1
406, 0, 86.74442288874397, 80.5682575180166, 116.46506106928788, 55.34955996583186, -1, -1, -1, -1
407, 0, 86.54053616482004, 80.57858342581706, 116.48083590230034, 55.34528605747276, -1, -1, -1, -1
408, 0, 86.33664944089611, 80.58890933361752, 116.4966107353128, 55.341012149113666, -1, -1, -1, -1
409, 0, 86.13276271697217, 80.59923524141799, 116.51238556832524, 55.33673824075457, -1, -1, -1, -1
410, 0, 85.92887599304822, 80.60956114921845, 116.52816040133771, 55.33246433239548, -1, -1, -1, -1
411, 0, 85.7249892691243, 80.6198870570189, 116.54393523435017, 55.32819042403639, -1, -1, -1, -1
412, 0, 85.52110254520036, 80.63021296481936, 116.55971006736263, 55.3239165156773, -1, -1, -1, -1
413, 0, 85.31721582127642, 80.64053887261983, 116.57548490037507, 55.3196426073182, -1, -1, -1, -1
414, 0, 85.11332909735248, 80.65086478042029, 116.59125973338755, 55.315368698959105, -1, -1, -1, -1
415, 0, 84.90944237342855, 80.66119068822076, 116.6070345664, 55.3110947906, -1, -1, -1, -1
416, 0, 84.53384883704803, 80.66681410281927, 116.60387323973524, 55.30682088224286, -1, -1, -1, -1
417, 0, 84.15825530066749, 80.67243751741779, 116.60071191307046, 55.30254697388571, -1, -1, -1, -1
418, 0, 83.78266176428696, 80.67806093201631, 116.59755058640567, 55.29827306552856, -1, -1, -1, -1
419, 0, 83.40706822790642, 80.68368434661483, 116.5943892597409, 55.29399915717141, -1, -1, -1, -1
420, 0, 83.03147469152589, 80.68930776121334, 116.59122793307611, 55.289725248814264, -1, -1, -1, -1
421, 0, 82.65588115514537, 80.69493117581186, 116.58806660641135, 55.285451340457115, -1, -1, -1, -1
422, 0, 82.28028761876485, 80.70055459041038, 116.58490527974655, 55.28117743209995, -1, -1, -1, -1
423, 0, 81.90469408238431, 80.7061780050089, 116.58174395308177, 55.27690352374279, -1, -1, -1, -1
424, 0, 81.52910054600378, 80.71180141960741, 116.57858262641699, 55.27262961538564, -1, -1, -1, -1
425, 0, 81.15350700962325, 80.71742483420593, 116.57542129975222, 55.26835570702849, -1, -1, -1, -1
426, 0, 80.77791347324272, 80.72304824880445, 116.57225997308744, 55.26408179867134, -1, -1, -1, -1
427, 0, 80.40231993686218, 80.72867166340296, 116.56909864642266, 55.25980789031419, -1, -1, -1, -1
428, 0, 80.02672640048166, 80.73429507800148, 116.5659373197579, 55.25553398195704, -1, -1, -1, -1
429, 0, 79.65113286410113, 80.7399184926, 116.56277599309311, 55.251260073599894, -1, -1, -1, -1
430, 0, 79.18889407064333, 80.74554190719999, 116.59304769648554, 55.24698616523988, -1, -1, -1, -1
431, 0, 78.72665527718554, 80.7511653218, 116.62331939987796, 55.24271225687987, -1, -1, -1, -1
432, 0, 78.26441648372776, 80.7567887364, 116.65359110327037, 55.23843834851988, -1, -1, -1, -1
433, 0, 77.80217769026996, 80.76241215099999, 116.6838628066628, 55.23416444015989, -1, -1, -1, -1
434, 0, 77.33993889681216, 80.7680355656, 116.71413451005523, 55.22989053179989, -1, -1, -1, -1
435, 0, 76.87770010335437, 80.7736589802, 116.74440621344765, 55.22561662343989, -1, -1, -1, -1
436, 0, 76.41546130989659, 80.77928239479999, 116.77467791684006, 55.22134271507988, -1, -1, -1, -1
437, 0, 75.95322251643879, 80.7849058094, 116.80494962023249, 55.217068806719865, -1, -1, -1, -1
438, 0, 75.49098372298099, 80.79052922400001, 116.83522132362492, 55.21279489835985, -1, -1, -1, -1
439, 0, 75.02874492952319, 80.7961526386, 116.86549302701735, 55.20852098999984, -1, -1, -1, -1
440, 0, 74.56650613606539, 80.8017760532, 116.89576473040978, 55.20424708163985, -1, -1, -1, -1
441, 0, 74.1042673426076, 80.8073994678, 116.9260364338022, 55.19997317327986, -1, -1, -1, -1
442, 0, 73.64202854914981, 80.81302288239999, 116.95630813719461, 55.19569926491986, -1, -1, -1, -1
443, 0, 73.17978975569201, 80.818646297, 116.98657984058704, 55.19142535655986, -1, -1, -1, -1
444, 0, 72.71755096223421, 80.82426971160001, 117.01685154397947, 55.18715144819985, -1, -1, -1, -1
445, 0, 72.25531216877643, 80.8298931262, 117.04712324737189, 55.182877539839836, -1, -1, -1, -1
446, 0, 71.79307337531864, 80.8355165408, 117.0773949507643, 55.17860363147983, -1, -1, -1, -1
447, 0, 71.33083458186084, 80.8411399554, 117.10766665415673, 55.174329723119826, -1, -1, -1, -1
448, 0, 70.86859578840304, 80.84676336999999, 117.13793835754916, 55.170055814759834, -1, -1, -1, -1
449, 0, 70.40635699494526, 80.8523867846, 117.16821006094158, 55.165781906399836, -1, -1, -1, -1
450, 0, 69.83252158342768, 80.85801019920126, 117.1665970163188, 55.16150799803866, -1, -1, -1, -1
451, 0, 69.25868617191009, 80.86363361380252, 117.16498397169605, 55.15723408967749, -1, -1, -1, -1
452, 0, 68.68485076039251, 80.86925702840378, 117.16337092707329, 55.15296018131633, -1, -1, -1, -1
453, 0, 68.11101534887493, 80.87488044300504, 117.16175788245053, 55.148686272955175, -1, -1, -1, -1
454, 0, 67.53717993735734, 80.8805038576063, 117.16014483782777, 55.144412364594004, -1, -1, -1, -1
455, 0, 66.96334452583976, 80.88612727220756, 117.158531793205, 55.14013845623283, -1, -1, -1, -1
456, 0, 66.38950911432218, 80.89175068680882, 117.15691874858226, 55.13586454787166, -1, -1, -1, -1
457, 0, 65.81567370280459, 80.89737410141008, 117.1553057039595, 55.13159063951049, -1, -1, -1, -1
458, 0, 65.24183829128701, 80.90299751601134, 117.15369265933673, 55.12731673114933, -1, -1, -1, -1
459, 0, 64.66800287976943, 80.90862093061261, 117.15207961471395, 55.123042822788165, -1, -1, -1, -1
460, 0, 64.09416746825184, 80.91424434521387, 117.1504665700912, 55.118768914426994, -1, -1, -1, -1
461, 0, 63.52033205673426, 80.91986775981513, 117.14885352546845, 55.11449500606582, -1, -1, -1, -1
462, 0, 62.946496645216676, 80.9254911744164, 117.14724048084568, 55.11022109770465, -1, -1, -1, -1
463, 0, 62.37266123369909, 80.93111458901765, 117.14562743622292, 55.10594718934348, -1, -1, -1, -1
464, 0, 61.79882582218151, 80.93673800361891, 117.14401439160017, 55.101673280982325, -1, -1, -1, -1
465, 0, 61.22499041066393, 80.94236141822017, 117.14240134697741, 55.09739937262117, -1, -1, -1, -1
466, 0, 60.65115499914634, 80.94798483282143, 117.14078830235465, 55.09312546426, -1, -1, -1, -1
467, 0, 60.077319587628764, 80.9536082474227, 117.13917525773188, 55.088851555898835, -1, -1, -1, -1
468, 0, 59.37428729990927, 80.95360824742167, 117.16889246929003, 55.06602765697161, -1, -1, -1, -1
469, 0, 58.67125501218978, 80.95360824742063, 117.19860968084816, 55.043203758044385, -1, -1, -1, -1
470, 0, 57.968222724470294, 80.9536082474196, 117.2283268924063, 55.02037985911717, -1, -1, -1, -1
471, 0, 57.2651904367508, 80.95360824741856, 117.25804410396444, 54.997555960189956, -1, -1, -1, -1
472, 0, 56.56215814903131, 80.95360824741752, 117.28776131552257, 54.97473206126272, -1, -1, -1, -1
473, 0, 55.859125861311824, 80.9536082474165, 117.31747852708072, 54.951908162335485, -1, -1, -1, -1
474, 0, 55.15609357359233, 80.95360824741547, 117.34719573863887, 54.929084263408264, -1, -1, -1, -1
475, 0, 54.45306128587284, 80.95360824741444, 117.37691295019701, 54.90626036448104, -1, -1, -1, -1
476, 0, 53.750028998153354, 80.9536082474134, 117.40663016175515, 54.88343646555383, -1, -1, -1, -1
477, 0, 53.04699671043386, 80.95360824741236, 117.43634737331328, 54.860612566626614, -1, -1, -1, -1
478, 0, 52.343964422714365, 80.95360824741132, 117.46606458487143, 54.83778866769939, -1, -1, -1, -1
479, 0, 51.64093213499488, 80.9536082474103, 117.49578179642958, 54.81496476877217, -1, -1, -1, -1
480, 0, 50.93789984727539, 80.95360824740926, 117.52549900798772, 54.79214086984496, -1, -1, -1, -1
481, 0, 50.234867559555894, 80.95360824740823, 117.55521621954584, 54.76931697091774, -1, -1, -1, -1
482, 0, 49.53183527183641, 80.9536082474072, 117.58493343110399, 54.74649307199052, -1, -1, -1, -1
483, 0, 48.82880298411692, 80.95360824740617, 117.61465064266213, 54.7236691730633, -1, -1, -1, -1
484, 0, 48.125770696397424, 80.95360824740513, 117.64436785422028, 54.700845274136064, -1, -1, -1, -1
485, 0, 47.42273840867794, 80.9536082474041, 117.67408506577843, 54.67802137520883, -1, -1, -1, -1
486, 0, 46.71970612095845, 80.95360824740307, 117.70380227733656, 54.655197476281614, -1, -1, -1, -1
487, 0, 46.016673833238954, 80.95360824740203, 117.73351948889469, 54.6323735773544, -1, -1, -1, -1
488, 0, 45.31364154551946, 80.95360824740101, 117.76323670045284, 54.60954967842718, -1, -1, -1, -1
489, 0, 44.61060925779997, 80.95360824739997, 117.79295391201097, 54.58672577949996, -1, -1, -1, -1
490, 0, 43.90757697008188, 80.95360824739994, 117.63052734376015, 54.56390188057851, -1, -1, -1, -1
491, 0, 43.20454468236379, 80.95360824739991, 117.46810077550934, 54.54107798165707, -1, -1, -1, -1
492, 0, 42.5015123946457, 80.95360824739988, 117.3056742072585, 54.51825408273562, -1, -1, -1, -1
493, 0, 41.798480106927606, 80.95360824739986, 117.14324763900768, 54.49543018381418, -1, -1, -1, -1
494, 0, 41.09544781920951, 80.95360824739983, 116.98082107075686, 54.472606284892734, -1, -1, -1, -1
495, 0, 40.39241553149142, 80.9536082473998, 116.81839450250604, 54.44978238597129, -1, -1, -1, -1
496, 0, 39.689383243773335, 80.95360824739976, 116.6559679342552, 54.42695848704985, -1, -1, -1, -1
497, 0, 38.98635095605524, 80.95360824739973, 116.49354136600437, 54.404134588128414, -1, -1, -1, -1
498, 0, 38.283318668337145, 80.9536082473997, 116.33111479775354, 54.38131068920697, -1, -1, -1, -1
499, 0, 37.58028638061906, 80.95360824739967, 116.16868822950273, 54.358486790285525, -1, -1, -1, -1
500, 0, 36.87725409290097, 80.95360824739964, 116.0062616612519, 54.33566289136408, -1, -1, -1, -1
501, 0, 36.174221805182874, 80.95360824739961, 115.84383509300108, 54.312838992442636, -1, -1, -1, -1
502, 0, 35.47118951746478, 80.95360824739959, 115.68140852475025, 54.29001509352119, -1, -1, -1, -1
503, 0, 34.76815722974669, 80.95360824739956, 115.51898195649945, 54.26719119459975, -1, -1, -1, -1
504, 0, 33.96249559403643, 80.95360824739959, 115.45764412662653, 54.244367295674756, -1, -1, -1, -1
505, 0, 33.156833958326175, 80.9536082473996, 115.39630629675362, 54.221543396749766, -1, -1, -1, -1
506, 0, 32.351172322615916, 80.95360824739961, 115.33496846688072, 54.198719497824776, -1, -1, -1, -1
507, 0, 31.545510686905654, 80.95360824739964, 115.27363063700784, 54.175895598899785, -1, -1, -1, -1
508, 0, 30.739849051195396, 80.95360824739967, 115.21229280713493, 54.153071699974795, -1, -1, -1, -1
509, 0, 29.934187415485138, 80.95360824739969, 115.15095497726203, 54.130247801049805, -1, -1, -1, -1
510, 0, 29.12852577977488, 80.9536082473997, 115.08961714738913, 54.107423902124815, -1, -1, -1, -1
511, 0, 28.32286414406462, 80.95360824739973, 115.02827931751622, 54.084600003199824, -1, -1, -1, -1
512, 0, 27.51720250835436, 80.95360824739976, 114.96694148764333, 54.061776104274834, -1, -1, -1, -1
513, 0, 26.7115408726441, 80.95360824739977, 114.90560365777043, 54.038952205349844, -1, -1, -1, -1
514, 0, 25.905879236933842, 80.95360824739979, 114.84426582789753, 54.01612830642487, -1, -1, -1, -1
515, 0, 25.100217601223584, 80.95360824739981, 114.78292799802463, 53.99330440749989, -1, -1, -1, -1
516, 0, 24.294555965513325, 80.95360824739984, 114.72159016815174, 53.9704805085749, -1, -1, -1, -1
517, 0, 23.488894329803067, 80.95360824739986, 114.66025233827884, 53.94765660964991, -1, -1, -1, -1
518, 0, 22.68323269409281, 80.95360824739987, 114.59891450840593, 53.92483271072492, -1, -1, -1, -1
519, 0, 21.87757105838255, 80.9536082473999, 114.53757667853301, 53.90200881179993, -1, -1, -1, -1
520, 0, 21.07190942267229, 80.95360824739993, 114.47623884866013, 53.87918491287494, -1, -1, -1, -1
521, 0, 20.26624778696203, 80.95360824739994, 114.41490101878725, 53.85636101394995, -1, -1, -1, -1
522, 0, 19.46058615125177, 80.95360824739996, 114.35356318891434, 53.83353711502495, -1, -1, -1, -1
523, 0, 18.654924515541513, 80.95360824739998, 114.29222535904142, 53.81071321609996, -1, -1, -1, -1
524, 0, 17.87963824955437, 80.95360824740226, 114.20578632829192, 53.78788931717038, -1, -1, -1, -1
525, 0, 17.10435198356723, 80.95360824740452, 114.11934729754242, 53.76506541824081, -1, -1, -1, -1
526, 0, 16.32906571758009, 80.95360824740679, 114.03290826679293, 53.74224151931122, -1, -1, -1, -1
527, 0, 15.553779451592948, 80.95360824740906, 113.94646923604343, 53.719417620381634, -1, -1, -1, -1
528, 0, 14.778493185605807, 80.95360824741132, 113.86003020529392, 53.696593721452054, -1, -1, -1, -1
529, 0, 14.003206919618668, 80.9536082474136, 113.7735911745444, 53.67376982252247, -1, -1, -1, -1
530, 0, 13.227920653631527, 80.95360824741587, 113.6871521437949, 53.650945923592886, -1, -1, -1, -1
531, 0, 12.452634387644386, 80.95360824741815, 113.6007131130454, 53.6281220246633, -1, -1, -1, -1
532, 0, 11.677348121657245, 80.95360824742042, 113.5142740822959, 53.60529812573371, -1, -1, -1, -1
533, 0, 10.902061855670103, 80.95360824742268, 113.4278350515464, 53.58247422680412, -1, -1, -1, -1
534, 0, 10.093284267786068, 80.9579967859541, 113.26142691115403, 53.562625973928775, -1, -1, -1, -1
535, 0, 9.28450667990203, 80.96238532448552, 113.09501877076167, 53.542777721053426, -1, -1, -1, -1
536, 0, 8.475729092017993, 80.96677386301695, 112.9286106303693, 53.52292946817807, -1, -1, -1, -1
537, 0, 7.666951504133957, 80.97116240154837, 112.76220248997694, 53.503081215302714, -1, -1, -1, -1
538, 0, 6.858173916249921, 80.97555094007978, 112.5957943495846, 53.48323296242736, -1, -1, -1, -1
539, 0, 6.0493963283658845, 80.97993947861121, 112.42938620919223, 53.463384709552, -1, -1, -1, -1
540, 0, 5.240618740481848, 80.98432801714263, 112.26297806879987, 53.44353645667664, -1, -1, -1, -1
541, 0, 4.431841152597811, 80.98871655567405, 112.09656992840752, 53.42368820380128, -1, -1, -1, -1
542, 0, 3.623063564713775, 80.99310509420548, 111.93016178801516, 53.40383995092592, -1, -1, -1, -1
543, 0, 2.814285976829739, 80.99749363273689, 111.76375364762279, 53.383991698050565, -1, -1, -1, -1
544, 0, 2.005508388945702, 81.0018821712683, 111.59734550723044, 53.364143445175216, -1, -1, -1, -1
545, 0, 1.196730801061665, 81.00627070979974, 111.43093736683808, 53.34429519229986, -1, -1, -1, -1
546, 0, 0.5983654005308325, 81.01065924834984, 111.05411703911892, 53.32444693939988, -1, -1, -1, -1
547, 0, 0, 81.01504778689993, 110.67729671139978, 53.304598686499894, -1, -1, -1, -1
548, 0, 0.0, 81.01943632542815, 109.70211098311418, 53.28475043362518, -1, -1, -1, -1
549, 0, 0.0, 81.02382486395636, 108.7269252548286, 53.26490218075047, -1, -1, -1, -1
550, 0, 0.0, 81.02821340248458, 107.75173952654302, 53.24505392787577, -1, -1, -1, -1
551, 0, 0.0, 81.0326019410128, 106.77655379825742, 53.22520567500108, -1, -1, -1, -1
552, 0, 0.0, 81.03699047954102, 105.80136806997183, 53.20535742212637, -1, -1, -1, -1
553, 0, 0.0, 81.04137901806924, 104.82618234168625, 53.18550916925166, -1, -1, -1, -1
554, 0, 0.0, 81.04576755659745, 103.85099661340067, 53.16566091637695, -1, -1, -1, -1
555, 0, 0.0, 81.05015609512567, 102.87581088511507, 53.14581266350224, -1, -1, -1, -1
556, 0, 0.0, 81.05454463365389, 101.90062515682948, 53.125964410627546, -1, -1, -1, -1
557, 0, 0.0, 81.05893317218211, 100.9254394285439, 53.10611615775285, -1, -1, -1, -1
558, 0, 0.0, 81.06332171071033, 99.95025370025832, 53.08626790487814, -1, -1, -1, -1
559, 0, 0.0, 81.06771024923854, 98.97506797197272, 53.06641965200343, -1, -1, -1, -1
560, 0, 0.0, 81.07209878776676, 97.99988224368713, 53.04657139912872, -1, -1, -1, -1
561, 0, 0.0, 81.07648732629498, 97.02469651540154, 53.026723146254014, -1, -1, -1, -1
562, 0, 0.0, 81.0808758648232, 96.04951078711596, 53.006874893379305, -1, -1, -1, -1
563, 0, 0.0, 81.08526440335142, 95.07432505883037, 52.987026640504595, -1, -1, -1, -1
564, 0, 0.0, 81.08965294187963, 94.09913933054477, 52.9671783876299, -1, -1, -1, -1
565, 0, 0.0, 81.09404148040785, 93.12395360225919, 52.947330134755205, -1, -1, -1, -1
566, 0, 0.0, 81.09843001893607, 92.14876787397361, 52.927481881880496, -1, -1, -1, -1
567, 0, 0, 81.10281855746429, 91.17358214568802, 52.907633629005794, -1, -1, -1, -1
568, 0, 6.008939050806259e-17, 81.09889150475918, 90.09871411368434, 52.85872010347049, -1, -1, -1, -1
569, 0, 1.2017878101612518e-16, 81.09496445205407, 89.02384608168067, 52.80980657793519, -1, -1, -1, -1
570, 0, 1.802681715241878e-16, 81.09103739934898, 87.94897804967701, 52.76089305239987, -1, -1, -1, -1
571, 0, 2.4035756203225037e-16, 81.08711034664387, 86.87411001767335, 52.71197952686455, -1, -1, -1, -1
572, 0, 3.00446952540313e-16, 81.08318329393876, 85.79924198566968, 52.663066001329256, -1, -1, -1, -1
573, 0, 3.605363430483756e-16, 81.07925624123365, 84.724373953666, 52.61415247579396, -1, -1, -1, -1
574, 0, 4.2062573355643816e-16, 81.07532918852854, 83.64950592166232, 52.565238950258646, -1, -1, -1, -1
575, 0, 4.807151240645007e-16, 81.07140213582343, 82.57463788965866, 52.516325424723334, -1, -1, -1, -1
576, 0, 5.408045145725633e-16, 81.06747508311832, 81.499769857655, 52.467411899188036, -1, -1, -1, -1
577, 0, 6.008939050806259e-16, 81.06354803041322, 80.42490182565133, 52.41849837365274, -1, -1, -1, -1
578, 0, 6.609832955886886e-16, 81.05962097770811, 79.35003379364767, 52.36958484811743, -1, -1, -1, -1
579, 0, 7.210726860967512e-16, 81.055693925003, 78.27516576164399, 52.320671322582115, -1, -1, -1, -1
580, 0, 7.811620766048137e-16, 81.05176687229789, 77.20029772964031, 52.27175779704681, -1, -1, -1, -1
581, 0, 8.412514671128763e-16, 81.0478398195928, 76.12542969763665, 52.222844271511505, -1, -1, -1, -1
582, 0, 9.013408576209389e-16, 81.04391276688769, 75.05056166563298, 52.17393074597621, -1, -1, -1, -1
583, 0, 9.614302481290015e-16, 81.03998571418258, 73.97569363362932, 52.12501722044091, -1, -1, -1, -1
584, 0, 1.021519638637064e-15, 81.03605866147747, 72.90082560162566, 52.0761036949056, -1, -1, -1, -1
585, 0, 1.0816090291451266e-15, 81.03213160877236, 71.82595756962198, 52.027190169370286, -1, -1, -1, -1
586, 0, 1.1416984196531892e-15, 81.02820455606727, 70.75108953761831, 51.97827664383498, -1, -1, -1, -1
587, 0, 1.2017878101612518e-15, 81.02427750336216, 69.67622150561465, 51.929363118299676, -1, -1, -1, -1
588, 0, 1.2618772006693144e-15, 81.02035045065705, 68.60135347361097, 51.880449592764364, -1, -1, -1, -1
589, 0, 1.321966591177377e-15, 81.01642339795194, 67.5264854416073, 51.83153606722905, -1, -1, -1, -1
590, 0, 1.3820559816854395e-15, 81.01249634524683, 66.45161740960364, 51.782622541693755, -1, -1, -1, -1
591, 0, 1.4421453721935021e-15, 81.00856929254172, 65.37674937759996, 51.73370901615846, -1, -1, -1, -1
592, 0, 7.210726860967511e-16, 82.11208072369516, 64.30188134559626, 50.57735700674789, -1, -1, -1, -1
593, 0, 0, 83.21559215484861, 63.227013313592536, 49.42100499733731, -1, -1, -1, -1
594, 0, 0.0, 83.19850746900147, 62.07398760618156, 49.34537649739515, -1, -1, -1, -1
595, 0, 0.0, 83.18142278315433, 60.92096189877059, 49.269747997452995, -1, -1, -1, -1
596, 0, 0.0, 83.1643380973072, 59.767936191359624, 49.19411949751084, -1, -1, -1, -1
597, 0, 0.0, 83.14725341146006, 58.614910483948655, 49.118490997568685, -1, -1, -1, -1
598, 0, 0.0, 83.13016872561292, 57.46188477653769, 49.04286249762652, -1, -1, -1, -1
599, 0, 0.0, 83.11308403976577, 56.30885906912671, 48.96723399768436, -1, -1, -1, -1
600, 0, 0.0, 83.09599935391863, 55.155833361715736, 48.891605497742205, -1, -1, -1, -1
601, 0, 0.0, 83.07891466807149, 54.00280765430477, 48.81597699780005, -1, -1, -1, -1
602, 0, 0.0, 83.06182998222435, 52.8497819468938, 48.740348497857894, -1, -1, -1, -1
603, 0, 0.0, 83.04474529637722, 51.69675623948282, 48.66471999791574, -1, -1, -1, -1
604, 0, 0.0, 83.02766061053008, 50.543730532071855, 48.589091497973584, -1, -1, -1, -1
605, 0, 0.0, 83.01057592468294, 49.39070482466089, 48.51346299803143, -1, -1, -1, -1
606, 0, 0.0, 82.9934912388358, 48.23767911724991, 48.43783449808927, -1, -1, -1, -1
607, 0, 0.0, 82.97640655298866, 47.08465340983894, 48.36220599814712, -1, -1, -1, -1
608, 0, 0.0, 82.95932186714151, 45.931627702427974, 48.286577498204956, -1, -1, -1, -1
609, 0, 0.0, 82.94223718129437, 44.778601995017, 48.21094899826279, -1, -1, -1, -1
610, 0, 0.0, 82.92515249544724, 43.62557628760603, 48.13532049832064, -1, -1, -1, -1
611, 0, 0.0, 82.9080678096001, 42.47255058019506, 48.05969199837848, -1, -1, -1, -1
612, 0, 0.0, 82.89098312375296, 41.319524872784086, 47.98406349843633, -1, -1, -1, -1
613, 0, 0, 82.87389843790582, 40.16649916537312, 47.908434998494165, -1, -1, -1, -1
614, 0, 4.9444984189491506e-15, 82.96440578185133, 38.93523268378655, 47.72521446874869, -1, -1, -1, -1
615, 0, 9.888996837898301e-15, 83.05491312579684, 37.703966202199986, 47.54199393900322, -1, -1, -1, -1
616, 0, 8.240830698248584e-15, 83.66465902626007, 36.47269972060721, 46.83953485274822, -1, -1, -1, -1
617, 0, 6.592664558598868e-15, 84.27440492672328, 35.241433239014434, 46.137075766493226, -1, -1, -1, -1
618, 0, 4.9444984189491506e-15, 84.8841508271865, 34.01016675742166, 45.434616680238236, -1, -1, -1, -1
619, 0, 3.296332279299434e-15, 85.49389672764973, 32.77890027582888, 44.732157593983246, -1, -1, -1, -1
620, 0, 1.648166139649717e-15, 86.10364262811294, 31.547633794236106, 44.02969850772825, -1, -1, -1, -1
621, 0, 0, 86.71338852857616, 30.316367312643326, 43.32723942147325, -1, -1, -1, -1
622, 0, 3.571026635907728e-15, 86.75828703460891, 29.085960738452783, 43.13481152409828, -1, -1, -1, -1
623, 0, 7.142053271815456e-15, 86.80318554064166, 27.85555416426224, 42.94238362672331, -1, -1, -1, -1
624, 0, 1.0713079907723183e-14, 86.84808404667442, 26.6251475900717, 42.74995572934835, -1, -1, -1, -1
625, 0, 1.428410654363091e-14, 86.89298255270718, 25.394741015881156, 42.55752783197339, -1, -1, -1, -1
626, 0, 1.7855133179538638e-14, 86.93788105873993, 24.164334441690613, 42.36509993459842, -1, -1, -1, -1
627, 0, 2.1426159815446367e-14, 86.98277956477268, 22.93392786750007, 42.17267203722344, -1, -1, -1, -1
628, 0, 1.0713079907723183e-14, 87.01907203411008, 21.703521293300028, 42.26338210983501, -1, -1, -1, -1
629, 0, 0, 87.05536450344746, 20.473114719099986, 42.354092182446564, -1, -1, -1, -1
630, 0, 0.0, 87.07218552690209, 19.242708144899986, 41.58805863676659, -1, -1, -1, -1
631, 0, 0, 87.08900655035671, 18.01230157069999, 40.82202509108661, -1, -1, -1, -1
632, 0, 0.0, 87.43184498069317, 16.781894996516648, 40.360499172095146, -1, -1, -1, -1
633, 0, 0.0, 87.77468341102963, 15.551488422333305, 39.89897325310369, -1, -1, -1, -1
634, 0, 0.0, 88.11752184136608, 14.321081848149962, 39.43744733411224, -1, -1, -1, -1
635, 0, 0.0, 88.46036027170254, 13.090675273966621, 38.975921415120794, -1, -1, -1, -1
636, 0, 0.0, 88.803198702039, 11.86026869978328, 38.51439549612934, -1, -1, -1, -1
637, 0, 0, 89.14603713237545, 10.629862125599939, 38.05286957713788, -1, -1, -1, -1
638, 0, 0.0, 89.1400808324182, 9.399455551399956, 38.38759969069541, -1, -1, -1, -1
639, 0, 0, 89.13412453246096, 8.169048977199973, 38.72232980425294, -1, -1, -1, -1
640, 0, 0.0, 90.10445937872717, 6.9386424030030724, 34.08685044597321, -1, -1, -1, -1
641, 0, 0.0, 91.07479422499337, 5.708235828806172, 29.451371087693488, -1, -1, -1, -1
642, 0, 0.0, 92.04512907125957, 4.477829254609272, 24.815891729413757, -1, -1, -1, -1
643, 0, 0, 93.01546391752578, 3.247422680412371, 20.18041237113402, -1, -1, -1, -1
644, 0, 0.0, 93.01546391752578, 3.247422680412371, 20.18041237113402, -1, -1, -1, -1
