97, 0, 236.8298969072165, 36.18556701030928, 3.17010309278347, 17.860824742268044, -1, -1, -1, -1
98, 0, 236.45779639175296, 35.85391734456891, 3.542203608246999, 18.673877755645222, -1, -1, -1, -1
99, 0, 236.08569587628944, 35.52226767882854, 3.914304123710529, 19.4869307690224, -1, -1, -1, -1
100, 0, 235.7135953608259, 35.19061801308818, 4.286404639174059, 20.29998378239958, -1, -1, -1, -1
101, 0, 235.34149484536238, 34.85896834734781, 4.658505154637588, 21.11303679577676, -1, -1, -1, -1
102, 0, 234.96939432989885, 34.52731868160744, 5.030605670101117, 21.926089809153943, -1, -1, -1, -1
103, 0, 234.59729381443532, 34.195669015867075, 5.402706185564647, 22.73914282253112, -1, -1, -1, -1
104, 0, 234.2251932989718, 33.86401935012671, 5.774806701028178, 23.5521958359083, -1, -1, -1, -1
105, 0, 233.85309278350826, 33.53236968438634, 6.146907216491707, 24.36524884928548, -1, -1, -1, -1
106, 0, 233.48099226804473, 33.20072001864597, 6.519007731955236, 25.178301862662657, -1, -1, -1, -1
107, 0, 233.1088917525812, 32.8690703529056, 6.8911082474187655, 25.991354876039836, -1, -1, -1, -1
108, 0, 232.73679123711767, 32.53742068716524, 7.263208762882295, 26.804407889417014, -1, -1, -1, -1
109, 0, 232.36469072165414, 32.205771021424866, 7.635309278345825, 27.617460902794196, -1, -1, -1, -1
110, 0, 231.9925902061906, 31.8741213556845, 8.007409793809355, 28.43051391617138, -1, -1, -1, -1
111, 0, 231.62048969072708, 31.542471689944133, 8.379510309272884, 29.243566929548557, -1, -1, -1, -1
112, 0, 231.24838917526355, 31.210822024203765, 8.751610824736414, 30.056619942925735, -1, -1, -1, -1
113, 0, 230.87628865980003, 30.8791723584634, 9.123711340199943, 30.869672956302914, -1, -1, -1, -1
114, 0, 230.5041881443344, 30.843071424681423, 9.49581185566557, 31.065550676476683, -1, -1, -1, -1
115, 0, 230.13208762886876, 30.806970490899445, 9.867912371131197, 31.26142839665045, -1, -1, -1, -1
116, 0, 229.7599871134031, 30.77086955711747, 10.240012886596825, 31.45730611682422, -1, -1, -1, -1
117, 0, 229.38788659793747, 30.734768623335494, 10.612113402062452, 31.65318383699799, -1, -1, -1, -1
118, 0, 229.01578608247183, 30.698667689553517, 10.984213917528079, 31.84906155717176, -1, -1, -1, -1
119, 0, 228.64368556700617, 30.662566755771543, 11.356314432993706, 32.04493927734553, -1, -1, -1, -1
120, 0, 228.27158505154054, 30.626465821989566, 11.728414948459335, 32.240816997519296, -1, -1, -1, -1
121, 0, 227.8994845360749, 30.59036488820759, 12.100515463924962, 32.436694717693065, -1, -1, -1, -1
122, 0, 227.52738402060928, 30.55426395442561, 12.47261597939059, 32.632572437866834, -1, -1, -1, -1
123, 0, 227.15528350514364, 30.518163020643634, 12.844716494856218, 32.8284501580406, -1, -1, -1, -1
124, 0, 226.78318298967798, 30.48206208686166, 13.216817010321845, 33.02432787821437, -1, -1, -1, -1
125, 0, 226.41108247421235, 30.445961153079683, 13.588917525787473, 33.22020559838814, -1, -1, -1, -1
126, 0, 226.03898195874672, 30.409860219297705, 13.9610180412531, 33.41608331856191, -1, -1, -1, -1
127, 0, 225.66688144328106, 30.37375928551573, 14.333118556718727, 33.61196103873568, -1, -1, -1, -1
128, 0, 225.29478092781542, 30.337658351733754, 14.705219072184354, 33.80783875890945, -1, -1, -1, -1
129, 0, 224.9226804123498, 30.301557417951777, 15.077319587649981, 34.00371647908322, -1, -1, -1, -1
130, 0, 224.55057989688416, 30.2654564841698, 15.449420103115607, 34.19959419925699, -1, -1, -1, -1
131, 0, 224.17847938141853, 30.229355550387822, 15.821520618581232, 34.39547191943076, -1, -1, -1, -1
132, 0, 223.80637886595287, 30.19325461660585, 16.193621134046857, 34.59134963960453, -1, -1, -1, -1
133, 0, 223.43427835048723, 30.15715368282387, 16.565721649512483, 34.7872273597783, -1, -1, -1, -1
134, 0, 223.0621778350216, 30.121052749041894, 16.937822164978108, 34.98310507995207, -1, -1, -1, -1
135, 0, 222.69007731955594, 30.08495181525992, 17.309922680443734, 35.17898280012584, -1, -1, -1, -1
136, 0, 222.3179768040903, 30.048850881477943, 17.68202319590936, 35.374860520299606, -1, -1, -1, -1
137, 0, 221.94587628862467, 30.012749947695966, 18.054123711374984, 35.570738240473375, -1, -1, -1, -1
138, 0, 221.57377577315904, 29.97664901391399, 18.42622422684061, 35.766615960647144, -1, -1, -1, -1
139, 0, 221.2016752576934, 29.94054808013201, 18.798324742306235, 35.96249368082091, -1, -1, -1, -1
140, 0, 220.82957474222778, 29.904447146350037, 19.17042525777186, 36.15837140099468, -1, -1, -1, -1
141, 0, 220.45747422676214, 29.86834621256806, 19.542525773237486, 36.35424912116846, -1, -1, -1, -1
142, 0, 220.0853737112965, 29.832245278786083, 19.91462628870311, 36.550126841342234, -1, -1, -1, -1
143, 0, 219.71327319583088, 29.79614434500411, 20.286726804168737, 36.746004561516, -1, -1, -1, -1
144, 0, 219.34117268036522, 29.76004341122213, 20.658827319634362, 36.94188228168977, -1, -1, -1, -1
145, 0, 218.9690721648996, 29.723942477440154, 21.030927835099984, 37.13776000186354, -1, -1, -1, -1
146, 0, 218.59697164943708, 29.6076317674122, 21.403028350562487, 37.26736857690388, -1, -1, -1, -1
147, 0, 218.2248711339746, 29.491321057384248, 21.775128866024986, 37.39697715194421, -1, -1, -1, -1
148, 0, 217.85277061851212, 29.375010347356294, 22.147229381487485, 37.52658572698455, -1, -1, -1, -1
149, 0, 217.48067010304965, 29.25869963732834, 22.519329896949984, 37.656194302024886, -1, -1, -1, -1
150, 0, 217.10856958758717, 29.142388927300388, 22.891430412412483, 37.78580287706522, -1, -1, -1, -1
151, 0, 216.73646907212466, 29.026078217272435, 23.26353092787498, 37.91541145210556, -1, -1, -1, -1
152, 0, 216.36436855666216, 28.90976750724448, 23.63563144333748, 38.045020027145895, -1, -1, -1, -1
153, 0, 215.99226804119968, 28.793456797216532, 24.00773195879998, 38.17462860218624, -1, -1, -1, -1
154, 0, 215.6201675257372, 28.677146087188582, 24.37983247426248, 38.30423717722658, -1, -1, -1, -1
155, 0, 215.24806701027472, 28.56083537716063, 24.751932989724978, 38.43384575226692, -1, -1, -1, -1
156, 0, 214.87596649481225, 28.444524667132676, 25.124033505187477, 38.563454327307255, -1, -1, -1, -1
157, 0, 214.50386597934974, 28.328213957104722, 25.496134020649976, 38.69306290234759, -1, -1, -1, -1
158, 0, 214.13176546388723, 28.21190324707677, 25.868234536112475, 38.82267147738793, -1, -1, -1, -1
159, 0, 213.75966494842476, 28.095592537048816, 26.240335051574974, 38.952280052428264, -1, -1, -1, -1
160, 0, 213.38756443296228, 27.979281827020863, 26.612435567037473, 39.0818886274686, -1, -1, -1, -1
161, 0, 213.0154639174998, 27.86297111699291, 26.98453608249997, 39.21149720250894, -1, -1, -1, -1
162, 0, 212.64336340203732, 27.746660406964956, 27.35663659796247, 39.341105777549274, -1, -1, -1, -1
163, 0, 212.27126288657485, 27.630349696937003, 27.728737113424966, 39.47071435258961, -1, -1, -1, -1
164, 0, 211.89916237111237, 27.51403898690905, 28.10083762888746, 39.600322927629946, -1, -1, -1, -1
165, 0, 211.52706185564986, 27.397728276881097, 28.47293814434996, 39.72993150267029, -1, -1, -1, -1
166, 0, 211.15496134018736, 27.281417566853143, 28.84503865981246, 39.85954007771063, -1, -1, -1, -1
167, 0, 210.78286082472488, 27.16510685682519, 29.21713917527496, 39.98914865275097, -1, -1, -1, -1
168, 0, 210.4107603092624, 27.048796146797237, 29.589239690737458, 40.118757227791306, -1, -1, -1, -1
169, 0, 210.03865979379992, 26.932485436769287, 29.961340206199953, 40.24836580283164, -1, -1, -1, -1
170, 0, 209.66655927833744, 26.816174726741338, 30.33344072166245, 40.37797437787198, -1, -1, -1, -1
171, 0, 209.29445876287497, 26.699864016713384, 30.705541237124947, 40.507582952912315, -1, -1, -1, -1
172, 0, 208.9223582474125, 26.58355330668543, 31.077641752587446, 40.63719152795265, -1, -1, -1, -1
173, 0, 208.55025773194998, 26.467242596657478, 31.449742268049945, 40.76680010299299, -1, -1, -1, -1
174, 0, 208.17815721648748, 26.350931886629525, 31.821842783512444, 40.896408678033325, -1, -1, -1, -1
175, 0, 207.806056701025, 26.23462117660157, 32.19394329897494, 41.02601725307366, -1, -1, -1, -1
176, 0, 207.43395618556252, 26.118310466573618, 32.566043814437435, 41.155625828114, -1, -1, -1, -1
177, 0, 207.06185567010004, 26.001999756545665, 32.938144329899934, 41.28523440315434, -1, -1, -1, -1
178, 0, 206.68975515463632, 25.986088689287335, 33.310244845363655, 41.31444333543142, -1, -1, -1, -1
179, 0, 206.3176546391726, 25.970177622029006, 33.682345360827384, 41.34365226770851, -1, -1, -1, -1
180, 0, 205.94555412370886, 25.954266554770676, 34.05444587629111, 41.372861199985586, -1, -1, -1, -1
181, 0, 205.57345360824513, 25.938355487512343, 34.42654639175484, 41.402070132262665, -1, -1, -1, -1
182, 0, 205.2013530927814, 25.92244442025401, 34.79864690721857, 41.431279064539744, -1, -1, -1, -1
183, 0, 204.82925257731767, 25.90653335299568, 35.1707474226823, 41.46048799681682, -1, -1, -1, -1
184, 0, 204.45715206185395, 25.89062228573735, 35.542847938146025, 41.4896969290939, -1, -1, -1, -1
185, 0, 204.08505154639022, 25.87471121847902, 35.914948453609746, 41.51890586137098, -1, -1, -1, -1
186, 0, 203.7129510309265, 25.85880015122069, 36.28704896907347, 41.54811479364806, -1, -1, -1, -1
187, 0, 203.34085051546276, 25.84288908396236, 36.659149484537195, 41.57732372592514, -1, -1, -1, -1
188, 0, 202.96874999999903, 25.826978016704025, 37.031250000000924, 41.60653265820223, -1, -1, -1, -1
189, 0, 202.5966494845353, 25.811066949445696, 37.40335051546465, 41.635741590479306, -1, -1, -1, -1
190, 0, 202.22454896907158, 25.795155882187366, 37.77545103092838, 41.664950522756385, -1, -1, -1, -1
191, 0, 201.85244845360785, 25.779244814929037, 38.14755154639211, 41.69415945503347, -1, -1, -1, -1
192, 0, 201.48034793814412, 25.763333747670707, 38.51965206185584, 41.72336838731055, -1, -1, -1, -1
193, 0, 201.10824742268042, 25.747422680412374, 38.89175257731956, 41.75257731958763, -1, -1, -1, -1
194, 0, 200.68782216494844, 25.732925257731964, 39.312177835051514, 41.77287371134021, -1, -1, -1, -1
195, 0, 200.2673969072165, 25.71842783505155, 39.73260309278348, 41.793170103092784, -1, -1, -1, -1
196, 0, 199.84697164948454, 25.703930412371136, 40.153028350515434, 41.81346649484536, -1, -1, -1, -1
197, 0, 199.4265463917526, 25.689432989690722, 40.57345360824739, 41.83376288659794, -1, -1, -1, -1
198, 0, 199.00612113402065, 25.67493556701031, 40.99387886597935, 41.85405927835052, -1, -1, -1, -1
199, 0, 198.58569587628867, 25.6604381443299, 41.414304123711304, 41.87435567010309, -1, -1, -1, -1
200, 0, 198.1652706185567, 25.645940721649488, 41.83472938144326, 41.894652061855666, -1, -1, -1, -1
201, 0, 197.74484536082474, 25.631443298969074, 42.25515463917522, 41.91494845360825, -1, -1, -1, -1
202, 0, 197.3244201030928, 25.61694587628866, 42.67557989690717, 41.93524484536083, -1, -1, -1, -1
203, 0, 196.90399484536084, 25.60244845360825, 43.09600515463913, 41.9555412371134, -1, -1, -1, -1
204, 0, 196.4835695876289, 25.58795103092784, 43.51643041237109, 41.975837628865975, -1, -1, -1, -1
205, 0, 196.06314432989691, 25.573453608247426, 43.93685567010305, 41.996134020618555, -1, -1, -1, -1
206, 0, 195.64271907216494, 25.558956185567013, 44.357280927835006, 42.016430412371136, -1, -1, -1, -1
207, 0, 195.222293814433, 25.5444587628866, 44.77770618556697, 42.03672680412371, -1, -1, -1, -1
208, 0, 194.80186855670104, 25.529961340206185, 45.19813144329893, 42.05702319587628, -1, -1, -1, -1
209, 0, 194.3814432989691, 25.515463917525775, 45.61855670103088, 42.077319587628864, -1, -1, -1, -1
210, 0, 193.96101804123714, 25.500966494845365, 46.03898195876284, 42.097615979381445, -1, -1, -1, -1
211, 0, 193.5405927835052, 25.48646907216495, 46.459407216494796, 42.11791237113402, -1, -1, -1, -1
212, 0, 193.12016752577324, 25.471971649484537, 46.87983247422676, 42.13820876288659, -1, -1, -1, -1
213, 0, 192.69974226804126, 25.457474226804123, 47.300257731958716, 42.15850515463917, -1, -1, -1, -1
214, 0, 192.27931701030928, 25.44297680412371, 47.72068298969067, 42.17880154639175, -1, -1, -1, -1
215, 0, 191.85889175257734, 25.4284793814433, 48.141108247422636, 42.199097938144334, -1, -1, -1, -1
216, 0, 191.4384664948454, 25.41398195876289, 48.56153350515459, 42.219394329896915, -1, -1, -1, -1
217, 0, 191.01804123711344, 25.399484536082475, 48.98195876288655, 42.23969072164949, -1, -1, -1, -1
218, 0, 190.5976159793815, 25.38498711340206, 49.402384020618506, 42.25998711340206, -1, -1, -1, -1
219, 0, 190.1771907216495, 25.37048969072165, 49.82280927835046, 42.28028350515464, -1, -1, -1, -1
220, 0, 189.75676546391753, 25.35599226804124, 50.243234536082426, 42.30057989690722, -1, -1, -1, -1
221, 0, 189.33634020618558, 25.341494845360828, 50.66365979381438, 42.320876288659804, -1, -1, -1, -1
222, 0, 188.91591494845363, 25.326997422680414, 51.08408505154634, 42.341172680412384, -1, -1, -1, -1
223, 0, 188.49548969072168, 25.3125, 51.5045103092783, 42.36146907216496, -1, -1, -1, -1
224, 0, 188.07506443298973, 25.298002577319586, 51.92493556701026, 42.38176546391753, -1, -1, -1, -1
225, 0, 187.65463917525776, 25.283505154639176, 52.345360824742215, 42.40206185567011, -1, -1, -1, -1
226, 0, 187.23421391752578, 25.269007731958766, 52.76578608247418, 42.42235824742269, -1, -1, -1, -1
227, 0, 186.81378865979383, 25.254510309278352, 53.186211340206135, 42.44265463917527, -1, -1, -1, -1
228, 0, 186.39336340206188, 25.24001288659794, 53.60663659793809, 42.46295103092784, -1, -1, -1, -1
229, 0, 185.97293814432993, 25.225515463917525, 54.027061855670055, 42.48324742268042, -1, -1, -1, -1
230, 0, 185.55251288659798, 25.21101804123711, 54.44748711340202, 42.503543814432994, -1, -1, -1, -1
231, 0, 185.132087628866, 25.1965206185567, 54.867912371133976, 42.52384020618557, -1, -1, -1, -1
232, 0, 184.71166237113403, 25.18202319587629, 55.28833762886593, 42.54413659793815, -1, -1, -1, -1
233, 0, 184.29123711340208, 25.167525773195877, 55.708762886597896, 42.56443298969072, -1, -1, -1, -1
234, 0, 183.87081185567013, 25.153028350515463, 56.12918814432986, 42.584729381443296, -1, -1, -1, -1
235, 0, 183.45038659793818, 25.138530927835053, 56.549613402061816, 42.60502577319588, -1, -1, -1, -1
236, 0, 183.02996134020623, 25.124033505154642, 56.97003865979377, 42.62532216494845, -1, -1, -1, -1
237, 0, 182.60953608247425, 25.10953608247423, 57.390463917525736, 42.645618556701024, -1, -1, -1, -1
238, 0, 182.18911082474227, 25.095038659793815, 57.8108891752577, 42.665914948453604, -1, -1, -1, -1
239, 0, 181.76868556701032, 25.080541237113405, 58.231314432989656, 42.68621134020618, -1, -1, -1, -1
240, 0, 181.34826030927837, 25.066043814432994, 58.65173969072161, 42.70650773195875, -1, -1, -1, -1
241, 0, 180.92783505154642, 25.05154639175258, 59.072164948453576, 42.72680412371133, -1, -1, -1, -1
242, 0, 180.50740979381447, 25.037048969072167, 59.49259020618554, 42.74710051546391, -1, -1, -1, -1
243, 0, 180.0869845360825, 25.022551546391757, 59.913015463917496, 42.76739690721649, -1, -1, -1, -1
244, 0, 179.66655927835052, 25.008054123711347, 60.33344072164945, 42.78769329896906, -1, -1, -1, -1
245, 0, 179.24613402061857, 24.993556701030933, 60.753865979381416, 42.80798969072164, -1, -1, -1, -1
246, 0, 178.82570876288662, 24.97905927835052, 61.17429123711338, 42.82828608247422, -1, -1, -1, -1
247, 0, 178.40528350515467, 24.964561855670105, 61.594716494845336, 42.848582474226795, -1, -1, -1, -1
248, 0, 177.98485824742272, 24.95006443298969, 62.01514175257729, 42.86887886597937, -1, -1, -1, -1
249, 0, 177.56443298969074, 24.93556701030928, 62.435567010309256, 42.88917525773195, -1, -1, -1, -1
250, 0, 177.14400773195877, 24.92106958762887, 62.85599226804122, 42.90947164948453, -1, -1, -1, -1
251, 0, 176.72358247422682, 24.906572164948457, 63.27641752577318, 42.929768041237104, -1, -1, -1, -1
252, 0, 176.30315721649487, 24.892074742268044, 63.69684278350513, 42.95006443298968, -1, -1, -1, -1
253, 0, 175.88273195876292, 24.87757731958763, 64.1172680412371, 42.97036082474226, -1, -1, -1, -1
254, 0, 175.46230670103097, 24.863079896907216, 64.53769329896906, 42.99065721649484, -1, -1, -1, -1
255, 0, 175.041881443299, 24.848582474226806, 64.95811855670101, 43.01095360824742, -1, -1, -1, -1
256, 0, 174.621456185567, 24.834085051546396, 65.37854381443297, 43.03125, -1, -1, -1, -1
257, 0, 174.20103092783506, 24.819587628865982, 65.79896907216494, 43.051546391752574, -1, -1, -1, -1
258, 0, 173.7806056701031, 24.805090206185568, 66.21939432989689, 43.07184278350515, -1, -1, -1, -1
259, 0, 173.36018041237116, 24.790592783505158, 66.63981958762885, 43.09213917525773, -1, -1, -1, -1
260, 0, 172.93975515463922, 24.776095360824748, 67.06024484536081, 43.11243556701031, -1, -1, -1, -1
261, 0, 172.51932989690724, 24.761597938144334, 67.48067010309276, 43.13273195876289, -1, -1, -1, -1
262, 0, 172.09890463917526, 24.74710051546392, 67.90109536082471, 43.15302835051547, -1, -1, -1, -1
263, 0, 171.6784793814433, 24.732603092783506, 68.32152061855668, 43.17332474226804, -1, -1, -1, -1
264, 0, 171.25805412371136, 24.718105670103093, 68.74194587628864, 43.19362113402062, -1, -1, -1, -1
265, 0, 170.8376288659794, 24.703608247422682, 69.16237113402059, 43.2139175257732, -1, -1, -1, -1
266, 0, 170.41720360824746, 24.689110824742272, 69.58279639175254, 43.23421391752578, -1, -1, -1, -1
267, 0, 169.99677835051548, 24.67461340206186, 70.0032216494845, 43.25451030927835, -1, -1, -1, -1
268, 0, 169.5763530927835, 24.660115979381445, 70.42364690721647, 43.274806701030926, -1, -1, -1, -1
269, 0, 169.15592783505156, 24.64561855670103, 70.84407216494841, 43.295103092783506, -1, -1, -1, -1
270, 0, 168.7355025773196, 24.631121134020617, 71.26449742268038, 43.31539948453609, -1, -1, -1, -1
271, 0, 168.31507731958766, 24.616623711340207, 71.68492268041234, 43.33569587628866, -1, -1, -1, -1
272, 0, 167.8946520618557, 24.602126288659797, 72.10534793814429, 43.355992268041234, -1, -1, -1, -1
273, 0, 167.47422680412373, 24.587628865979383, 72.52577319587625, 43.376288659793815, -1, -1, -1, -1
274, 0, 167.010162839739, 24.573131443298777, 72.98983716026098, 43.39078608247526, -1, -1, -1, -1
275, 0, 166.5460988753543, 24.558634020618168, 73.45390112464571, 43.405283505156696, -1, -1, -1, -1
276, 0, 166.08203491096955, 24.54413659793756, 73.91796508903043, 43.41978092783813, -1, -1, -1, -1
277, 0, 165.61797094658482, 24.529639175256953, 74.38202905341515, 43.43427835051958, -1, -1, -1, -1
278, 0, 165.1539069822001, 24.515141752576348, 74.84609301779987, 43.44877577320102, -1, -1, -1, -1
279, 0, 164.68984301781538, 24.50064432989574, 75.3101569821846, 43.46327319588246, -1, -1, -1, -1
280, 0, 164.22577905343064, 24.48614690721513, 75.77422094656932, 43.477770618563895, -1, -1, -1, -1
281, 0, 163.76171508904594, 24.471649484534524, 76.23828491095404, 43.49226804124534, -1, -1, -1, -1
282, 0, 163.29765112466123, 24.457152061853918, 76.70234887533876, 43.50676546392678, -1, -1, -1, -1
283, 0, 162.8335871602765, 24.44265463917331, 77.16641283972348, 43.52126288660822, -1, -1, -1, -1
284, 0, 162.36952319589176, 24.4281572164927, 77.63047680410821, 43.53576030928966, -1, -1, -1, -1
285, 0, 161.90545923150705, 24.413659793812094, 78.09454076849293, 43.5502577319711, -1, -1, -1, -1
286, 0, 161.44139526712235, 24.39916237113149, 78.55860473287765, 43.564755154652545, -1, -1, -1, -1
287, 0, 160.9773313027376, 24.384664948450883, 79.02266869726239, 43.57925257733398, -1, -1, -1, -1
288, 0, 160.51326733835288, 24.370167525770277, 79.48673266164711, 43.59375000001542, -1, -1, -1, -1
289, 0, 160.04920337396817, 24.35567010308967, 79.95079662603183, 43.60824742269686, -1, -1, -1, -1
290, 0, 159.58513940958346, 24.34117268040906, 80.41486059041655, 43.62274484537831, -1, -1, -1, -1
291, 0, 159.12107544519873, 24.326675257728454, 80.87892455480127, 43.637242268059744, -1, -1, -1, -1
292, 0, 158.657011480814, 24.312177835047848, 81.342988519186, 43.65173969074118, -1, -1, -1, -1
293, 0, 158.19294751642929, 24.297680412367242, 81.80705248357071, 43.666237113422625, -1, -1, -1, -1
294, 0, 157.72888355204458, 24.283182989686637, 82.27111644795544, 43.68073453610407, -1, -1, -1, -1
295, 0, 157.26481958765984, 24.268685567006028, 82.73518041234016, 43.695231958785506, -1, -1, -1, -1
296, 0, 156.8007556232751, 24.25418814432542, 83.19924437672486, 43.70972938146694, -1, -1, -1, -1
297, 0, 156.3366916588904, 24.239690721644813, 83.66330834110958, 43.72422680414839, -1, -1, -1, -1
298, 0, 155.8726276945057, 24.225193298964207, 84.1273723054943, 43.73872422682983, -1, -1, -1, -1
299, 0, 155.40856373012096, 24.210695876283598, 84.59143626987901, 43.75322164951127, -1, -1, -1, -1
300, 0, 154.94449976573623, 24.19619845360299, 85.05550023426373, 43.767719072192705, -1, -1, -1, -1
301, 0, 154.48043580135152, 24.181701030922383, 85.51956419864845, 43.78221649487415, -1, -1, -1, -1
302, 0, 154.0163718369668, 24.167203608241778, 85.98362816303317, 43.796713917555586, -1, -1, -1, -1
303, 0, 153.55230787258208, 24.15270618556117, 86.4476921274179, 43.81121134023702, -1, -1, -1, -1
304, 0, 153.08824390819734, 24.13820876288056, 86.91175609180262, 43.82570876291847, -1, -1, -1, -1
305, 0, 152.62417994381263, 24.123711340199954, 87.37582005618734, 43.840206185599904, -1, -1, -1, -1
306, 0, 152.18940370201184, 24.109213917518705, 87.81059629798813, 43.854703608281156, -1, -1, -1, -1
307, 0, 151.75462746021105, 24.094716494837456, 88.24537253978893, 43.869201030962415, -1, -1, -1, -1
308, 0, 151.31985121841024, 24.080219072156208, 88.68014878158974, 43.88369845364367, -1, -1, -1, -1
309, 0, 150.88507497660945, 24.06572164947496, 89.11492502339053, 43.89819587632492, -1, -1, -1, -1
310, 0, 150.45029873480865, 24.05122422679371, 89.54970126519132, 43.91269329900617, -1, -1, -1, -1
311, 0, 150.01552249300784, 24.03672680411246, 89.98447750699212, 43.927190721687424, -1, -1, -1, -1
312, 0, 149.58074625120705, 24.022229381431213, 90.41925374879293, 43.941688144368676, -1, -1, -1, -1
313, 0, 149.14597000940626, 24.007731958749964, 90.85402999059372, 43.95618556704993, -1, -1, -1, -1
314, 0, 148.71119376760547, 23.993234536068716, 91.2888062323945, 43.97068298973118, -1, -1, -1, -1
315, 0, 148.27641752580467, 23.978737113387467, 91.72358247419531, 43.98518041241243, -1, -1, -1, -1
316, 0, 147.84164128400388, 23.96423969070622, 92.15835871599612, 43.99967783509369, -1, -1, -1, -1
317, 0, 147.4068650422031, 23.94974226802497, 92.5931349577969, 44.014175257774944, -1, -1, -1, -1
318, 0, 146.9720888004023, 23.93524484534372, 93.0279111995977, 44.0286726804562, -1, -1, -1, -1
319, 0, 146.5373125586015, 23.920747422662473, 93.4626874413985, 44.043170103137456, -1, -1, -1, -1
320, 0, 146.1025363168007, 23.906249999981227, 93.8974636831993, 44.05766752581871, -1, -1, -1, -1
321, 0, 145.6677600749999, 23.89175257729998, 94.3322399250001, 44.07216494849996, -1, -1, -1, -1
322, 0, 145.232983833199, 23.87725515462079, 94.49639761009996, 44.086662371177475, -1, -1, -1, -1
323, 0, 144.79820759139812, 23.862757731941606, 94.66055529519983, 44.10115979385499, -1, -1, -1, -1
324, 0, 144.36343134959722, 23.848260309262418, 94.8247129802997, 44.115657216532504, -1, -1, -1, -1
325, 0, 143.92865510779632, 23.83376288658323, 94.98887066539956, 44.13015463921002, -1, -1, -1, -1
326, 0, 143.49387886599544, 23.819265463904046, 95.15302835049943, 44.144652061887534, -1, -1, -1, -1
327, 0, 143.05910262419454, 23.804768041224857, 95.31718603559929, 44.15914948456505, -1, -1, -1, -1
328, 0, 142.62432638239363, 23.79027061854567, 95.48134372069916, 44.17364690724257, -1, -1, -1, -1
329, 0, 142.18955014059276, 23.775773195866485, 95.64550140579902, 44.188144329920085, -1, -1, -1, -1
330, 0, 141.75477389879185, 23.7612757731873, 95.80965909089889, 44.2026417525976, -1, -1, -1, -1
331, 0, 141.31999765699095, 23.746778350508112, 95.97381677599876, 44.21713917527512, -1, -1, -1, -1
332, 0, 140.88522141519007, 23.732280927828924, 96.13797446109862, 44.23163659795264, -1, -1, -1, -1
333, 0, 140.45044517338917, 23.71778350514974, 96.30213214619849, 44.24613402063015, -1, -1, -1, -1
334, 0, 140.01566893158827, 23.70328608247055, 96.46628983129835, 44.260631443307666, -1, -1, -1, -1
335, 0, 139.5808926897874, 23.688788659791364, 96.63044751639822, 44.27512886598518, -1, -1, -1, -1
336, 0, 139.1461164479865, 23.67429123711218, 96.79460520149809, 44.289626288662696, -1, -1, -1, -1
337, 0, 138.71134020618558, 23.65979381443299, 96.95876288659794, 44.30412371134021, -1, -1, -1, -1
338, 0, 138.23836179123714, 23.65979381443299, 97.00406733247422, 44.307748067010316, -1, -1, -1, -1
339, 0, 137.76538337628867, 23.65979381443299, 97.04937177835052, 44.31137242268042, -1, -1, -1, -1
340, 0, 137.2924049613402, 23.65979381443299, 97.0946762242268, 44.31499677835052, -1, -1, -1, -1
341, 0, 136.81942654639175, 23.65979381443299, 97.13998067010309, 44.318621134020624, -1, -1, -1, -1
342, 0, 136.3464481314433, 23.65979381443299, 97.18528511597938, 44.32224548969073, -1, -1, -1, -1
343, 0, 135.87346971649487, 23.65979381443299, 97.23058956185567, 44.32586984536083, -1, -1, -1, -1
344, 0, 135.40049130154642, 23.65979381443299, 97.27589400773195, 44.32949420103093, -1, -1, -1, -1
345, 0, 134.92751288659795, 23.65979381443299, 97.32119845360825, 44.33311855670104, -1, -1, -1, -1
346, 0, 134.45453447164948, 23.65979381443299, 97.36650289948453, 44.33674291237114, -1, -1, -1, -1
347, 0, 133.98155605670104, 23.65979381443299, 97.41180734536081, 44.34036726804125, -1, -1, -1, -1
348, 0, 133.5085776417526, 23.65979381443299, 97.45711179123711, 44.34399162371135, -1, -1, -1, -1
349, 0, 133.03559922680415, 23.65979381443299, 97.5024162371134, 44.34761597938145, -1, -1, -1, -1
350, 0, 132.5626208118557, 23.65979381443299, 97.54772068298968, 44.35124033505156, -1, -1, -1, -1
351, 0, 132.08964239690724, 23.65979381443299, 97.59302512886597, 44.354864690721655, -1, -1, -1, -1
352, 0, 131.61666398195877, 23.65979381443299, 97.63832957474226, 44.35848904639176, -1, -1, -1, -1
353, 0, 131.14368556701032, 23.65979381443299, 97.68363402061854, 44.362113402061865, -1, -1, -1, -1
354, 0, 130.67070715206188, 23.65979381443299, 97.72893846649484, 44.365737757731964, -1, -1, -1, -1
355, 0, 130.1977287371134, 23.65979381443299, 97.77424291237112, 44.36936211340207, -1, -1, -1, -1
356, 0, 129.72475032216494, 23.65979381443299, 97.8195473582474, 44.372986469072174, -1, -1, -1, -1
357, 0, 129.2517719072165, 23.65979381443299, 97.8648518041237, 44.37661082474227, -1, -1, -1, -1
358, 0, 128.77879349226805, 23.65979381443299, 97.91015624999999, 44.38023518041238, -1, -1, -1, -1
359, 0, 128.3058150773196, 23.65979381443299, 97.95546069587627, 44.38385953608248, -1, -1, -1, -1
360, 0, 127.83283666237115, 23.65979381443299, 98.00076514175257, 44.38748389175258, -1, -1, -1, -1
361, 0, 127.3598582474227, 23.65979381443299, 98.04606958762885, 44.391108247422686, -1, -1, -1, -1
362, 0, 126.88687983247424, 23.65979381443299, 98.09137403350513, 44.39473260309279, -1, -1, -1, -1
363, 0, 126.41390141752578, 23.65979381443299, 98.13667847938143, 44.39835695876289, -1, -1, -1, -1
364, 0, 125.94092300257734, 23.65979381443299, 98.18198292525771, 44.401981314432994, -1, -1, -1, -1
365, 0, 125.46794458762888, 23.65979381443299, 98.227287371134, 44.4056056701031, -1, -1, -1, -1
366, 0, 124.99496617268042, 23.65979381443299, 98.2725918170103, 44.4092300257732, -1, -1, -1, -1
367, 0, 124.52198775773198, 23.65979381443299, 98.31789626288658, 44.4128543814433, -1, -1, -1, -1
368, 0, 124.04900934278352, 23.65979381443299, 98.36320070876286, 44.41647873711341, -1, -1, -1, -1
369, 0, 123.57603092783506, 23.65979381443299, 98.40850515463916, 44.420103092783506, -1, -1, -1, -1
370, 0, 123.1030525128866, 23.65979381443299, 98.45380960051546, 44.42372744845361, -1, -1, -1, -1
371, 0, 122.63007409793815, 23.65979381443299, 98.49911404639174, 44.42735180412372, -1, -1, -1, -1
372, 0, 122.1570956829897, 23.65979381443299, 98.54441849226802, 44.430976159793815, -1, -1, -1, -1
373, 0, 121.68411726804125, 23.65979381443299, 98.58972293814432, 44.43460051546392, -1, -1, -1, -1
374, 0, 121.21113885309279, 23.65979381443299, 98.6350273840206, 44.438224871134025, -1, -1, -1, -1
375, 0, 120.73816043814435, 23.65979381443299, 98.68033182989689, 44.44184922680412, -1, -1, -1, -1
376, 0, 120.26518202319589, 23.65979381443299, 98.72563627577318, 44.44547358247423, -1, -1, -1, -1
377, 0, 119.79220360824743, 23.65979381443299, 98.77094072164947, 44.449097938144334, -1, -1, -1, -1
378, 0, 119.31922519329898, 23.65979381443299, 98.81624516752575, 44.45272229381444, -1, -1, -1, -1
379, 0, 118.84624677835052, 23.65979381443299, 98.86154961340205, 44.456346649484544, -1, -1, -1, -1
380, 0, 118.37326836340208, 23.65979381443299, 98.90685405927833, 44.45997100515464, -1, -1, -1, -1
381, 0, 117.90028994845362, 23.65979381443299, 98.95215850515461, 44.46359536082475, -1, -1, -1, -1
382, 0, 117.42731153350516, 23.65979381443299, 98.99746295103091, 44.46721971649485, -1, -1, -1, -1
383, 0, 116.95433311855672, 23.65979381443299, 99.0427673969072, 44.47084407216495, -1, -1, -1, -1
384, 0, 116.48135470360826, 23.65979381443299, 99.08807184278348, 44.474468427835056, -1, -1, -1, -1
385, 0, 116.0083762886598, 23.65979381443299, 99.13337628865978, 44.47809278350516, -1, -1, -1, -1
386, 0, 115.53539787371135, 23.65979381443299, 99.17868073453607, 44.48171713917527, -1, -1, -1, -1
387, 0, 115.06241945876289, 23.65979381443299, 99.22398518041236, 44.48534149484537, -1, -1, -1, -1
388, 0, 114.58944104381445, 23.65979381443299, 99.26928962628864, 44.48896585051547, -1, -1, -1, -1
389, 0, 114.11646262886599, 23.65979381443299, 99.31459407216494, 44.492590206185575, -1, -1, -1, -1
390, 0, 113.64348421391753, 23.65979381443299, 99.35989851804122, 44.49621456185568, -1, -1, -1, -1
391, 0, 113.17050579896909, 23.65979381443299, 99.4052029639175, 44.49983891752578, -1, -1, -1, -1
392, 0, 112.69752738402063, 23.65979381443299, 99.4505074097938, 44.503463273195884, -1, -1, -1, -1
393, 0, 112.22454896907217, 23.65979381443299, 99.49581185567008, 44.50708762886599, -1, -1, -1, -1
394, 0, 111.75157055412372, 23.65979381443299, 99.54111630154637, 44.510711984536094, -1, -1, -1, -1
395, 0, 111.27859213917526, 23.65979381443299, 99.58642074742266, 44.5143363402062, -1, -1, -1, -1
396, 0, 110.80561372422682, 23.65979381443299, 99.63172519329895, 44.5179606958763, -1, -1, -1, -1
397, 0, 110.33263530927836, 23.65979381443299, 99.67702963917523, 44.5215850515464, -1, -1, -1, -1
398, 0, 109.8596568943299, 23.65979381443299, 99.72233408505153, 44.52520940721651, -1, -1, -1, -1
399, 0, 109.38667847938146, 23.65979381443299, 99.76763853092781, 44.528833762886606, -1, -1, -1, -1
400, 0, 108.913700064433, 23.65979381443299, 99.8129429768041, 44.53245811855671, -1, -1, -1, -1
401, 0, 108.44072164948454, 23.65979381443299, 99.85824742268039, 44.536082474226816, -1, -1, -1, -1
402, 0, 107.96774323453609, 23.65979381443299, 99.90355186855669, 44.539706829896915, -1, -1, -1, -1
403, 0, 107.49476481958763, 23.65979381443299, 99.94885631443297, 44.54333118556702, -1, -1, -1, -1
404, 0, 107.02178640463919, 23.65979381443299, 99.99416076030926, 44.546955541237125, -1, -1, -1, -1
405, 0, 106.54880798969073, 23.65979381443299, 100.03946520618555, 44.55057989690722, -1, -1, -1, -1
406, 0, 106.07582957474227, 23.65979381443299, 100.08476965206185, 44.55420425257733, -1, -1, -1, -1
407, 0, 105.60285115979383, 23.65979381443299, 100.13007409793813, 44.55782860824743, -1, -1, -1, -1
408, 0, 105.12987274484537, 23.65979381443299, 100.17537854381442, 44.56145296391753, -1, -1, -1, -1
409, 0, 104.65689432989691, 23.65979381443299, 100.22068298969072, 44.56507731958764, -1, -1, -1, -1
410, 0, 104.18391591494846, 23.65979381443299, 100.26598743556701, 44.56870167525774, -1, -1, -1, -1
411, 0, 103.7109375, 23.65979381443299, 100.3112918814433, 44.57232603092784, -1, -1, -1, -1
412, 0, 103.23795908505156, 23.65979381443299, 100.35659632731958, 44.575950386597945, -1, -1, -1, -1
413, 0, 102.7649806701031, 23.65979381443299, 100.40190077319588, 44.57957474226805, -1, -1, -1, -1
414, 0, 102.29200225515464, 23.65979381443299, 100.44720521907217, 44.58319909793815, -1, -1, -1, -1
415, 0, 101.8190238402062, 23.65979381443299, 100.49250966494846, 44.586823453608254, -1, -1, -1, -1
416, 0, 101.34604542525774, 23.65979381443299, 100.53781411082474, 44.59044780927836, -1, -1, -1, -1
417, 0, 100.87306701030928, 23.65979381443299, 100.58311855670104, 44.59407216494846, -1, -1, -1, -1
418, 0, 100.40008859536083, 23.65979381443299, 100.62842300257734, 44.59769652061856, -1, -1, -1, -1
419, 0, 99.92711018041237, 23.65979381443299, 100.67372744845362, 44.60132087628867, -1, -1, -1, -1
420, 0, 99.45413176546393, 23.65979381443299, 100.7190318943299, 44.604945231958766, -1, -1, -1, -1
421, 0, 98.98115335051547, 23.65979381443299, 100.7643363402062, 44.60856958762887, -1, -1, -1, -1
422, 0, 98.50817493556701, 23.65979381443299, 100.80964078608248, 44.612193943298976, -1, -1, -1, -1
423, 0, 98.03519652061857, 23.65979381443299, 100.85494523195877, 44.615818298969074, -1, -1, -1, -1
424, 0, 97.56221810567011, 23.65979381443299, 100.90024967783506, 44.61944265463918, -1, -1, -1, -1
425, 0, 97.08923969072166, 23.65979381443299, 100.94555412371135, 44.623067010309285, -1, -1, -1, -1
426, 0, 96.6162612757732, 23.65979381443299, 100.99085856958763, 44.62669136597939, -1, -1, -1, -1
427, 0, 96.14328286082474, 23.65979381443299, 101.03616301546393, 44.630315721649495, -1, -1, -1, -1
428, 0, 95.6703044458763, 23.65979381443299, 101.08146746134021, 44.63394007731959, -1, -1, -1, -1
429, 0, 95.19732603092784, 23.65979381443299, 101.1267719072165, 44.6375644329897, -1, -1, -1, -1
430, 0, 94.72434761597938, 23.65979381443299, 101.17207635309279, 44.641188788659804, -1, -1, -1, -1
431, 0, 94.25136920103094, 23.65979381443299, 101.21738079896907, 44.6448131443299, -1, -1, -1, -1
432, 0, 93.77839078608248, 23.65979381443299, 101.26268524484536, 44.64843750000001, -1, -1, -1, -1
433, 0, 93.30541237113403, 23.65979381443299, 101.30798969072166, 44.65206185567011, -1, -1, -1, -1
434, 0, 92.83243395618557, 23.65979381443299, 101.35329413659795, 44.65568621134021, -1, -1, -1, -1
435, 0, 92.35945554123711, 23.65979381443299, 101.39859858247424, 44.659310567010316, -1, -1, -1, -1
436, 0, 91.88647712628867, 23.65979381443299, 101.44390302835052, 44.66293492268042, -1, -1, -1, -1
437, 0, 91.41349871134021, 23.65979381443299, 101.48920747422682, 44.66655927835052, -1, -1, -1, -1
438, 0, 90.94052029639175, 23.65979381443299, 101.5345119201031, 44.670183634020624, -1, -1, -1, -1
439, 0, 90.46754188144331, 23.65979381443299, 101.57981636597938, 44.67380798969073, -1, -1, -1, -1
440, 0, 89.99456346649485, 23.65979381443299, 101.62512081185568, 44.67743234536083, -1, -1, -1, -1
441, 0, 89.5215850515464, 23.65979381443299, 101.67042525773196, 44.68105670103093, -1, -1, -1, -1
442, 0, 89.04860663659794, 23.65979381443299, 101.71572970360825, 44.68468105670104, -1, -1, -1, -1
443, 0, 88.57562822164948, 23.65979381443299, 101.76103414948454, 44.688305412371136, -1, -1, -1, -1
444, 0, 88.10264980670104, 23.65979381443299, 101.80633859536083, 44.69192976804124, -1, -1, -1, -1
445, 0, 87.62967139175258, 23.65979381443299, 101.85164304123711, 44.69555412371135, -1, -1, -1, -1
446, 0, 87.15669297680412, 23.65979381443299, 101.89694748711341, 44.699178479381445, -1, -1, -1, -1
447, 0, 86.68371456185568, 23.65979381443299, 101.94225193298969, 44.70280283505155, -1, -1, -1, -1
448, 0, 86.21073614690722, 23.65979381443299, 101.98755637886597, 44.706427190721655, -1, -1, -1, -1
449, 0, 85.73775773195877, 23.65979381443299, 102.03286082474227, 44.71005154639175, -1, -1, -1, -1
450, 0, 85.26477931701031, 23.65979381443299, 102.07816527061857, 44.71367590206186, -1, -1, -1, -1
451, 0, 84.79180090206185, 23.65979381443299, 102.12346971649485, 44.717300257731964, -1, -1, -1, -1
452, 0, 84.31882248711341, 23.65979381443299, 102.16877416237114, 44.72092461340206, -1, -1, -1, -1
453, 0, 83.84584407216495, 23.65979381443299, 102.21407860824743, 44.72454896907217, -1, -1, -1, -1
454, 0, 83.3728656572165, 23.65979381443299, 102.25938305412372, 44.72817332474227, -1, -1, -1, -1
455, 0, 82.89988724226805, 23.65979381443299, 102.3046875, 44.73179768041237, -1, -1, -1, -1
456, 0, 82.4269088273196, 23.65979381443299, 102.3499919458763, 44.735422036082475, -1, -1, -1, -1
457, 0, 81.95393041237114, 23.65979381443299, 102.39529639175258, 44.73904639175258, -1, -1, -1, -1
458, 0, 81.48095199742268, 23.65979381443299, 102.44060083762886, 44.74267074742268, -1, -1, -1, -1
459, 0, 81.00797358247422, 23.65979381443299, 102.48590528350516, 44.746295103092784, -1, -1, -1, -1
460, 0, 80.53499516752578, 23.65979381443299, 102.53120972938144, 44.74991945876289, -1, -1, -1, -1
461, 0, 80.06201675257732, 23.65979381443299, 102.57651417525773, 44.75354381443299, -1, -1, -1, -1
462, 0, 79.58903833762886, 23.65979381443299, 102.62181862113403, 44.75716817010309, -1, -1, -1, -1
463, 0, 79.11605992268042, 23.65979381443299, 102.66712306701031, 44.7607925257732, -1, -1, -1, -1
464, 0, 78.64308150773196, 23.65979381443299, 102.71242751288659, 44.764416881443296, -1, -1, -1, -1
465, 0, 78.1701030927835, 23.65979381443299, 102.75773195876289, 44.7680412371134, -1, -1, -1, -1
466, 0, 77.70860180412372, 23.654961340206185, 102.72390463917526, 44.78012242268041, -1, -1, -1, -1
467, 0, 77.24710051546393, 23.650128865979383, 102.69007731958763, 44.79220360824742, -1, -1, -1, -1
468, 0, 76.78559922680412, 23.645296391752577, 102.65625, 44.80428479381443, -1, -1, -1, -1
469, 0, 76.32409793814433, 23.64046391752577, 102.62242268041237, 44.816365979381445, -1, -1, -1, -1
470, 0, 75.86259664948454, 23.63563144329897, 102.58859536082474, 44.82844716494846, -1, -1, -1, -1
471, 0, 75.40109536082474, 23.630798969072163, 102.55476804123711, 44.84052835051546, -1, -1, -1, -1
472, 0, 74.93959407216495, 23.625966494845358, 102.52094072164948, 44.85260953608247, -1, -1, -1, -1
473, 0, 74.47809278350516, 23.621134020618555, 102.48711340206185, 44.86469072164948, -1, -1, -1, -1
474, 0, 74.01659149484536, 23.616301546391753, 102.45328608247422, 44.876771907216494, -1, -1, -1, -1
475, 0, 73.55509020618557, 23.611469072164947, 102.41945876288659, 44.888853092783506, -1, -1, -1, -1
476, 0, 73.09358891752578, 23.60663659793814, 102.38563144329896, 44.90093427835052, -1, -1, -1, -1
477, 0, 72.63208762886597, 23.60180412371134, 102.35180412371133, 44.913015463917525, -1, -1, -1, -1
478, 0, 72.17058634020619, 23.596971649484537, 102.3179768041237, 44.92509664948453, -1, -1, -1, -1
479, 0, 71.7090850515464, 23.59213917525773, 102.28414948453607, 44.93717783505154, -1, -1, -1, -1
480, 0, 71.24758376288659, 23.587306701030926, 102.25032216494844, 44.949259020618555, -1, -1, -1, -1
481, 0, 70.7860824742268, 23.582474226804123, 102.21649484536083, 44.96134020618557, -1, -1, -1, -1
482, 0, 70.32458118556701, 23.57764175257732, 102.18266752577321, 44.97342139175258, -1, -1, -1, -1
483, 0, 69.86307989690721, 23.572809278350515, 102.14884020618558, 44.98550257731959, -1, -1, -1, -1
484, 0, 69.40157860824742, 23.56797680412371, 102.11501288659795, 44.997583762886606, -1, -1, -1, -1
485, 0, 68.94007731958763, 23.563144329896907, 102.08118556701032, 45.00966494845361, -1, -1, -1, -1
486, 0, 68.47857603092784, 23.558311855670105, 102.0473582474227, 45.02174613402062, -1, -1, -1, -1
487, 0, 68.01707474226805, 23.5534793814433, 102.01353092783506, 45.03382731958763, -1, -1, -1, -1
488, 0, 67.55557345360825, 23.548646907216494, 101.97970360824743, 45.04590850515464, -1, -1, -1, -1
489, 0, 67.09407216494846, 23.54381443298969, 101.9458762886598, 45.057989690721655, -1, -1, -1, -1
490, 0, 66.63257087628867, 23.53898195876289, 101.91204896907217, 45.07007087628867, -1, -1, -1, -1
491, 0, 66.17106958762886, 23.534149484536083, 101.87822164948454, 45.08215206185568, -1, -1, -1, -1
492, 0, 65.70956829896907, 23.529317010309278, 101.84439432989691, 45.09423324742269, -1, -1, -1, -1
493, 0, 65.24806701030928, 23.524484536082475, 101.81056701030928, 45.1063144329897, -1, -1, -1, -1
494, 0, 64.78656572164948, 23.519652061855673, 101.77673969072166, 45.118395618556704, -1, -1, -1, -1
495, 0, 64.32506443298969, 23.514819587628867, 101.74291237113403, 45.13047680412372, -1, -1, -1, -1
496, 0, 63.8635631443299, 23.50998711340206, 101.7090850515464, 45.14255798969073, -1, -1, -1, -1
497, 0, 63.402061855670105, 23.50515463917526, 101.67525773195877, 45.15463917525774, -1, -1, -1, -1
498, 0, 62.94056056701031, 23.500322164948457, 101.64143041237114, 45.166720360824755, -1, -1, -1, -1
499, 0, 62.47905927835052, 23.49548969072165, 101.6076030927835, 45.17880154639176, -1, -1, -1, -1
500, 0, 62.01755798969072, 23.490657216494846, 101.57377577319588, 45.190882731958766, -1, -1, -1, -1
501, 0, 61.556056701030926, 23.485824742268044, 101.53994845360825, 45.20296391752578, -1, -1, -1, -1
502, 0, 61.094555412371136, 23.48099226804124, 101.50612113402062, 45.21504510309279, -1, -1, -1, -1
503, 0, 60.63305412371134, 23.476159793814436, 101.47229381443299, 45.227126288659804, -1, -1, -1, -1
504, 0, 60.17155283505154, 23.47132731958763, 101.43846649484536, 45.239207474226816, -1, -1, -1, -1
505, 0, 59.71005154639175, 23.466494845360828, 101.40463917525774, 45.25128865979382, -1, -1, -1, -1
506, 0, 59.248550257731964, 23.461662371134025, 101.37081185567013, 45.26336984536083, -1, -1, -1, -1
507, 0, 58.78704896907217, 23.45682989690722, 101.3369845360825, 45.27545103092784, -1, -1, -1, -1
508, 0, 58.32554768041237, 23.451997422680414, 101.30315721649487, 45.28753221649485, -1, -1, -1, -1
509, 0, 57.86404639175258, 23.44716494845361, 101.26932989690724, 45.299613402061865, -1, -1, -1, -1
510, 0, 57.40254510309279, 23.44233247422681, 101.23550257731961, 45.31169458762888, -1, -1, -1, -1
511, 0, 56.941043814432994, 23.437500000000004, 101.20167525773198, 45.323775773195884, -1, -1, -1, -1
512, 0, 56.4795425257732, 23.432667525773198, 101.16784793814435, 45.33585695876289, -1, -1, -1, -1
513, 0, 56.01804123711341, 23.427835051546396, 101.13402061855672, 45.3479381443299, -1, -1, -1, -1
514, 0, 55.55653994845362, 23.423002577319593, 101.10019329896909, 45.360019329896915, -1, -1, -1, -1
515, 0, 55.09503865979382, 23.418170103092788, 101.06636597938146, 45.37210051546392, -1, -1, -1, -1
516, 0, 54.633537371134025, 23.413337628865982, 101.03253865979383, 45.384181701030926, -1, -1, -1, -1
517, 0, 54.172036082474236, 23.40850515463918, 100.9987113402062, 45.39626288659794, -1, -1, -1, -1
518, 0, 53.71053479381444, 23.403672680412377, 100.96488402061857, 45.40834407216495, -1, -1, -1, -1
519, 0, 53.24903350515464, 23.39884020618557, 100.93105670103094, 45.420425257731964, -1, -1, -1, -1
520, 0, 52.78753221649485, 23.394007731958766, 100.89722938144331, 45.432506443298976, -1, -1, -1, -1
521, 0, 52.326030927835056, 23.389175257731964, 100.86340206185568, 45.44458762886598, -1, -1, -1, -1
522, 0, 51.86452963917526, 23.38434278350516, 100.82957474226805, 45.45666881443299, -1, -1, -1, -1
523, 0, 51.40302835051547, 23.379510309278356, 100.79574742268042, 45.46875, -1, -1, -1, -1
524, 0, 50.94152706185567, 23.37467783505155, 100.76192010309279, 45.48083118556701, -1, -1, -1, -1
525, 0, 50.48002577319588, 23.369845360824748, 100.72809278350516, 45.492912371134025, -1, -1, -1, -1
526, 0, 50.01852448453609, 23.365012886597942, 100.69426546391753, 45.50499355670104, -1, -1, -1, -1
527, 0, 49.55702319587629, 23.360180412371136, 100.6604381443299, 45.51707474226804, -1, -1, -1, -1
528, 0, 49.095521907216494, 23.355347938144334, 100.62661082474227, 45.52915592783505, -1, -1, -1, -1
529, 0, 48.634020618556704, 23.350515463917528, 100.59278350515466, 45.54123711340206, -1, -1, -1, -1
530, 0, 48.172519329896915, 23.345682989690722, 100.55895618556704, 45.553318298969074, -1, -1, -1, -1
531, 0, 47.71101804123712, 23.34085051546392, 100.52512886597941, 45.56539948453609, -1, -1, -1, -1
532, 0, 47.24951675257732, 23.336018041237114, 100.49130154639178, 45.5774806701031, -1, -1, -1, -1
533, 0, 46.78801546391753, 23.33118556701031, 100.45747422680415, 45.589561855670105, -1, -1, -1, -1
534, 0, 46.326514175257735, 23.326353092783506, 100.42364690721652, 45.60164304123711, -1, -1, -1, -1
535, 0, 45.86501288659794, 23.3215206185567, 100.38981958762889, 45.61372422680412, -1, -1, -1, -1
536, 0, 45.40351159793815, 23.316688144329895, 100.35599226804126, 45.625805412371136, -1, -1, -1, -1
537, 0, 44.94201030927835, 23.311855670103093, 100.32216494845363, 45.63788659793815, -1, -1, -1, -1
538, 0, 44.480509020618555, 23.30702319587629, 100.288337628866, 45.64996778350516, -1, -1, -1, -1
539, 0, 44.019007731958766, 23.302190721649485, 100.25451030927837, 45.662048969072174, -1, -1, -1, -1
540, 0, 43.55750644329897, 23.29735824742268, 100.22068298969074, 45.67413015463919, -1, -1, -1, -1
541, 0, 43.09600515463917, 23.292525773195877, 100.18685567010311, 45.6862113402062, -1, -1, -1, -1
542, 0, 42.63450386597938, 23.287693298969074, 100.15302835051548, 45.69829252577321, -1, -1, -1, -1
543, 0, 42.173002577319586, 23.28286082474227, 100.11920103092785, 45.710373711340225, -1, -1, -1, -1
544, 0, 41.71150128865979, 23.278028350515463, 100.08537371134022, 45.72245489690724, -1, -1, -1, -1
545, 0, 41.25, 23.27319587628866, 100.0515463917526, 45.73453608247424, -1, -1, -1, -1
546, 0, 40.78849871134021, 23.26836340206186, 100.01771907216497, 45.74661726804125, -1, -1, -1, -1
547, 0, 40.326997422680414, 23.263530927835053, 99.98389175257734, 45.75869845360826, -1, -1, -1, -1
548, 0, 39.86549613402062, 23.258698453608247, 99.9500644329897, 45.770779639175274, -1, -1, -1, -1
549, 0, 39.40399484536083, 23.253865979381445, 99.91623711340208, 45.782860824742286, -1, -1, -1, -1
550, 0, 38.94249355670104, 23.249033505154642, 99.88240979381445, 45.7949420103093, -1, -1, -1, -1
551, 0, 38.48099226804124, 23.244201030927837, 99.84858247422682, 45.807023195876305, -1, -1, -1, -1
552, 0, 38.019490979381445, 23.23936855670103, 99.81475515463919, 45.81910438144331, -1, -1, -1, -1
553, 0, 37.557989690721655, 23.23453608247423, 99.78092783505156, 45.83118556701032, -1, -1, -1, -1
554, 0, 37.096488402061865, 23.229703608247426, 99.74710051546393, 45.843266752577335, -1, -1, -1, -1
555, 0, 36.63498711340207, 23.22487113402062, 99.7132731958763, 45.85534793814434, -1, -1, -1, -1
556, 0, 36.17348582474227, 23.220038659793815, 99.67944587628867, 45.86742912371135, -1, -1, -1, -1
557, 0, 35.71198453608248, 23.215206185567013, 99.64561855670104, 45.87951030927836, -1, -1, -1, -1
558, 0, 35.250483247422686, 23.21037371134021, 99.61179123711341, 45.89159149484537, -1, -1, -1, -1
559, 0, 34.78898195876289, 23.205541237113405, 99.57796391752578, 45.90367268041238, -1, -1, -1, -1
560, 0, 34.3274806701031, 23.2007087628866, 99.54413659793815, 45.91575386597938, -1, -1, -1, -1
561, 0, 33.8659793814433, 23.195876288659797, 99.51030927835052, 45.927835051546396, -1, -1, -1, -1
562, 0, 33.44265463917526, 23.207474226804127, 99.46101804123711, 45.91333762886598, -1, -1, -1, -1
563, 0, 33.01932989690722, 23.219072164948457, 99.41172680412372, 45.89884020618557, -1, -1, -1, -1
564, 0, 32.59600515463918, 23.230670103092788, 99.36243556701032, 45.88434278350516, -1, -1, -1, -1
565, 0, 32.172680412371136, 23.242268041237118, 99.31314432989691, 45.86984536082475, -1, -1, -1, -1
566, 0, 31.749355670103096, 23.253865979381448, 99.2638530927835, 45.855347938144334, -1, -1, -1, -1
567, 0, 31.326030927835056, 23.26546391752578, 99.21456185567011, 45.84085051546393, -1, -1, -1, -1
568, 0, 30.902706185567013, 23.277061855670105, 99.16527061855672, 45.82635309278351, -1, -1, -1, -1
569, 0, 30.479381443298973, 23.288659793814436, 99.11597938144331, 45.8118556701031, -1, -1, -1, -1
570, 0, 30.056056701030933, 23.300257731958766, 99.0666881443299, 45.797358247422686, -1, -1, -1, -1
571, 0, 29.63273195876289, 23.311855670103093, 99.01739690721651, 45.78286082474227, -1, -1, -1, -1
572, 0, 29.20940721649485, 23.323453608247423, 98.96810567010311, 45.768363402061865, -1, -1, -1, -1
573, 0, 28.78608247422681, 23.335051546391753, 98.9188144329897, 45.75386597938145, -1, -1, -1, -1
574, 0, 28.362757731958766, 23.346649484536083, 98.8695231958763, 45.73936855670104, -1, -1, -1, -1
575, 0, 27.939432989690726, 23.358247422680414, 98.82023195876289, 45.72487113402063, -1, -1, -1, -1
576, 0, 27.516108247422686, 23.369845360824744, 98.77094072164948, 45.71037371134022, -1, -1, -1, -1
577, 0, 27.092783505154642, 23.381443298969074, 98.72164948453609, 45.695876288659804, -1, -1, -1, -1
578, 0, 26.6694587628866, 23.393041237113405, 98.6723582474227, 45.68137886597939, -1, -1, -1, -1
579, 0, 26.24613402061856, 23.404639175257735, 98.62306701030928, 45.666881443298976, -1, -1, -1, -1
580, 0, 25.82280927835052, 23.416237113402065, 98.57377577319588, 45.65238402061857, -1, -1, -1, -1
581, 0, 25.399484536082475, 23.427835051546396, 98.52448453608247, 45.637886597938156, -1, -1, -1, -1
582, 0, 24.976159793814436, 23.439432989690726, 98.47519329896906, 45.62338917525774, -1, -1, -1, -1
583, 0, 24.552835051546396, 23.451030927835056, 98.42590206185567, 45.608891752577335, -1, -1, -1, -1
584, 0, 24.129510309278352, 23.462628865979383, 98.37661082474227, 45.59439432989692, -1, -1, -1, -1
585, 0, 23.706185567010312, 23.474226804123713, 98.32731958762886, 45.57989690721651, -1, -1, -1, -1
586, 0, 23.282860824742272, 23.485824742268044, 98.27802835051546, 45.565399484536094, -1, -1, -1, -1
587, 0, 22.85953608247423, 23.49742268041237, 98.22873711340206, 45.55090206185568, -1, -1, -1, -1
588, 0, 22.43621134020619, 23.5090206185567, 98.17944587628867, 45.53640463917527, -1, -1, -1, -1
589, 0, 22.01288659793815, 23.52061855670103, 98.13015463917526, 45.52190721649485, -1, -1, -1, -1
590, 0, 21.589561855670105, 23.53221649484536, 98.08086340206185, 45.50740979381444, -1, -1, -1, -1
591, 0, 21.166237113402065, 23.54381443298969, 98.03157216494846, 45.492912371134025, -1, -1, -1, -1
592, 0, 20.742912371134025, 23.55541237113402, 97.98228092783506, 45.47841494845362, -1, -1, -1, -1
593, 0, 20.319587628865982, 23.567010309278352, 97.93298969072166, 45.463917525773205, -1, -1, -1, -1
594, 0, 19.89626288659794, 23.578608247422682, 97.88369845360825, 45.44942010309279, -1, -1, -1, -1
595, 0, 19.4729381443299, 23.590206185567013, 97.83440721649485, 45.434922680412384, -1, -1, -1, -1
596, 0, 19.04961340206186, 23.601804123711343, 97.78511597938146, 45.42042525773197, -1, -1, -1, -1
597, 0, 18.626288659793815, 23.613402061855673, 97.73582474226805, 45.40592783505156, -1, -1, -1, -1
598, 0, 18.202963917525775, 23.625000000000004, 97.68653350515464, 45.39143041237114, -1, -1, -1, -1
599, 0, 17.779639175257735, 23.636597938144334, 97.63724226804125, 45.37693298969073, -1, -1, -1, -1
600, 0, 17.35631443298969, 23.64819587628866, 97.58795103092785, 45.362435567010316, -1, -1, -1, -1
601, 0, 16.93298969072165, 23.65979381443299, 97.53865979381445, 45.3479381443299, -1, -1, -1, -1
602, 0, 16.50966494845361, 23.67139175257732, 97.48936855670104, 45.33344072164949, -1, -1, -1, -1
603, 0, 16.086340206185568, 23.682989690721648, 97.44007731958764, 45.318943298969074, -1, -1, -1, -1
604, 0, 15.663015463917528, 23.69458762886598, 97.39078608247425, 45.30444587628866, -1, -1, -1, -1
605, 0, 15.239690721649486, 23.70618556701031, 97.34149484536084, 45.28994845360825, -1, -1, -1, -1
606, 0, 14.816365979381445, 23.71778350515464, 97.29220360824743, 45.27545103092783, -1, -1, -1, -1
607, 0, 14.393041237113405, 23.72938144329897, 97.24291237113403, 45.26095360824742, -1, -1, -1, -1
608, 0, 13.969716494845363, 23.7409793814433, 97.19362113402062, 45.246456185567006, -1, -1, -1, -1
609, 0, 13.546391752577321, 23.75257731958763, 97.14432989690722, 45.23195876288659, -1, -1, -1, -1
610, 0, 13.12306701030928, 23.76417525773196, 97.09503865979383, 45.21746134020618, -1, -1, -1, -1
611, 0, 12.699742268041238, 23.77577319587629, 97.04574742268042, 45.202963917525764, -1, -1, -1, -1
612, 0, 12.276417525773198, 23.78737113402062, 96.99645618556701, 45.18846649484536, -1, -1, -1, -1
613, 0, 11.853092783505156, 23.79896907216495, 96.9471649484536, 45.173969072164944, -1, -1, -1, -1
614, 0, 11.429768041237114, 23.81056701030928, 96.8978737113402, 45.15947164948453, -1, -1, -1, -1
615, 0, 11.006443298969074, 23.82216494845361, 96.8485824742268, 45.14497422680412, -1, -1, -1, -1
616, 0, 10.583118556701033, 23.83376288659794, 96.79929123711341, 45.13047680412371, -1, -1, -1, -1
617, 0, 10.159793814432991, 23.84536082474227, 96.75, 45.115979381443296, -1, -1, -1, -1
618, 0, 9.73646907216495, 23.8569587628866, 96.70070876288659, 45.10148195876288, -1, -1, -1, -1
619, 0, 9.313144329896907, 23.868556701030926, 96.6514175257732, 45.08698453608247, -1, -1, -1, -1
620, 0, 8.889819587628867, 23.880154639175256, 96.6021262886598, 45.072487113402055, -1, -1, -1, -1
621, 0, 8.466494845360826, 23.891752577319586, 96.5528350515464, 45.05798969072164, -1, -1, -1, -1
622, 0, 8.043170103092784, 23.903350515463917, 96.50354381443299, 45.04349226804123, -1, -1, -1, -1
623, 0, 7.619845360824743, 23.914948453608247, 96.4542525773196, 45.02899484536081, -1, -1, -1, -1
624, 0, 7.196520618556702, 23.926546391752577, 96.4049613402062, 45.01449742268041, -1, -1, -1, -1
625, 0, 6.773195876288661, 23.938144329896907, 96.35567010309279, 44.99999999999999, -1, -1, -1, -1
626, 0, 6.349871134020619, 23.949742268041238, 96.30637886597938, 44.98550257731958, -1, -1, -1, -1
627, 0, 5.926546391752578, 23.961340206185568, 96.25708762886599, 44.97100515463917, -1, -1, -1, -1
628, 0, 5.503221649484537, 23.9729381443299, 96.2077963917526, 44.95650773195876, -1, -1, -1, -1
629, 0, 5.0798969072164954, 23.98453608247423, 96.15850515463919, 44.942010309278345, -1, -1, -1, -1
630, 0, 4.656572164948454, 23.99613402061856, 96.10921391752578, 44.92751288659793, -1, -1, -1, -1
631, 0, 4.233247422680413, 24.00773195876289, 96.05992268041238, 44.91301546391752, -1, -1, -1, -1
632, 0, 3.8099226804123716, 24.019329896907216, 96.01063144329899, 44.89851804123711, -1, -1, -1, -1
633, 0, 3.3865979381443303, 24.030927835051546, 95.96134020618558, 44.8840206185567, -1, -1, -1, -1
634, 0, 2.963273195876289, 24.042525773195877, 95.91204896907217, 44.86952319587628, -1, -1, -1, -1
635, 0, 2.5399484536082477, 24.054123711340203, 95.86275773195878, 44.85502577319588, -1, -1, -1, -1
636, 0, 2.1166237113402064, 24.065721649484534, 95.81346649484539, 44.84052835051546, -1, -1, -1, -1
637, 0, 1.6932989690721651, 24.077319587628864, 95.76417525773198, 44.82603092783505, -1, -1, -1, -1
638, 0, 1.2699742268041239, 24.088917525773194, 95.71488402061857, 44.811533505154635, -1, -1, -1, -1
639, 0, 0.8466494845360826, 24.100515463917525, 95.66559278350516, 44.79703608247422, -1, -1, -1, -1
640, 0, 0.4233247422680413, 24.112113402061855, 95.61630154639175, 44.782538659793815, -1, -1, -1, -1
641, 0, 0.0, 24.123711340206185, 95.56701030927836, 44.7680412371134, -1, -1, -1, -1
642, 0, 0.0, 24.159954896907216, 95.09221971649487, 44.73179768041237, -1, -1, -1, -1
643, 0, 0.0, 24.196198453608247, 94.61742912371136, 44.69555412371133, -1, -1, -1, -1
644, 0, 0.0, 24.232442010309278, 94.14263853092785, 44.6593105670103, -1, -1, -1, -1
645, 0, 0.0, 24.26868556701031, 93.66784793814435, 44.62306701030927, -1, -1, -1, -1
646, 0, 0.0, 24.30492912371134, 93.19305734536084, 44.58682345360824, -1, -1, -1, -1
647, 0, 0.0, 24.34117268041237, 92.71826675257734, 44.55057989690721, -1, -1, -1, -1
648, 0, 0.0, 24.3774162371134, 92.24347615979383, 44.51433634020618, -1, -1, -1, -1
649, 0, 0.0, 24.413659793814432, 91.76868556701032, 44.47809278350515, -1, -1, -1, -1
650, 0, 0.0, 24.449903350515463, 91.29389497422682, 44.441849226804116, -1, -1, -1, -1
651, 0, 0.0, 24.486146907216494, 90.81910438144331, 44.405605670103085, -1, -1, -1, -1
652, 0, 0.0, 24.522390463917525, 90.3443137886598, 44.369362113402055, -1, -1, -1, -1
653, 0, 0.0, 24.558634020618555, 89.8695231958763, 44.333118556701024, -1, -1, -1, -1
654, 0, 0.0, 24.594877577319586, 89.39473260309279, 44.29687499999999, -1, -1, -1, -1
655, 0, 0.0, 24.631121134020617, 88.91994201030928, 44.26063144329896, -1, -1, -1, -1
656, 0, 0.0, 24.667364690721648, 88.44515141752578, 44.22438788659793, -1, -1, -1, -1
657, 0, 0.0, 24.70360824742268, 87.97036082474227, 44.1881443298969, -1, -1, -1, -1
658, 0, 0.0, 24.73985180412371, 87.49557023195877, 44.15190077319587, -1, -1, -1, -1
659, 0, 0.0, 24.77609536082474, 87.02077963917526, 44.11565721649484, -1, -1, -1, -1
660, 0, 0.0, 24.81233891752577, 86.54598904639175, 44.07941365979381, -1, -1, -1, -1
661, 0, 0.0, 24.848582474226802, 86.07119845360825, 44.04317010309278, -1, -1, -1, -1
662, 0, 0.0, 24.884826030927833, 85.59640786082474, 44.006926546391746, -1, -1, -1, -1
663, 0, 0.0, 24.921069587628864, 85.12161726804123, 43.970682989690715, -1, -1, -1, -1
664, 0, 0.0, 24.957313144329895, 84.64682667525773, 43.934439432989684, -1, -1, -1, -1
665, 0, 0.0, 24.993556701030926, 84.17203608247424, 43.89819587628865, -1, -1, -1, -1
666, 0, 0.0, 25.029800257731956, 83.69724548969074, 43.86195231958762, -1, -1, -1, -1
667, 0, 0.0, 25.066043814432987, 83.22245489690724, 43.82570876288659, -1, -1, -1, -1
668, 0, 0.0, 25.102287371134018, 82.74766430412373, 43.78946520618556, -1, -1, -1, -1
669, 0, 0.0, 25.13853092783505, 82.27287371134022, 43.75322164948453, -1, -1, -1, -1
670, 0, 0.0, 25.17477448453608, 81.79808311855672, 43.7169780927835, -1, -1, -1, -1
671, 0, 0.0, 25.21101804123711, 81.32329252577321, 43.68073453608247, -1, -1, -1, -1
672, 0, 0.0, 25.24726159793814, 80.8485019329897, 43.64449097938144, -1, -1, -1, -1
673, 0, 0.0, 25.283505154639176, 80.3737113402062, 43.60824742268041, -1, -1, -1, -1
674, 0, 0.0, 25.31974871134021, 79.8989207474227, 43.572003865979376, -1, -1, -1, -1
675, 0, 0.0, 25.35599226804124, 79.42413015463919, 43.535760309278345, -1, -1, -1, -1
676, 0, 0.0, 25.392235824742272, 78.94933956185568, 43.499516752577314, -1, -1, -1, -1
677, 0, 0.0, 25.428479381443303, 78.47454896907217, 43.46327319587628, -1, -1, -1, -1
678, 0, 0.0, 25.464722938144334, 77.99975837628867, 43.42702963917525, -1, -1, -1, -1
679, 0, 0.0, 25.500966494845365, 77.52496778350516, 43.39078608247422, -1, -1, -1, -1
680, 0, 0.0, 25.537210051546396, 77.05017719072166, 43.35454252577319, -1, -1, -1, -1
681, 0, 0.0, 25.573453608247426, 76.57538659793815, 43.31829896907216, -1, -1, -1, -1
682, 0, 0.0, 25.609697164948457, 76.10059600515464, 43.28205541237113, -1, -1, -1, -1
683, 0, 0.0, 25.645940721649488, 75.62580541237114, 43.2458118556701, -1, -1, -1, -1
684, 0, 0.0, 25.68218427835052, 75.15101481958763, 43.20956829896907, -1, -1, -1, -1
685, 0, 0.0, 25.71842783505155, 74.67622422680412, 43.173324742268036, -1, -1, -1, -1
686, 0, 0.0, 25.75467139175258, 74.20143363402062, 43.137081185567006, -1, -1, -1, -1
687, 0, 0.0, 25.79091494845361, 73.72664304123711, 43.100837628865975, -1, -1, -1, -1
688, 0, 0.0, 25.827158505154642, 73.2518524484536, 43.06459407216495, -1, -1, -1, -1
689, 0, 0.0, 25.863402061855673, 72.77706185567011, 43.02835051546392, -1, -1, -1, -1
690, 0, 0.0, 25.899645618556704, 72.30227126288662, 42.99210695876289, -1, -1, -1, -1
691, 0, 0.0, 25.935889175257735, 71.82748067010311, 42.95586340206186, -1, -1, -1, -1
692, 0, 0.0, 25.972132731958766, 71.35269007731961, 42.91961984536083, -1, -1, -1, -1
693, 0, 0.0, 26.008376288659797, 70.8778994845361, 42.8833762886598, -1, -1, -1, -1
694, 0, 0.0, 26.044619845360828, 70.4031088917526, 42.847132731958766, -1, -1, -1, -1
695, 0, 0.0, 26.08086340206186, 69.92831829896909, 42.810889175257735, -1, -1, -1, -1
696, 0, 0.0, 26.11710695876289, 69.45352770618558, 42.774645618556704, -1, -1, -1, -1
697, 0, 0.0, 26.15335051546392, 68.97873711340208, 42.73840206185567, -1, -1, -1, -1
698, 0, 0.0, 26.18959407216495, 68.50394652061857, 42.70215850515464, -1, -1, -1, -1
699, 0, 0.0, 26.225837628865982, 68.02915592783506, 42.66591494845361, -1, -1, -1, -1
700, 0, 0.0, 26.262081185567013, 67.55436533505156, 42.62967139175258, -1, -1, -1, -1
701, 0, 0.0, 26.298324742268044, 67.07957474226805, 42.59342783505155, -1, -1, -1, -1
702, 0, 0.0, 26.334568298969074, 66.60478414948454, 42.55718427835052, -1, -1, -1, -1
703, 0, 0.0, 26.370811855670105, 66.12999355670104, 42.52094072164949, -1, -1, -1, -1
704, 0, 0.0, 26.407055412371136, 65.65520296391753, 42.48469716494846, -1, -1, -1, -1
705, 0, 0.0, 26.443298969072167, 65.18041237113403, 42.448453608247426, -1, -1, -1, -1
706, 0, 0.0, 26.469394329896907, 64.71939432989691, 42.41365979381443, -1, -1, -1, -1
707, 0, 0.0, 26.49548969072165, 64.2583762886598, 42.378865979381445, -1, -1, -1, -1
708, 0, 0.0, 26.521585051546396, 63.797358247422686, 42.34407216494846, -1, -1, -1, -1
709, 0, 0.0, 26.547680412371136, 63.33634020618557, 42.30927835051547, -1, -1, -1, -1
710, 0, 0.0, 26.573775773195877, 62.87532216494846, 42.27448453608248, -1, -1, -1, -1
711, 0, 0.0, 26.59987113402062, 62.41430412371135, 42.23969072164949, -1, -1, -1, -1
712, 0, 0.0, 26.625966494845365, 61.953286082474236, 42.204896907216494, -1, -1, -1, -1
713, 0, 0.0, 26.652061855670105, 61.49226804123712, 42.170103092783506, -1, -1, -1, -1
714, 0, 0.0, 26.678157216494846, 61.03125, 42.13530927835052, -1, -1, -1, -1
715, 0, 0.0, 26.70425257731959, 60.57023195876289, 42.100515463917525, -1, -1, -1, -1
716, 0, 0.0, 26.730347938144334, 60.10921391752578, 42.06572164948453, -1, -1, -1, -1
717, 0, 0.0, 26.756443298969074, 59.64819587628867, 42.03092783505154, -1, -1, -1, -1
718, 0, 0.0, 26.782538659793815, 59.18717783505156, 41.996134020618555, -1, -1, -1, -1
719, 0, 0.0, 26.80863402061856, 58.72615979381444, 41.96134020618557, -1, -1, -1, -1
720, 0, 0.0, 26.834729381443303, 58.26514175257732, 41.92654639175258, -1, -1, -1, -1
721, 0, 0.0, 26.860824742268044, 57.80412371134021, 41.891752577319586, -1, -1, -1, -1
722, 0, 0.0, 26.886920103092784, 57.3431056701031, 41.85695876288659, -1, -1, -1, -1
723, 0, 0.0, 26.913015463917528, 56.88208762886598, 41.822164948453604, -1, -1, -1, -1
724, 0, 0.0, 26.939110824742272, 56.421069587628864, 41.78737113402062, -1, -1, -1, -1
725, 0, 0.0, 26.965206185567013, 55.96005154639175, 41.75257731958763, -1, -1, -1, -1
726, 0, 0.0, 26.991301546391753, 55.49903350515464, 41.71778350515464, -1, -1, -1, -1
727, 0, 0.0, 27.017396907216497, 55.03801546391753, 41.68298969072165, -1, -1, -1, -1
728, 0, 0.0, 27.04349226804124, 54.57699742268042, 41.64819587628865, -1, -1, -1, -1
729, 0, 0.0, 27.069587628865982, 54.1159793814433, 41.613402061855666, -1, -1, -1, -1
730, 0, 0.0, 27.095682989690722, 53.654961340206185, 41.57860824742268, -1, -1, -1, -1
731, 0, 0.0, 27.121778350515466, 53.193943298969074, 41.543814432989684, -1, -1, -1, -1
732, 0, 0.0, 27.14787371134021, 52.732925257731964, 41.50902061855669, -1, -1, -1, -1
733, 0, 0.0, 27.17396907216495, 52.27190721649485, 41.4742268041237, -1, -1, -1, -1
734, 0, 0.0, 27.20006443298969, 51.81088917525774, 41.439432989690715, -1, -1, -1, -1
735, 0, 0.0, 27.226159793814436, 51.349871134020624, 41.40463917525773, -1, -1, -1, -1
736, 0, 0.0, 27.25225515463918, 50.888853092783506, 41.36984536082474, -1, -1, -1, -1
737, 0, 0.0, 27.27835051546392, 50.427835051546396, 41.335051546391746, -1, -1, -1, -1
738, 0, 0.0, 27.30444587628866, 49.966817010309285, 41.30025773195875, -1, -1, -1, -1
739, 0, 0.0, 27.330541237113405, 49.50579896907217, 41.265463917525764, -1, -1, -1, -1
740, 0, 0.0, 27.35663659793815, 49.04478092783505, 41.23067010309278, -1, -1, -1, -1
741, 0, 0.0, 27.38273195876289, 48.58376288659794, 41.19587628865979, -1, -1, -1, -1
742, 0, 0.0, 27.40882731958763, 48.12274484536083, 41.1610824742268, -1, -1, -1, -1
743, 0, 0.0, 27.434922680412374, 47.66172680412372, 41.126288659793815, -1, -1, -1, -1
744, 0, 0.0, 27.461018041237118, 47.200708762886606, 41.09149484536083, -1, -1, -1, -1
745, 0, 0.0, 27.48711340206186, 46.73969072164949, 41.05670103092784, -1, -1, -1, -1
746, 0, 0.0, 27.5132087628866, 46.27867268041237, 41.02190721649485, -1, -1, -1, -1
747, 0, 0.0, 27.539304123711343, 45.81765463917526, 40.987113402061865, -1, -1, -1, -1
748, 0, 0.0, 27.565399484536087, 45.35663659793815, 40.95231958762888, -1, -1, -1, -1
749, 0, 0.0, 27.591494845360828, 44.89561855670104, 40.917525773195884, -1, -1, -1, -1
750, 0, 0.0, 27.617590206185568, 44.43460051546393, 40.88273195876289, -1, -1, -1, -1
751, 0, 0.0, 27.64368556701031, 43.97358247422681, 40.8479381443299, -1, -1, -1, -1
752, 0, 0.0, 27.66978092783505, 43.51256443298969, 40.813144329896915, -1, -1, -1, -1
753, 0, 0.0, 27.695876288659793, 43.05154639175258, 40.77835051546393, -1, -1, -1, -1
754, 0, 0.0, 27.721971649484537, 42.59052835051547, 40.74355670103094, -1, -1, -1, -1
755, 0, 0.0, 27.748067010309278, 42.12951030927835, 40.708762886597945, -1, -1, -1, -1
756, 0, 0.0, 27.774162371134018, 41.668492268041234, 40.67396907216495, -1, -1, -1, -1
757, 0, 0.0, 27.800257731958762, 41.20747422680412, 40.639175257731964, -1, -1, -1, -1
758, 0, 0.0, 27.826353092783506, 40.74645618556701, 40.604381443298976, -1, -1, -1, -1
759, 0, 0.0, 27.852448453608247, 40.2854381443299, 40.56958762886599, -1, -1, -1, -1
760, 0, 0.0, 27.878543814432987, 39.82442010309279, 40.534793814433, -1, -1, -1, -1
761, 0, 0.0, 27.90463917525773, 39.36340206185567, 40.50000000000001, -1, -1, -1, -1
762, 0, 0.0, 27.930734536082475, 38.902384020618555, 40.46520618556701, -1, -1, -1, -1
763, 0, 0.0, 27.956829896907216, 38.441365979381445, 40.430412371134025, -1, -1, -1, -1
764, 0, 0.0, 27.982925257731956, 37.980347938144334, 40.39561855670104, -1, -1, -1, -1
765, 0, 0.0, 28.0090206185567, 37.51932989690722, 40.36082474226805, -1, -1, -1, -1
766, 0, 0.0, 28.035115979381445, 37.05831185567011, 40.32603092783506, -1, -1, -1, -1
767, 0, 0.0, 28.061211340206185, 36.597293814432994, 40.29123711340207, -1, -1, -1, -1
768, 0, 0.0, 28.087306701030926, 36.13627577319588, 40.256443298969074, -1, -1, -1, -1
769, 0, 0.0, 28.11340206185567, 35.675257731958766, 40.22164948453609, -1, -1, -1, -1
770, 0, 0.0, 28.139497422680414, 35.214239690721655, 40.1868556701031, -1, -1, -1, -1
771, 0, 0.0, 28.165592783505154, 34.75322164948454, 40.152061855670105, -1, -1, -1, -1
772, 0, 0.0, 28.191688144329895, 34.29220360824742, 40.11726804123711, -1, -1, -1, -1
773, 0, 0.0, 28.21778350515464, 33.83118556701031, 40.08247422680412, -1, -1, -1, -1
774, 0, 0.0, 28.243878865979383, 33.3701675257732, 40.047680412371136, -1, -1, -1, -1
775, 0, 0.0, 28.269974226804123, 32.90914948453609, 40.01288659793815, -1, -1, -1, -1
776, 0, 0.0, 28.296069587628864, 32.448131443298976, 39.97809278350516, -1, -1, -1, -1
777, 0, 0.0, 28.322164948453608, 31.98711340206186, 39.94329896907217, -1, -1, -1, -1
778, 0, 0.0, 28.348260309278352, 31.526095360824744, 39.90850515463917, -1, -1, -1, -1
779, 0, 0.0, 28.374355670103093, 31.06507731958763, 39.873711340206185, -1, -1, -1, -1
780, 0, 0.0, 28.400451030927833, 30.60405927835052, 39.8389175257732, -1, -1, -1, -1
781, 0, 0.0, 28.426546391752577, 30.143041237113405, 39.80412371134021, -1, -1, -1, -1
782, 0, 0.0, 28.45264175257732, 29.68202319587629, 39.76932989690722, -1, -1, -1, -1
783, 0, 0.0, 28.47873711340206, 29.22100515463918, 39.73453608247423, -1, -1, -1, -1
784, 0, 0.0, 28.504832474226802, 28.759987113402065, 39.699742268041234, -1, -1, -1, -1
785, 0, 0.0, 28.530927835051546, 28.29896907216495, 39.66494845360825, -1, -1, -1, -1
786, 0, 0.0, 28.579252577319586, 27.883376288659797, 39.51514175257732, -1, -1, -1, -1
787, 0, 0.0, 28.62757731958763, 27.467783505154642, 39.36533505154639, -1, -1, -1, -1
788, 0, 0.0, 28.67590206185567, 27.052190721649488, 39.215528350515456, -1, -1, -1, -1
789, 0, 0.0, 28.72422680412371, 26.636597938144334, 39.06572164948453, -1, -1, -1, -1
790, 0, 0.0, 28.772551546391753, 26.22100515463918, 38.915914948453604, -1, -1, -1, -1
791, 0, 0.0, 28.820876288659793, 25.805412371134025, 38.76610824742268, -1, -1, -1, -1
792, 0, 0.0, 28.869201030927833, 25.38981958762887, 38.61630154639175, -1, -1, -1, -1
793, 0, 0.0, 28.917525773195877, 24.974226804123713, 38.46649484536082, -1, -1, -1, -1
794, 0, 0.0, 28.96585051546392, 24.558634020618555, 38.31668814432989, -1, -1, -1, -1
795, 0, 0.0, 29.01417525773196, 24.1430412371134, 38.16688144329896, -1, -1, -1, -1
796, 0, 0.0, 29.0625, 23.727448453608247, 38.017074742268036, -1, -1, -1, -1
797, 0, 0.0, 29.110824742268044, 23.311855670103093, 37.86726804123711, -1, -1, -1, -1
798, 0, 0.0, 29.159149484536083, 22.89626288659794, 37.717461340206185, -1, -1, -1, -1
799, 0, 0.0, 29.207474226804123, 22.480670103092784, 37.56765463917525, -1, -1, -1, -1
800, 0, 0.0, 29.255798969072167, 22.06507731958763, 37.41784793814432, -1, -1, -1, -1
801, 0, 0.0, 29.304123711340207, 21.649484536082475, 37.268041237113394, -1, -1, -1, -1
802, 0, 0.0, 29.352448453608247, 21.23389175257732, 37.11823453608247, -1, -1, -1, -1
803, 0, 0.0, 29.40077319587629, 20.818298969072167, 36.96842783505154, -1, -1, -1, -1
804, 0, 0.0, 29.44909793814433, 20.402706185567013, 36.81862113402062, -1, -1, -1, -1
805, 0, 0.0, 29.49742268041237, 19.98711340206186, 36.668814432989684, -1, -1, -1, -1
806, 0, 0.0, 29.545747422680414, 19.571520618556704, 36.51900773195875, -1, -1, -1, -1
807, 0, 0.0, 29.594072164948454, 19.15592783505155, 36.369201030927826, -1, -1, -1, -1
808, 0, 0.0, 29.642396907216494, 18.740335051546396, 36.2193943298969, -1, -1, -1, -1
809, 0, 0.0, 29.690721649484537, 18.324742268041238, 36.069587628865975, -1, -1, -1, -1
810, 0, 0.0, 29.73904639175258, 17.90914948453608, 35.91978092783505, -1, -1, -1, -1
811, 0, 0.0, 29.78737113402062, 17.493556701030926, 35.76997422680412, -1, -1, -1, -1
812, 0, 0.0, 29.83569587628866, 17.07796391752577, 35.6201675257732, -1, -1, -1, -1
813, 0, 0.0, 29.884020618556704, 16.662371134020617, 35.470360824742265, -1, -1, -1, -1
814, 0, 0.0, 29.932345360824744, 16.246778350515463, 35.32055412371133, -1, -1, -1, -1
815, 0, 0.0, 29.980670103092784, 15.831185567010309, 35.17074742268041, -1, -1, -1, -1
816, 0, 0.0, 30.028994845360828, 15.415592783505154, 35.02094072164948, -1, -1, -1, -1
817, 0, 0.0, 30.077319587628867, 15.0, 34.871134020618555, -1, -1, -1, -1
818, 0, 0.0, 30.125644329896907, 14.584407216494846, 34.72132731958763, -1, -1, -1, -1
819, 0, 0.0, 30.17396907216495, 14.168814432989691, 34.571520618556704, -1, -1, -1, -1
820, 0, 0.0, 30.22229381443299, 13.753221649484537, 34.42171391752578, -1, -1, -1, -1
821, 0, 0.0, 30.27061855670103, 13.337628865979381, 34.271907216494846, -1, -1, -1, -1
822, 0, 0.0, 30.318943298969074, 12.922036082474225, 34.12210051546391, -1, -1, -1, -1
823, 0, 0.0, 30.367268041237114, 12.50644329896907, 33.97229381443299, -1, -1, -1, -1
824, 0, 0.0, 30.415592783505154, 12.090850515463917, 33.82248711340206, -1, -1, -1, -1
825, 0, 0.0, 30.463917525773198, 11.675257731958762, 33.672680412371136, -1, -1, -1, -1
826, 0, 0.0, 30.51224226804124, 11.259664948453608, 33.52287371134021, -1, -1, -1, -1
827, 0, 0.0, 30.56056701030928, 10.844072164948454, 33.37306701030928, -1, -1, -1, -1
828, 0, 0.0, 30.60889175257732, 10.4284793814433, 33.223260309278345, -1, -1, -1, -1
829, 0, 0.0, 30.657216494845365, 10.012886597938145, 33.07345360824742, -1, -1, -1, -1
830, 0, 0.0, 30.705541237113405, 9.597293814432991, 32.923646907216494, -1, -1, -1, -1
831, 0, 0.0, 30.753865979381445, 9.181701030927837, 32.77384020618557, -1, -1, -1, -1
832, 0, 0.0, 30.802190721649488, 8.766108247422682, 32.62403350515464, -1, -1, -1, -1
833, 0, 0.0, 30.850515463917528, 8.350515463917526, 32.47422680412371, -1, -1, -1, -1
834, 0, 0.0, 30.850515463917528, 8.350515463917526, 32.47422680412371, -1, -1, -1, -1
835, 0, 0.0, 30.850515463917528, 8.350515463917526, 32.47422680412371, -1, -1, -1, -1
836, 0, 0.0, 30.850515463917528, 8.350515463917526, 32.47422680412371, -1, -1, -1, -1
837, 0, 0.0, 30.850515463917528, 8.350515463917526, 32.47422680412371, -1, -1, -1, -1
838, 0, 0.0, 30.850515463917528, 8.350515463917526, 32.47422680412371, -1, -1, -1, -1
839, 0, 0.0, 30.850515463917528, 8.350515463917526, 32.47422680412371, -1, -1, -1, -1
840, 0, 0.0, 30.850515463917528, 8.350515463917526, 32.47422680412371, -1, -1, -1, -1
841, 0, 0.0, 30.850515463917528, 8.350515463917526, 32.47422680412371, -1, -1, -1, -1
842, 0, 0.0, 30.850515463917528, 8.350515463917526, 32.47422680412371, -1, -1, -1, -1
843, 0, 0.0, 30.850515463917528, 8.350515463917526, 32.47422680412371, -1, -1, -1, -1
844, 0, 0.0, 30.850515463917528, 8.350515463917526, 32.47422680412371, -1, -1, -1, -1
845, 0, 0.0, 30.850515463917528, 8.350515463917526, 32.47422680412371, -1, -1, -1, -1
846, 0, 0.0, 30.850515463917528, 8.350515463917526, 32.47422680412371, -1, -1, -1, -1
847, 0, 0.0, 30.850515463917528, 8.350515463917526, 32.47422680412371, -1, -1, -1, -1
848, 0, 0.0, 30.850515463917528, 8.350515463917526, 32.47422680412371, -1, -1, -1, -1
