21, 0, 234.17740712661106, 77.87717968157695, 5.822592873388931, 20.197119029567855, -1, -1, -1, -1
22, 0, 233.42683851402577, 77.76345716451857, 6.573161485974224, 20.288097043214556, -1, -1, -1, -1
23, 0, 232.6762699014405, 77.64973464746019, 7.323730098559517, 20.37907505686126, -1, -1, -1, -1
24, 0, 231.92570128885518, 77.53601213040182, 8.07429871114481, 20.470053070507962, -1, -1, -1, -1
25, 0, 231.1751326762699, 77.42228961334344, 8.824867323730103, 20.561031084154664, -1, -1, -1, -1
26, 0, 230.4245640636846, 77.30856709628506, 9.575435936315394, 20.652009097801365, -1, -1, -1, -1
27, 0, 229.6739954510993, 77.19484457922668, 10.326004548900684, 20.742987111448066, -1, -1, -1, -1
28, 0, 228.92342683851402, 77.0811220621683, 11.076573161485975, 20.833965125094768, -1, -1, -1, -1
29, 0, 228.17285822592874, 76.96739954510993, 11.827141774071265, 20.92494313874147, -1, -1, -1, -1
30, 0, 227.2934040940126, 76.6857352907443, 12.706595905987356, 21.25209639993817, -1, -1, -1, -1
31, 0, 226.41394996209647, 76.40407103637867, 13.586050037903448, 21.579249661134874, -1, -1, -1, -1
32, 0, 225.53449583018033, 76.12240678201303, 14.465504169819539, 21.906402922331576, -1, -1, -1, -1
33, 0, 224.65504169826423, 75.8407425276474, 15.34495830173563, 22.23355618352828, -1, -1, -1, -1
34, 0, 223.77558756634812, 75.55907827328176, 16.224412433651718, 22.560709444724985, -1, -1, -1, -1
35, 0, 222.896133434432, 75.27741401891612, 17.103866565567806, 22.88786270592169, -1, -1, -1, -1
36, 0, 222.01667930251585, 74.99574976455048, 17.983320697483894, 23.215015967118397, -1, -1, -1, -1
37, 0, 221.13722517059972, 74.71408551018484, 18.86277482939998, 23.5421692283151, -1, -1, -1, -1
38, 0, 220.25777103867475, 74.46688262461636, 19.742228961324983, 23.834861120708588, -1, -1, -1, -1
39, 0, 219.37831690674977, 74.21967973904788, 20.621683093249985, 24.127553013102073, -1, -1, -1, -1
40, 0, 218.49886277482477, 73.97247685347938, 21.501137225174986, 24.420244905495558, -1, -1, -1, -1
41, 0, 217.6194086428998, 73.7252739679109, 22.380591357099988, 24.712936797889043, -1, -1, -1, -1
42, 0, 216.78931919008738, 73.66186504930624, 23.210680809912414, 24.821834723311355, -1, -1, -1, -1
43, 0, 215.959229737275, 73.59845613070158, 24.04077026272484, 24.930732648733667, -1, -1, -1, -1
44, 0, 215.12914028446258, 73.53504721209693, 24.870859715537268, 25.03963057415598, -1, -1, -1, -1
45, 0, 214.29905083165016, 73.47163829349228, 25.700949168349695, 25.14852849957829, -1, -1, -1, -1
46, 0, 213.46896137883775, 73.40822937488763, 26.531038621162118, 25.257426425000602, -1, -1, -1, -1
47, 0, 212.63887192602533, 73.34482045628297, 27.36112807397454, 25.366324350422914, -1, -1, -1, -1
48, 0, 211.80878247321294, 73.28141153767832, 28.191217526786964, 25.475222275845226, -1, -1, -1, -1
49, 0, 210.97869302040053, 73.21800261907367, 29.021306979599387, 25.584120201267538, -1, -1, -1, -1
50, 0, 210.1486035675881, 73.15459370046902, 29.851396432411818, 25.69301812668985, -1, -1, -1, -1
51, 0, 209.31851411477572, 73.09118478186437, 30.681485885224244, 25.801916052112166, -1, -1, -1, -1
52, 0, 208.4884246619633, 73.0277758632597, 31.51157533803667, 25.91081397753448, -1, -1, -1, -1
53, 0, 207.6583352091509, 72.96436694465505, 32.3416647908491, 26.019711902956793, -1, -1, -1, -1
54, 0, 206.78391836788677, 72.9773638037473, 33.216081632113216, 26.058702480233954, -1, -1, -1, -1
55, 0, 205.90950152662265, 72.99036066283955, 34.09049847337732, 26.097693057511112, -1, -1, -1, -1
56, 0, 205.03508468535853, 73.0033575219318, 34.96491531464143, 26.13668363478827, -1, -1, -1, -1
57, 0, 204.16066784409443, 73.01635438102404, 35.83933215590554, 26.17567421206543, -1, -1, -1, -1
58, 0, 203.28625100283034, 73.02935124011628, 36.713748997169645, 26.21466478934259, -1, -1, -1, -1
59, 0, 202.41183416156622, 73.04234809920854, 37.58816583843375, 26.253655366619746, -1, -1, -1, -1
60, 0, 201.5374173203021, 73.0553449583008, 38.46258267969786, 26.292645943896904, -1, -1, -1, -1
61, 0, 200.66300047903798, 73.06834181739303, 39.33699952096197, 26.33163652117406, -1, -1, -1, -1
62, 0, 199.78858363777385, 73.08133867648527, 40.21141636222608, 26.370627098451227, -1, -1, -1, -1
63, 0, 198.91416679650973, 73.09433553557753, 41.085833203490196, 26.40961767572839, -1, -1, -1, -1
64, 0, 198.0397499552456, 73.10733239466977, 41.96025004475431, 26.448608253005556, -1, -1, -1, -1
65, 0, 197.1653331139815, 73.12032925376201, 42.834666886018425, 26.48759883028272, -1, -1, -1, -1
66, 0, 196.29091627271737, 73.13332611285426, 43.70908372728253, 26.52658940755988, -1, -1, -1, -1
67, 0, 195.41649943145325, 73.1463229719465, 44.58350056854664, 26.565579984837036, -1, -1, -1, -1
68, 0, 194.54208259018912, 73.15931983103874, 45.45791740981075, 26.604570562114194, -1, -1, -1, -1
69, 0, 193.66766574892503, 73.172316690131, 46.332334251074855, 26.643561139391352, -1, -1, -1, -1
70, 0, 192.79324890766094, 73.18531354922325, 47.20675109233896, 26.682551716668513, -1, -1, -1, -1
71, 0, 191.91883206639682, 73.19831040831549, 48.08116793360307, 26.72154229394567, -1, -1, -1, -1
72, 0, 191.0444152251327, 73.21130726740773, 48.95558477486718, 26.76053287122283, -1, -1, -1, -1
73, 0, 190.16999838386857, 73.22430412649999, 49.830001616131284, 26.79952344849999, -1, -1, -1, -1
74, 0, 189.21148550779554, 73.23730098559273, 50.788514492204335, 26.838514025777144, -1, -1, -1, -1
75, 0, 188.2529726317225, 73.25029784468545, 51.74702736827739, 26.8775046030543, -1, -1, -1, -1
76, 0, 187.29445975564948, 73.26329470377817, 52.70554024435044, 26.91649518033146, -1, -1, -1, -1
77, 0, 186.33594687957645, 73.27629156287091, 53.66405312042349, 26.955485757608614, -1, -1, -1, -1
78, 0, 185.37743400350342, 73.28928842196365, 54.62256599649654, 26.99447633488576, -1, -1, -1, -1
79, 0, 184.4189211274304, 73.30228528105638, 55.58107887256959, 27.03346691216291, -1, -1, -1, -1
80, 0, 183.46040825135736, 73.31528214014912, 56.53959174864264, 27.072457489440062, -1, -1, -1, -1
81, 0, 182.5018953752843, 73.32827899924185, 57.498104624715694, 27.11144806671721, -1, -1, -1, -1
82, 0, 181.74157911836312, 73.35427271743131, 58.25842088163688, 27.127694140587884, -1, -1, -1, -1
83, 0, 180.9812628614419, 73.3802664356208, 59.01873713855807, 27.14394021445856, -1, -1, -1, -1
84, 0, 180.22094660452072, 73.40626015381027, 59.779053395479266, 27.160186288329236, -1, -1, -1, -1
85, 0, 179.46063034759953, 73.43225387199973, 60.53936965240045, 27.176432362199908, -1, -1, -1, -1
86, 0, 178.75673086681937, 73.4582475901748, 60.81695293881896, 27.192678436049917, -1, -1, -1, -1
87, 0, 178.0528313860392, 73.48424130834988, 61.09453622523746, 27.20892450989993, -1, -1, -1, -1
88, 0, 177.348931905259, 73.51023502652495, 61.37211951165597, 27.225170583749943, -1, -1, -1, -1
89, 0, 176.64503242447884, 73.53622874470003, 61.64970279807448, 27.241416657599956, -1, -1, -1, -1
90, 0, 175.85039596210248, 73.56222246288573, 61.74648871967733, 27.257662731467814, -1, -1, -1, -1
91, 0, 175.0557594997261, 73.58821618107145, 61.843274641280175, 27.273908805335672, -1, -1, -1, -1
92, 0, 174.2611230373497, 73.61420989925716, 61.94006056288302, 27.29015487920353, -1, -1, -1, -1
93, 0, 173.46648657497332, 73.64020361744286, 62.036846484485864, 27.30640095307139, -1, -1, -1, -1
94, 0, 172.67185011259693, 73.66619733562857, 62.13363240608871, 27.322647026939244, -1, -1, -1, -1
95, 0, 171.87721365022054, 73.69219105381428, 62.23041832769155, 27.3388931008071, -1, -1, -1, -1
96, 0, 171.08257718784415, 73.718184772, 62.3272042492944, 27.355139174674953, -1, -1, -1, -1
97, 0, 170.2879407254678, 73.7441784901857, 62.42399017089724, 27.371385248542808, -1, -1, -1, -1
98, 0, 169.49330426309143, 73.7701722083714, 62.520776092500085, 27.387631322410666, -1, -1, -1, -1
99, 0, 168.69866780071504, 73.79616592655712, 62.61756201410293, 27.403877396278524, -1, -1, -1, -1
100, 0, 167.90403133833865, 73.82215964474284, 62.714347935705774, 27.420123470146383, -1, -1, -1, -1
101, 0, 167.10939487596227, 73.84815336292854, 62.81113385730862, 27.43636954401424, -1, -1, -1, -1
102, 0, 166.31475841358588, 73.87414708111424, 62.90791977891146, 27.4526156178821, -1, -1, -1, -1
103, 0, 165.5201219512095, 73.90014079929996, 63.00470570051431, 27.468861691749957, -1, -1, -1, -1
104, 0, 164.7254854888331, 73.92613451748568, 63.10149162211715, 27.485107765617816, -1, -1, -1, -1
105, 0, 163.93084902645674, 73.95212823567138, 63.198277543719996, 27.501353839485674, -1, -1, -1, -1
106, 0, 163.13621256408038, 73.97812195385708, 63.29506346532284, 27.517599913353532, -1, -1, -1, -1
107, 0, 162.341576101704, 74.0041156720428, 63.391849386925685, 27.53384598722139, -1, -1, -1, -1
108, 0, 161.5469396393276, 74.03010939022852, 63.48863530852853, 27.55009206108925, -1, -1, -1, -1
109, 0, 160.75230317695122, 74.05610310841422, 63.585421230131374, 27.566338134957107, -1, -1, -1, -1
110, 0, 159.95766671457483, 74.08209682659992, 63.68220715173422, 27.58258420882496, -1, -1, -1, -1
111, 0, 159.16303025219844, 74.10809054478564, 63.77899307333706, 27.598830282692816, -1, -1, -1, -1
112, 0, 158.36839378982205, 74.13408426297136, 63.87577899493991, 27.61507635656067, -1, -1, -1, -1
113, 0, 157.5737573274457, 74.16007798115706, 63.97256491654275, 27.631322430428526, -1, -1, -1, -1
114, 0, 156.77912086506933, 74.18607169934276, 64.0693508381456, 27.647568504296384, -1, -1, -1, -1
115, 0, 155.98448440269294, 74.21206541752848, 64.16613675974844, 27.663814578164242, -1, -1, -1, -1
116, 0, 155.18984794031655, 74.2380591357142, 64.26292268135128, 27.680060652032104, -1, -1, -1, -1
117, 0, 154.39521147794017, 74.2640528538999, 64.35970860295413, 27.696306725899962, -1, -1, -1, -1
118, 0, 153.67166015347453, 74.29004657208435, 64.42602946545236, 27.712552799764175, -1, -1, -1, -1
119, 0, 152.9481088290089, 74.31604029026882, 64.4923503279506, 27.728798873628385, -1, -1, -1, -1
120, 0, 152.22455750454327, 74.34203400845328, 64.55867119044885, 27.745044947492598, -1, -1, -1, -1
121, 0, 151.50100618007767, 74.36802772663773, 64.62499205294708, 27.76129102135681, -1, -1, -1, -1
122, 0, 150.77745485561206, 74.39402144482219, 64.69131291544531, 27.777537095221025, -1, -1, -1, -1
123, 0, 150.05390353114643, 74.42001516300665, 64.75763377794355, 27.793783169085238, -1, -1, -1, -1
124, 0, 149.3303522066808, 74.44600888119112, 64.8239546404418, 27.81002924294945, -1, -1, -1, -1
125, 0, 148.6068008822152, 74.47200259937557, 64.89027550294003, 27.826275316813664, -1, -1, -1, -1
126, 0, 147.8832495577496, 74.49799631756002, 64.95659636543826, 27.842521390677877, -1, -1, -1, -1
127, 0, 147.15969823328396, 74.52399003574449, 65.0229172279365, 27.85876746454209, -1, -1, -1, -1
128, 0, 146.43614690881833, 74.54998375392896, 65.08923809043475, 27.875013538406304, -1, -1, -1, -1
129, 0, 145.7125955843527, 74.57597747211341, 65.15555895293298, 27.891259612270517, -1, -1, -1, -1
130, 0, 144.98904425988707, 74.60197119029786, 65.22187981543121, 27.90750568613473, -1, -1, -1, -1
131, 0, 144.26549293542146, 74.62796490848233, 65.28820067792945, 27.923751759998943, -1, -1, -1, -1
132, 0, 143.54194161095586, 74.65395862666679, 65.3545215404277, 27.939997833863156, -1, -1, -1, -1
133, 0, 142.81839028649023, 74.67995234485124, 65.42084240292593, 27.95624390772737, -1, -1, -1, -1
134, 0, 142.0948389620246, 74.7059460630357, 65.48716326542416, 27.972489981591586, -1, -1, -1, -1
135, 0, 141.37128763755896, 74.73193978122016, 65.5534841279224, 27.9887360554558, -1, -1, -1, -1
136, 0, 140.64773631309333, 74.75793349940463, 65.61980499042065, 28.004982129320013, -1, -1, -1, -1
137, 0, 139.92418498862773, 74.78392721758908, 65.68612585291888, 28.02122820318423, -1, -1, -1, -1
138, 0, 139.27759124878133, 74.80667172099973, 65.70724520074559, 28.02447741795747, -1, -1, -1, -1
139, 0, 138.6309975089349, 74.82941622441038, 65.7283645485723, 28.027726632730715, -1, -1, -1, -1
140, 0, 137.9844037690885, 74.85216072782103, 65.74948389639901, 28.03097584750396, -1, -1, -1, -1
141, 0, 137.3378100292421, 74.87490523123166, 65.77060324422573, 28.0342250622772, -1, -1, -1, -1
142, 0, 136.6912162893957, 74.8976497346423, 65.79172259205244, 28.03747427705045, -1, -1, -1, -1
143, 0, 136.04462254954927, 74.92039423805295, 65.81284193987915, 28.040723491823698, -1, -1, -1, -1
144, 0, 135.39802880970285, 74.9431387414636, 65.83396128770586, 28.043972706596946, -1, -1, -1, -1
145, 0, 134.75143506985646, 74.96588324487423, 65.85508063553257, 28.047221921370195, -1, -1, -1, -1
146, 0, 134.10484133001006, 74.98862774828487, 65.87619998335929, 28.05047113614344, -1, -1, -1, -1
147, 0, 133.45824759016364, 75.01137225169552, 65.897319331186, 28.053720350916684, -1, -1, -1, -1
148, 0, 132.8116538503172, 75.03411675510617, 65.91843867901271, 28.05696956568993, -1, -1, -1, -1
149, 0, 132.16506011047082, 75.05686125851682, 65.93955802683942, 28.060218780463174, -1, -1, -1, -1
150, 0, 131.51846637062442, 75.07960576192747, 65.96067737466615, 28.063467995236415, -1, -1, -1, -1
151, 0, 130.871872630778, 75.10235026533812, 65.98179672249286, 28.066717210009656, -1, -1, -1, -1
152, 0, 130.22527889093158, 75.12509476874877, 66.00291607031957, 28.069966424782898, -1, -1, -1, -1
153, 0, 129.57868515108518, 75.1478392721594, 66.0240354181463, 28.07321563955614, -1, -1, -1, -1
154, 0, 128.9320914112388, 75.17058377557004, 66.04515476597301, 28.076464854329387, -1, -1, -1, -1
155, 0, 128.28549767139236, 75.19332827898069, 66.06627411379972, 28.079714069102636, -1, -1, -1, -1
156, 0, 127.63890393154595, 75.21607278239134, 66.08739346162643, 28.082963283875884, -1, -1, -1, -1
157, 0, 126.99231019169954, 75.23881728580197, 66.10851280945315, 28.086212498649132, -1, -1, -1, -1
158, 0, 126.34571645185314, 75.2615617892126, 66.12963215727986, 28.089461713422377, -1, -1, -1, -1
159, 0, 125.69912271200673, 75.28430629262326, 66.15075150510657, 28.092710928195622, -1, -1, -1, -1
160, 0, 125.05252897216032, 75.3070507960339, 66.17187085293328, 28.095960142968867, -1, -1, -1, -1
161, 0, 124.40593523231391, 75.32979529944456, 66.19299020076, 28.09920935774211, -1, -1, -1, -1
162, 0, 123.7593414924675, 75.3525398028552, 66.2141095485867, 28.102458572515356, -1, -1, -1, -1
163, 0, 123.11274775262109, 75.37528430626585, 66.23522889641342, 28.1057077872886, -1, -1, -1, -1
164, 0, 122.46615401277467, 75.3980288096765, 66.25634824424014, 28.108957002061846, -1, -1, -1, -1
165, 0, 121.81956027292826, 75.42077331308714, 66.27746759206686, 28.11220621683509, -1, -1, -1, -1
166, 0, 121.17296653308185, 75.44351781649777, 66.29858693989357, 28.11545543160834, -1, -1, -1, -1
167, 0, 120.52637279323544, 75.46626231990842, 66.31970628772028, 28.118704646381588, -1, -1, -1, -1
168, 0, 119.87977905338903, 75.48900682331907, 66.34082563554699, 28.121953861154836, -1, -1, -1, -1
169, 0, 119.23318531354262, 75.51175132672971, 66.3619449833737, 28.125203075928084, -1, -1, -1, -1
170, 0, 118.58659157369621, 75.53449583014034, 66.38306433120042, 28.128452290701325, -1, -1, -1, -1
171, 0, 117.9399978338498, 75.557240333551, 66.40418367902714, 28.131701505474567, -1, -1, -1, -1
172, 0, 117.29340409400339, 75.57998483696164, 66.42530302685387, 28.134950720247808, -1, -1, -1, -1
173, 0, 116.64681035415698, 75.60272934037229, 66.44642237468058, 28.13819993502105, -1, -1, -1, -1
174, 0, 116.00021661431057, 75.62547384378294, 66.46754172250729, 28.141449149794294, -1, -1, -1, -1
175, 0, 115.35362287446416, 75.64821834719359, 66.488661070334, 28.14469836456754, -1, -1, -1, -1
176, 0, 114.70702913461776, 75.67096285060424, 66.50978041816072, 28.147947579340784, -1, -1, -1, -1
177, 0, 114.06043539477135, 75.69370735401488, 66.53089976598743, 28.15119679411403, -1, -1, -1, -1
178, 0, 113.41384165492494, 75.71645185742551, 66.55201911381414, 28.154446008887277, -1, -1, -1, -1
179, 0, 112.76724791507853, 75.73919636083616, 66.57313846164085, 28.157695223660525, -1, -1, -1, -1
180, 0, 112.12065417523212, 75.76194086424681, 66.59425780946756, 28.160944438433773, -1, -1, -1, -1
181, 0, 111.47406043538571, 75.78468536765745, 66.61537715729428, 28.164193653207022, -1, -1, -1, -1
182, 0, 110.8274666955393, 75.80742987106808, 66.63649650512099, 28.167442867980267, -1, -1, -1, -1
183, 0, 110.18087295569289, 75.83017437447873, 66.65761585294769, 28.17069208275351, -1, -1, -1, -1
184, 0, 109.53427921584648, 75.85291887788938, 66.6787352007744, 28.173941297526753, -1, -1, -1, -1
185, 0, 108.88768547600007, 75.87566338130003, 66.69985454860111, 28.177190512299997, -1, -1, -1, -1
186, 0, 108.24109173615511, 75.8984078847179, 66.66411647528753, 28.180439727072205, -1, -1, -1, -1
187, 0, 107.59449799631014, 75.92115238813575, 66.62837840197396, 28.18368894184441, -1, -1, -1, -1
188, 0, 106.94790425646516, 75.9438968915536, 66.5926403286604, 28.186938156616613, -1, -1, -1, -1
189, 0, 106.30131051662019, 75.96664139497148, 66.55690225534681, 28.190187371388816, -1, -1, -1, -1
190, 0, 105.65471677677522, 75.98938589838933, 66.52116418203323, 28.19343658616102, -1, -1, -1, -1
191, 0, 105.00812303693026, 76.01213040180718, 66.48542610871965, 28.196685800933224, -1, -1, -1, -1
192, 0, 104.3615292970853, 76.03487490522505, 66.44968803540607, 28.199935015705428, -1, -1, -1, -1
193, 0, 103.71493555724032, 76.0576194086429, 66.41394996209249, 28.203184230477632, -1, -1, -1, -1
194, 0, 103.05509003412973, 76.07061626773532, 66.4198728146083, 28.209682660025205, -1, -1, -1, -1
195, 0, 102.39524451101914, 76.08361312682771, 66.4257956671241, 28.21618108957278, -1, -1, -1, -1
196, 0, 101.73539898790855, 76.09660998592013, 66.43171851963993, 28.22267951912035, -1, -1, -1, -1
197, 0, 101.07555346479798, 76.10960684501254, 66.43764137215574, 28.229177948667925, -1, -1, -1, -1
198, 0, 100.4157079416874, 76.12260370410495, 66.44356422467155, 28.2356763782155, -1, -1, -1, -1
199, 0, 99.75586241857681, 76.13560056319736, 66.44948707718737, 28.242174807763078, -1, -1, -1, -1
200, 0, 99.09601689546622, 76.14859742228975, 66.45540992970318, 28.248673237310655, -1, -1, -1, -1
201, 0, 98.43617137235563, 76.16159428138216, 66.46133278221899, 28.25517166685823, -1, -1, -1, -1
202, 0, 97.77632584924504, 76.17459114047458, 66.4672556347348, 28.261670096405805, -1, -1, -1, -1
203, 0, 97.11648032613445, 76.18758799956697, 66.4731784872506, 28.268168525953378, -1, -1, -1, -1
204, 0, 96.45663480302386, 76.20058485865938, 66.4791013397664, 28.27466695550095, -1, -1, -1, -1
205, 0, 95.79678927991328, 76.2135817177518, 66.48502419228221, 28.281165385048524, -1, -1, -1, -1
206, 0, 95.13694375680271, 76.2265785768442, 66.49094704479802, 28.287663814596094, -1, -1, -1, -1
207, 0, 94.47709823369212, 76.23957543593662, 66.49686989731384, 28.294162244143664, -1, -1, -1, -1
208, 0, 93.81725271058153, 76.25257229502903, 66.50279274982965, 28.300660673691233, -1, -1, -1, -1
209, 0, 93.15740718747094, 76.26556915412144, 66.50871560234546, 28.307159103238803, -1, -1, -1, -1
210, 0, 92.49756166436035, 76.27856601321385, 66.51463845486128, 28.313657532786376, -1, -1, -1, -1
211, 0, 91.83771614124976, 76.29156287230626, 66.5205613073771, 28.32015596233395, -1, -1, -1, -1
212, 0, 91.17787061813917, 76.30455973139865, 66.5264841598929, 28.326654391881522, -1, -1, -1, -1
213, 0, 90.51802509502858, 76.31755659049107, 66.53240701240873, 28.333152821429096, -1, -1, -1, -1
214, 0, 89.85817957191799, 76.33055344958348, 66.53832986492453, 28.33965125097667, -1, -1, -1, -1
215, 0, 89.1983340488074, 76.34355030867587, 66.54425271744034, 28.346149680524242, -1, -1, -1, -1
216, 0, 88.5384885256968, 76.35654716776828, 66.55017556995614, 28.352648110071815, -1, -1, -1, -1
217, 0, 87.87864300258623, 76.3695440268607, 66.55609842247195, 28.35914653961939, -1, -1, -1, -1
218, 0, 87.21879747947565, 76.3825408859531, 66.56202127498776, 28.365644969166965, -1, -1, -1, -1
219, 0, 86.55895195636506, 76.39553774504552, 66.56794412750358, 28.37214339871454, -1, -1, -1, -1
220, 0, 85.89910643325447, 76.40853460413791, 66.57386698001939, 28.37864182826212, -1, -1, -1, -1
221, 0, 85.23926091014388, 76.42153146323032, 66.5797898325352, 28.385140257809695, -1, -1, -1, -1
222, 0, 84.5794153870333, 76.43452832232273, 66.58571268505102, 28.39163868735727, -1, -1, -1, -1
223, 0, 83.9195698639227, 76.44752518141513, 66.59163553756683, 28.39813711690484, -1, -1, -1, -1
224, 0, 83.25972434081211, 76.46052204050754, 66.59755839008264, 28.404635546452415, -1, -1, -1, -1
225, 0, 82.59987881770154, 76.47351889959995, 66.60348124259846, 28.411133975999988, -1, -1, -1, -1
226, 0, 81.90272061197282, 76.4865157586923, 66.64671677773057, 28.41763240554434, -1, -1, -1, -1
227, 0, 81.2055624062441, 76.49951261778466, 66.6899523128627, 28.42413083508869, -1, -1, -1, -1
228, 0, 80.50840420051539, 76.51250947687703, 66.73318784799483, 28.43062926463304, -1, -1, -1, -1
229, 0, 79.81124599478667, 76.52550633596938, 66.77642338312694, 28.43712769417739, -1, -1, -1, -1
230, 0, 79.11408778905796, 76.53850319506174, 66.81965891825905, 28.443626123721742, -1, -1, -1, -1
231, 0, 78.41692958332925, 76.5515000541541, 66.86289445339118, 28.450124553266093, -1, -1, -1, -1
232, 0, 77.71977137760054, 76.56449691324646, 66.9061299885233, 28.456622982810444, -1, -1, -1, -1
233, 0, 77.02261317187182, 76.57749377233881, 66.94936552365542, 28.463121412354795, -1, -1, -1, -1
234, 0, 76.32545496614311, 76.59049063143117, 66.99260105878754, 28.46961984189915, -1, -1, -1, -1
235, 0, 75.6282967604144, 76.60348749052352, 67.03583659391967, 28.476118271443504, -1, -1, -1, -1
236, 0, 74.93113855468567, 76.61648434961587, 67.07907212905178, 28.482616700987858, -1, -1, -1, -1
237, 0, 74.23398034895696, 76.62948120870823, 67.12230766418391, 28.489115130532213, -1, -1, -1, -1
238, 0, 73.53682214322825, 76.64247806780058, 67.16554319931603, 28.495613560076567, -1, -1, -1, -1
239, 0, 72.83966393749952, 76.65547492689294, 67.20877873444815, 28.50211198962092, -1, -1, -1, -1
240, 0, 72.14250573177081, 76.6684717859853, 67.25201426958027, 28.508610419165276, -1, -1, -1, -1
241, 0, 71.4453475260421, 76.68146864507766, 67.2952498047124, 28.51510884870963, -1, -1, -1, -1
242, 0, 70.74818932031339, 76.69446550417001, 67.33848533984451, 28.52160727825398, -1, -1, -1, -1
243, 0, 70.05103111458467, 76.70746236326238, 67.38172087497664, 28.528105707798332, -1, -1, -1, -1
244, 0, 69.35387290885596, 76.72045922235473, 67.42495641010876, 28.534604137342683, -1, -1, -1, -1
245, 0, 68.65671470312725, 76.73345608144709, 67.46819194524087, 28.541102566887034, -1, -1, -1, -1
246, 0, 67.95955649739854, 76.74645294053944, 67.51142748037299, 28.547600996431385, -1, -1, -1, -1
247, 0, 67.26239829166983, 76.7594497996318, 67.55466301550511, 28.554099425975732, -1, -1, -1, -1
248, 0, 66.5652400859411, 76.77244665872416, 67.59789855063724, 28.56059785552008, -1, -1, -1, -1
249, 0, 65.86808188021239, 76.78544351781652, 67.64113408576935, 28.56709628506443, -1, -1, -1, -1
250, 0, 65.17170432015928, 76.83506788888738, 67.57118308696104, 28.58678849579832, -1, -1, -1, -1
251, 0, 64.47532676010619, 76.88469225995823, 67.50123208815273, 28.60648070653221, -1, -1, -1, -1
252, 0, 63.77894920005309, 76.93431663102908, 67.43128108934442, 28.6261729172661, -1, -1, -1, -1
253, 0, 63.08257163999999, 76.98394100209993, 67.36133009053611, 28.64586512799999, -1, -1, -1, -1
254, 0, 62.38619407993748, 77.03356537318744, 67.4231827849316, 28.665557338749984, -1, -1, -1, -1
255, 0, 61.68981651987498, 77.08318974427496, 67.48503547932708, 28.685249549499982, -1, -1, -1, -1
256, 0, 60.99343895981247, 77.13281411536248, 67.54688817372255, 28.70494176024998, -1, -1, -1, -1
257, 0, 60.297061399749964, 77.18243848645, 67.60874086811803, 28.724633970999975, -1, -1, -1, -1
258, 0, 59.60068383968746, 77.23206285753751, 67.67059356251352, 28.74432618174997, -1, -1, -1, -1
259, 0, 58.904306279624954, 77.28168722862503, 67.73244625690899, 28.764018392499963, -1, -1, -1, -1
260, 0, 58.207928719562446, 77.33131159971254, 67.79429895130446, 28.783710603249958, -1, -1, -1, -1
261, 0, 57.511551159499945, 77.38093597080005, 67.85615164569994, 28.803402813999952, -1, -1, -1, -1
262, 0, 56.81517359943744, 77.43056034188129, 67.82470509658742, 28.823095024749282, -1, -1, -1, -1
263, 0, 56.118796039374935, 77.48018471296253, 67.79325854747492, 28.842787235498612, -1, -1, -1, -1
264, 0, 55.42241847931243, 77.52980908404376, 67.76181199836242, 28.862479446247942, -1, -1, -1, -1
265, 0, 54.726040919249925, 77.579433455125, 67.73036544924992, 28.882171656997272, -1, -1, -1, -1
266, 0, 54.029663359187424, 77.62905782620624, 67.69891890013741, 28.901863867746606, -1, -1, -1, -1
267, 0, 53.333285799124916, 77.67868219728747, 67.6674723510249, 28.92155607849594, -1, -1, -1, -1
268, 0, 52.63690823906241, 77.72830656836871, 67.63602580191238, 28.941248289245273, -1, -1, -1, -1
269, 0, 51.940530678999906, 77.77793093944994, 67.60457925279988, 28.960940499994607, -1, -1, -1, -1
270, 0, 51.2441531189374, 77.82755531053118, 67.57313270368738, 28.980632710743937, -1, -1, -1, -1
271, 0, 50.54777555887489, 77.87717968161242, 67.54168615457486, 29.000324921493267, -1, -1, -1, -1
272, 0, 49.85139799881239, 77.92680405269365, 67.51023960546235, 29.020017132242597, -1, -1, -1, -1
273, 0, 49.15502043874988, 77.97642842377489, 67.47879305634984, 29.039709342991927, -1, -1, -1, -1
274, 0, 48.45864287868737, 78.02605279485613, 67.44734650723734, 29.059401553741257, -1, -1, -1, -1
275, 0, 47.76226531862487, 78.07567716593736, 67.41589995812484, 29.079093764490587, -1, -1, -1, -1
276, 0, 47.06588775856237, 78.1253015370186, 67.38445340901234, 29.098785975239913, -1, -1, -1, -1
277, 0, 46.36951019849986, 78.17492590809984, 67.35300685989984, 29.118478185989243, -1, -1, -1, -1
278, 0, 45.6731326384391, 78.22455027917718, 67.32156031078559, 29.084016817181443, -1, -1, -1, -1
279, 0, 44.976755078378346, 78.27417465025454, 67.29011376167134, 29.049555448373646, -1, -1, -1, -1
280, 0, 44.280377518317586, 78.32379902133188, 67.2586672125571, 29.015094079565845, -1, -1, -1, -1
281, 0, 43.583999958256825, 78.37342339240922, 67.22722066344285, 28.980632710758044, -1, -1, -1, -1
282, 0, 42.887622398196065, 78.42304776348658, 67.1957741143286, 28.94617134195024, -1, -1, -1, -1
283, 0, 42.191244838135304, 78.47267213456392, 67.16432756521436, 28.911709973142436, -1, -1, -1, -1
284, 0, 41.494867278074544, 78.52229650564126, 67.13288101610011, 28.877248604334632, -1, -1, -1, -1
285, 0, 40.79848971801378, 78.57192087671862, 67.10143446698586, 28.842787235526828, -1, -1, -1, -1
286, 0, 40.10211215795302, 78.62154524779596, 67.06998791787161, 28.808325866719024, -1, -1, -1, -1
287, 0, 39.40573459789226, 78.67116961887331, 67.03854136875736, 28.77386449791122, -1, -1, -1, -1
288, 0, 38.70935703783151, 78.72079398995066, 67.00709481964311, 28.739403129103415, -1, -1, -1, -1
289, 0, 38.01297947777075, 78.770418361028, 66.97564827052886, 28.70494176029561, -1, -1, -1, -1
290, 0, 37.31660191770999, 78.82004273210535, 66.94420172141463, 28.67048039148781, -1, -1, -1, -1
291, 0, 36.620224357649235, 78.8696671031827, 66.91275517230038, 28.63601902268001, -1, -1, -1, -1
292, 0, 35.923846797588475, 78.91929147426005, 66.88130862318613, 28.60155765387221, -1, -1, -1, -1
293, 0, 35.227469237527714, 78.96891584533739, 66.8498620740719, 28.56709628506441, -1, -1, -1, -1
294, 0, 34.48520935718848, 79.01808073149986, 66.83776259126114, 28.613086548158066, -1, -1, -1, -1
295, 0, 33.74294947684925, 79.06724561766234, 66.8256631084504, 28.659076811251722, -1, -1, -1, -1
296, 0, 33.000689596510014, 79.11641050382481, 66.81356362563966, 28.70506707434538, -1, -1, -1, -1
297, 0, 32.25842971617078, 79.16557538998728, 66.8014641428289, 28.751057337439036, -1, -1, -1, -1
298, 0, 31.516169835831548, 79.21474027614975, 66.78936466001815, 28.797047600532697, -1, -1, -1, -1
299, 0, 30.773909955492314, 79.26390516231223, 66.77726517720741, 28.843037863626357, -1, -1, -1, -1
300, 0, 30.03165007515308, 79.3130700484747, 66.76516569439667, 28.889028126720017, -1, -1, -1, -1
301, 0, 29.289390194813848, 79.36223493463717, 66.75306621158592, 28.935018389813678, -1, -1, -1, -1
302, 0, 28.547130314474614, 79.41139982079964, 66.74096672877516, 28.981008652907338, -1, -1, -1, -1
303, 0, 27.80487043413538, 79.46056470696212, 66.72886724596441, 29.026998916001, -1, -1, -1, -1
304, 0, 27.062610553796148, 79.50972959312458, 66.71676776315365, 29.07298917909466, -1, -1, -1, -1
305, 0, 26.32035067345691, 79.55889447928705, 66.70466828034291, 29.11897944218832, -1, -1, -1, -1
306, 0, 25.578090793117678, 79.60805936544952, 66.69256879753218, 29.164969705281976, -1, -1, -1, -1
307, 0, 24.835830912778444, 79.65722425161199, 66.68046931472142, 29.210959968375633, -1, -1, -1, -1
308, 0, 24.09357103243921, 79.70638913777447, 66.66836983191067, 29.25695023146929, -1, -1, -1, -1
309, 0, 23.351311152099978, 79.75555402393694, 66.65627034909993, 29.302940494562947, -1, -1, -1, -1
310, 0, 22.60905127175976, 79.82277010328201, 66.64417086628654, 29.330879564477225, -1, -1, -1, -1
311, 0, 21.866791391419547, 79.88998618262707, 66.63207138347317, 29.358818634391504, -1, -1, -1, -1
312, 0, 21.12453151107933, 79.95720226197214, 66.61997190065979, 29.386757704305783, -1, -1, -1, -1
313, 0, 20.382271630739112, 80.02441834131722, 66.60787241784641, 29.41469677422006, -1, -1, -1, -1
314, 0, 19.640011750398894, 80.09163442066229, 66.59577293503304, 29.44263584413434, -1, -1, -1, -1
315, 0, 18.897751870058677, 80.15885050000736, 66.58367345221966, 29.47057491404862, -1, -1, -1, -1
316, 0, 18.155491989718463, 80.22606657935242, 66.57157396940627, 29.498513983962898, -1, -1, -1, -1
317, 0, 17.413232109378246, 80.29328265869749, 66.5594744865929, 29.526453053877177, -1, -1, -1, -1
318, 0, 16.67097222903803, 80.36049873804257, 66.54737500377952, 29.554392123791455, -1, -1, -1, -1
319, 0, 15.928712348697813, 80.42771481738762, 66.53527552096614, 29.582331193705734, -1, -1, -1, -1
320, 0, 15.186452468357597, 80.4949308967327, 66.52317603815276, 29.610270263620013, -1, -1, -1, -1
321, 0, 14.44419258801738, 80.56214697607777, 66.51107655533937, 29.63820933353429, -1, -1, -1, -1
322, 0, 13.701932707677162, 80.62936305542283, 66.498977072526, 29.666148403448574, -1, -1, -1, -1
323, 0, 12.959672827336947, 80.6965791347679, 66.48687758971262, 29.694087473362856, -1, -1, -1, -1
324, 0, 12.217412946996731, 80.76379521411297, 66.47477810689924, 29.72202654327714, -1, -1, -1, -1
325, 0, 11.475153066656514, 80.83101129345803, 66.46267862408587, 29.74996561319142, -1, -1, -1, -1
326, 0, 10.732893186316296, 80.8982273728031, 66.45057914127248, 29.7779046831057, -1, -1, -1, -1
327, 0, 9.99063330597608, 80.96544345214818, 66.4384796584591, 29.80584375301998, -1, -1, -1, -1
328, 0, 9.248373425635865, 81.03265953149324, 66.42638017564573, 29.833782822934257, -1, -1, -1, -1
329, 0, 8.506113545295648, 81.09987561083831, 66.41428069283235, 29.861721892848536, -1, -1, -1, -1
330, 0, 7.763853664955431, 81.16709169018338, 66.40218121001897, 29.889660962762814, -1, -1, -1, -1
331, 0, 7.021593784615215, 81.23430776952844, 66.3900817272056, 29.917600032677093, -1, -1, -1, -1
332, 0, 6.279333904274998, 81.30152384887352, 66.37798224439223, 29.945539102591372, -1, -1, -1, -1
333, 0, 5.537074023934782, 81.36873992821859, 66.36588276157885, 29.97347817250565, -1, -1, -1, -1
334, 0, 4.794814143594565, 81.43595600756366, 66.35378327876546, 30.00141724241993, -1, -1, -1, -1
335, 0, 4.052554263254349, 81.50317208690873, 66.34168379595208, 30.029356312334208, -1, -1, -1, -1
336, 0, 3.3102943829141322, 81.57038816625379, 66.3295843131387, 30.05729538224849, -1, -1, -1, -1
337, 0, 2.568034502573916, 81.63760424559887, 66.31748483032531, 30.08523445216277, -1, -1, -1, -1
338, 0, 1.9260258769304373, 81.6982562547071, 66.20513409279704, 30.207457440197267, -1, -1, -1, -1
339, 0, 1.284017251286958, 81.75890826381536, 66.09278335526878, 30.329680428231768, -1, -1, -1, -1
340, 0, 0.642008625643479, 81.8195602729236, 65.98043261774052, 30.45190341626627, -1, -1, -1, -1
341, 0, 0.0, 81.88021228203183, 65.86808188021224, 30.574126404300767, -1, -1, -1, -1
342, 0, 0.0, 81.97119029567784, 65.12371631401071, 30.579423771446137, -1, -1, -1, -1
343, 0, 0.0, 82.06216830932387, 64.37935074780917, 30.58472113859151, -1, -1, -1, -1
344, 0, 0.0, 82.15314632296989, 63.63498518160763, 30.590018505736882, -1, -1, -1, -1
345, 0, 0.0, 82.2441243366159, 62.8906196154061, 30.595315872882253, -1, -1, -1, -1
346, 0, 0.0, 82.3351023502619, 62.14625404920457, 30.600613240027627, -1, -1, -1, -1
347, 0, 0.0, 82.42608036390793, 61.401888483003034, 30.605910607173005, -1, -1, -1, -1
348, 0, 0.0, 82.51705837755395, 60.6575229168015, 30.611207974318383, -1, -1, -1, -1
349, 0, 0.0, 82.60803639119996, 59.91315735059996, 30.616505341463757, -1, -1, -1, -1
350, 0, 0.0, 82.69901440484995, 59.168791784399964, 30.566519078915913, -1, -1, -1, -1
351, 0, 0.0, 82.78999241849993, 58.42442621819997, 30.51653281636807, -1, -1, -1, -1
352, 0, 0.0, 82.88097043214992, 57.680060651999966, 30.466546553820226, -1, -1, -1, -1
353, 0, 0.0, 82.97194844579992, 56.93569508579997, 30.416560291272383, -1, -1, -1, -1
354, 0, 0.0, 83.06292645944994, 56.191329519599975, 30.398975689783086, -1, -1, -1, -1
355, 0, 0.0, 83.15390447309996, 55.44696395339997, 30.38139108829379, -1, -1, -1, -1
356, 0, 0.0, 83.24488248674997, 54.70259838719997, 30.363806486804492, -1, -1, -1, -1
357, 0, 0.0, 83.33586050039999, 53.95823282099997, 30.346221885315195, -1, -1, -1, -1
358, 0, 0.0, 83.42683851404595, 53.21386725479995, 30.276183255760046, -1, -1, -1, -1
359, 0, 0.0, 83.5178165276919, 52.469501688599934, 30.206144626204892, -1, -1, -1, -1
360, 0, 0.0, 83.60879454133786, 51.72513612239992, 30.13610599664974, -1, -1, -1, -1
361, 0, 0.0, 83.69977255498381, 50.98077055619991, 30.06606736709459, -1, -1, -1, -1
362, 0, 0.0, 83.79075056862976, 50.2364049899999, 29.996028737539444, -1, -1, -1, -1
363, 0, 0.0, 83.88172858227571, 49.49203942379988, 29.925990107984298, -1, -1, -1, -1
364, 0, 0.0, 83.97270659592166, 48.747673857599864, 29.85595147842915, -1, -1, -1, -1
365, 0, 0.0, 84.06368460956763, 48.00330829139985, 29.785912848874005, -1, -1, -1, -1
366, 0, 0.0, 84.1546626232136, 47.25894272519983, 29.715874219318856, -1, -1, -1, -1
367, 0, 0.0, 84.24564063685955, 46.51457715899981, 29.645835589763706, -1, -1, -1, -1
368, 0, 0.0, 84.3366186505055, 45.7702115927998, 29.575796960208557, -1, -1, -1, -1
369, 0, 0.0, 84.42759666415145, 45.02584602659979, 29.505758330653407, -1, -1, -1, -1
370, 0, 0.0, 84.5185746777974, 44.28148046039978, 29.43571970109826, -1, -1, -1, -1
371, 0, 0.0, 84.60955269144335, 43.53711489419976, 29.365681071543115, -1, -1, -1, -1
372, 0, 0.0, 84.7005307050893, 42.79274932799974, 29.29564244198797, -1, -1, -1, -1
373, 0, 0.0, 84.79150871873527, 42.04838376179973, 29.225603812432823, -1, -1, -1, -1
374, 0, 0.0, 84.88248673238124, 41.30401819559971, 29.155565182877673, -1, -1, -1, -1
375, 0, 0.0, 84.97346474602719, 40.55965262939969, 29.085526553322524, -1, -1, -1, -1
376, 0, 0.0, 85.06444275967314, 39.815287063199676, 29.015487923767374, -1, -1, -1, -1
377, 0, 0.0, 85.1554207733191, 39.07092149699967, 28.945449294212224, -1, -1, -1, -1
378, 0, 0.0, 85.24639878696505, 38.32655593079966, 28.87541066465708, -1, -1, -1, -1
379, 0, 0.0, 85.337376800611, 37.58219036459964, 28.805372035101932, -1, -1, -1, -1
380, 0, 0.0, 85.42835481425695, 36.83782479839962, 28.735333405546786, -1, -1, -1, -1
381, 0, 0.0, 85.51933282790291, 36.093459232199606, 28.66529477599164, -1, -1, -1, -1
382, 0, 0.0, 85.61031084154888, 35.34909366599959, 28.59525614643649, -1, -1, -1, -1
383, 0, 0.0, 85.70128885519483, 34.60472809979957, 28.52521751688134, -1, -1, -1, -1
384, 0, 0.0, 85.79226686884078, 33.860362533599556, 28.45517888732619, -1, -1, -1, -1
385, 0, 0.0, 85.88324488248674, 33.115996967399546, 28.385140257771038, -1, -1, -1, -1
386, 0, 7.387859052633986e-16, 86.02476623704791, 32.388172858224564, 28.302149321049924, -1, -1, -1, -1
387, 0, 1.4775718105267971e-15, 86.1662875916091, 31.66034874904958, 28.219158384328807, -1, -1, -1, -1
388, 0, 2.2163577157901957e-15, 86.3078089461703, 30.932524639874593, 28.13616744760769, -1, -1, -1, -1
389, 0, 2.9551436210535942e-15, 86.44933030073148, 30.20470053069961, 28.053176510886573, -1, -1, -1, -1
390, 0, 3.693929526316993e-15, 86.59085165529267, 29.47687642152463, 27.97018557416545, -1, -1, -1, -1
391, 0, 4.432715431580391e-15, 86.73237300985386, 28.749052312349644, 27.887194637444324, -1, -1, -1, -1
392, 0, 5.17150133684379e-15, 86.87389436441504, 28.02122820317466, 27.8042037007232, -1, -1, -1, -1
393, 0, 5.9102872421071884e-15, 87.01541571897623, 27.293404093999676, 27.721212764002075, -1, -1, -1, -1
394, 0, 6.649073147370587e-15, 87.15693707353742, 26.565579984824694, 27.638221827280958, -1, -1, -1, -1
395, 0, 7.387859052633986e-15, 87.2984584280986, 25.83775587564971, 27.55523089055984, -1, -1, -1, -1
396, 0, 8.126644957897383e-15, 87.43997978265978, 25.109931766474723, 27.472239953838724, -1, -1, -1, -1
397, 0, 8.865430863160783e-15, 87.58150113722097, 24.38210765729974, 27.389249017117606, -1, -1, -1, -1
398, 0, 9.604216768424182e-15, 87.72302249178216, 23.65428354812476, 27.306258080396486, -1, -1, -1, -1
399, 0, 1.034300267368758e-14, 87.86454384634334, 22.926459438949777, 27.223267143675365, -1, -1, -1, -1
400, 0, 1.1081788578950978e-14, 88.00606520090453, 22.198635329774795, 27.140276206954244, -1, -1, -1, -1
401, 0, 1.1820574484214377e-14, 88.14758655546572, 21.47081122059981, 27.057285270233123, -1, -1, -1, -1
402, 0, 1.2559360389477776e-14, 88.2891079100269, 20.742987111424824, 26.974294333512006, -1, -1, -1, -1
403, 0, 1.3298146294741174e-14, 88.43062926458809, 20.015163002249842, 26.89130339679089, -1, -1, -1, -1
404, 0, 1.4036932200004572e-14, 88.57215061914928, 19.287338893074857, 26.80831246006977, -1, -1, -1, -1
405, 0, 1.477571810526797e-14, 88.71367197371046, 18.55951478389987, 26.725321523348654, -1, -1, -1, -1
406, 0, 1.5514504010531367e-14, 88.85519332827165, 17.83169067472489, 26.64233058662753, -1, -1, -1, -1
407, 0, 1.6253289915794767e-14, 88.99671468283285, 17.103866565549904, 26.559339649906406, -1, -1, -1, -1
408, 0, 1.6992075821058166e-14, 89.13823603739402, 16.37604245637492, 26.47634871318528, -1, -1, -1, -1
409, 0, 1.7730861726321565e-14, 89.27975739195521, 15.648218347199936, 26.393357776464157, -1, -1, -1, -1
410, 0, 1.8469647631584965e-14, 89.4212787465164, 14.920394238024953, 26.31036683974304, -1, -1, -1, -1
411, 0, 1.9208433536848364e-14, 89.56280010107758, 14.192570128849969, 26.227375903021922, -1, -1, -1, -1
412, 0, 1.9947219442111763e-14, 89.70432145563876, 13.464746019674983, 26.144384966300805, -1, -1, -1, -1
413, 0, 2.068600534737516e-14, 89.84584281019995, 12.7369219105, 26.06139402957969, -1, -1, -1, -1
414, 0, 1.551450401053137e-14, 89.98736416477496, 12.009097801324987, 25.676925145896007, -1, -1, -1, -1
415, 0, 1.034300267368758e-14, 90.12888551934995, 11.281273692149977, 25.292456262212323, -1, -1, -1, -1
416, 0, 5.17150133684379e-15, 90.27040687392494, 10.553449582974965, 24.907987378528638, -1, -1, -1, -1
417, 0, 0.0, 90.41192822849995, 9.825625473799953, 24.523518494844954, -1, -1, -1, -1
418, 0, 0.0, 90.55344958305048, 9.097801364637302, 23.94229770358254, -1, -1, -1, -1
419, 0, 0.0, 90.694970937601, 8.369977255474653, 23.361076912320126, -1, -1, -1, -1
420, 0, 0.0, 90.83649229215152, 7.642153146312005, 22.779856121057712, -1, -1, -1, -1
421, 0, 0.0, 90.97801364670204, 6.914329037149355, 22.198635329795298, -1, -1, -1, -1
422, 0, 0.0, 91.06899166034874, 6.050037907505686, 21.607278241091734, -1, -1, -1, -1
423, 0, 0.0, 91.15996967399545, 5.1857467778620165, 21.015921152388174, -1, -1, -1, -1
424, 0, 0.0, 91.25094768764215, 4.321455648218347, 20.42456406368461, -1, -1, -1, -1
425, 0, 0.0, 91.34192570128886, 3.457164518574677, 19.833206974981046, -1, -1, -1, -1
426, 0, 0.0, 91.34192570128886, 3.457164518574677, 19.833206974981046, -1, -1, -1, -1
427, 0, 0.0, 91.34192570128886, 3.457164518574677, 19.833206974981046, -1, -1, -1, -1
428, 0, 0.0, 91.34192570128886, 3.457164518574677, 19.833206974981046, -1, -1, -1, -1
