41, 0, 234.17740712661106, 77.87717968157695, 5.822592873388931, 20.197119029567855, -1, -1, -1, -1
42, 0, 233.8021228203184, 77.82031842304775, 6.197877179681578, 20.242608036391204, -1, -1, -1, -1
43, 0, 233.42683851402577, 77.76345716451857, 6.573161485974224, 20.288097043214556, -1, -1, -1, -1
44, 0, 233.05155420773315, 77.70659590598939, 6.94844579226687, 20.33358605003791, -1, -1, -1, -1
45, 0, 232.6762699014405, 77.64973464746019, 7.323730098559517, 20.37907505686126, -1, -1, -1, -1
46, 0, 232.30098559514784, 77.592873388931, 7.699014404852163, 20.424564063684613, -1, -1, -1, -1
47, 0, 231.92570128885518, 77.53601213040182, 8.07429871114481, 20.470053070507962, -1, -1, -1, -1
48, 0, 231.55041698256252, 77.47915087187263, 8.449583017437456, 20.51554207733131, -1, -1, -1, -1
49, 0, 231.1751326762699, 77.42228961334344, 8.824867323730103, 20.561031084154664, -1, -1, -1, -1
50, 0, 230.79984836997727, 77.36542835481424, 9.200151630022749, 20.606520090978016, -1, -1, -1, -1
51, 0, 230.4245640636846, 77.30856709628506, 9.575435936315394, 20.652009097801365, -1, -1, -1, -1
52, 0, 230.04927975739196, 77.25170583775588, 9.950720242608039, 20.697498104624714, -1, -1, -1, -1
53, 0, 229.6739954510993, 77.19484457922668, 10.326004548900684, 20.742987111448066, -1, -1, -1, -1
54, 0, 229.29871114480665, 77.13798332069749, 10.70128885519333, 20.78847611827142, -1, -1, -1, -1
55, 0, 228.92342683851402, 77.0811220621683, 11.076573161485975, 20.833965125094768, -1, -1, -1, -1
56, 0, 228.5481425322214, 77.02426080363912, 11.45185746777862, 20.879454131918116, -1, -1, -1, -1
57, 0, 228.17285822592874, 76.96739954510993, 11.827141774071265, 20.92494313874147, -1, -1, -1, -1
58, 0, 227.73313115997067, 76.82656741792712, 12.26686884002931, 21.08851976933982, -1, -1, -1, -1
59, 0, 227.2934040940126, 76.6857352907443, 12.706595905987356, 21.25209639993817, -1, -1, -1, -1
60, 0, 226.85367702805453, 76.54490316356149, 13.146322971945402, 21.415673030536524, -1, -1, -1, -1
61, 0, 226.41394996209647, 76.40407103637867, 13.586050037903448, 21.579249661134874, -1, -1, -1, -1
62, 0, 225.9742228961384, 76.26323890919585, 14.025777103861493, 21.742826291733223, -1, -1, -1, -1
63, 0, 225.53449583018033, 76.12240678201303, 14.465504169819539, 21.906402922331576, -1, -1, -1, -1
64, 0, 225.0947687642223, 75.98157465483021, 14.905231235777585, 22.06997955292993, -1, -1, -1, -1
65, 0, 224.65504169826423, 75.8407425276474, 15.34495830173563, 22.23355618352828, -1, -1, -1, -1
66, 0, 224.21531463230616, 75.69991040046457, 15.784685367693674, 22.397132814126632, -1, -1, -1, -1
67, 0, 223.77558756634812, 75.55907827328176, 16.224412433651718, 22.560709444724985, -1, -1, -1, -1
68, 0, 223.33586050039005, 75.41824614609894, 16.66413949960976, 22.724286075323338, -1, -1, -1, -1
69, 0, 222.896133434432, 75.27741401891612, 17.103866565567806, 22.88786270592169, -1, -1, -1, -1
70, 0, 222.45640636847392, 75.1365818917333, 17.54359363152585, 23.051439336520044, -1, -1, -1, -1
71, 0, 222.01667930251585, 74.99574976455048, 17.983320697483894, 23.215015967118397, -1, -1, -1, -1
72, 0, 221.5769522365578, 74.85491763736766, 18.423047763441936, 23.378592597716747, -1, -1, -1, -1
73, 0, 221.13722517059972, 74.71408551018484, 18.86277482939998, 23.5421692283151, -1, -1, -1, -1
74, 0, 220.69749810463725, 74.59048406740061, 19.302501895362482, 23.688515174511842, -1, -1, -1, -1
75, 0, 220.25777103867475, 74.46688262461636, 19.742228961324983, 23.834861120708588, -1, -1, -1, -1
76, 0, 219.81804397271225, 74.34328118183211, 20.181956027287484, 23.98120706690533, -1, -1, -1, -1
77, 0, 219.37831690674977, 74.21967973904788, 20.621683093249985, 24.127553013102073, -1, -1, -1, -1
78, 0, 218.93858984078727, 74.09607829626363, 21.061410159212485, 24.273898959298815, -1, -1, -1, -1
79, 0, 218.49886277482477, 73.97247685347938, 21.501137225174986, 24.420244905495558, -1, -1, -1, -1
80, 0, 218.0591357088623, 73.84887541069514, 21.940864291137487, 24.5665908516923, -1, -1, -1, -1
81, 0, 217.6194086428998, 73.7252739679109, 22.380591357099988, 24.712936797889043, -1, -1, -1, -1
82, 0, 217.2043639164936, 73.69356950860856, 22.795636083506203, 24.7673857606002, -1, -1, -1, -1
83, 0, 216.78931919008738, 73.66186504930624, 23.210680809912414, 24.821834723311355, -1, -1, -1, -1
84, 0, 216.3742744636812, 73.63016059000391, 23.625725536318626, 24.87628368602251, -1, -1, -1, -1
85, 0, 215.959229737275, 73.59845613070158, 24.04077026272484, 24.930732648733667, -1, -1, -1, -1
86, 0, 215.54418501086877, 73.56675167139926, 24.455814989131056, 24.985181611444823, -1, -1, -1, -1
87, 0, 215.12914028446258, 73.53504721209693, 24.870859715537268, 25.03963057415598, -1, -1, -1, -1
88, 0, 214.71409555805639, 73.5033427527946, 25.28590444194348, 25.094079536867135, -1, -1, -1, -1
89, 0, 214.29905083165016, 73.47163829349228, 25.700949168349695, 25.14852849957829, -1, -1, -1, -1
90, 0, 213.88400610524394, 73.43993383418996, 26.115993894755906, 25.202977462289446, -1, -1, -1, -1
91, 0, 213.46896137883775, 73.40822937488763, 26.531038621162118, 25.257426425000602, -1, -1, -1, -1
92, 0, 213.05391665243155, 73.37652491558529, 26.94608334756833, 25.31187538771176, -1, -1, -1, -1
93, 0, 212.63887192602533, 73.34482045628297, 27.36112807397454, 25.366324350422914, -1, -1, -1, -1
94, 0, 212.22382719961914, 73.31311599698066, 27.776172800380753, 25.42077331313407, -1, -1, -1, -1
95, 0, 211.80878247321294, 73.28141153767832, 28.191217526786964, 25.475222275845226, -1, -1, -1, -1
96, 0, 211.39373774680672, 73.24970707837599, 28.606262253193176, 25.529671238556382, -1, -1, -1, -1
97, 0, 210.97869302040053, 73.21800261907367, 29.021306979599387, 25.584120201267538, -1, -1, -1, -1
98, 0, 210.56364829399433, 73.18629815977135, 29.436351706005603, 25.638569163978694, -1, -1, -1, -1
99, 0, 210.1486035675881, 73.15459370046902, 29.851396432411818, 25.69301812668985, -1, -1, -1, -1
100, 0, 209.73355884118192, 73.12288924116669, 30.266441158818033, 25.747467089401006, -1, -1, -1, -1
101, 0, 209.31851411477572, 73.09118478186437, 30.681485885224244, 25.801916052112166, -1, -1, -1, -1
102, 0, 208.9034693883695, 73.05948032256204, 31.096530611630456, 25.856365014823325, -1, -1, -1, -1
103, 0, 208.4884246619633, 73.0277758632597, 31.51157533803667, 25.91081397753448, -1, -1, -1, -1
104, 0, 208.0733799355571, 72.99607140395739, 31.926620064442886, 25.965262940245637, -1, -1, -1, -1
105, 0, 207.6583352091509, 72.96436694465505, 32.3416647908491, 26.019711902956793, -1, -1, -1, -1
106, 0, 207.22112678851883, 72.97086537420117, 32.778873211481155, 26.039207191595374, -1, -1, -1, -1
107, 0, 206.78391836788677, 72.9773638037473, 33.216081632113216, 26.058702480233954, -1, -1, -1, -1
108, 0, 206.3467099472547, 72.98386223329342, 33.65329005274527, 26.078197768872535, -1, -1, -1, -1
109, 0, 205.90950152662265, 72.99036066283955, 34.09049847337732, 26.097693057511112, -1, -1, -1, -1
110, 0, 205.4722931059906, 72.99685909238568, 34.52770689400938, 26.11718834614969, -1, -1, -1, -1
111, 0, 205.03508468535853, 73.0033575219318, 34.96491531464143, 26.13668363478827, -1, -1, -1, -1
112, 0, 204.5978762647265, 73.00985595147793, 35.402123735273484, 26.15617892342685, -1, -1, -1, -1
113, 0, 204.16066784409443, 73.01635438102404, 35.83933215590554, 26.17567421206543, -1, -1, -1, -1
114, 0, 203.72345942346237, 73.02285281057016, 36.27654057653759, 26.19516950070401, -1, -1, -1, -1
115, 0, 203.28625100283034, 73.02935124011628, 36.713748997169645, 26.21466478934259, -1, -1, -1, -1
116, 0, 202.84904258219828, 73.03584966966241, 37.1509574178017, 26.234160077981166, -1, -1, -1, -1
117, 0, 202.41183416156622, 73.04234809920854, 37.58816583843375, 26.253655366619746, -1, -1, -1, -1
118, 0, 201.97462574093416, 73.04884652875467, 38.025374259065806, 26.273150655258327, -1, -1, -1, -1
119, 0, 201.5374173203021, 73.0553449583008, 38.46258267969786, 26.292645943896904, -1, -1, -1, -1
120, 0, 201.10020889967004, 73.06184338784692, 38.899791100329914, 26.31214123253548, -1, -1, -1, -1
121, 0, 200.66300047903798, 73.06834181739303, 39.33699952096197, 26.33163652117406, -1, -1, -1, -1
122, 0, 200.22579205840591, 73.07484024693915, 39.77420794159403, 26.351131809812642, -1, -1, -1, -1
123, 0, 199.78858363777385, 73.08133867648527, 40.21141636222608, 26.370627098451227, -1, -1, -1, -1
124, 0, 199.3513752171418, 73.0878371060314, 40.648624782858136, 26.39012238708981, -1, -1, -1, -1
125, 0, 198.91416679650973, 73.09433553557753, 41.085833203490196, 26.40961767572839, -1, -1, -1, -1
126, 0, 198.47695837587767, 73.10083396512366, 41.52304162412226, 26.429112964366972, -1, -1, -1, -1
127, 0, 198.0397499552456, 73.10733239466977, 41.96025004475431, 26.448608253005556, -1, -1, -1, -1
128, 0, 197.60254153461355, 73.11383082421588, 42.397458465386364, 26.46810354164414, -1, -1, -1, -1
129, 0, 197.1653331139815, 73.12032925376201, 42.834666886018425, 26.48759883028272, -1, -1, -1, -1
130, 0, 196.72812469334943, 73.12682768330814, 43.27187530665048, 26.5070941189213, -1, -1, -1, -1
131, 0, 196.29091627271737, 73.13332611285426, 43.70908372728253, 26.52658940755988, -1, -1, -1, -1
132, 0, 195.8537078520853, 73.13982454240039, 44.146292147914586, 26.546084696198456, -1, -1, -1, -1
133, 0, 195.41649943145325, 73.1463229719465, 44.58350056854664, 26.565579984837036, -1, -1, -1, -1
134, 0, 194.97929101082119, 73.15282140149262, 45.020708989178694, 26.585075273475617, -1, -1, -1, -1
135, 0, 194.54208259018912, 73.15931983103874, 45.45791740981075, 26.604570562114194, -1, -1, -1, -1
136, 0, 194.1048741695571, 73.16581826058487, 45.8951258304428, 26.62406585075277, -1, -1, -1, -1
137, 0, 193.66766574892503, 73.172316690131, 46.332334251074855, 26.643561139391352, -1, -1, -1, -1
138, 0, 193.23045732829297, 73.17881511967713, 46.76954267170691, 26.663056428029932, -1, -1, -1, -1
139, 0, 192.79324890766094, 73.18531354922325, 47.20675109233896, 26.682551716668513, -1, -1, -1, -1
140, 0, 192.35604048702888, 73.19181197876938, 47.643959512971016, 26.702047005307094, -1, -1, -1, -1
141, 0, 191.91883206639682, 73.19831040831549, 48.08116793360307, 26.72154229394567, -1, -1, -1, -1
142, 0, 191.48162364576476, 73.2048088378616, 48.51837635423512, 26.741037582584248, -1, -1, -1, -1
143, 0, 191.0444152251327, 73.21130726740773, 48.95558477486718, 26.76053287122283, -1, -1, -1, -1
144, 0, 190.60720680450063, 73.21780569695386, 49.39279319549923, 26.78002815986141, -1, -1, -1, -1
145, 0, 190.16999838386857, 73.22430412649999, 49.830001616131284, 26.79952344849999, -1, -1, -1, -1
146, 0, 189.69074194583206, 73.23080255604636, 50.30925805416781, 26.819018737138567, -1, -1, -1, -1
147, 0, 189.21148550779554, 73.23730098559273, 50.788514492204335, 26.838514025777144, -1, -1, -1, -1
148, 0, 188.73222906975903, 73.24379941513908, 51.26777093024086, 26.858009314415725, -1, -1, -1, -1
149, 0, 188.2529726317225, 73.25029784468545, 51.74702736827739, 26.8775046030543, -1, -1, -1, -1
150, 0, 187.773716193686, 73.25679627423182, 52.226283806313916, 26.89699989169288, -1, -1, -1, -1
151, 0, 187.29445975564948, 73.26329470377817, 52.70554024435044, 26.91649518033146, -1, -1, -1, -1
152, 0, 186.81520331761297, 73.26979313332454, 53.18479668238696, 26.935990468970036, -1, -1, -1, -1
153, 0, 186.33594687957645, 73.27629156287091, 53.66405312042349, 26.955485757608614, -1, -1, -1, -1
154, 0, 185.85669044153994, 73.28278999241728, 54.14330955846002, 26.974981046247187, -1, -1, -1, -1
155, 0, 185.37743400350342, 73.28928842196365, 54.62256599649654, 26.99447633488576, -1, -1, -1, -1
156, 0, 184.8981775654669, 73.29578685151002, 55.10182243453306, 27.013971623524334, -1, -1, -1, -1
157, 0, 184.4189211274304, 73.30228528105638, 55.58107887256959, 27.03346691216291, -1, -1, -1, -1
158, 0, 183.93966468939388, 73.30878371060275, 56.06033531060612, 27.05296220080149, -1, -1, -1, -1
159, 0, 183.46040825135736, 73.31528214014912, 56.53959174864264, 27.072457489440062, -1, -1, -1, -1
160, 0, 182.98115181332082, 73.32178056969548, 57.018848186679165, 27.091952778078635, -1, -1, -1, -1
161, 0, 182.5018953752843, 73.32827899924185, 57.498104624715694, 27.11144806671721, -1, -1, -1, -1
162, 0, 182.12173724682373, 73.34127585833659, 57.87826275317629, 27.119571103652547, -1, -1, -1, -1
163, 0, 181.74157911836312, 73.35427271743131, 58.25842088163688, 27.127694140587884, -1, -1, -1, -1
164, 0, 181.3614209899025, 73.36726957652606, 58.63857901009747, 27.135817177523222, -1, -1, -1, -1
165, 0, 180.9812628614419, 73.3802664356208, 59.01873713855807, 27.14394021445856, -1, -1, -1, -1
166, 0, 180.6011047329813, 73.39326329471552, 59.39889526701867, 27.152063251393898, -1, -1, -1, -1
167, 0, 180.22094660452072, 73.40626015381027, 59.779053395479266, 27.160186288329236, -1, -1, -1, -1
168, 0, 179.84078847606014, 73.419257012905, 60.15921152393986, 27.168309325264573, -1, -1, -1, -1
169, 0, 179.46063034759953, 73.43225387199973, 60.53936965240045, 27.176432362199908, -1, -1, -1, -1
170, 0, 179.10868060720946, 73.44525073108727, 60.678161295609705, 27.18455539912491, -1, -1, -1, -1
171, 0, 178.75673086681937, 73.4582475901748, 60.81695293881896, 27.192678436049917, -1, -1, -1, -1
172, 0, 178.40478112642927, 73.47124444926234, 60.95574458202821, 27.200801472974923, -1, -1, -1, -1
173, 0, 178.0528313860392, 73.48424130834988, 61.09453622523746, 27.20892450989993, -1, -1, -1, -1
174, 0, 177.7008816456491, 73.49723816743742, 61.233327868446715, 27.217047546824936, -1, -1, -1, -1
175, 0, 177.348931905259, 73.51023502652495, 61.37211951165597, 27.225170583749943, -1, -1, -1, -1
176, 0, 176.99698216486894, 73.52323188561249, 61.51091115486523, 27.23329362067495, -1, -1, -1, -1
177, 0, 176.64503242447884, 73.53622874470003, 61.64970279807448, 27.241416657599956, -1, -1, -1, -1
178, 0, 176.24771419329068, 73.54922560379288, 61.69809575887591, 27.249539694533887, -1, -1, -1, -1
179, 0, 175.85039596210248, 73.56222246288573, 61.74648871967733, 27.257662731467814, -1, -1, -1, -1
180, 0, 175.4530777309143, 73.57521932197858, 61.79488168047875, 27.26578576840174, -1, -1, -1, -1
181, 0, 175.0557594997261, 73.58821618107145, 61.843274641280175, 27.273908805335672, -1, -1, -1, -1
182, 0, 174.6584412685379, 73.60121304016431, 61.8916676020816, 27.282031842269603, -1, -1, -1, -1
183, 0, 174.2611230373497, 73.61420989925716, 61.94006056288302, 27.29015487920353, -1, -1, -1, -1
184, 0, 173.8638048061615, 73.62720675835001, 61.98845352368444, 27.298277916137458, -1, -1, -1, -1
185, 0, 173.46648657497332, 73.64020361744286, 62.036846484485864, 27.30640095307139, -1, -1, -1, -1
186, 0, 173.06916834378512, 73.65320047653572, 62.085239445287286, 27.314523990005316, -1, -1, -1, -1
187, 0, 172.67185011259693, 73.66619733562857, 62.13363240608871, 27.322647026939244, -1, -1, -1, -1
188, 0, 172.27453188140873, 73.67919419472142, 62.18202536689013, 27.33077006387317, -1, -1, -1, -1
189, 0, 171.87721365022054, 73.69219105381428, 62.23041832769155, 27.3388931008071, -1, -1, -1, -1
190, 0, 171.47989541903235, 73.70518791290715, 62.278811288492975, 27.347016137741026, -1, -1, -1, -1
191, 0, 171.08257718784415, 73.718184772, 62.3272042492944, 27.355139174674953, -1, -1, -1, -1
192, 0, 170.68525895665596, 73.73118163109285, 62.37559721009582, 27.36326221160888, -1, -1, -1, -1
193, 0, 170.2879407254678, 73.7441784901857, 62.42399017089724, 27.371385248542808, -1, -1, -1, -1
194, 0, 169.89062249427963, 73.75717534927855, 62.47238313169866, 27.37950828547674, -1, -1, -1, -1
195, 0, 169.49330426309143, 73.7701722083714, 62.520776092500085, 27.387631322410666, -1, -1, -1, -1
196, 0, 169.09598603190324, 73.78316906746426, 62.56916905330151, 27.395754359344593, -1, -1, -1, -1
197, 0, 168.69866780071504, 73.79616592655712, 62.61756201410293, 27.403877396278524, -1, -1, -1, -1
198, 0, 168.30134956952685, 73.80916278564999, 62.66595497490435, 27.412000433212455, -1, -1, -1, -1
199, 0, 167.90403133833865, 73.82215964474284, 62.714347935705774, 27.420123470146383, -1, -1, -1, -1
200, 0, 167.50671310715046, 73.83515650383569, 62.7627408965072, 27.42824650708031, -1, -1, -1, -1
201, 0, 167.10939487596227, 73.84815336292854, 62.81113385730862, 27.43636954401424, -1, -1, -1, -1
202, 0, 166.71207664477407, 73.8611502220214, 62.85952681811004, 27.44449258094817, -1, -1, -1, -1
203, 0, 166.31475841358588, 73.87414708111424, 62.90791977891146, 27.4526156178821, -1, -1, -1, -1
204, 0, 165.91744018239768, 73.8871439402071, 62.956312739712885, 27.460738654816026, -1, -1, -1, -1
205, 0, 165.5201219512095, 73.90014079929996, 63.00470570051431, 27.468861691749957, -1, -1, -1, -1
206, 0, 165.1228037200213, 73.91313765839283, 63.05309866131573, 27.476984728683888, -1, -1, -1, -1
207, 0, 164.7254854888331, 73.92613451748568, 63.10149162211715, 27.485107765617816, -1, -1, -1, -1
208, 0, 164.3281672576449, 73.93913137657853, 63.149884582918574, 27.493230802551743, -1, -1, -1, -1
209, 0, 163.93084902645674, 73.95212823567138, 63.198277543719996, 27.501353839485674, -1, -1, -1, -1
210, 0, 163.53353079526858, 73.96512509476423, 63.24667050452142, 27.509476876419605, -1, -1, -1, -1
211, 0, 163.13621256408038, 73.97812195385708, 63.29506346532284, 27.517599913353532, -1, -1, -1, -1
212, 0, 162.7388943328922, 73.99111881294994, 63.34345642612426, 27.52572295028746, -1, -1, -1, -1
213, 0, 162.341576101704, 74.0041156720428, 63.391849386925685, 27.53384598722139, -1, -1, -1, -1
214, 0, 161.9442578705158, 74.01711253113567, 63.44024234772711, 27.54196902415532, -1, -1, -1, -1
215, 0, 161.5469396393276, 74.03010939022852, 63.48863530852853, 27.55009206108925, -1, -1, -1, -1
216, 0, 161.1496214081394, 74.04310624932137, 63.53702826932995, 27.558215098023176, -1, -1, -1, -1
217, 0, 160.75230317695122, 74.05610310841422, 63.585421230131374, 27.566338134957107, -1, -1, -1, -1
218, 0, 160.35498494576302, 74.06909996750707, 63.633814190932796, 27.574461171891034, -1, -1, -1, -1
219, 0, 159.95766671457483, 74.08209682659992, 63.68220715173422, 27.58258420882496, -1, -1, -1, -1
220, 0, 159.56034848338663, 74.09509368569277, 63.73060011253564, 27.59070724575889, -1, -1, -1, -1
221, 0, 159.16303025219844, 74.10809054478564, 63.77899307333706, 27.598830282692816, -1, -1, -1, -1
222, 0, 158.76571202101024, 74.1210874038785, 63.827386034138485, 27.606953319626744, -1, -1, -1, -1
223, 0, 158.36839378982205, 74.13408426297136, 63.87577899493991, 27.61507635656067, -1, -1, -1, -1
224, 0, 157.97107555863386, 74.14708112206421, 63.92417195574133, 27.6231993934946, -1, -1, -1, -1
225, 0, 157.5737573274457, 74.16007798115706, 63.97256491654275, 27.631322430428526, -1, -1, -1, -1
226, 0, 157.17643909625752, 74.17307484024991, 64.02095787734417, 27.639445467362457, -1, -1, -1, -1
227, 0, 156.77912086506933, 74.18607169934276, 64.0693508381456, 27.647568504296384, -1, -1, -1, -1
228, 0, 156.38180263388114, 74.19906855843561, 64.11774379894702, 27.65569154123031, -1, -1, -1, -1
229, 0, 155.98448440269294, 74.21206541752848, 64.16613675974844, 27.663814578164242, -1, -1, -1, -1
230, 0, 155.58716617150475, 74.22506227662134, 64.21452972054986, 27.671937615098173, -1, -1, -1, -1
231, 0, 155.18984794031655, 74.2380591357142, 64.26292268135128, 27.680060652032104, -1, -1, -1, -1
232, 0, 154.79252970912836, 74.25105599480705, 64.3113156421527, 27.688183688966035, -1, -1, -1, -1
233, 0, 154.39521147794017, 74.2640528538999, 64.35970860295413, 27.696306725899962, -1, -1, -1, -1
234, 0, 154.03343581570735, 74.27704971299212, 64.39286903420324, 27.70442976283207, -1, -1, -1, -1
235, 0, 153.67166015347453, 74.29004657208435, 64.42602946545236, 27.712552799764175, -1, -1, -1, -1
236, 0, 153.30988449124172, 74.30304343117658, 64.45918989670147, 27.72067583669628, -1, -1, -1, -1
237, 0, 152.9481088290089, 74.31604029026882, 64.4923503279506, 27.728798873628385, -1, -1, -1, -1
238, 0, 152.5863331667761, 74.32903714936106, 64.52551075919973, 27.73692191056049, -1, -1, -1, -1
239, 0, 152.22455750454327, 74.34203400845328, 64.55867119044885, 27.745044947492598, -1, -1, -1, -1
240, 0, 151.86278184231048, 74.35503086754551, 64.59183162169796, 27.753167984424707, -1, -1, -1, -1
241, 0, 151.50100618007767, 74.36802772663773, 64.62499205294708, 27.76129102135681, -1, -1, -1, -1
242, 0, 151.13923051784485, 74.38102458572996, 64.6581524841962, 27.769414058288916, -1, -1, -1, -1
243, 0, 150.77745485561206, 74.39402144482219, 64.69131291544531, 27.777537095221025, -1, -1, -1, -1
244, 0, 150.41567919337925, 74.40701830391441, 64.72447334669442, 27.785660132153133, -1, -1, -1, -1
245, 0, 150.05390353114643, 74.42001516300665, 64.75763377794355, 27.793783169085238, -1, -1, -1, -1
246, 0, 149.69212786891362, 74.4330120220989, 64.79079420919268, 27.801906206017343, -1, -1, -1, -1
247, 0, 149.3303522066808, 74.44600888119112, 64.8239546404418, 27.81002924294945, -1, -1, -1, -1
248, 0, 148.968576544448, 74.45900574028335, 64.85711507169091, 27.81815227988156, -1, -1, -1, -1
249, 0, 148.6068008822152, 74.47200259937557, 64.89027550294003, 27.826275316813664, -1, -1, -1, -1
250, 0, 148.24502521998238, 74.4849994584678, 64.92343593418914, 27.83439835374577, -1, -1, -1, -1
251, 0, 147.8832495577496, 74.49799631756002, 64.95659636543826, 27.842521390677877, -1, -1, -1, -1
252, 0, 147.52147389551678, 74.51099317665225, 64.98975679668737, 27.850644427609986, -1, -1, -1, -1
253, 0, 147.15969823328396, 74.52399003574449, 65.0229172279365, 27.85876746454209, -1, -1, -1, -1
254, 0, 146.79792257105115, 74.53698689483673, 65.05607765918563, 27.866890501474195, -1, -1, -1, -1
255, 0, 146.43614690881833, 74.54998375392896, 65.08923809043475, 27.875013538406304, -1, -1, -1, -1
256, 0, 146.0743712465855, 74.56298061302118, 65.12239852168386, 27.883136575338412, -1, -1, -1, -1
257, 0, 145.7125955843527, 74.57597747211341, 65.15555895293298, 27.891259612270517, -1, -1, -1, -1
258, 0, 145.35081992211988, 74.58897433120563, 65.1887193841821, 27.89938264920262, -1, -1, -1, -1
259, 0, 144.98904425988707, 74.60197119029786, 65.22187981543121, 27.90750568613473, -1, -1, -1, -1
260, 0, 144.62726859765428, 74.61496804939009, 65.25504024668032, 27.91562872306684, -1, -1, -1, -1
261, 0, 144.26549293542146, 74.62796490848233, 65.28820067792945, 27.923751759998943, -1, -1, -1, -1
262, 0, 143.90371727318865, 74.64096176757457, 65.32136110917858, 27.931874796931048, -1, -1, -1, -1
263, 0, 143.54194161095586, 74.65395862666679, 65.3545215404277, 27.939997833863156, -1, -1, -1, -1
264, 0, 143.18016594872304, 74.66695548575902, 65.38768197167681, 27.948120870795265, -1, -1, -1, -1
265, 0, 142.81839028649023, 74.67995234485124, 65.42084240292593, 27.95624390772737, -1, -1, -1, -1
266, 0, 142.4566146242574, 74.69294920394347, 65.45400283417504, 27.964366944659478, -1, -1, -1, -1
267, 0, 142.0948389620246, 74.7059460630357, 65.48716326542416, 27.972489981591586, -1, -1, -1, -1
268, 0, 141.73306329979178, 74.71894292212792, 65.52032369667327, 27.98061301852369, -1, -1, -1, -1
269, 0, 141.37128763755896, 74.73193978122016, 65.5534841279224, 27.9887360554558, -1, -1, -1, -1
270, 0, 141.00951197532615, 74.7449366403124, 65.58664455917153, 27.996859092387908, -1, -1, -1, -1
271, 0, 140.64773631309333, 74.75793349940463, 65.61980499042065, 28.004982129320013, -1, -1, -1, -1
272, 0, 140.28596065086055, 74.77093035849686, 65.65296542166976, 28.01310516625212, -1, -1, -1, -1
273, 0, 139.92418498862773, 74.78392721758908, 65.68612585291888, 28.02122820318423, -1, -1, -1, -1
274, 0, 139.60088811870452, 74.7952994692944, 65.69668552683223, 28.02285281057085, -1, -1, -1, -1
275, 0, 139.27759124878133, 74.80667172099973, 65.70724520074559, 28.02447741795747, -1, -1, -1, -1
276, 0, 138.95429437885812, 74.81804397270506, 65.71780487465895, 28.026102025344095, -1, -1, -1, -1
277, 0, 138.6309975089349, 74.82941622441038, 65.7283645485723, 28.027726632730715, -1, -1, -1, -1
278, 0, 138.3077006390117, 74.8407884761157, 65.73892422248565, 28.029351240117336, -1, -1, -1, -1
279, 0, 137.9844037690885, 74.85216072782103, 65.74948389639901, 28.03097584750396, -1, -1, -1, -1
280, 0, 137.6611068991653, 74.86353297952635, 65.76004357031238, 28.03260045489058, -1, -1, -1, -1
281, 0, 137.3378100292421, 74.87490523123166, 65.77060324422573, 28.0342250622772, -1, -1, -1, -1
282, 0, 137.01451315931888, 74.88627748293698, 65.78116291813907, 28.035849669663826, -1, -1, -1, -1
283, 0, 136.6912162893957, 74.8976497346423, 65.79172259205244, 28.03747427705045, -1, -1, -1, -1
284, 0, 136.36791941947249, 74.90902198634762, 65.8022822659658, 28.039098884437074, -1, -1, -1, -1
285, 0, 136.04462254954927, 74.92039423805295, 65.81284193987915, 28.040723491823698, -1, -1, -1, -1
286, 0, 135.72132567962606, 74.93176648975827, 65.8234016137925, 28.042348099210322, -1, -1, -1, -1
287, 0, 135.39802880970285, 74.9431387414636, 65.83396128770586, 28.043972706596946, -1, -1, -1, -1
288, 0, 135.07473193977967, 74.95451099316892, 65.84452096161922, 28.04559731398357, -1, -1, -1, -1
289, 0, 134.75143506985646, 74.96588324487423, 65.85508063553257, 28.047221921370195, -1, -1, -1, -1
290, 0, 134.42813819993324, 74.97725549657955, 65.86564030944592, 28.04884652875682, -1, -1, -1, -1
291, 0, 134.10484133001006, 74.98862774828487, 65.87619998335929, 28.05047113614344, -1, -1, -1, -1
292, 0, 133.78154446008685, 74.9999999999902, 65.88675965727265, 28.05209574353006, -1, -1, -1, -1
293, 0, 133.45824759016364, 75.01137225169552, 65.897319331186, 28.053720350916684, -1, -1, -1, -1
294, 0, 133.13495072024043, 75.02274450340084, 65.90787900509935, 28.05534495830331, -1, -1, -1, -1
295, 0, 132.8116538503172, 75.03411675510617, 65.91843867901271, 28.05696956568993, -1, -1, -1, -1
296, 0, 132.48835698039403, 75.0454890068115, 65.92899835292607, 28.05859417307655, -1, -1, -1, -1
297, 0, 132.16506011047082, 75.05686125851682, 65.93955802683942, 28.060218780463174, -1, -1, -1, -1
298, 0, 131.8417632405476, 75.06823351022214, 65.95011770075278, 28.061843387849795, -1, -1, -1, -1
299, 0, 131.51846637062442, 75.07960576192747, 65.96067737466615, 28.063467995236415, -1, -1, -1, -1
300, 0, 131.1951695007012, 75.09097801363279, 65.9712370485795, 28.065092602623036, -1, -1, -1, -1
301, 0, 130.871872630778, 75.10235026533812, 65.98179672249286, 28.066717210009656, -1, -1, -1, -1
302, 0, 130.5485757608548, 75.11372251704344, 65.99235639640622, 28.068341817396277, -1, -1, -1, -1
303, 0, 130.22527889093158, 75.12509476874877, 66.00291607031957, 28.069966424782898, -1, -1, -1, -1
304, 0, 129.9019820210084, 75.13646702045409, 66.01347574423293, 28.07159103216952, -1, -1, -1, -1
305, 0, 129.57868515108518, 75.1478392721594, 66.0240354181463, 28.07321563955614, -1, -1, -1, -1
306, 0, 129.25538828116197, 75.15921152386471, 66.03459509205965, 28.074840246942763, -1, -1, -1, -1
307, 0, 128.9320914112388, 75.17058377557004, 66.04515476597301, 28.076464854329387, -1, -1, -1, -1
308, 0, 128.60879454131558, 75.18195602727536, 66.05571443988637, 28.07808946171601, -1, -1, -1, -1
309, 0, 128.28549767139236, 75.19332827898069, 66.06627411379972, 28.079714069102636, -1, -1, -1, -1
310, 0, 127.96220080146915, 75.20470053068601, 66.07683378771307, 28.08133867648926, -1, -1, -1, -1
311, 0, 127.63890393154595, 75.21607278239134, 66.08739346162643, 28.082963283875884, -1, -1, -1, -1
312, 0, 127.31560706162276, 75.22744503409666, 66.0979531355398, 28.084587891262508, -1, -1, -1, -1
313, 0, 126.99231019169954, 75.23881728580197, 66.10851280945315, 28.086212498649132, -1, -1, -1, -1
314, 0, 126.66901332177633, 75.25018953750728, 66.1190724833665, 28.087837106035757, -1, -1, -1, -1
315, 0, 126.34571645185314, 75.2615617892126, 66.12963215727986, 28.089461713422377, -1, -1, -1, -1
316, 0, 126.02241958192994, 75.27293404091793, 66.14019183119322, 28.091086320808998, -1, -1, -1, -1
317, 0, 125.69912271200673, 75.28430629262326, 66.15075150510657, 28.092710928195622, -1, -1, -1, -1
318, 0, 125.37582584208351, 75.29567854432858, 66.16131117901992, 28.094335535582246, -1, -1, -1, -1
319, 0, 125.05252897216032, 75.3070507960339, 66.17187085293328, 28.095960142968867, -1, -1, -1, -1
320, 0, 124.72923210223712, 75.31842304773923, 66.18243052684664, 28.097584750355487, -1, -1, -1, -1
321, 0, 124.40593523231391, 75.32979529944456, 66.19299020076, 28.09920935774211, -1, -1, -1, -1
322, 0, 124.0826383623907, 75.34116755114988, 66.20354987467334, 28.100833965128736, -1, -1, -1, -1
323, 0, 123.7593414924675, 75.3525398028552, 66.2141095485867, 28.102458572515356, -1, -1, -1, -1
324, 0, 123.4360446225443, 75.36391205456053, 66.22466922250007, 28.104083179901977, -1, -1, -1, -1
325, 0, 123.11274775262109, 75.37528430626585, 66.23522889641342, 28.1057077872886, -1, -1, -1, -1
326, 0, 122.78945088269788, 75.38665655797118, 66.24578857032678, 28.107332394675225, -1, -1, -1, -1
327, 0, 122.46615401277467, 75.3980288096765, 66.25634824424014, 28.108957002061846, -1, -1, -1, -1
328, 0, 122.14285714285145, 75.40940106138183, 66.26690791815349, 28.110581609448467, -1, -1, -1, -1
329, 0, 121.81956027292826, 75.42077331308714, 66.27746759206686, 28.11220621683509, -1, -1, -1, -1
330, 0, 121.49626340300506, 75.43214556479245, 66.28802726598022, 28.113830824221715, -1, -1, -1, -1
331, 0, 121.17296653308185, 75.44351781649777, 66.29858693989357, 28.11545543160834, -1, -1, -1, -1
332, 0, 120.84966966315864, 75.4548900682031, 66.30914661380692, 28.117080038994963, -1, -1, -1, -1
333, 0, 120.52637279323544, 75.46626231990842, 66.31970628772028, 28.118704646381588, -1, -1, -1, -1
334, 0, 120.20307592331224, 75.47763457161375, 66.33026596163364, 28.12032925376821, -1, -1, -1, -1
335, 0, 119.87977905338903, 75.48900682331907, 66.34082563554699, 28.121953861154836, -1, -1, -1, -1
336, 0, 119.55648218346582, 75.5003790750244, 66.35138530946034, 28.12357846854146, -1, -1, -1, -1
337, 0, 119.23318531354262, 75.51175132672971, 66.3619449833737, 28.125203075928084, -1, -1, -1, -1
338, 0, 118.90988844361942, 75.52312357843502, 66.37250465728707, 28.126827683314705, -1, -1, -1, -1
339, 0, 118.58659157369621, 75.53449583014034, 66.38306433120042, 28.128452290701325, -1, -1, -1, -1
340, 0, 118.263294703773, 75.54586808184567, 66.39362400511378, 28.130076898087946, -1, -1, -1, -1
341, 0, 117.9399978338498, 75.557240333551, 66.40418367902714, 28.131701505474567, -1, -1, -1, -1
342, 0, 117.6167009639266, 75.56861258525632, 66.4147433529405, 28.133326112861187, -1, -1, -1, -1
343, 0, 117.29340409400339, 75.57998483696164, 66.42530302685387, 28.134950720247808, -1, -1, -1, -1
344, 0, 116.97010722408018, 75.59135708866697, 66.43586270076722, 28.13657532763443, -1, -1, -1, -1
345, 0, 116.64681035415698, 75.60272934037229, 66.44642237468058, 28.13819993502105, -1, -1, -1, -1
346, 0, 116.32351348423379, 75.61410159207762, 66.45698204859394, 28.139824542407673, -1, -1, -1, -1
347, 0, 116.00021661431057, 75.62547384378294, 66.46754172250729, 28.141449149794294, -1, -1, -1, -1
348, 0, 115.67691974438736, 75.63684609548827, 66.47810139642064, 28.143073757180915, -1, -1, -1, -1
349, 0, 115.35362287446416, 75.64821834719359, 66.488661070334, 28.14469836456754, -1, -1, -1, -1
350, 0, 115.03032600454097, 75.65959059889892, 66.49922074424737, 28.146322971954163, -1, -1, -1, -1
351, 0, 114.70702913461776, 75.67096285060424, 66.50978041816072, 28.147947579340784, -1, -1, -1, -1
352, 0, 114.38373226469454, 75.68233510230957, 66.52034009207406, 28.149572186727404, -1, -1, -1, -1
353, 0, 114.06043539477135, 75.69370735401488, 66.53089976598743, 28.15119679411403, -1, -1, -1, -1
354, 0, 113.73713852484815, 75.70507960572019, 66.54145943990079, 28.152821401500653, -1, -1, -1, -1
355, 0, 113.41384165492494, 75.71645185742551, 66.55201911381414, 28.154446008887277, -1, -1, -1, -1
356, 0, 113.09054478500173, 75.72782410913084, 66.56257878772749, 28.1560706162739, -1, -1, -1, -1
357, 0, 112.76724791507853, 75.73919636083616, 66.57313846164085, 28.157695223660525, -1, -1, -1, -1
358, 0, 112.44395104515533, 75.75056861254149, 66.58369813555422, 28.15931983104715, -1, -1, -1, -1
359, 0, 112.12065417523212, 75.76194086424681, 66.59425780946756, 28.160944438433773, -1, -1, -1, -1
360, 0, 111.7973573053089, 75.77331311595213, 66.60481748338091, 28.162569045820398, -1, -1, -1, -1
361, 0, 111.47406043538571, 75.78468536765745, 66.61537715729428, 28.164193653207022, -1, -1, -1, -1
362, 0, 111.15076356546251, 75.79605761936276, 66.62593683120764, 28.165818260593646, -1, -1, -1, -1
363, 0, 110.8274666955393, 75.80742987106808, 66.63649650512099, 28.167442867980267, -1, -1, -1, -1
364, 0, 110.50416982561609, 75.8188021227734, 66.64705617903434, 28.169067475366887, -1, -1, -1, -1
365, 0, 110.18087295569289, 75.83017437447873, 66.65761585294769, 28.17069208275351, -1, -1, -1, -1
366, 0, 109.8575760857697, 75.84154662618405, 66.66817552686103, 28.172316690140132, -1, -1, -1, -1
367, 0, 109.53427921584648, 75.85291887788938, 66.6787352007744, 28.173941297526753, -1, -1, -1, -1
368, 0, 109.21098234592327, 75.8642911295947, 66.68929487468776, 28.175565904913377, -1, -1, -1, -1
369, 0, 108.88768547600007, 75.87566338130003, 66.69985454860111, 28.177190512299997, -1, -1, -1, -1
370, 0, 108.56438860607759, 75.88703563300896, 66.68198551194432, 28.1788151196861, -1, -1, -1, -1
371, 0, 108.24109173615511, 75.8984078847179, 66.66411647528753, 28.180439727072205, -1, -1, -1, -1
372, 0, 107.91779486623263, 75.90978013642683, 66.64624743863075, 28.182064334458307, -1, -1, -1, -1
373, 0, 107.59449799631014, 75.92115238813575, 66.62837840197396, 28.18368894184441, -1, -1, -1, -1
374, 0, 107.27120112638765, 75.93252463984467, 66.61050936531717, 28.18531354923051, -1, -1, -1, -1
375, 0, 106.94790425646516, 75.9438968915536, 66.5926403286604, 28.186938156616613, -1, -1, -1, -1
376, 0, 106.62460738654268, 75.95526914326254, 66.5747712920036, 28.188562764002715, -1, -1, -1, -1
377, 0, 106.30131051662019, 75.96664139497148, 66.55690225534681, 28.190187371388816, -1, -1, -1, -1
378, 0, 105.9780136466977, 75.97801364668041, 66.53903321869002, 28.19181197877492, -1, -1, -1, -1
379, 0, 105.65471677677522, 75.98938589838933, 66.52116418203323, 28.19343658616102, -1, -1, -1, -1
380, 0, 105.33141990685274, 76.00075815009825, 66.50329514537644, 28.195061193547122, -1, -1, -1, -1
381, 0, 105.00812303693026, 76.01213040180718, 66.48542610871965, 28.196685800933224, -1, -1, -1, -1
382, 0, 104.68482616700777, 76.02350265351612, 66.46755707206286, 28.198310408319326, -1, -1, -1, -1
383, 0, 104.3615292970853, 76.03487490522505, 66.44968803540607, 28.199935015705428, -1, -1, -1, -1
384, 0, 104.03823242716281, 76.04624715693399, 66.43181899874928, 28.20155962309153, -1, -1, -1, -1
385, 0, 103.71493555724032, 76.0576194086429, 66.41394996209249, 28.203184230477632, -1, -1, -1, -1
386, 0, 103.38501279568503, 76.0641178381891, 66.4169113883504, 28.20643344525142, -1, -1, -1, -1
387, 0, 103.05509003412973, 76.07061626773532, 66.4198728146083, 28.209682660025205, -1, -1, -1, -1
388, 0, 102.72516727257444, 76.07711469728152, 66.4228342408662, 28.21293187479899, -1, -1, -1, -1
389, 0, 102.39524451101914, 76.08361312682771, 66.4257956671241, 28.21618108957278, -1, -1, -1, -1
390, 0, 102.06532174946385, 76.09011155637393, 66.42875709338202, 28.219430304346567, -1, -1, -1, -1
391, 0, 101.73539898790855, 76.09660998592013, 66.43171851963993, 28.22267951912035, -1, -1, -1, -1
392, 0, 101.40547622635327, 76.10310841546632, 66.43467994589784, 28.225928733894136, -1, -1, -1, -1
393, 0, 101.07555346479798, 76.10960684501254, 66.43764137215574, 28.229177948667925, -1, -1, -1, -1
394, 0, 100.74563070324268, 76.11610527455875, 66.44060279841364, 28.232427163441713, -1, -1, -1, -1
395, 0, 100.4157079416874, 76.12260370410495, 66.44356422467155, 28.2356763782155, -1, -1, -1, -1
396, 0, 100.0857851801321, 76.12910213365114, 66.44652565092946, 28.23892559298929, -1, -1, -1, -1
397, 0, 99.75586241857681, 76.13560056319736, 66.44948707718737, 28.242174807763078, -1, -1, -1, -1
398, 0, 99.42593965702152, 76.14209899274356, 66.45244850344528, 28.245424022536866, -1, -1, -1, -1
399, 0, 99.09601689546622, 76.14859742228975, 66.45540992970318, 28.248673237310655, -1, -1, -1, -1
400, 0, 98.76609413391093, 76.15509585183597, 66.45837135596108, 28.251922452084443, -1, -1, -1, -1
401, 0, 98.43617137235563, 76.16159428138216, 66.46133278221899, 28.25517166685823, -1, -1, -1, -1
402, 0, 98.10624861080034, 76.16809271092836, 66.4642942084769, 28.25842088163202, -1, -1, -1, -1
403, 0, 97.77632584924504, 76.17459114047458, 66.4672556347348, 28.261670096405805, -1, -1, -1, -1
404, 0, 97.44640308768975, 76.18108957002077, 66.4702170609927, 28.26491931117959, -1, -1, -1, -1
405, 0, 97.11648032613445, 76.18758799956697, 66.4731784872506, 28.268168525953378, -1, -1, -1, -1
406, 0, 96.78655756457916, 76.19408642911318, 66.4761399135085, 28.271417740727166, -1, -1, -1, -1
407, 0, 96.45663480302386, 76.20058485865938, 66.4791013397664, 28.27466695550095, -1, -1, -1, -1
408, 0, 96.12671204146858, 76.20708328820558, 66.48206276602431, 28.277916170274736, -1, -1, -1, -1
409, 0, 95.79678927991328, 76.2135817177518, 66.48502419228221, 28.281165385048524, -1, -1, -1, -1
410, 0, 95.46686651835799, 76.220080147298, 66.48798561854011, 28.28441459982231, -1, -1, -1, -1
411, 0, 95.13694375680271, 76.2265785768442, 66.49094704479802, 28.287663814596094, -1, -1, -1, -1
412, 0, 94.80702099524741, 76.2330770063904, 66.49390847105593, 28.29091302936988, -1, -1, -1, -1
413, 0, 94.47709823369212, 76.23957543593662, 66.49686989731384, 28.294162244143664, -1, -1, -1, -1
414, 0, 94.14717547213682, 76.24607386548283, 66.49983132357175, 28.29741145891745, -1, -1, -1, -1
415, 0, 93.81725271058153, 76.25257229502903, 66.50279274982965, 28.300660673691233, -1, -1, -1, -1
416, 0, 93.48732994902623, 76.25907072457522, 66.50575417608755, 28.303909888465018, -1, -1, -1, -1
417, 0, 93.15740718747094, 76.26556915412144, 66.50871560234546, 28.307159103238803, -1, -1, -1, -1
418, 0, 92.82748442591564, 76.27206758366765, 66.51167702860337, 28.31040831801259, -1, -1, -1, -1
419, 0, 92.49756166436035, 76.27856601321385, 66.51463845486128, 28.313657532786376, -1, -1, -1, -1
420, 0, 92.16763890280505, 76.28506444276005, 66.5175998811192, 28.31690674756016, -1, -1, -1, -1
421, 0, 91.83771614124976, 76.29156287230626, 66.5205613073771, 28.32015596233395, -1, -1, -1, -1
422, 0, 91.50779337969446, 76.29806130185246, 66.52352273363499, 28.323405177107738, -1, -1, -1, -1
423, 0, 91.17787061813917, 76.30455973139865, 66.5264841598929, 28.326654391881522, -1, -1, -1, -1
424, 0, 90.84794785658387, 76.31105816094487, 66.52944558615081, 28.329903606655307, -1, -1, -1, -1
425, 0, 90.51802509502858, 76.31755659049107, 66.53240701240873, 28.333152821429096, -1, -1, -1, -1
426, 0, 90.18810233347328, 76.32405502003726, 66.53536843866664, 28.336402036202884, -1, -1, -1, -1
427, 0, 89.85817957191799, 76.33055344958348, 66.53832986492453, 28.33965125097667, -1, -1, -1, -1
428, 0, 89.52825681036269, 76.33705187912967, 66.54129129118243, 28.342900465750454, -1, -1, -1, -1
429, 0, 89.1983340488074, 76.34355030867587, 66.54425271744034, 28.346149680524242, -1, -1, -1, -1
430, 0, 88.8684112872521, 76.35004873822209, 66.54721414369824, 28.34939889529803, -1, -1, -1, -1
431, 0, 88.5384885256968, 76.35654716776828, 66.55017556995614, 28.352648110071815, -1, -1, -1, -1
432, 0, 88.20856576414153, 76.36304559731448, 66.55313699621405, 28.3558973248456, -1, -1, -1, -1
433, 0, 87.87864300258623, 76.3695440268607, 66.55609842247195, 28.35914653961939, -1, -1, -1, -1
434, 0, 87.54872024103094, 76.3760424564069, 66.55905984872985, 28.362395754393177, -1, -1, -1, -1
435, 0, 87.21879747947565, 76.3825408859531, 66.56202127498776, 28.365644969166965, -1, -1, -1, -1
436, 0, 86.88887471792036, 76.3890393154993, 66.56498270124567, 28.368894183940753, -1, -1, -1, -1
437, 0, 86.55895195636506, 76.39553774504552, 66.56794412750358, 28.37214339871454, -1, -1, -1, -1
438, 0, 86.22902919480977, 76.40203617459171, 66.57090555376149, 28.37539261348833, -1, -1, -1, -1
439, 0, 85.89910643325447, 76.40853460413791, 66.57386698001939, 28.37864182826212, -1, -1, -1, -1
440, 0, 85.56918367169918, 76.41503303368413, 66.57682840627729, 28.381891043035907, -1, -1, -1, -1
441, 0, 85.23926091014388, 76.42153146323032, 66.5797898325352, 28.385140257809695, -1, -1, -1, -1
442, 0, 84.90933814858859, 76.42802989277652, 66.58275125879311, 28.388389472583484, -1, -1, -1, -1
443, 0, 84.5794153870333, 76.43452832232273, 66.58571268505102, 28.39163868735727, -1, -1, -1, -1
444, 0, 84.249492625478, 76.44102675186893, 66.58867411130893, 28.394887902131053, -1, -1, -1, -1
445, 0, 83.9195698639227, 76.44752518141513, 66.59163553756683, 28.39813711690484, -1, -1, -1, -1
446, 0, 83.58964710236741, 76.45402361096134, 66.59459696382473, 28.40138633167863, -1, -1, -1, -1
447, 0, 83.25972434081211, 76.46052204050754, 66.59755839008264, 28.404635546452415, -1, -1, -1, -1
448, 0, 82.92980157925683, 76.46702047005374, 66.60051981634055, 28.4078847612262, -1, -1, -1, -1
449, 0, 82.59987881770154, 76.47351889959995, 66.60348124259846, 28.411133975999988, -1, -1, -1, -1
450, 0, 82.25129971483719, 76.48001732914614, 66.62509901016452, 28.414383190772163, -1, -1, -1, -1
451, 0, 81.90272061197282, 76.4865157586923, 66.64671677773057, 28.41763240554434, -1, -1, -1, -1
452, 0, 81.55414150910846, 76.49301418823848, 66.66833454529663, 28.420881620316514, -1, -1, -1, -1
453, 0, 81.2055624062441, 76.49951261778466, 66.6899523128627, 28.42413083508869, -1, -1, -1, -1
454, 0, 80.85698330337974, 76.50601104733084, 66.71157008042877, 28.427380049860865, -1, -1, -1, -1
455, 0, 80.50840420051539, 76.51250947687703, 66.73318784799483, 28.43062926463304, -1, -1, -1, -1
456, 0, 80.15982509765104, 76.51900790642321, 66.75480561556088, 28.433878479405216, -1, -1, -1, -1
457, 0, 79.81124599478667, 76.52550633596938, 66.77642338312694, 28.43712769417739, -1, -1, -1, -1
458, 0, 79.46266689192231, 76.53200476551555, 66.798041150693, 28.440376908949567, -1, -1, -1, -1
459, 0, 79.11408778905796, 76.53850319506174, 66.81965891825905, 28.443626123721742, -1, -1, -1, -1
460, 0, 78.76550868619361, 76.54500162460792, 66.84127668582511, 28.446875338493918, -1, -1, -1, -1
461, 0, 78.41692958332925, 76.5515000541541, 66.86289445339118, 28.450124553266093, -1, -1, -1, -1
462, 0, 78.06835048046489, 76.55799848370029, 66.88451222095725, 28.45337376803827, -1, -1, -1, -1
463, 0, 77.71977137760054, 76.56449691324646, 66.9061299885233, 28.456622982810444, -1, -1, -1, -1
464, 0, 77.37119227473619, 76.57099534279263, 66.92774775608936, 28.45987219758262, -1, -1, -1, -1
465, 0, 77.02261317187182, 76.57749377233881, 66.94936552365542, 28.463121412354795, -1, -1, -1, -1
466, 0, 76.67403406900746, 76.583992201885, 66.97098329122147, 28.46637062712697, -1, -1, -1, -1
467, 0, 76.32545496614311, 76.59049063143117, 66.99260105878754, 28.46961984189915, -1, -1, -1, -1
468, 0, 75.97687586327876, 76.59698906097734, 67.01421882635361, 28.47286905667133, -1, -1, -1, -1
469, 0, 75.6282967604144, 76.60348749052352, 67.03583659391967, 28.476118271443504, -1, -1, -1, -1
470, 0, 75.27971765755004, 76.6099859200697, 67.05745436148572, 28.47936748621568, -1, -1, -1, -1
471, 0, 74.93113855468567, 76.61648434961587, 67.07907212905178, 28.482616700987858, -1, -1, -1, -1
472, 0, 74.58255945182131, 76.62298277916204, 67.10068989661784, 28.485865915760037, -1, -1, -1, -1
473, 0, 74.23398034895696, 76.62948120870823, 67.12230766418391, 28.489115130532213, -1, -1, -1, -1
474, 0, 73.88540124609261, 76.63597963825441, 67.14392543174998, 28.492364345304388, -1, -1, -1, -1
475, 0, 73.53682214322825, 76.64247806780058, 67.16554319931603, 28.495613560076567, -1, -1, -1, -1
476, 0, 73.18824304036389, 76.64897649734675, 67.18716096688209, 28.498862774848746, -1, -1, -1, -1
477, 0, 72.83966393749952, 76.65547492689294, 67.20877873444815, 28.50211198962092, -1, -1, -1, -1
478, 0, 72.49108483463516, 76.66197335643912, 67.2303965020142, 28.505361204393097, -1, -1, -1, -1
479, 0, 72.14250573177081, 76.6684717859853, 67.25201426958027, 28.508610419165276, -1, -1, -1, -1
480, 0, 71.79392662890646, 76.67497021553149, 67.27363203714634, 28.511859633937455, -1, -1, -1, -1
481, 0, 71.4453475260421, 76.68146864507766, 67.2952498047124, 28.51510884870963, -1, -1, -1, -1
482, 0, 71.09676842317774, 76.68796707462383, 67.31686757227845, 28.518358063481806, -1, -1, -1, -1
483, 0, 70.74818932031339, 76.69446550417001, 67.33848533984451, 28.52160727825398, -1, -1, -1, -1
484, 0, 70.39961021744904, 76.7009639337162, 67.36010310741057, 28.524856493026157, -1, -1, -1, -1
485, 0, 70.05103111458467, 76.70746236326238, 67.38172087497664, 28.528105707798332, -1, -1, -1, -1
486, 0, 69.70245201172031, 76.71396079280856, 67.4033386425427, 28.531354922570507, -1, -1, -1, -1
487, 0, 69.35387290885596, 76.72045922235473, 67.42495641010876, 28.534604137342683, -1, -1, -1, -1
488, 0, 69.00529380599161, 76.7269576519009, 67.44657417767482, 28.53785335211486, -1, -1, -1, -1
489, 0, 68.65671470312725, 76.73345608144709, 67.46819194524087, 28.541102566887034, -1, -1, -1, -1
490, 0, 68.30813560026289, 76.73995451099327, 67.48980971280693, 28.54435178165921, -1, -1, -1, -1
491, 0, 67.95955649739854, 76.74645294053944, 67.51142748037299, 28.547600996431385, -1, -1, -1, -1
492, 0, 67.61097739453419, 76.75295137008561, 67.53304524793904, 28.55085021120356, -1, -1, -1, -1
493, 0, 67.26239829166983, 76.7594497996318, 67.55466301550511, 28.554099425975732, -1, -1, -1, -1
494, 0, 66.91381918880546, 76.76594822917798, 67.57628078307118, 28.557348640747904, -1, -1, -1, -1
495, 0, 66.5652400859411, 76.77244665872416, 67.59789855063724, 28.56059785552008, -1, -1, -1, -1
496, 0, 66.21666098307674, 76.77894508827035, 67.6195163182033, 28.563847070292255, -1, -1, -1, -1
497, 0, 65.86808188021239, 76.78544351781652, 67.64113408576935, 28.56709628506443, -1, -1, -1, -1
498, 0, 65.51989310018584, 76.81025570335194, 67.6061585863652, 28.576942390431377, -1, -1, -1, -1
499, 0, 65.17170432015928, 76.83506788888738, 67.57118308696104, 28.58678849579832, -1, -1, -1, -1
500, 0, 64.82351554013273, 76.8598800744228, 67.53620758755689, 28.596634601165263, -1, -1, -1, -1
501, 0, 64.47532676010619, 76.88469225995823, 67.50123208815273, 28.60648070653221, -1, -1, -1, -1
502, 0, 64.12713798007964, 76.90950444549365, 67.46625658874858, 28.616326811899157, -1, -1, -1, -1
503, 0, 63.77894920005309, 76.93431663102908, 67.43128108934442, 28.6261729172661, -1, -1, -1, -1
504, 0, 63.430760420026544, 76.9591288165645, 67.39630558994027, 28.636019022633043, -1, -1, -1, -1
505, 0, 63.08257163999999, 76.98394100209993, 67.36133009053611, 28.64586512799999, -1, -1, -1, -1
506, 0, 62.73438285996873, 77.00875318764369, 67.39225643773386, 28.655711233374987, -1, -1, -1, -1
507, 0, 62.38619407993748, 77.03356537318744, 67.4231827849316, 28.665557338749984, -1, -1, -1, -1
508, 0, 62.03800529990623, 77.0583775587312, 67.45410913212933, 28.67540344412498, -1, -1, -1, -1
509, 0, 61.68981651987498, 77.08318974427496, 67.48503547932708, 28.685249549499982, -1, -1, -1, -1
510, 0, 61.34162773984373, 77.10800192981873, 67.51596182652482, 28.695095654874983, -1, -1, -1, -1
511, 0, 60.99343895981247, 77.13281411536248, 67.54688817372255, 28.70494176024998, -1, -1, -1, -1
512, 0, 60.645250179781215, 77.15762630090623, 67.5778145209203, 28.714787865624977, -1, -1, -1, -1
513, 0, 60.297061399749964, 77.18243848645, 67.60874086811803, 28.724633970999975, -1, -1, -1, -1
514, 0, 59.94887261971871, 77.20725067199376, 67.63966721531577, 28.73448007637497, -1, -1, -1, -1
515, 0, 59.60068383968746, 77.23206285753751, 67.67059356251352, 28.74432618174997, -1, -1, -1, -1
516, 0, 59.25249505965621, 77.25687504308127, 67.70151990971125, 28.754172287124966, -1, -1, -1, -1
517, 0, 58.904306279624954, 77.28168722862503, 67.73244625690899, 28.764018392499963, -1, -1, -1, -1
518, 0, 58.5561174995937, 77.30649941416878, 67.76337260410672, 28.77386449787496, -1, -1, -1, -1
519, 0, 58.207928719562446, 77.33131159971254, 67.79429895130446, 28.783710603249958, -1, -1, -1, -1
520, 0, 57.859739939531195, 77.3561237852563, 67.8252252985022, 28.793556708624955, -1, -1, -1, -1
521, 0, 57.511551159499945, 77.38093597080005, 67.85615164569994, 28.803402813999952, -1, -1, -1, -1
522, 0, 57.163362379468694, 77.40574815634068, 67.84042837114367, 28.813248919374615, -1, -1, -1, -1
523, 0, 56.81517359943744, 77.43056034188129, 67.82470509658742, 28.823095024749282, -1, -1, -1, -1
524, 0, 56.46698481940619, 77.4553725274219, 67.80898182203117, 28.83294113012395, -1, -1, -1, -1
525, 0, 56.118796039374935, 77.48018471296253, 67.79325854747492, 28.842787235498612, -1, -1, -1, -1
526, 0, 55.77060725934368, 77.50499689850315, 67.77753527291867, 28.852633340873275, -1, -1, -1, -1
527, 0, 55.42241847931243, 77.52980908404376, 67.76181199836242, 28.862479446247942, -1, -1, -1, -1
528, 0, 55.074229699281176, 77.55462126958437, 67.74608872380617, 28.87232555162261, -1, -1, -1, -1
529, 0, 54.726040919249925, 77.579433455125, 67.73036544924992, 28.882171656997272, -1, -1, -1, -1
530, 0, 54.377852139218675, 77.60424564066562, 67.71464217469367, 28.89201776237194, -1, -1, -1, -1
531, 0, 54.029663359187424, 77.62905782620624, 67.69891890013741, 28.901863867746606, -1, -1, -1, -1
532, 0, 53.68147457915617, 77.65387001174685, 67.68319562558116, 28.911709973121273, -1, -1, -1, -1
533, 0, 53.333285799124916, 77.67868219728747, 67.6674723510249, 28.92155607849594, -1, -1, -1, -1
534, 0, 52.98509701909366, 77.7034943828281, 67.65174907646863, 28.931402183870606, -1, -1, -1, -1
535, 0, 52.63690823906241, 77.72830656836871, 67.63602580191238, 28.941248289245273, -1, -1, -1, -1
536, 0, 52.28871945903116, 77.75311875390932, 67.62030252735613, 28.95109439461994, -1, -1, -1, -1
537, 0, 51.940530678999906, 77.77793093944994, 67.60457925279988, 28.960940499994607, -1, -1, -1, -1
538, 0, 51.592341898968655, 77.80274312499057, 67.58885597824363, 28.97078660536927, -1, -1, -1, -1
539, 0, 51.2441531189374, 77.82755531053118, 67.57313270368738, 28.980632710743937, -1, -1, -1, -1
540, 0, 50.89596433890614, 77.85236749607179, 67.55740942913113, 28.990478816118603, -1, -1, -1, -1
541, 0, 50.54777555887489, 77.87717968161242, 67.54168615457486, 29.000324921493267, -1, -1, -1, -1
542, 0, 50.19958677884364, 77.90199186715304, 67.5259628800186, 29.01017102686793, -1, -1, -1, -1
543, 0, 49.85139799881239, 77.92680405269365, 67.51023960546235, 29.020017132242597, -1, -1, -1, -1
544, 0, 49.50320921878114, 77.95161623823427, 67.4945163309061, 29.029863237617263, -1, -1, -1, -1
545, 0, 49.15502043874988, 77.97642842377489, 67.47879305634984, 29.039709342991927, -1, -1, -1, -1
546, 0, 48.80683165871862, 78.00124060931552, 67.46306978179359, 29.04955544836659, -1, -1, -1, -1
547, 0, 48.45864287868737, 78.02605279485613, 67.44734650723734, 29.059401553741257, -1, -1, -1, -1
548, 0, 48.11045409865612, 78.05086498039674, 67.43162323268109, 29.069247659115923, -1, -1, -1, -1
549, 0, 47.76226531862487, 78.07567716593736, 67.41589995812484, 29.079093764490587, -1, -1, -1, -1
550, 0, 47.41407653859362, 78.10048935147799, 67.40017668356859, 29.08893986986525, -1, -1, -1, -1
551, 0, 47.06588775856237, 78.1253015370186, 67.38445340901234, 29.098785975239913, -1, -1, -1, -1
552, 0, 46.71769897853112, 78.15011372255921, 67.36873013445609, 29.108632080614576, -1, -1, -1, -1
553, 0, 46.36951019849986, 78.17492590809984, 67.35300685989984, 29.118478185989243, -1, -1, -1, -1
554, 0, 46.02132141846948, 78.1997380936385, 67.3372835853427, 29.10124750158534, -1, -1, -1, -1
555, 0, 45.6731326384391, 78.22455027917718, 67.32156031078559, 29.084016817181443, -1, -1, -1, -1
556, 0, 45.32494385840872, 78.24936246471586, 67.30583703622847, 29.066786132777544, -1, -1, -1, -1
557, 0, 44.976755078378346, 78.27417465025454, 67.29011376167134, 29.049555448373646, -1, -1, -1, -1
558, 0, 44.62856629834796, 78.29898683579322, 67.27439048711422, 29.032324763969747, -1, -1, -1, -1
559, 0, 44.280377518317586, 78.32379902133188, 67.2586672125571, 29.015094079565845, -1, -1, -1, -1
560, 0, 43.93218873828721, 78.34861120687054, 67.24294393799997, 28.997863395161943, -1, -1, -1, -1
561, 0, 43.583999958256825, 78.37342339240922, 67.22722066344285, 28.980632710758044, -1, -1, -1, -1
562, 0, 43.23581117822644, 78.3982355779479, 67.21149738888573, 28.963402026354142, -1, -1, -1, -1
563, 0, 42.887622398196065, 78.42304776348658, 67.1957741143286, 28.94617134195024, -1, -1, -1, -1
564, 0, 42.53943361816569, 78.44785994902526, 67.18005083977148, 28.928940657546338, -1, -1, -1, -1
565, 0, 42.191244838135304, 78.47267213456392, 67.16432756521436, 28.911709973142436, -1, -1, -1, -1
566, 0, 41.84305605810492, 78.49748432010259, 67.14860429065723, 28.894479288738534, -1, -1, -1, -1
567, 0, 41.494867278074544, 78.52229650564126, 67.13288101610011, 28.877248604334632, -1, -1, -1, -1
568, 0, 41.14667849804417, 78.54710869117994, 67.117157741543, 28.86001791993073, -1, -1, -1, -1
569, 0, 40.79848971801378, 78.57192087671862, 67.10143446698586, 28.842787235526828, -1, -1, -1, -1
570, 0, 40.4503009379834, 78.5967330622573, 67.08571119242873, 28.825556551122926, -1, -1, -1, -1
571, 0, 40.10211215795302, 78.62154524779596, 67.06998791787161, 28.808325866719024, -1, -1, -1, -1
572, 0, 39.753923377922646, 78.64635743333463, 67.0542646433145, 28.79109518231512, -1, -1, -1, -1
573, 0, 39.40573459789226, 78.67116961887331, 67.03854136875736, 28.77386449791122, -1, -1, -1, -1
574, 0, 39.057545817861886, 78.69598180441199, 67.02281809420023, 28.756633813507317, -1, -1, -1, -1
575, 0, 38.70935703783151, 78.72079398995066, 67.00709481964311, 28.739403129103415, -1, -1, -1, -1
576, 0, 38.361168257801125, 78.74560617548934, 66.991371545086, 28.722172444699513, -1, -1, -1, -1
577, 0, 38.01297947777075, 78.770418361028, 66.97564827052886, 28.70494176029561, -1, -1, -1, -1
578, 0, 37.66479069774037, 78.79523054656667, 66.95992499597175, 28.687711075891713, -1, -1, -1, -1
579, 0, 37.31660191770999, 78.82004273210535, 66.94420172141463, 28.67048039148781, -1, -1, -1, -1
580, 0, 36.96841313767961, 78.84485491764403, 66.9284784468575, 28.65324970708391, -1, -1, -1, -1
581, 0, 36.620224357649235, 78.8696671031827, 66.91275517230038, 28.63601902268001, -1, -1, -1, -1
582, 0, 36.27203557761885, 78.89447928872139, 66.89703189774326, 28.61878833827611, -1, -1, -1, -1
583, 0, 35.923846797588475, 78.91929147426005, 66.88130862318613, 28.60155765387221, -1, -1, -1, -1
584, 0, 35.5756580175581, 78.94410365979871, 66.86558534862901, 28.584326969468307, -1, -1, -1, -1
585, 0, 35.227469237527714, 78.96891584533739, 66.8498620740719, 28.56709628506441, -1, -1, -1, -1
586, 0, 34.8563392973581, 78.99349828841864, 66.84381233266652, 28.590091416611237, -1, -1, -1, -1
587, 0, 34.48520935718848, 79.01808073149986, 66.83776259126114, 28.613086548158066, -1, -1, -1, -1
588, 0, 34.114079417018864, 79.0426631745811, 66.83171284985576, 28.636081679704894, -1, -1, -1, -1
589, 0, 33.74294947684925, 79.06724561766234, 66.8256631084504, 28.659076811251722, -1, -1, -1, -1
590, 0, 33.37181953667963, 79.09182806074358, 66.81961336704504, 28.68207194279855, -1, -1, -1, -1
591, 0, 33.000689596510014, 79.11641050382481, 66.81356362563966, 28.70506707434538, -1, -1, -1, -1
592, 0, 32.6295596563404, 79.14099294690604, 66.80751388423428, 28.728062205892208, -1, -1, -1, -1
593, 0, 32.25842971617078, 79.16557538998728, 66.8014641428289, 28.751057337439036, -1, -1, -1, -1
594, 0, 31.887299776001164, 79.19015783306853, 66.79541440142353, 28.774052468985865, -1, -1, -1, -1
595, 0, 31.516169835831548, 79.21474027614975, 66.78936466001815, 28.797047600532697, -1, -1, -1, -1
596, 0, 31.14503989566193, 79.23932271923098, 66.78331491861277, 28.82004273207953, -1, -1, -1, -1
597, 0, 30.773909955492314, 79.26390516231223, 66.77726517720741, 28.843037863626357, -1, -1, -1, -1
598, 0, 30.402780015322698, 79.28848760539347, 66.77121543580205, 28.866032995173185, -1, -1, -1, -1
599, 0, 30.03165007515308, 79.3130700484747, 66.76516569439667, 28.889028126720017, -1, -1, -1, -1
600, 0, 29.660520134983464, 79.33765249155593, 66.7591159529913, 28.91202325826685, -1, -1, -1, -1
601, 0, 29.289390194813848, 79.36223493463717, 66.75306621158592, 28.935018389813678, -1, -1, -1, -1
602, 0, 28.91826025464423, 79.38681737771842, 66.74701647018054, 28.958013521360506, -1, -1, -1, -1
603, 0, 28.547130314474614, 79.41139982079964, 66.74096672877516, 28.981008652907338, -1, -1, -1, -1
604, 0, 28.176000374304998, 79.43598226388087, 66.73491698736979, 29.00400378445417, -1, -1, -1, -1
605, 0, 27.80487043413538, 79.46056470696212, 66.72886724596441, 29.026998916001, -1, -1, -1, -1
606, 0, 27.433740493965765, 79.48514715004335, 66.72281750455903, 29.049994047547827, -1, -1, -1, -1
607, 0, 27.062610553796148, 79.50972959312458, 66.71676776315365, 29.07298917909466, -1, -1, -1, -1
608, 0, 26.69148061362653, 79.53431203620582, 66.71071802174828, 29.09598431064149, -1, -1, -1, -1
609, 0, 26.32035067345691, 79.55889447928705, 66.70466828034291, 29.11897944218832, -1, -1, -1, -1
610, 0, 25.949220733287294, 79.58347692236828, 66.69861853893755, 29.141974573735148, -1, -1, -1, -1
611, 0, 25.578090793117678, 79.60805936544952, 66.69256879753218, 29.164969705281976, -1, -1, -1, -1
612, 0, 25.20696085294806, 79.63264180853076, 66.6865190561268, 29.187964836828804, -1, -1, -1, -1
613, 0, 24.835830912778444, 79.65722425161199, 66.68046931472142, 29.210959968375633, -1, -1, -1, -1
614, 0, 24.464700972608828, 79.68180669469322, 66.67441957331604, 29.23395509992246, -1, -1, -1, -1
615, 0, 24.09357103243921, 79.70638913777447, 66.66836983191067, 29.25695023146929, -1, -1, -1, -1
616, 0, 23.722441092269595, 79.73097158085571, 66.66232009050529, 29.279945363016118, -1, -1, -1, -1
617, 0, 23.351311152099978, 79.75555402393694, 66.65627034909993, 29.302940494562947, -1, -1, -1, -1
618, 0, 22.980181211929867, 79.78916206360947, 66.65022060769323, 29.316910029520088, -1, -1, -1, -1
619, 0, 22.60905127175976, 79.82277010328201, 66.64417086628654, 29.330879564477225, -1, -1, -1, -1
620, 0, 22.237921331589654, 79.85637814295454, 66.63812112487986, 29.344849099434363, -1, -1, -1, -1
621, 0, 21.866791391419547, 79.88998618262707, 66.63207138347317, 29.358818634391504, -1, -1, -1, -1
622, 0, 21.49566145124944, 79.92359422229961, 66.62602164206649, 29.372788169348645, -1, -1, -1, -1
623, 0, 21.12453151107933, 79.95720226197214, 66.61997190065979, 29.386757704305783, -1, -1, -1, -1
624, 0, 20.75340157090922, 79.99081030164467, 66.6139221592531, 29.40072723926292, -1, -1, -1, -1
625, 0, 20.382271630739112, 80.02441834131722, 66.60787241784641, 29.41469677422006, -1, -1, -1, -1
626, 0, 20.011141690569005, 80.05802638098976, 66.60182267643972, 29.428666309177203, -1, -1, -1, -1
627, 0, 19.640011750398894, 80.09163442066229, 66.59577293503304, 29.44263584413434, -1, -1, -1, -1
628, 0, 19.268881810228784, 80.12524246033482, 66.58972319362636, 29.456605379091478, -1, -1, -1, -1
629, 0, 18.897751870058677, 80.15885050000736, 66.58367345221966, 29.47057491404862, -1, -1, -1, -1
630, 0, 18.52662192988857, 80.19245853967989, 66.57762371081296, 29.48454444900576, -1, -1, -1, -1
631, 0, 18.155491989718463, 80.22606657935242, 66.57157396940627, 29.498513983962898, -1, -1, -1, -1
632, 0, 17.784362049548356, 80.25967461902496, 66.56552422799959, 29.512483518920035, -1, -1, -1, -1
633, 0, 17.413232109378246, 80.29328265869749, 66.5594744865929, 29.526453053877177, -1, -1, -1, -1
634, 0, 17.042102169208135, 80.32689069837002, 66.55342474518622, 29.540422588834318, -1, -1, -1, -1
635, 0, 16.67097222903803, 80.36049873804257, 66.54737500377952, 29.554392123791455, -1, -1, -1, -1
636, 0, 16.29984228886792, 80.3941067777151, 66.54132526237282, 29.568361658748593, -1, -1, -1, -1
637, 0, 15.928712348697813, 80.42771481738762, 66.53527552096614, 29.582331193705734, -1, -1, -1, -1
638, 0, 15.557582408527704, 80.46132285706017, 66.52922577955945, 29.596300728662875, -1, -1, -1, -1
639, 0, 15.186452468357597, 80.4949308967327, 66.52317603815276, 29.610270263620013, -1, -1, -1, -1
640, 0, 14.815322528187489, 80.52853893640523, 66.51712629674606, 29.62423979857715, -1, -1, -1, -1
641, 0, 14.44419258801738, 80.56214697607777, 66.51107655533937, 29.63820933353429, -1, -1, -1, -1
642, 0, 14.073062647847271, 80.5957550157503, 66.50502681393269, 29.652178868491433, -1, -1, -1, -1
643, 0, 13.701932707677162, 80.62936305542283, 66.498977072526, 29.666148403448574, -1, -1, -1, -1
644, 0, 13.330802767507056, 80.66297109509537, 66.49292733111932, 29.680117938405715, -1, -1, -1, -1
645, 0, 12.959672827336947, 80.6965791347679, 66.48687758971262, 29.694087473362856, -1, -1, -1, -1
646, 0, 12.588542887166838, 80.73018717444043, 66.48082784830592, 29.708057008319997, -1, -1, -1, -1
647, 0, 12.217412946996731, 80.76379521411297, 66.47477810689924, 29.72202654327714, -1, -1, -1, -1
648, 0, 11.846283006826622, 80.7974032537855, 66.46872836549255, 29.73599607823428, -1, -1, -1, -1
649, 0, 11.475153066656514, 80.83101129345803, 66.46267862408587, 29.74996561319142, -1, -1, -1, -1
650, 0, 11.104023126486405, 80.86461933313058, 66.45662888267918, 29.763935148148562, -1, -1, -1, -1
651, 0, 10.732893186316296, 80.8982273728031, 66.45057914127248, 29.7779046831057, -1, -1, -1, -1
652, 0, 10.36176324614619, 80.93183541247564, 66.44452939986579, 29.791874218062837, -1, -1, -1, -1
653, 0, 9.99063330597608, 80.96544345214818, 66.4384796584591, 29.80584375301998, -1, -1, -1, -1
654, 0, 9.619503365805972, 80.99905149182071, 66.43242991705242, 29.81981328797712, -1, -1, -1, -1
655, 0, 9.248373425635865, 81.03265953149324, 66.42638017564573, 29.833782822934257, -1, -1, -1, -1
656, 0, 8.877243485465756, 81.06626757116578, 66.42033043423905, 29.847752357891395, -1, -1, -1, -1
657, 0, 8.506113545295648, 81.09987561083831, 66.41428069283235, 29.861721892848536, -1, -1, -1, -1
658, 0, 8.134983605125539, 81.13348365051084, 66.40823095142565, 29.875691427805677, -1, -1, -1, -1
659, 0, 7.763853664955431, 81.16709169018338, 66.40218121001897, 29.889660962762814, -1, -1, -1, -1
660, 0, 7.3927237247853235, 81.20069972985591, 66.39613146861228, 29.903630497719952, -1, -1, -1, -1
661, 0, 7.021593784615215, 81.23430776952844, 66.3900817272056, 29.917600032677093, -1, -1, -1, -1
662, 0, 6.650463844445106, 81.26791580920099, 66.38403198579891, 29.931569567634234, -1, -1, -1, -1
663, 0, 6.279333904274998, 81.30152384887352, 66.37798224439223, 29.945539102591372, -1, -1, -1, -1
664, 0, 5.9082039641048905, 81.33513188854604, 66.37193250298554, 29.95950863754851, -1, -1, -1, -1
665, 0, 5.537074023934782, 81.36873992821859, 66.36588276157885, 29.97347817250565, -1, -1, -1, -1
666, 0, 5.165944083764673, 81.40234796789113, 66.35983302017215, 29.987447707462792, -1, -1, -1, -1
667, 0, 4.794814143594565, 81.43595600756366, 66.35378327876546, 30.00141724241993, -1, -1, -1, -1
668, 0, 4.4236842034244575, 81.46956404723619, 66.34773353735878, 30.015386777377067, -1, -1, -1, -1
669, 0, 4.052554263254349, 81.50317208690873, 66.34168379595208, 30.029356312334208, -1, -1, -1, -1
670, 0, 3.6814243230842405, 81.53678012658126, 66.33563405454538, 30.04332584729135, -1, -1, -1, -1
671, 0, 3.3102943829141322, 81.57038816625379, 66.3295843131387, 30.05729538224849, -1, -1, -1, -1
672, 0, 2.9391644427440244, 81.60399620592634, 66.32353457173201, 30.07126491720563, -1, -1, -1, -1
673, 0, 2.568034502573916, 81.63760424559887, 66.31748483032531, 30.08523445216277, -1, -1, -1, -1
674, 0, 2.2470301897521767, 81.66793025015298, 66.26130946156118, 30.14634594618002, -1, -1, -1, -1
675, 0, 1.9260258769304373, 81.6982562547071, 66.20513409279704, 30.207457440197267, -1, -1, -1, -1
676, 0, 1.6050215641086978, 81.72858225926123, 66.14895872403291, 30.268568934214517, -1, -1, -1, -1
677, 0, 1.284017251286958, 81.75890826381536, 66.09278335526878, 30.329680428231768, -1, -1, -1, -1
678, 0, 0.9630129384652186, 81.78923426836948, 66.03660798650465, 30.39079192224902, -1, -1, -1, -1
679, 0, 0.642008625643479, 81.8195602729236, 65.98043261774052, 30.45190341626627, -1, -1, -1, -1
680, 0, 0.3210043128217395, 81.84988627747771, 65.92425724897637, 30.513014910283516, -1, -1, -1, -1
681, 0, 0.0, 81.88021228203183, 65.86808188021224, 30.574126404300767, -1, -1, -1, -1
682, 0, 0.0, 81.92570128885484, 65.49589909711148, 30.57677508787345, -1, -1, -1, -1
683, 0, 0.0, 81.97119029567784, 65.12371631401071, 30.579423771446137, -1, -1, -1, -1
684, 0, 0.0, 82.01667930250085, 64.75153353090994, 30.582072455018825, -1, -1, -1, -1
685, 0, 0.0, 82.06216830932387, 64.37935074780917, 30.58472113859151, -1, -1, -1, -1
686, 0, 0.0, 82.10765731614688, 64.0071679647084, 30.5873698221642, -1, -1, -1, -1
687, 0, 0.0, 82.15314632296989, 63.63498518160763, 30.590018505736882, -1, -1, -1, -1
688, 0, 0.0, 82.19863532979289, 63.262802398506864, 30.592667189309566, -1, -1, -1, -1
689, 0, 0.0, 82.2441243366159, 62.8906196154061, 30.595315872882253, -1, -1, -1, -1
690, 0, 0.0, 82.2896133434389, 62.51843683230534, 30.59796455645494, -1, -1, -1, -1
691, 0, 0.0, 82.3351023502619, 62.14625404920457, 30.600613240027627, -1, -1, -1, -1
692, 0, 0.0, 82.38059135708491, 61.7740712661038, 30.603261923600314, -1, -1, -1, -1
693, 0, 0.0, 82.42608036390793, 61.401888483003034, 30.605910607173005, -1, -1, -1, -1
694, 0, 0.0, 82.47156937073095, 61.029705699902266, 30.608559290745696, -1, -1, -1, -1
695, 0, 0.0, 82.51705837755395, 60.6575229168015, 30.611207974318383, -1, -1, -1, -1
696, 0, 0.0, 82.56254738437696, 60.28534013370073, 30.61385665789107, -1, -1, -1, -1
697, 0, 0.0, 82.60803639119996, 59.91315735059996, 30.616505341463757, -1, -1, -1, -1
698, 0, 0.0, 82.65352539802495, 59.54097456749996, 30.591512210189833, -1, -1, -1, -1
699, 0, 0.0, 82.69901440484995, 59.168791784399964, 30.566519078915913, -1, -1, -1, -1
700, 0, 0.0, 82.74450341167494, 58.79660900129997, 30.541525947641993, -1, -1, -1, -1
701, 0, 0.0, 82.78999241849993, 58.42442621819997, 30.51653281636807, -1, -1, -1, -1
702, 0, 0.0, 82.83548142532493, 58.05224343509997, 30.491539685094146, -1, -1, -1, -1
703, 0, 0.0, 82.88097043214992, 57.680060651999966, 30.466546553820226, -1, -1, -1, -1
704, 0, 0.0, 82.92645943897492, 57.307877868899965, 30.441553422546306, -1, -1, -1, -1
705, 0, 0.0, 82.97194844579992, 56.93569508579997, 30.416560291272383, -1, -1, -1, -1
706, 0, 0.0, 83.01743745262493, 56.563512302699976, 30.407767990527734, -1, -1, -1, -1
707, 0, 0.0, 83.06292645944994, 56.191329519599975, 30.398975689783086, -1, -1, -1, -1
708, 0, 0.0, 83.10841546627495, 55.819146736499974, 30.390183389038437, -1, -1, -1, -1
709, 0, 0.0, 83.15390447309996, 55.44696395339997, 30.38139108829379, -1, -1, -1, -1
710, 0, 0.0, 83.19939347992496, 55.07478117029997, 30.37259878754914, -1, -1, -1, -1
711, 0, 0.0, 83.24488248674997, 54.70259838719997, 30.363806486804492, -1, -1, -1, -1
712, 0, 0.0, 83.29037149357498, 54.33041560409997, 30.355014186059844, -1, -1, -1, -1
713, 0, 0.0, 83.33586050039999, 53.95823282099997, 30.346221885315195, -1, -1, -1, -1
714, 0, 0.0, 83.38134950722298, 53.58605003789996, 30.31120257053762, -1, -1, -1, -1
715, 0, 0.0, 83.42683851404595, 53.21386725479995, 30.276183255760046, -1, -1, -1, -1
716, 0, 0.0, 83.47232752086893, 52.84168447169994, 30.241163940982467, -1, -1, -1, -1
717, 0, 0.0, 83.5178165276919, 52.469501688599934, 30.206144626204892, -1, -1, -1, -1
718, 0, 0.0, 83.56330553451488, 52.097318905499925, 30.171125311427318, -1, -1, -1, -1
719, 0, 0.0, 83.60879454133786, 51.72513612239992, 30.13610599664974, -1, -1, -1, -1
720, 0, 0.0, 83.65428354816083, 51.352953339299916, 30.101086681872165, -1, -1, -1, -1
721, 0, 0.0, 83.69977255498381, 50.98077055619991, 30.06606736709459, -1, -1, -1, -1
722, 0, 0.0, 83.74526156180679, 50.6085877730999, 30.03104805231702, -1, -1, -1, -1
723, 0, 0.0, 83.79075056862976, 50.2364049899999, 29.996028737539444, -1, -1, -1, -1
724, 0, 0.0, 83.83623957545274, 49.86422220689989, 29.96100942276187, -1, -1, -1, -1
725, 0, 0.0, 83.88172858227571, 49.49203942379988, 29.925990107984298, -1, -1, -1, -1
726, 0, 0.0, 83.92721758909869, 49.11985664069987, 29.890970793206726, -1, -1, -1, -1
727, 0, 0.0, 83.97270659592166, 48.747673857599864, 29.85595147842915, -1, -1, -1, -1
728, 0, 0.0, 84.01819560274464, 48.375491074499855, 29.820932163651577, -1, -1, -1, -1
729, 0, 0.0, 84.06368460956763, 48.00330829139985, 29.785912848874005, -1, -1, -1, -1
730, 0, 0.0, 84.10917361639062, 47.63112550829984, 29.75089353409643, -1, -1, -1, -1
731, 0, 0.0, 84.1546626232136, 47.25894272519983, 29.715874219318856, -1, -1, -1, -1
732, 0, 0.0, 84.20015163003657, 46.88675994209982, 29.68085490454128, -1, -1, -1, -1
733, 0, 0.0, 84.24564063685955, 46.51457715899981, 29.645835589763706, -1, -1, -1, -1
734, 0, 0.0, 84.29112964368252, 46.142394375899805, 29.61081627498613, -1, -1, -1, -1
735, 0, 0.0, 84.3366186505055, 45.7702115927998, 29.575796960208557, -1, -1, -1, -1
736, 0, 0.0, 84.38210765732848, 45.398028809699795, 29.540777645430982, -1, -1, -1, -1
737, 0, 0.0, 84.42759666415145, 45.02584602659979, 29.505758330653407, -1, -1, -1, -1
738, 0, 0.0, 84.47308567097443, 44.65366324349978, 29.470739015875836, -1, -1, -1, -1
739, 0, 0.0, 84.5185746777974, 44.28148046039978, 29.43571970109826, -1, -1, -1, -1
740, 0, 0.0, 84.56406368462038, 43.90929767729977, 29.400700386320686, -1, -1, -1, -1
741, 0, 0.0, 84.60955269144335, 43.53711489419976, 29.365681071543115, -1, -1, -1, -1
742, 0, 0.0, 84.65504169826633, 43.16493211109975, 29.330661756765544, -1, -1, -1, -1
743, 0, 0.0, 84.7005307050893, 42.79274932799974, 29.29564244198797, -1, -1, -1, -1
744, 0, 0.0, 84.74601971191228, 42.420566544899735, 29.260623127210394, -1, -1, -1, -1
745, 0, 0.0, 84.79150871873527, 42.04838376179973, 29.225603812432823, -1, -1, -1, -1
746, 0, 0.0, 84.83699772555826, 41.67620097869972, 29.190584497655248, -1, -1, -1, -1
747, 0, 0.0, 84.88248673238124, 41.30401819559971, 29.155565182877673, -1, -1, -1, -1
748, 0, 0.0, 84.92797573920421, 40.9318354124997, 29.1205458681001, -1, -1, -1, -1
749, 0, 0.0, 84.97346474602719, 40.55965262939969, 29.085526553322524, -1, -1, -1, -1
750, 0, 0.0, 85.01895375285017, 40.187469846299685, 29.05050723854495, -1, -1, -1, -1
751, 0, 0.0, 85.06444275967314, 39.815287063199676, 29.015487923767374, -1, -1, -1, -1
752, 0, 0.0, 85.10993176649612, 39.443104280099675, 28.9804686089898, -1, -1, -1, -1
753, 0, 0.0, 85.1554207733191, 39.07092149699967, 28.945449294212224, -1, -1, -1, -1
754, 0, 0.0, 85.20090978014207, 38.69873871389966, 28.910429979434653, -1, -1, -1, -1
755, 0, 0.0, 85.24639878696505, 38.32655593079966, 28.87541066465708, -1, -1, -1, -1
756, 0, 0.0, 85.29188779378802, 37.95437314769965, 28.840391349879503, -1, -1, -1, -1
757, 0, 0.0, 85.337376800611, 37.58219036459964, 28.805372035101932, -1, -1, -1, -1
758, 0, 0.0, 85.38286580743397, 37.21000758149963, 28.77035272032436, -1, -1, -1, -1
759, 0, 0.0, 85.42835481425695, 36.83782479839962, 28.735333405546786, -1, -1, -1, -1
760, 0, 0.0, 85.47384382107992, 36.465642015299615, 28.70031409076921, -1, -1, -1, -1
761, 0, 0.0, 85.51933282790291, 36.093459232199606, 28.66529477599164, -1, -1, -1, -1
762, 0, 0.0, 85.5648218347259, 35.7212764490996, 28.630275461214065, -1, -1, -1, -1
763, 0, 0.0, 85.61031084154888, 35.34909366599959, 28.59525614643649, -1, -1, -1, -1
764, 0, 0.0, 85.65579984837186, 34.97691088289958, 28.560236831658916, -1, -1, -1, -1
765, 0, 0.0, 85.70128885519483, 34.60472809979957, 28.52521751688134, -1, -1, -1, -1
766, 0, 0.0, 85.74677786201781, 34.232545316699564, 28.490198202103766, -1, -1, -1, -1
767, 0, 0.0, 85.79226686884078, 33.860362533599556, 28.45517888732619, -1, -1, -1, -1
768, 0, 0.0, 85.83775587566376, 33.488179750499555, 28.420159572548613, -1, -1, -1, -1
769, 0, 0.0, 85.88324488248674, 33.115996967399546, 28.385140257771038, -1, -1, -1, -1
770, 0, 3.693929526316993e-16, 85.95400555976732, 32.75208491281205, 28.343644789410483, -1, -1, -1, -1
771, 0, 7.387859052633986e-16, 86.02476623704791, 32.388172858224564, 28.302149321049924, -1, -1, -1, -1
772, 0, 1.1081788578950978e-15, 86.0955269143285, 32.02426080363707, 28.260653852689366, -1, -1, -1, -1
773, 0, 1.4775718105267971e-15, 86.1662875916091, 31.66034874904958, 28.219158384328807, -1, -1, -1, -1
774, 0, 1.8469647631584964e-15, 86.23704826888971, 31.296436694462088, 28.17766291596825, -1, -1, -1, -1
775, 0, 2.2163577157901957e-15, 86.3078089461703, 30.932524639874593, 28.13616744760769, -1, -1, -1, -1
776, 0, 2.585750668421895e-15, 86.37856962345089, 30.568612585287102, 28.09467197924713, -1, -1, -1, -1
777, 0, 2.9551436210535942e-15, 86.44933030073148, 30.20470053069961, 28.053176510886573, -1, -1, -1, -1
778, 0, 3.3245365736852935e-15, 86.52009097801206, 29.84078847611212, 28.01168104252601, -1, -1, -1, -1
779, 0, 3.693929526316993e-15, 86.59085165529267, 29.47687642152463, 27.97018557416545, -1, -1, -1, -1
780, 0, 4.063322478948692e-15, 86.66161233257327, 29.112964366937135, 27.928690105804886, -1, -1, -1, -1
781, 0, 4.432715431580391e-15, 86.73237300985386, 28.749052312349644, 27.887194637444324, -1, -1, -1, -1
782, 0, 4.802108384212091e-15, 86.80313368713445, 28.385140257762153, 27.845699169083762, -1, -1, -1, -1
783, 0, 5.17150133684379e-15, 86.87389436441504, 28.02122820317466, 27.8042037007232, -1, -1, -1, -1
784, 0, 5.540894289475489e-15, 86.94465504169563, 27.657316148587167, 27.762708232362638, -1, -1, -1, -1
785, 0, 5.9102872421071884e-15, 87.01541571897623, 27.293404093999676, 27.721212764002075, -1, -1, -1, -1
786, 0, 6.279680194738888e-15, 87.08617639625683, 26.929492039412185, 27.679717295641517, -1, -1, -1, -1
787, 0, 6.649073147370587e-15, 87.15693707353742, 26.565579984824694, 27.638221827280958, -1, -1, -1, -1
788, 0, 7.018466100002286e-15, 87.22769775081801, 26.2016679302372, 27.5967263589204, -1, -1, -1, -1
789, 0, 7.387859052633986e-15, 87.2984584280986, 25.83775587564971, 27.55523089055984, -1, -1, -1, -1
790, 0, 7.757252005265684e-15, 87.36921910537919, 25.473843821062218, 27.513735422199282, -1, -1, -1, -1
791, 0, 8.126644957897383e-15, 87.43997978265978, 25.109931766474723, 27.472239953838724, -1, -1, -1, -1
792, 0, 8.496037910529083e-15, 87.51074045994037, 24.746019711887232, 27.430744485478165, -1, -1, -1, -1
793, 0, 8.865430863160783e-15, 87.58150113722097, 24.38210765729974, 27.389249017117606, -1, -1, -1, -1
794, 0, 9.234823815792482e-15, 87.65226181450157, 24.01819560271225, 27.347753548757048, -1, -1, -1, -1
795, 0, 9.604216768424182e-15, 87.72302249178216, 23.65428354812476, 27.306258080396486, -1, -1, -1, -1
796, 0, 9.973609721055882e-15, 87.79378316906275, 23.29037149353727, 27.264762612035923, -1, -1, -1, -1
797, 0, 1.034300267368758e-14, 87.86454384634334, 22.926459438949777, 27.223267143675365, -1, -1, -1, -1
798, 0, 1.0712395626319278e-14, 87.93530452362393, 22.562547384362286, 27.181771675314806, -1, -1, -1, -1
799, 0, 1.1081788578950978e-14, 88.00606520090453, 22.198635329774795, 27.140276206954244, -1, -1, -1, -1
800, 0, 1.1451181531582677e-14, 88.07682587818513, 21.8347232751873, 27.098780738593682, -1, -1, -1, -1
801, 0, 1.1820574484214377e-14, 88.14758655546572, 21.47081122059981, 27.057285270233123, -1, -1, -1, -1
802, 0, 1.2189967436846077e-14, 88.21834723274631, 21.10689916601232, 27.015789801872565, -1, -1, -1, -1
803, 0, 1.2559360389477776e-14, 88.2891079100269, 20.742987111424824, 26.974294333512006, -1, -1, -1, -1
804, 0, 1.2928753342109476e-14, 88.35986858730749, 20.379075056837333, 26.932798865151447, -1, -1, -1, -1
805, 0, 1.3298146294741174e-14, 88.43062926458809, 20.015163002249842, 26.89130339679089, -1, -1, -1, -1
806, 0, 1.3667539247372872e-14, 88.5013899418687, 19.651250947662348, 26.84980792843033, -1, -1, -1, -1
807, 0, 1.4036932200004572e-14, 88.57215061914928, 19.287338893074857, 26.80831246006977, -1, -1, -1, -1
808, 0, 1.440632515263627e-14, 88.64291129642987, 18.923426838487366, 26.766816991709213, -1, -1, -1, -1
809, 0, 1.477571810526797e-14, 88.71367197371046, 18.55951478389987, 26.725321523348654, -1, -1, -1, -1
810, 0, 1.514511105789967e-14, 88.78443265099105, 18.19560272931238, 26.683826054988092, -1, -1, -1, -1
811, 0, 1.5514504010531367e-14, 88.85519332827165, 17.83169067472489, 26.64233058662753, -1, -1, -1, -1
812, 0, 1.5883896963163067e-14, 88.92595400555226, 17.467778620137395, 26.600835118266968, -1, -1, -1, -1
813, 0, 1.6253289915794767e-14, 88.99671468283285, 17.103866565549904, 26.559339649906406, -1, -1, -1, -1
814, 0, 1.6622682868426466e-14, 89.06747536011343, 16.739954510962413, 26.517844181545843, -1, -1, -1, -1
815, 0, 1.6992075821058166e-14, 89.13823603739402, 16.37604245637492, 26.47634871318528, -1, -1, -1, -1
816, 0, 1.7361468773689866e-14, 89.20899671467461, 16.012130401787427, 26.43485324482472, -1, -1, -1, -1
817, 0, 1.7730861726321565e-14, 89.27975739195521, 15.648218347199936, 26.393357776464157, -1, -1, -1, -1
818, 0, 1.8100254678953265e-14, 89.35051806923582, 15.284306292612445, 26.3518623081036, -1, -1, -1, -1
819, 0, 1.8469647631584965e-14, 89.4212787465164, 14.920394238024953, 26.31036683974304, -1, -1, -1, -1
820, 0, 1.8839040584216664e-14, 89.492039423797, 14.55648218343746, 26.26887137138248, -1, -1, -1, -1
821, 0, 1.9208433536848364e-14, 89.56280010107758, 14.192570128849969, 26.227375903021922, -1, -1, -1, -1
822, 0, 1.9577826489480064e-14, 89.63356077835817, 13.828658074262476, 26.185880434661364, -1, -1, -1, -1
823, 0, 1.9947219442111763e-14, 89.70432145563876, 13.464746019674983, 26.144384966300805, -1, -1, -1, -1
824, 0, 2.031661239474346e-14, 89.77508213291935, 13.100833965087492, 26.102889497940247, -1, -1, -1, -1
825, 0, 2.068600534737516e-14, 89.84584281019995, 12.7369219105, 26.06139402957969, -1, -1, -1, -1
826, 0, 1.8100254678953265e-14, 89.91660348748746, 12.373009855912493, 25.869159587737848, -1, -1, -1, -1
827, 0, 1.551450401053137e-14, 89.98736416477496, 12.009097801324987, 25.676925145896007, -1, -1, -1, -1
828, 0, 1.2928753342109476e-14, 90.05812484206245, 11.645185746737482, 25.484690704054167, -1, -1, -1, -1
829, 0, 1.034300267368758e-14, 90.12888551934995, 11.281273692149977, 25.292456262212323, -1, -1, -1, -1
830, 0, 7.757252005265685e-15, 90.19964619663745, 10.917361637562472, 25.10022182037048, -1, -1, -1, -1
831, 0, 5.17150133684379e-15, 90.27040687392494, 10.553449582974965, 24.907987378528638, -1, -1, -1, -1
832, 0, 2.585750668421895e-15, 90.34116755121244, 10.189537528387458, 24.715752936686798, -1, -1, -1, -1
833, 0, 0.0, 90.41192822849995, 9.825625473799953, 24.523518494844954, -1, -1, -1, -1
834, 0, 0.0, 90.4826889057752, 9.461713419218627, 24.232908099213745, -1, -1, -1, -1
835, 0, 0.0, 90.55344958305048, 9.097801364637302, 23.94229770358254, -1, -1, -1, -1
836, 0, 0.0, 90.62421026032574, 8.733889310055979, 23.651687307951335, -1, -1, -1, -1
837, 0, 0.0, 90.694970937601, 8.369977255474653, 23.361076912320126, -1, -1, -1, -1
838, 0, 0.0, 90.76573161487626, 8.006065200893328, 23.070466516688917, -1, -1, -1, -1
839, 0, 0.0, 90.83649229215152, 7.642153146312005, 22.779856121057712, -1, -1, -1, -1
840, 0, 0.0, 90.90725296942678, 7.2782410917306795, 22.489245725426507, -1, -1, -1, -1
841, 0, 0.0, 90.97801364670204, 6.914329037149355, 22.198635329795298, -1, -1, -1, -1
842, 0, 0.0, 91.02350265352538, 6.48218347232752, 21.902956785443514, -1, -1, -1, -1
843, 0, 0.0, 91.06899166034874, 6.050037907505686, 21.607278241091734, -1, -1, -1, -1
844, 0, 0.0, 91.1144806671721, 5.617892342683851, 21.311599696739954, -1, -1, -1, -1
845, 0, 0.0, 91.15996967399545, 5.1857467778620165, 21.015921152388174, -1, -1, -1, -1
846, 0, 0.0, 91.2054586808188, 4.753601213040182, 20.720242608036394, -1, -1, -1, -1
847, 0, 0.0, 91.25094768764215, 4.321455648218347, 20.42456406368461, -1, -1, -1, -1
848, 0, 0.0, 91.29643669446551, 3.889310083396512, 20.128885519332826, -1, -1, -1, -1
849, 0, 0.0, 91.34192570128886, 3.457164518574677, 19.833206974981046, -1, -1, -1, -1
850, 0, 0.0, 91.34192570128886, 3.457164518574677, 19.833206974981046, -1, -1, -1, -1
851, 0, 0.0, 91.34192570128886, 3.457164518574677, 19.833206974981046, -1, -1, -1, -1
852, 0, 0.0, 91.34192570128886, 3.457164518574677, 19.833206974981046, -1, -1, -1, -1
853, 0, 0.0, 91.34192570128886, 3.457164518574677, 19.833206974981046, -1, -1, -1, -1
854, 0, 0.0, 91.34192570128886, 3.457164518574677, 19.833206974981046, -1, -1, -1, -1
855, 0, 0.0, 91.34192570128886, 3.457164518574677, 19.833206974981046, -1, -1, -1, -1
856, 0, 0.0, 91.34192570128886, 3.457164518574677, 19.833206974981046, -1, -1, -1, -1
