1, 1603471928136659727
2, 1603471928179726727
3, 1603471928222793727
4, 1603471928265861727
5, 1603471928308928727, 0, 233.11855670103094, 31.082474226804127, 6.881443298969037, 29.45876288659794
6, 1603471928351995727, 0, 227.319587628866, 30.1392375920767, 12.680412371133968, 32.5669479749336
7, 1603471928395062727, 0, 221.52061855670104, 29.196000957349273, 18.479381443298934, 35.67513306326927
8, 1603471928438129727, 0, 215.7216494845361, 28.252764322621847, 24.278350515463877, 38.78331815160493
9, 1603471928481197727, 0, 209.18041237113403, 27.380561973561395, 30.819587628865946, 39.655520500665375
10, 1603471928524264727, 0, 202.63917525773198, 26.508359624500944, 37.360824742267994, 40.52772284972585
11, 1603471928567331727, 0, 196.0979381443299, 25.636157275440492, 43.90206185567007, 41.39992519878629
12, 1603471928610398727, 0, 189.55670103092785, 24.76395492638004, 50.44329896907212, 42.272127547846765
13, 1603471928653465727, 0, 183.01546391752578, 23.89175257731959, 56.98453608247419, 43.144329896907216
14, 1603471928696533727, 0, 176.18924889545045, 23.792341678946382, 63.810751104549524, 43.343151693671444
15, 1603471928739600727, 0, 169.36303387337512, 23.692930780573178, 70.63696612662488, 43.541973490435694
16, 1603471928782667727, 0, 162.53681885129978, 23.59351988219997, 77.46318114870022, 43.74079528719993
17, 1603471928825734727, 0, 155.7106038291996, 23.494108983799947, 84.28939617080039, 43.939617083949884
18, 1603471928868801727, 0, 148.88438880709947, 23.394698085399924, 91.1156111929005, 44.13843888069984
19, 1603471928911869727, 0, 142.05817378499952, 23.29528718699993, 96.84412237243579, 44.33726067749987
20, 1603471928954936727, 0, 135.2319587628866, 23.195876288659797, 97.88659793814433, 44.53608247422681
21, 1603471928998003727, 0, 127.87555228276878, 23.06332842415317, 98.48306332842415, 44.76804123711341
22, 1603471929041070727, 0, 120.51914580265095, 22.930780559646543, 99.07952871870397, 45.00000000000001
23, 1603471929084137727, 0, 113.16273932253314, 22.798232695139916, 99.6759941089838, 45.231958762886606
24, 1603471929127205727, 0, 105.80633284241532, 22.665684830633285, 100.27245949926362, 45.4639175257732
25, 1603471929170272727, 0, 98.4499263622975, 22.53313696612666, 100.86892488954345, 45.69587628865979
26, 1603471929213339727, 0, 91.09351988217969, 22.40058910162003, 101.46539027982328, 45.927835051546396
27, 1603471929256406727, 0, 83.73711340206187, 22.268041237113405, 102.0618556701031, 46.159793814432994
28, 1603471929299473727, 0, 76.6789675101591, 22.442010309277833, 101.83263042799503, 46.00515463917749
29, 1603471929342541727, 0, 69.62082161825633, 22.615979381442266, 101.60340518588696, 45.85051546392197
30, 1603471929385608727, 0, 62.562675726353554, 22.789948453606694, 101.3741799437789, 45.69587628866647
31, 1603471929428675727, 0, 55.50452983445078, 22.963917525771123, 101.1449547016708, 45.54123711341097
32, 1603471929471742727, 0, 48.44638394254801, 23.137886597935555, 100.91572945956273, 45.386597938155454
33, 1603471929514809727, 0, 41.38823805064524, 23.311855670099984, 100.68650421745465, 45.23195876289996
34, 1603471929557877727, 0, 34.876796313682036, 23.48582474226545, 99.91057482038747, 45.07731958763999
35, 1603471929600944727, 0, 28.365354576718822, 23.659793814430916, 99.13464542332028, 44.922680412380046
36, 1603471929644011727, 0, 21.853912839755612, 23.833762886596382, 98.3587160262531, 44.76804123712008
37, 1603471929687078727, 0, 15.342471102792402, 24.007731958761852, 97.58278662918592, 44.613402061860114
38, 1603471929730145727, 0, 8.831029365829195, 24.181701030927318, 96.80685723211873, 44.45876288660017
39, 1603471929773213727, 0, 2.319587628865979, 24.355670103092784, 96.03092783505156, 44.30412371134021
40, 1603471929816280727, 0, 0, 24.761597938099946, 91.27577319579994, 43.78221649489993
41, 1603471929859347727, 0, 0, 25.16752577319994, 84.20103092779979, 43.26030927839989
42, 1603471929902414727, 0, 0.0, 25.573453608249455, 77.12628865977618, 42.738402061880365
43, 1603471929945481727, 0, 0, 25.97938144329897, 70.05154639175258, 42.21649484536083
44, 1603471929988549727, 0, 0.0, 26.288659793814432, 63.01546391752578, 41.984536082474236
45, 1603471930031616727, 0, 0.0, 26.5979381443299, 55.97938144329897, 41.75257731958763
46, 1603471930074683727, 0, 0.0, 26.90721649484536, 48.94329896907217, 41.52061855670104
47, 1603471930117750727, 0, 0.0, 27.216494845360824, 41.90721649484536, 41.28865979381443
48, 1603471930160817727, 0, 0.0, 27.52577319587629, 34.871134020618555, 41.05670103092783
49, 1603471930203885727, 0, 0, 27.835051546391753, 27.835051546391753, 40.82474226804124
50, 1603471930246952727, 0, 0, 29.149484536099965, 21.572164948499882, 38.67150890346768
51, 1603471930290019727, 0, 0.0, 30.463917525781945, 15.309278350538602, 34.76101218369259
52, 1603471930333086727, 0, 0, 31.77835051546392, 9.04639175257732, 30.850515463917528
53, 1603471930376153727, 0, 0, 34.79381443298969, 4.175257731958763, 21.108247422680414
54, 1603471930419221727
55, 1603471930462288727
56, 1603471930505355727
57, 1603471930548422727
58, 1603471930591489727
59, 1603471930634557727
60, 1603471930677624727
61, 1603471930720691727
