1, 1581958094284404936, 0, 149.5714285714286, 73.71428571428561, 62.210077404752575, 27.642857142857142
2, 1581958094289788416, 0, 149.47890740058915, 73.71893869661255, 62.21849380241618, 27.635359904270985
3, 1581958094295171840, 0, 149.3863862297497, 73.72359167893951, 62.22691020007977, 27.62786266568483
4, 1581958094300555264, 0, 149.29386505891023, 73.72824466126647, 62.23532659774337, 27.620365427098672
5, 1581958094305938432, 0, 149.20134388807074, 73.73289764359342, 62.24374299540696, 27.612868188512515
6, 1581958094311321856, 0, 149.10882271723125, 73.73755062592036, 62.252159393070556, 27.60537094992636
7, 1581958094316705280, 0, 149.0163015463918, 73.74220360824732, 62.26057579073415, 27.597873711340203
8, 1581958094322088704, 0, 148.92378037555233, 73.74685659057428, 62.268992188397746, 27.590376472754045
9, 1581958094327471936, 0, 148.83125920471286, 73.75150957290123, 62.27740858606134, 27.58287923416789
10, 1581958094332855296, 0, 148.7387380338734, 73.75616255522817, 62.285824983724936, 27.575381995581736
11, 1581958094338238720, 0, 148.6462168630339, 73.76081553755513, 62.29424138138853, 27.56788475699558
12, 1581958094343622144, 0, 148.55369569219442, 73.76546851988209, 62.302657779052126, 27.56038751840942
13, 1581958094349005824, 0, 148.46117452135496, 73.77012150220904, 62.31107417671572, 27.552890279823266
14, 1581958094354389504, 0, 148.3686533505155, 73.77477448453598, 62.319490574379316, 27.545393041237112
15, 1581958094359772928, 0, 148.27613217967604, 73.77942746686294, 62.32790697204291, 27.537895802650954
16, 1581958094365156352, 0, 148.18361100883658, 73.7840804491899, 62.336323369706506, 27.530398564064797
17, 1581958094370539936, 0, 148.0910898379971, 73.78873343151685, 62.3447397673701, 27.522901325478642
18, 1581958094375923456, 0, 147.9985686671576, 73.79338641384379, 62.353156165033695, 27.515404086892485
19, 1581958094381306880, 0, 147.90604749631814, 73.79803939617075, 62.36157256269729, 27.507906848306327
20, 1581958094386690048, 0, 147.81352632547868, 73.80269237849771, 62.369988960360885, 27.50040960972017
21, 1581958094392073472, 0, 147.72100515463922, 73.80734536082466, 62.37840535802448, 27.49291237113401
22, 1581958094397456896, 0, 147.62848398379975, 73.8119983431516, 62.386821755688075, 27.485415132547853
23, 1581958094402840320, 0, 147.5359628129603, 73.81665132547856, 62.39523815335167, 27.477917893961695
24, 1581958094408223744, 0, 147.44344164212083, 73.82130430780552, 62.403654551015265, 27.470420655375538
25, 1581958094413606936, 0, 147.35092047128134, 73.82595729013246, 62.41207094867886, 27.46292341678938
26, 1581958094418990080, 0, 147.25839930044185, 73.83061027245941, 62.420487346342455, 27.455426178203226
27, 1581958094424373504, 0, 147.1658781296024, 73.83526325478637, 62.42890374400606, 27.44792893961707
28, 1581958094429756928, 0, 147.07335695876293, 73.83991623711333, 62.43732014166966, 27.440431701030917
29, 1581958094435140352, 0, 146.98083578792347, 73.84456921944027, 62.445736539333254, 27.432934462444763
30, 1581958094440523776, 0, 146.888314617084, 73.84922220176722, 62.45415293699685, 27.42543722385861
31, 1581958094445907200, 0, 146.79579344624452, 73.85387518409416, 62.46256933466045, 27.417939985272454
32, 1581958094451290624, 0, 146.70327227540503, 73.85852816642111, 62.47098573232405, 27.4104427466863
33, 1581958094456673936, 0, 146.61075110456557, 73.86318114874807, 62.47940212998765, 27.402945508100146
34, 1581958094462057472, 0, 146.5182299337261, 73.86783413107503, 62.48781852765124, 27.39544826951399
35, 1581958094467440896, 0, 146.42570876288664, 73.87248711340197, 62.49623492531483, 27.387951030927834
36, 1581958094472824320, 0, 146.33318759204718, 73.87714009572892, 62.50465132297842, 27.380453792341676
37, 1581958094478207488, 0, 146.2406664212077, 73.88179307805588, 62.51306772064201, 27.37295655375552
38, 1581958094483590912, 0, 146.1481452503682, 73.88644606038284, 62.52148411830561, 27.365459315169367
39, 1581958094488974336, 0, 146.05562407952874, 73.89109904270978, 62.529900515969196, 27.35796207658321
40, 1581958094494357760, 0, 145.96310290868928, 73.89575202503673, 62.538316913632784, 27.350464837997052
41, 1581958094499740936, 0, 145.87058173784982, 73.90040500736369, 62.54673331129638, 27.342967599410898
42, 1581958094505124096, 0, 145.77806056701036, 73.90505798969065, 62.55514970895997, 27.335470360824743
43, 1581958094510507520, 0, 145.68553939617087, 73.90971097201759, 62.563566106623576, 27.327973122238586
44, 1581958094515890944, 0, 145.59301822533138, 73.91436395434454, 62.57198250428718, 27.320475883652428
45, 1581958094521274368, 0, 145.50049705449192, 73.9190169366715, 62.58039890195077, 27.312978645066273
46, 1581958094526657792, 0, 145.40797588365245, 73.92366991899846, 62.58881529961437, 27.30548140648012
47, 1581958094532041216, 0, 145.315454712813, 73.9283229013254, 62.59723169727797, 27.29798416789396
48, 1581958094537424640, 0, 145.22293354197353, 73.93297588365235, 62.60564809494157, 27.290486929307804
49, 1581958094542807936, 0, 145.13041237113404, 73.9376288659793, 62.614064492605166, 27.28298969072165
50, 1581958094548191744, 0, 145.03789120029455, 73.94228184830627, 62.62248089026876, 27.275492452135495
51, 1581958094553575168, 0, 144.9453700294551, 73.94693483063321, 62.630897287932356, 27.267995213549337
52, 1581958094558958592, 0, 144.85284885861563, 73.95158781296016, 62.63931368559595, 27.26049797496318
53, 1581958094564342016, 0, 144.76032768777617, 73.95624079528712, 62.647730083259546, 27.253000736377025
54, 1581958094569725440, 0, 144.6678065169367, 73.96089377761407, 62.65614648092314, 27.24550349779087
55, 1581958094575108864, 0, 144.57528534609725, 73.96554675994102, 62.664562878586736, 27.238006259204713
56, 1581958094580492288, 0, 144.48276417525778, 73.97019974226797, 62.67297927625033, 27.230509020618555
57, 1581958094585875936, 0, 144.3902430044183, 73.97485272459492, 62.681395673913926, 27.2230117820324
58, 1581958094591259392, 0, 144.2977218335788, 73.97950570692188, 62.68981207157752, 27.215514543446243
59, 1581958094596642816, 0, 144.20520066273934, 73.98415868924883, 62.698228469241116, 27.208017304860086
60, 1581958094602025984, 0, 144.11267949189988, 73.98881167157577, 62.70664486690471, 27.200520066273928
61, 1581958094607409408, 0, 144.02015832106042, 73.99346465390273, 62.715061264568305, 27.19302282768777
62, 1581958094612792832, 0, 143.92763715022096, 73.9981176362297, 62.7234776622319, 27.185525589101612
63, 1581958094618176256, 0, 143.83511597938147, 74.00277061855664, 62.731894059895495, 27.178028350515454
64, 1581958094623559680, 0, 143.74259480854198, 74.00742360088358, 62.74031045755909, 27.170531111929296
65, 1581958094628942936, 0, 143.65007363770252, 74.01207658321054, 62.748726855222685, 27.16303387334314
66, 1581958094634326016, 0, 143.55755246686306, 74.0167295655375, 62.75714325288628, 27.155536634756984
67, 1581958094639709440, 0, 143.4650312960236, 74.02138254786445, 62.765559650549875, 27.148039396170827
68, 1581958094645092864, 0, 143.37251012518414, 74.0260355301914, 62.77397604821347, 27.14054215758467
69, 1581958094650476288, 0, 143.27998895434465, 74.03068851251835, 62.782392445877065, 27.133044918998515
70, 1581958094655859712, 0, 143.18746778350516, 74.03534149484531, 62.79080884354066, 27.12554768041236
71, 1581958094661243136, 0, 143.0949466126657, 74.03999447717226, 62.799225241204255, 27.118050441826203
72, 1581958094666626560, 0, 143.00242544182623, 74.0446474594992, 62.80764163886785, 27.110553203240045
73, 1581958094672009936, 0, 142.90990427098677, 74.04930044182616, 62.816058036531444, 27.10305596465389
74, 1581958094677393408, 0, 142.8173831001473, 74.05395342415312, 62.82447443419504, 27.095558726067736
75, 1581958094682776832, 0, 142.72486192930785, 74.05860640648007, 62.832890831858634, 27.088061487481582
76, 1581958094688160256, 0, 142.6323407584684, 74.06325938880701, 62.84130722952223, 27.080564248895428
77, 1581958094693543424, 0, 142.5398195876289, 74.06791237113396, 62.849723627185824, 27.073067010309273
78, 1581958094698926848, 0, 142.4472984167894, 74.0725653534609, 62.85814002484942, 27.06556977172312
79, 1581958094704310272, 0, 142.35477724594995, 74.07721833578786, 62.866556422513014, 27.058072533136965
80, 1581958094709693696, 0, 142.26225607511049, 74.08187131811482, 62.87497282017661, 27.05057529455081
81, 1581958094715076936, 0, 142.16973490427102, 74.08652430044177, 62.883389217840204, 27.043078055964656
82, 1581958094720460032, 0, 142.07721373343156, 74.09117728276871, 62.8918056155038, 27.035580817378502
83, 1581958094725843456, 0, 141.98469256259207, 74.09583026509567, 62.900222013167394, 27.028083578792344
84, 1581958094731226880, 0, 141.89217139175258, 74.10048324742263, 62.90863841083099, 27.020586340206187
85, 1581958094736610304, 0, 141.79965022091312, 74.10513622974958, 62.91705480849458, 27.013089101620032
86, 1581958094741993728, 0, 141.70712905007366, 74.10978921207652, 62.92547120615818, 27.005591863033878
87, 1581958094747377152, 0, 141.6146078792342, 74.11444219440348, 62.93388760382177, 26.99809462444772
88, 1581958094752760576, 0, 141.52208670839474, 74.11909517673044, 62.94230400148537, 26.990597385861562
89, 1581958094758143936, 0, 141.42956553755525, 74.12374815905739, 62.95072039914896, 26.983100147275408
90, 1581958094763527680, 0, 141.33704436671576, 74.12840114138433, 62.95913679681256, 26.975602908689254
91, 1581958094768911104, 0, 141.2445231958763, 74.13305412371129, 62.96755319447615, 26.968105670103096
92, 1581958094774294528, 0, 141.15200202503684, 74.13770710603825, 62.97596959213975, 26.96060843151694
93, 1581958094779677952, 0, 141.05948085419737, 74.1423600883652, 62.98438598980334, 26.953111192930784
94, 1581958094785061376, 0, 140.9669596833579, 74.14701307069214, 62.99280238746694, 26.94561395434463
95, 1581958094790445056, 0, 140.87443851251845, 74.1516660530191, 63.00121878513053, 26.938116715758472
96, 1581958094795828480, 0, 140.781917341679, 74.15631903534606, 63.00963518279413, 26.930619477172314
97, 1581958094801211936, 0, 140.6893961708395, 74.160972017673, 63.01805158045772, 26.92312223858616
98, 1581958094806595072, 0, 140.596875, 74.16562499999995, 63.02646797812132, 26.915625000000002
99, 1581958094811978496, 0, 140.50435382916055, 74.17027798232691, 63.03488437578491, 26.908127761413844
100, 1581958094817361920, 0, 140.4118326583211, 74.17493096465387, 63.04330077344851, 26.900630522827687
101, 1581958094822745344, 0, 140.31931148748163, 74.17958394698081, 63.0517171711121, 26.89313328424153
102, 1581958094828128768, 0, 140.22679031664217, 74.18423692930776, 63.0601335687757, 26.88563604565537
103, 1581958094833512192, 0, 140.13426914580268, 74.18888991163472, 63.06854996643929, 26.878138807069213
104, 1581958094838895616, 0, 140.0417479749632, 74.19354289396168, 63.07696636410289, 26.870641568483055
105, 1581958094844278936, 0, 139.94922680412373, 74.19819587628862, 63.08538276176648, 26.863144329896897
106, 1581958094849662464, 0, 139.85670563328426, 74.20284885861557, 63.09379915943008, 26.855647091310743
107, 1581958094855045888, 0, 139.7641844624448, 74.20750184094253, 63.10221555709367, 26.848149852724585
108, 1581958094860429312, 0, 139.67166329160534, 74.21215482326949, 63.11063195475727, 26.840652614138428
109, 1581958094865812480, 0, 139.57914212076585, 74.21680780559643, 63.11904835242086, 26.833155375552273
110, 1581958094871195904, 0, 139.48662094992636, 74.22146078792338, 63.12746475008446, 26.82565813696612
111, 1581958094876579328, 0, 139.3940997790869, 74.22611377025034, 63.13588114774805, 26.81816089837996
112, 1581958094881962752, 0, 139.30157860824744, 74.2307667525773, 63.144297545411646, 26.810663659793804
113, 1581958094887345936, 0, 139.20905743740798, 74.23541973490424, 63.15271394307524, 26.80316642120765
114, 1581958094892729088, 0, 139.11653626656852, 74.24007271723119, 63.161130340738836, 26.795669182621495
115, 1581958094898112512, 0, 139.02401509572903, 74.24472569955815, 63.16954673840244, 26.788171944035337
116, 1581958094903495936, 0, 138.93149392488954, 74.2493786818851, 63.17796313606604, 26.78067470544918
117, 1581958094908879360, 0, 138.83897275405008, 74.25403166421205, 63.186379533729635, 26.773177466863025
118, 1581958094914262784, 0, 138.74645158321061, 74.258684646539, 63.19479593139323, 26.76568022827687
119, 1581958094919646208, 0, 138.65393041237115, 74.26333762886595, 63.20321232905683, 26.758182989690713
120, 1581958094925029632, 0, 138.5614092415317, 74.26799061119291, 63.211628726720434, 26.750685751104555
121, 1581958094930412936, 0, 138.4688880706922, 74.27264359351986, 63.22004512438403, 26.7431885125184
122, 1581958094935796480, 0, 138.3763668998527, 74.2772965758468, 63.228461522047624, 26.735691273932247
123, 1581958094941179904, 0, 138.28384572901325, 74.28194955817376, 63.23687791971121, 26.72819403534609
124, 1581958094946563072, 0, 138.1913245581738, 74.28660254050072, 63.2452943173748, 26.72069679675993
125, 1581958094951946496, 0, 138.09880338733433, 74.29125552282767, 63.253710715038395, 26.713199558173777
126, 1581958094957329920, 0, 138.00628221649487, 74.29590850515461, 63.26212711270199, 26.705702319587623
127, 1581958094962713088, 0, 137.9137610456554, 74.30056148748157, 63.27054351036558, 26.698205081001465
128, 1581958094968096512, 0, 137.82123987481594, 74.30521446980853, 63.278959908029165, 26.690707842415307
129, 1581958094973479936, 0, 137.72871870397645, 74.30986745213548, 63.28737630569276, 26.683210603829153
130, 1581958094978863360, 0, 137.63619753313696, 74.31452043446242, 63.295792703356355, 26.675713365243
131, 1581958094984246784, 0, 137.5436763622975, 74.31917341678938, 63.30420910101996, 26.668216126656844
132, 1581958094989630464, 0, 137.45115519145804, 74.32382639911634, 63.31262549868356, 26.66071888807069
133, 1581958094995013888, 0, 137.35863402061858, 74.32847938144329, 63.321041896347154, 26.653221649484536
134, 1581958095000397312, 0, 137.26611284977912, 74.33313236377023, 63.32945829401075, 26.64572441089838
135, 1581958095005780992, 0, 137.17359167893963, 74.33778534609718, 63.33787469167435, 26.638227172312227
136, 1581958095011164416, 0, 137.08107050810014, 74.34243832842412, 63.34629108933795, 26.630729933726073
137, 1581958095016547936, 0, 136.98854933726068, 74.34709131075108, 63.35470748700155, 26.62323269513992
138, 1581958095021931008, 0, 136.89602816642122, 74.35174429307804, 63.36312388466514, 26.61573545655376
139, 1581958095027314432, 0, 136.80350699558176, 74.35639727540499, 63.37154028232874, 26.608238217967603
140, 1581958095032697856, 0, 136.7109858247423, 74.36105025773193, 63.37995667999233, 26.600740979381445
141, 1581958095038081280, 0, 136.6184646539028, 74.36570324005889, 63.38837307765593, 26.593243740795288
142, 1581958095043464704, 0, 136.52594348306332, 74.37035622238585, 63.39678947531952, 26.58574650220913
143, 1581958095048848128, 0, 136.43342231222385, 74.3750092047128, 63.40520587298312, 26.578249263622972
144, 1581958095054231552, 0, 136.3409011413844, 74.37966218703974, 63.41362227064671, 26.570752025036814
145, 1581958095059614936, 0, 136.24837997054493, 74.3843151693667, 63.42203866831031, 26.563254786450656
146, 1581958095064998400, 0, 136.15585879970547, 74.38896815169366, 63.4304550659739, 26.555757547864502
147, 1581958095070381824, 0, 136.06333762886598, 74.3936211340206, 63.4388714636375, 26.548260309278344
148, 1581958095075765248, 0, 135.9708164580265, 74.39827411634755, 63.44728786130109, 26.540763070692186
149, 1581958095081148416, 0, 135.87829528718703, 74.40292709867451, 63.45570425896469, 26.533265832106032
150, 1581958095086531840, 0, 135.78577411634757, 74.40758008100147, 63.46412065662828, 26.525768593519878
151, 1581958095091915264, 0, 135.6932529455081, 74.41223306332842, 63.47253705429188, 26.51827135493372
152, 1581958095097298688, 0, 135.60073177466865, 74.41688604565536, 63.48095345195547, 26.510774116347562
153, 1581958095102681936, 0, 135.50821060382916, 74.42153902798232, 63.48936984961907, 26.503276877761408
154, 1581958095108065024, 0, 135.41568943298967, 74.42619201030928, 63.49778624728266, 26.495779639175254
155, 1581958095113448448, 0, 135.3231682621502, 74.43084499263622, 63.506202644946256, 26.4882824005891
156, 1581958095118831872, 0, 135.23064709131074, 74.43549797496317, 63.51461904260985, 26.480785162002945
157, 1581958095124215296, 0, 135.13812592047128, 74.44015095729013, 63.52303544027345, 26.473287923416787
158, 1581958095129598720, 0, 135.04560474963182, 74.44480393961709, 63.531451837937055, 26.46579068483063
159, 1581958095134982144, 0, 134.95308357879236, 74.44945692194403, 63.53986823560065, 26.458293446244475
160, 1581958095140365568, 0, 134.8605624079529, 74.45410990427098, 63.548284633264245, 26.45079620765832
161, 1581958095145748936, 0, 134.7680412371134, 74.45876288659794, 63.55670103092784, 26.443298969072167
162, 1581958095151132416, 0, 134.64967178445426, 74.46312238093671, 63.56765167041854, 26.444372852233766
163, 1581958095156515840, 0, 134.53130233179508, 74.4674818752755, 63.57860230990924, 26.445446735395365
164, 1581958095161899008, 0, 134.4129328791359, 74.47184136961427, 63.589552949399945, 26.44652061855696
165, 1581958095167282432, 0, 134.2945634264767, 74.47620086395304, 63.60050358889064, 26.44759450171856
166, 1581958095172665856, 0, 134.17619397381753, 74.48056035829181, 63.611454228381334, 26.448668384880158
167, 1581958095178049280, 0, 134.05782452115838, 74.48491985263058, 63.622404867872035, 26.449742268041753
168, 1581958095183432704, 0, 133.93945506849923, 74.48927934696937, 63.63335550736274, 26.45081615120335
169, 1581958095188815936, 0, 133.82108561584005, 74.49363884130814, 63.64430614685344, 26.45189003436495
170, 1581958095194199296, 0, 133.70271616318087, 74.49799833564691, 63.65525678634414, 26.452963917526546
171, 1581958095199582720, 0, 133.5843467105217, 74.5023578299857, 63.66620742583485, 26.454037800688145
172, 1581958095204966400, 0, 133.4659772578625, 74.50671732432447, 63.67715806532556, 26.455111683849744
173, 1581958095210349824, 0, 133.34760780520335, 74.51107681866324, 63.68810870481626, 26.45618556701134
174, 1581958095215733248, 0, 133.2292383525442, 74.51543631300203, 63.69905934430696, 26.457259450172934
175, 1581958095221116928, 0, 133.11086889988502, 74.5197958073408, 63.71000998379767, 26.458333333334533
176, 1581958095226500352, 0, 132.99249944722584, 74.52415530167957, 63.72096062328838, 26.459407216496132
177, 1581958095231883936, 0, 132.87412999456666, 74.52851479601836, 63.73191126277908, 26.460481099657727
178, 1581958095237267456, 0, 132.75576054190748, 74.53287429035713, 63.74286190226978, 26.461554982819322
179, 1581958095242650880, 0, 132.63739108924833, 74.5372337846959, 63.753812541760475, 26.46262886598092
180, 1581958095248034304, 0, 132.51902163658917, 74.54159327903469, 63.76476318125117, 26.46370274914252
181, 1581958095253417472, 0, 132.40065218393, 74.54595277337346, 63.77571382074187, 26.464776632304115
182, 1581958095258800896, 0, 132.2822827312708, 74.55031226771223, 63.78666446023257, 26.46585051546571
183, 1581958095264184320, 0, 132.16391327861163, 74.55467176205102, 63.79761509972327, 26.46692439862731
184, 1581958095269567744, 0, 132.04554382595245, 74.55903125638979, 63.80856573921396, 26.46799828178891
185, 1581958095274950936, 0, 131.9271743732933, 74.56339075072856, 63.81951637870466, 26.469072164950504
186, 1581958095280334080, 0, 131.80880492063415, 74.56775024506733, 63.830467018195364, 26.470146048112102
187, 1581958095285717504, 0, 131.69043546797496, 74.5721097394061, 63.841417657686065, 26.4712199312737
188, 1581958095291100928, 0, 131.57206601531578, 74.57646923374489, 63.85236829717677, 26.4722938144353
189, 1581958095296484352, 0, 131.4536965626566, 74.58082872808366, 63.86331893666747, 26.4733676975969
190, 1581958095301867776, 0, 131.33532710999742, 74.58518822242243, 63.87426957615817, 26.474441580758498
191, 1581958095307251200, 0, 131.21695765733827, 74.58954771676122, 63.88522021564887, 26.475515463920097
192, 1581958095312634624, 0, 131.09858820467912, 74.59390721109999, 63.89617085513957, 26.476589347081696
193, 1581958095318017936, 0, 130.98021875201994, 74.59826670543876, 63.907121494630275, 26.477663230243294
194, 1581958095323401472, 0, 130.86184929936076, 74.60262619977753, 63.918072134120976, 26.478737113404893
195, 1581958095328784896, 0, 130.74347984670158, 74.6069856941163, 63.929022773611685, 26.479810996566492
196, 1581958095334168064, 0, 130.6251103940424, 74.61134518845509, 63.93997341310239, 26.48088487972809
197, 1581958095339551488, 0, 130.50674094138324, 74.61570468279386, 63.950924052593095, 26.48195876288969
198, 1581958095344934912, 0, 130.3883714887241, 74.62006417713263, 63.961874692083796, 26.48303264605129
199, 1581958095350318336, 0, 130.2700020360649, 74.62442367147142, 63.972825331574505, 26.484106529212887
200, 1581958095355701760, 0, 130.15163258340573, 74.62878316581019, 63.983775971065214, 26.485180412374486
201, 1581958095361084936, 0, 130.03326313074655, 74.63314266014896, 63.994726610555915, 26.486254295536085
202, 1581958095366468096, 0, 129.91489367808737, 74.63750215448775, 64.00567725004662, 26.48732817869768
203, 1581958095371851520, 0, 129.79652422542821, 74.64186164882652, 64.01662788953732, 26.48840206185928
204, 1581958095377234944, 0, 129.67815477276906, 74.64622114316529, 64.02757852902802, 26.489475945020878
205, 1581958095382618368, 0, 129.55978532010988, 74.65058063750408, 64.03852916851872, 26.490549828182473
206, 1581958095388001792, 0, 129.4414158674507, 74.65494013184285, 64.04947980800942, 26.49162371134407
207, 1581958095393385216, 0, 129.32304641479152, 74.65929962618162, 64.06043044750012, 26.492697594505668
208, 1581958095398768640, 0, 129.20467696213234, 74.6636591205204, 64.07138108699083, 26.493771477667266
209, 1581958095404151936, 0, 129.0863075094732, 74.66801861485918, 64.08233172648153, 26.49484536082886
210, 1581958095409535232, 0, 128.96793805681403, 74.67237810919795, 64.09328236597223, 26.49591924399046
211, 1581958095414918656, 0, 128.84956860415485, 74.67673760353674, 64.10423300546293, 26.49699312715206
212, 1581958095420302336, 0, 128.73119915149567, 74.68109709787551, 64.11518364495363, 26.498067010313658
213, 1581958095425685760, 0, 128.6128296988365, 74.68545659221428, 64.12613428444433, 26.499140893475257
214, 1581958095431069184, 0, 128.4944602461773, 74.68981608655305, 64.13708492393503, 26.500214776636856
215, 1581958095436452864, 0, 128.37609079351816, 74.69417558089182, 64.14803556342574, 26.501288659798455
216, 1581958095441836288, 0, 128.257721340859, 74.69853507523061, 64.15898620291644, 26.502362542960054
217, 1581958095447219936, 0, 128.13935188819983, 74.70289456956938, 64.16993684240714, 26.503436426121652
218, 1581958095452603392, 0, 128.02098243554065, 74.70725406390815, 64.18088748189784, 26.504510309283248
219, 1581958095457986816, 0, 127.90261298288148, 74.71161355824694, 64.19183812138854, 26.505584192444847
220, 1581958095463370240, 0, 127.78424353022231, 74.71597305258571, 64.20278876087924, 26.506658075606445
221, 1581958095468753408, 0, 127.66587407756313, 74.72033254692448, 64.21373940036995, 26.50773195876804
222, 1581958095474136832, 0, 127.54750462490395, 74.72469204126325, 64.22469003986065, 26.508805841929636
223, 1581958095479520256, 0, 127.42913517224478, 74.72905153560203, 64.23564067935135, 26.509879725091235
224, 1581958095484903680, 0, 127.31076571958562, 74.73341102994081, 64.24659131884205, 26.510953608252834
225, 1581958095490286936, 0, 127.19239626692644, 74.73777052427958, 64.25754195833275, 26.51202749141443
226, 1581958095495670016, 0, 127.07402681426727, 74.74213001861835, 64.26849259782345, 26.513101374576024
227, 1581958095501053440, 0, 126.9556573616081, 74.74648951295714, 64.27944323731415, 26.514175257737623
228, 1581958095506436864, 0, 126.83728790894892, 74.75084900729591, 64.29039387680486, 26.515249140899222
229, 1581958095511820288, 0, 126.71891845628976, 74.75520850163468, 64.30134451629556, 26.516323024060817
230, 1581958095517203712, 0, 126.60054900363059, 74.75956799597347, 64.31229515578626, 26.517396907222412
231, 1581958095522587136, 0, 126.48217955097141, 74.76392749031224, 64.32324579527696, 26.51847079038401
232, 1581958095527970560, 0, 126.36381009831224, 74.76828698465101, 64.33419643476766, 26.51954467354561
233, 1581958095533353936, 0, 126.24544064565308, 74.7726464789898, 64.34514707425836, 26.520618556707205
234, 1581958095538737408, 0, 126.1270711929939, 74.77700597332857, 64.35609771374907, 26.521692439868804
235, 1581958095544120832, 0, 126.00870174033473, 74.78136546766734, 64.36704835323977, 26.522766323030403
236, 1581958095549504000, 0, 125.89033228767556, 74.78572496200613, 64.37799899273047, 26.523840206192002
237, 1581958095554887424, 0, 125.77196283501638, 74.7900844563449, 64.38894963222117, 26.5249140893536
238, 1581958095560270848, 0, 125.65359338235722, 74.79444395068367, 64.39990027171187, 26.5259879725152
239, 1581958095565654272, 0, 125.53522392969805, 74.79880344502246, 64.41085091120257, 26.5270618556768
240, 1581958095571037696, 0, 125.41685447703887, 74.80316293936123, 64.42180155069329, 26.5281357388384
241, 1581958095576420936, 0, 125.2984850243797, 74.8075224337, 64.43275219018399, 26.529209622
242, 1581958095581804032, 0, 125.17324347031084, 74.8101695355579, 64.4379817948043, 26.538845467571726
243, 1581958095587187456, 0, 125.04800191624196, 74.8128166374158, 64.4432113994246, 26.548481313143448
244, 1581958095592570880, 0, 124.9227603621731, 74.81546373927371, 64.4484410040449, 26.55811715871517
245, 1581958095597954304, 0, 124.79751880810423, 74.81811084113161, 64.4536706086652, 26.567753004286892
246, 1581958095603337728, 0, 124.67227725403536, 74.82075794298952, 64.45890021328552, 26.577388849858615
247, 1581958095608721152, 0, 124.5470356999665, 74.82340504484742, 64.46412981790581, 26.58702469543034
248, 1581958095614104576, 0, 124.42179414589762, 74.82605214670534, 64.46935942252611, 26.596660541002066
249, 1581958095619487936, 0, 124.29655259182876, 74.82869924856324, 64.47458902714642, 26.60629638657379
250, 1581958095624871680, 0, 124.17131103775989, 74.83134635042114, 64.47981863176673, 26.61593223214551
251, 1581958095630255104, 0, 124.04606948369101, 74.83399345227906, 64.48504823638703, 26.625568077717233
252, 1581958095635638528, 0, 123.92082792962215, 74.83664055413696, 64.49027784100734, 26.635203923288955
253, 1581958095641021952, 0, 123.79558637555328, 74.83928765599487, 64.49550744562765, 26.644839768860678
254, 1581958095646405632, 0, 123.67034482148442, 74.84193475785277, 64.50073705024796, 26.6544756144324
255, 1581958095651789056, 0, 123.54510326741556, 74.84458185971067, 64.50596665486827, 26.664111460004122
256, 1581958095657172480, 0, 123.41986171334668, 74.84722896156859, 64.51119625948857, 26.673747305575844
257, 1581958095662555936, 0, 123.29462015927781, 74.84987606342649, 64.51642586410888, 26.683383151147567
258, 1581958095667939072, 0, 123.16937860520895, 74.8525231652844, 64.5216554687292, 26.69301899671929
259, 1581958095673322496, 0, 123.04413705114007, 74.85517026714231, 64.52688507334949, 26.702654842291015
260, 1581958095678705920, 0, 122.9188954970712, 74.85781736900022, 64.53211467796979, 26.71229068786274
261, 1581958095684089344, 0, 122.79365394300234, 74.86046447085812, 64.5373442825901, 26.721926533434463
262, 1581958095689472768, 0, 122.66841238893348, 74.86311157271602, 64.54257388721041, 26.731562379006185
263, 1581958095694856192, 0, 122.54317083486461, 74.86575867457393, 64.5478034918307, 26.74119822457791
264, 1581958095700239616, 0, 122.41792928079573, 74.86840577643183, 64.553033096451, 26.750834070149637
265, 1581958095705622936, 0, 122.29268772672687, 74.87105287828973, 64.55826270107131, 26.76046991572136
266, 1581958095711006464, 0, 122.167446172658, 74.87369998014763, 64.56349230569163, 26.77010576129308
267, 1581958095716389888, 0, 122.04220461858912, 74.87634708200554, 64.56872191031192, 26.779741606864803
268, 1581958095721773056, 0, 121.91696306452026, 74.87899418386345, 64.57395151493223, 26.789377452436526
269, 1581958095727156480, 0, 121.7917215104514, 74.88164128572136, 64.57918111955254, 26.799013298008248
270, 1581958095732539904, 0, 121.66647995638253, 74.88428838757926, 64.58441072417286, 26.80864914357997
271, 1581958095737923328, 0, 121.54123840231367, 74.88693548943718, 64.58964032879317, 26.818284989151692
272, 1581958095743306752, 0, 121.41599684824479, 74.88958259129508, 64.59486993341346, 26.827920834723415
273, 1581958095748689936, 0, 121.29075529417592, 74.89222969315298, 64.60009953803377, 26.837556680295137
274, 1581958095754073088, 0, 121.16551374010706, 74.89487679501089, 64.60532914265409, 26.84719252586686
275, 1581958095759456512, 0, 121.04027218603818, 74.89752389686879, 64.61055874727438, 26.856828371438585
276, 1581958095764839936, 0, 120.91503063196932, 74.9001709987267, 64.61578835189468, 26.86646421701031
277, 1581958095770223360, 0, 120.78978907790045, 74.9028181005846, 64.62101795651498, 26.876100062582033
278, 1581958095775606784, 0, 120.66454752383159, 74.9054652024425, 64.62624756113527, 26.885735908153755
279, 1581958095780990208, 0, 120.53930596976272, 74.9081123043004, 64.63147716575558, 26.89537175372548
280, 1581958095786373632, 0, 120.41406441569386, 74.91075940615832, 64.6367067703759, 26.905007599297207
281, 1581958095791756936, 0, 120.288822861625, 74.91340650801622, 64.64193637499619, 26.91464344486893
282, 1581958095797140480, 0, 120.16358130755613, 74.91605360987413, 64.64716597961649, 26.92427929044065
283, 1581958095802523904, 0, 120.03833975348726, 74.91870071173204, 64.6523955842368, 26.933915136012374
284, 1581958095807907328, 0, 119.91309819941839, 74.92134781358995, 64.65762518885711, 26.943550981584096
285, 1581958095813290496, 0, 119.78785664534952, 74.92399491544785, 64.66285479347741, 26.953186827155818
286, 1581958095818673920, 0, 119.66261509128066, 74.92664201730575, 64.6680843980977, 26.96282267272754
287, 1581958095824057344, 0, 119.53737353721178, 74.92928911916366, 64.67331400271802, 26.972458518299263
288, 1581958095829440512, 0, 119.41213198314291, 74.93193622102156, 64.67854360733833, 26.982094363870985
289, 1581958095834823936, 0, 119.28689042907405, 74.93458332287946, 64.68377321195862, 26.991730209442707
290, 1581958095840207360, 0, 119.16164887500518, 74.93723042473736, 64.68900281657893, 27.00136605501443
291, 1581958095845591040, 0, 119.03640732093632, 74.93987752659527, 64.69423242119925, 27.01100190058615
292, 1581958095850974464, 0, 118.91116576686744, 74.94252462845319, 64.69946202581954, 27.020637746157874
293, 1581958095856357888, 0, 118.78592421279858, 74.94517173031109, 64.70469163043985, 27.030273591729596
294, 1581958095861741568, 0, 118.66068265872971, 74.94781883216899, 64.70992123506016, 27.03990943730132
295, 1581958095867124992, 0, 118.53544110466083, 74.95046593402691, 64.71515083968046, 27.04954528287304
296, 1581958095872508416, 0, 118.41019955059197, 74.95311303588481, 64.72038044430077, 27.059181128444763
297, 1581958095877891936, 0, 118.2849579965231, 74.95576013774271, 64.72561004892108, 27.068816974016485
298, 1581958095883275008, 0, 118.15971644245424, 74.95840723960062, 64.73083965354138, 27.078452819588207
299, 1581958095888658432, 0, 118.03447488838538, 74.96105434145852, 64.73606925816169, 27.088088665159933
300, 1581958095894041856, 0, 117.9092333343165, 74.96370144331642, 64.741298862782, 27.09772451073166
301, 1581958095899425280, 0, 117.78399178024763, 74.96634854517433, 64.7465284674023, 27.10736035630338
302, 1581958095904808704, 0, 117.65875022617877, 74.96899564703223, 64.7517580720226, 27.116996201875104
303, 1581958095910192128, 0, 117.53350867210989, 74.97164274889013, 64.75698767664291, 27.12663204744683
304, 1581958095915575552, 0, 117.40826711804102, 74.97428985074805, 64.76221728126322, 27.136267893018555
305, 1581958095920958936, 0, 117.28302556397216, 74.97693695260595, 64.76744688588352, 27.145903738590277
306, 1581958095926342400, 0, 117.1577840099033, 74.97958405446386, 64.77267649050383, 27.155539584162
307, 1581958095931725824, 0, 117.03254245583443, 74.98223115632177, 64.77790609512414, 27.165175429733722
308, 1581958095937108992, 0, 116.90730090176555, 74.98487825817968, 64.78313569974443, 27.174811275305444
309, 1581958095942492416, 0, 116.78205934769669, 74.98752536003758, 64.78836530436475, 27.184447120877167
310, 1581958095947875840, 0, 116.65681779362782, 74.99017246189548, 64.79359490898506, 27.19408296644889
311, 1581958095953259264, 0, 116.53157623955894, 74.99281956375339, 64.79882451360535, 27.20371881202061
312, 1581958095958642688, 0, 116.40633468549008, 74.9954666656113, 64.80405411822566, 27.213354657592333
313, 1581958095964025936, 0, 116.28109313142122, 74.9981137674692, 64.80928372284598, 27.222990503164056
314, 1581958095969409024, 0, 116.15585157735235, 75.00076086932711, 64.81451332746627, 27.232626348735778
315, 1581958095974792448, 0, 116.03061002328349, 75.00340797118503, 64.81974293208658, 27.242262194307504
316, 1581958095980175872, 0, 115.90536846921461, 75.00605507304293, 64.8249725367069, 27.25189803987923
317, 1581958095985559296, 0, 115.78012691514574, 75.00870217490083, 64.83020214132719, 27.26153388545095
318, 1581958095990942720, 0, 115.65488536107688, 75.01134927675874, 64.83543174594749, 27.271169731022674
319, 1581958095996326144, 0, 115.529643807008, 75.01399637861664, 64.8406613505678, 27.280805576594396
320, 1581958096001709568, 0, 115.40440225293914, 75.01664348047454, 64.84589095518811, 27.29044142216612
321, 1581958096007092936, 0, 115.27916069887027, 75.01929058233245, 64.85112055980841, 27.300077267737844
322, 1581958096012476416, 0, 115.13945894162018, 75.02555273498487, 64.84525352645134, 27.291637859331765
323, 1581958096017859840, 0, 114.99975718437008, 75.03181488763728, 64.83938649309428, 27.28319845092568
324, 1581958096023243264, 0, 114.86005542711999, 75.03807704028969, 64.83351945973722, 27.2747590425196
325, 1581958096028626432, 0, 114.72035366986991, 75.04433919294212, 64.82765242638015, 27.266319634113522
326, 1581958096034009856, 0, 114.58065191261983, 75.05060134559453, 64.82178539302309, 27.25788022570744
327, 1581958096039393280, 0, 114.44095015536973, 75.05686349824694, 64.81591835966603, 27.24944081730136
328, 1581958096044776704, 0, 114.30124839811964, 75.06312565089937, 64.81005132630897, 27.24100140889528
329, 1581958096050159936, 0, 114.16154664086955, 75.06938780355178, 64.8041842929519, 27.232562000489196
330, 1581958096055543296, 0, 114.02184488361945, 75.07564995620419, 64.79831725959485, 27.224122592083116
331, 1581958096060926720, 0, 113.88214312636936, 75.08191210885661, 64.79245022623779, 27.215683183677037
332, 1581958096066310144, 0, 113.74244136911926, 75.08817426150902, 64.78658319288073, 27.207243775270957
333, 1581958096071693824, 0, 113.60273961186917, 75.09443641416144, 64.78071615952368, 27.198804366864877
334, 1581958096077077504, 0, 113.46303785461907, 75.10069856681386, 64.77484912616661, 27.190364958458797
335, 1581958096082460928, 0, 113.32333609736898, 75.10696071946627, 64.76898209280955, 27.181925550052718
336, 1581958096087844352, 0, 113.18363434011889, 75.11322287211868, 64.7631150594525, 27.173486141646638
337, 1581958096093227936, 0, 113.0439325828688, 75.11948502477111, 64.75724802609544, 27.16504673324056
338, 1581958096098611456, 0, 112.90423082561873, 75.12574717742353, 64.75138099273838, 27.156607324834475
339, 1581958096103994880, 0, 112.76452906836863, 75.13200933007595, 64.74551395938131, 27.148167916428392
340, 1581958096109378048, 0, 112.62482731111854, 75.13827148272836, 64.73964692602425, 27.13972850802231
341, 1581958096114761472, 0, 112.48512555386844, 75.14453363538078, 64.73377989266719, 27.131289099616225
342, 1581958096120144896, 0, 112.34542379661835, 75.15079578803321, 64.72791285931012, 27.122849691210142
343, 1581958096125528320, 0, 112.20572203936825, 75.15705794068562, 64.72204582595306, 27.11441028280406
344, 1581958096130911744, 0, 112.06602028211816, 75.16332009333803, 64.716178792596, 27.105970874397975
345, 1581958096136294936, 0, 111.92631852486808, 75.16958224599045, 64.71031175923893, 27.097531465991892
346, 1581958096141678080, 0, 111.786616767618, 75.17584439864288, 64.70444472588187, 27.08909205758581
347, 1581958096147061504, 0, 111.6469150103679, 75.18210655129529, 64.69857769252482, 27.08065264917973
348, 1581958096152444928, 0, 111.50721325311781, 75.1883687039477, 64.69271065916776, 27.07221324077365
349, 1581958096157828352, 0, 111.36751149586772, 75.19463085660013, 64.6868436258107, 27.063773832367566
350, 1581958096163211776, 0, 111.22780973861762, 75.20089300925254, 64.68097659245363, 27.055334423961483
351, 1581958096168595200, 0, 111.08810798136753, 75.20715516190495, 64.67510955909657, 27.046895015555403
352, 1581958096173978624, 0, 110.94840622411743, 75.21341731455738, 64.6692425257395, 27.038455607149324
353, 1581958096179361936, 0, 110.80870446686734, 75.21967946720979, 64.66337549238244, 27.03001619874324
354, 1581958096184745472, 0, 110.66900270961725, 75.2259416198622, 64.65750845902538, 27.02157679033716
355, 1581958096190128896, 0, 110.52930095236715, 75.23220377251462, 64.65164142566832, 27.01313738193108
356, 1581958096195512320, 0, 110.38959919511706, 75.23846592516703, 64.64577439231127, 27.004697973525
357, 1581958096200895488, 0, 110.24989743786698, 75.24472807781945, 64.6399073589542, 26.99625856511892
358, 1581958096206278912, 0, 110.1101956806169, 75.25099023047187, 64.63404032559714, 26.987819156712842
359, 1581958096211662336, 0, 109.9704939233668, 75.25725238312428, 64.62817329224009, 26.979379748306762
360, 1581958096217045760, 0, 109.83079216611671, 75.2635145357767, 64.62230625888303, 26.970940339900682
361, 1581958096222428936, 0, 109.69109040886661, 75.26977668842912, 64.61643922552597, 26.962500931494603
362, 1581958096227812096, 0, 109.55138865161652, 75.27603884108154, 64.6105721921689, 26.95406152308852
363, 1581958096233195520, 0, 109.41168689436643, 75.28230099373395, 64.60470515881184, 26.94562211468244
364, 1581958096238578944, 0, 109.27198513711633, 75.28856314638637, 64.59883812545478, 26.93718270627636
365, 1581958096243962368, 0, 109.13228337986624, 75.29482529903879, 64.59297109209771, 26.928743297870277
366, 1581958096249345792, 0, 108.99258162261614, 75.3010874516912, 64.58710405874065, 26.920303889464194
367, 1581958096254729216, 0, 108.85287986536605, 75.30734960434361, 64.58123702538359, 26.911864481058114
368, 1581958096260112640, 0, 108.71317810811595, 75.31361175699604, 64.57536999202654, 26.903425072652034
369, 1581958096265495936, 0, 108.57347635086587, 75.31987390964845, 64.56950295866947, 26.89498566424595
370, 1581958096270879744, 0, 108.4337745936158, 75.32613606230086, 64.56363592531241, 26.886546255839868
371, 1581958096276263168, 0, 108.2940728363657, 75.33239821495329, 64.55776889195535, 26.878106847433784
372, 1581958096281646592, 0, 108.1543710791156, 75.33866036760571, 64.55190185859828, 26.8696674390277
373, 1581958096287030016, 0, 108.01466932186551, 75.34492252025812, 64.54603482524122, 26.861228030621618
374, 1581958096292413440, 0, 107.87496756461542, 75.35118467291053, 64.54016779188416, 26.852788622215535
375, 1581958096297796864, 0, 107.73526580736532, 75.35744682556296, 64.5343007585271, 26.84434921380945
376, 1581958096303180288, 0, 107.59556405011523, 75.36370897821539, 64.52843372517003, 26.835909805403368
377, 1581958096308563936, 0, 107.45586229286515, 75.3699711308678, 64.52256669181297, 26.827470396997285
378, 1581958096313947392, 0, 107.31616053561507, 75.37623328352021, 64.5166996584559, 26.819030988591205
379, 1581958096319330816, 0, 107.17645877836497, 75.38249543617263, 64.51083262509886, 26.810591580185125
380, 1581958096324713984, 0, 107.03675702111488, 75.38875758882504, 64.5049655917418, 26.802152171779046
381, 1581958096330097408, 0, 106.89705526386479, 75.39501974147745, 64.49909855838473, 26.793712763372966
382, 1581958096335480832, 0, 106.75735350661469, 75.40128189412988, 64.49323152502768, 26.785273354966886
383, 1581958096340864256, 0, 106.6176517493646, 75.40754404678229, 64.48736449167062, 26.776833946560807
384, 1581958096346247680, 0, 106.4779499921145, 75.4138061994347, 64.48149745831356, 26.768394538154727
385, 1581958096351630936, 0, 106.33824823486441, 75.42006835208713, 64.4756304249565, 26.759955129748647
386, 1581958096357014016, 0, 106.19854647761431, 75.42633050473955, 64.46976339159944, 26.751515721342564
387, 1581958096362397440, 0, 106.05884472036422, 75.43259265739196, 64.46389635824238, 26.743076312936484
388, 1581958096367780864, 0, 105.91914296311413, 75.43885481004438, 64.45802932488532, 26.734636904530404
389, 1581958096373164288, 0, 105.77944120586405, 75.4451169626968, 64.45216229152825, 26.72619749612432
390, 1581958096378547712, 0, 105.63973944861397, 75.45137911534921, 64.44629525817119, 26.71775808771824
391, 1581958096383931136, 0, 105.50003769136387, 75.45764126800162, 64.44042822481413, 26.70931867931216
392, 1581958096389314560, 0, 105.36033593411378, 75.46390342065405, 64.43456119145706, 26.70087927090608
393, 1581958096394697936, 0, 105.22063417686368, 75.47016557330646, 64.4286941581, 26.6924398625
394, 1581958096400081408, 0, 104.97984028433072, 75.41457887962017, 64.48113136383769, 26.7556413640605
395, 1581958096405464832, 0, 104.73904639179777, 75.35899218593386, 64.53356856957538, 26.818842865621
396, 1581958096410848256, 0, 104.49825249926482, 75.30340549224755, 64.58600577531308, 26.8820443671815
397, 1581958096416231424, 0, 104.25745860673186, 75.24781879856125, 64.63844298105077, 26.945245868742
398, 1581958096421614848, 0, 104.01666471419891, 75.19223210487496, 64.69088018678846, 27.0084473703025
399, 1581958096426998272, 0, 103.77587082166596, 75.13664541118865, 64.74331739252617, 27.071648871863
400, 1581958096432381696, 0, 103.535076929133, 75.08105871750234, 64.79575459826385, 27.134850373423504
401, 1581958096437764936, 0, 103.29428303660005, 75.02547202381605, 64.84819180400154, 27.198051874984003
402, 1581958096443148032, 0, 103.1101265254114, 75.04026533742709, 64.84992211945509, 27.19653710737893
403, 1581958096448531456, 0, 102.92597001422277, 75.05505865103811, 64.85165243490863, 27.19502233977386
404, 1581958096453914880, 0, 102.74181350303412, 75.06985196464913, 64.85338275036219, 27.19350757216879
405, 1581958096459298304, 0, 102.55765699184548, 75.08464527826015, 64.85511306581573, 27.191992804563718
406, 1581958096464681728, 0, 102.37350048065683, 75.09943859187118, 64.85684338126927, 27.190478036958645
407, 1581958096470065152, 0, 102.18934396946818, 75.11423190548221, 64.85857369672283, 27.188963269353575
408, 1581958096475448576, 0, 102.00518745827954, 75.12902521909325, 64.86030401217637, 27.187448501748506
409, 1581958096480831936, 0, 101.82103094709089, 75.14381853270427, 64.86203432762991, 27.185933734143433
410, 1581958096486215680, 0, 101.63687443590224, 75.1586118463153, 64.86376464308346, 27.18441896653836
411, 1581958096491599104, 0, 101.4527179247136, 75.17340515992632, 64.865494958537, 27.18290419893329
412, 1581958096496982528, 0, 101.26856141352495, 75.18819847353734, 64.86722527399054, 27.18138943132822
413, 1581958096502365952, 0, 101.0844049023363, 75.20299178714838, 64.86895558944408, 27.179874663723147
414, 1581958096507749376, 0, 100.90024839114766, 75.21778510075941, 64.87068590489763, 27.178359896118074
415, 1581958096513133056, 0, 100.71609187995901, 75.23257841437044, 64.87241622035117, 27.176845128513005
416, 1581958096518516480, 0, 100.53193536877038, 75.24737172798146, 64.8741465358047, 27.175330360907935
417, 1581958096523899936, 0, 100.34777885758173, 75.26216504159248, 64.87587685125824, 27.173815593302862
418, 1581958096529283072, 0, 100.16362234639308, 75.2769583552035, 64.87760716671178, 27.17230082569779
419, 1581958096534666496, 0, 99.97946583520445, 75.29175166881454, 64.87933748216534, 27.17078605809272
420, 1581958096540049920, 0, 99.7953093240158, 75.30654498242558, 64.88106779761888, 27.16927129048765
421, 1581958096545433344, 0, 99.61115281282716, 75.3213382960366, 64.88279811307243, 27.167756522882577
422, 1581958096550816768, 0, 99.42699630163851, 75.33613160964762, 64.88452842852597, 27.166241755277504
423, 1581958096556200192, 0, 99.24283979044986, 75.35092492325865, 64.88625874397951, 27.164726987672434
424, 1581958096561583616, 0, 99.05868327926122, 75.36571823686967, 64.88798905943305, 27.163212220067365
425, 1581958096566966936, 0, 98.87452676807257, 75.3805115504807, 64.8897193748866, 27.161697452462292
426, 1581958096572350464, 0, 98.69037025688392, 75.39530486409174, 64.89144969034014, 27.16018268485722
427, 1581958096577733888, 0, 98.50621374569528, 75.41009817770276, 64.89318000579368, 27.158667917252146
428, 1581958096583117312, 0, 98.32205723450663, 75.42489149131379, 64.89491032124724, 27.157153149647073
429, 1581958096588500480, 0, 98.13790072331798, 75.43968480492481, 64.89664063670078, 27.155638382042
430, 1581958096593883904, 0, 97.95374421212934, 75.45447811853583, 64.89837095215432, 27.154123614436926
431, 1581958096599267328, 0, 97.76958770094069, 75.46927143214687, 64.90010126760788, 27.152608846831853
432, 1581958096604650752, 0, 97.58543118975204, 75.4840647457579, 64.90183158306142, 27.15109407922678
433, 1581958096610033936, 0, 97.4012746785634, 75.49885805936893, 64.90356189851497, 27.149579311621707
434, 1581958096615417088, 0, 97.21711816737475, 75.51365137297995, 64.90529221396851, 27.148064544016634
435, 1581958096620800512, 0, 97.0329616561861, 75.52844468659099, 64.90702252942205, 27.146549776411565
436, 1581958096626183936, 0, 96.84880514499746, 75.54323800020202, 64.9087528448756, 27.145035008806495
437, 1581958096631567360, 0, 96.66464863380881, 75.55803131381305, 64.91048316032914, 27.143520241201422
438, 1581958096636950784, 0, 96.48049212262016, 75.57282462742407, 64.91221347578268, 27.14200547359635
439, 1581958096642334208, 0, 96.29633561143152, 75.58761794103509, 64.91394379123622, 27.14049070599128
440, 1581958096647717632, 0, 96.11217910024288, 75.60241125464611, 64.91567410668978, 27.13897593838621
441, 1581958096653100936, 0, 95.92802258905424, 75.61720456825715, 64.91740442214332, 27.137461170781137
442, 1581958096658484480, 0, 95.74386607786559, 75.63199788186819, 64.91913473759686, 27.135946403176064
443, 1581958096663867904, 0, 95.55970956667696, 75.64679119547921, 64.92086505305039, 27.134431635570994
444, 1581958096669251072, 0, 95.37555305548831, 75.66158450909023, 64.92259536850393, 27.132916867965925
445, 1581958096674634496, 0, 95.19139654429966, 75.67637782270126, 64.92432568395748, 27.13140210036085
446, 1581958096680017920, 0, 95.00724003311102, 75.69117113631228, 64.92605599941102, 27.12988733275578
447, 1581958096685401088, 0, 94.82308352192237, 75.7059644499233, 64.92778631486456, 27.12837256515071
448, 1581958096690784512, 0, 94.63892701073372, 75.72075776353432, 64.9295166303181, 27.12685779754564
449, 1581958096696167936, 0, 94.45477049954508, 75.73555107714536, 64.93124694577165, 27.125343029940566
450, 1581958096701551360, 0, 94.27061398835643, 75.7503443907564, 64.93297726122519, 27.123828262335493
451, 1581958096706934784, 0, 94.08645747716778, 75.76513770436742, 64.93470757667873, 27.122313494730424
452, 1581958096712318464, 0, 93.90230096597914, 75.77993101797844, 64.93643789213228, 27.120798727125354
453, 1581958096717701888, 0, 93.71814445479049, 75.79472433158946, 64.93816820758582, 27.11928395952028
454, 1581958096723085312, 0, 93.53398794360184, 75.80951764520049, 64.93989852303936, 27.11776919191521
455, 1581958096728468992, 0, 93.3498314324132, 75.82431095881152, 64.9416288384929, 27.116254424310142
456, 1581958096733852416, 0, 93.16567492122456, 75.83910427242256, 64.94335915394646, 27.11473965670507
457, 1581958096739235936, 0, 92.98151841003592, 75.85389758603358, 64.9450894694, 27.1132248891
458, 1581958096744619008, 0, 92.75384509534118, 75.85427356223566, 64.94681978485312, 27.111710121496877
459, 1581958096750002432, 0, 92.52617178064642, 75.85464953843774, 64.94855010030625, 27.11019535389375
460, 1581958096755385856, 0, 92.29849846595167, 75.8550255146398, 64.95028041575938, 27.108680586290625
461, 1581958096760769280, 0, 92.07082515125691, 75.85540149084188, 64.95201073121251, 27.1071658186875
462, 1581958096766152704, 0, 91.84315183656216, 75.85577746704396, 64.95374104666564, 27.105651051084372
463, 1581958096771536128, 0, 91.6154785218674, 75.85615344324603, 64.95547136211876, 27.10413628348125
464, 1581958096776919552, 0, 91.38780520717265, 75.85652941944811, 64.95720167757187, 27.102621515878127
465, 1581958096782302936, 0, 91.16013189247789, 75.85690539565019, 64.958931993025, 27.101106748275
466, 1581958096787686400, 0, 90.93245857778314, 75.85728137185227, 64.96066230847813, 27.099591980671875
467, 1581958096793069824, 0, 90.70478526308838, 75.85765734805435, 64.96239262393125, 27.098077213068752
468, 1581958096798453248, 0, 90.47711194839363, 75.85803332425641, 64.96412293938437, 27.09656244546563
469, 1581958096803836416, 0, 90.24943863369887, 75.85840930045849, 64.9658532548375, 27.095047677862503
470, 1581958096809219840, 0, 90.02176531900412, 75.85878527666057, 64.96758357029063, 27.093532910259377
471, 1581958096814603264, 0, 89.79409200430936, 75.85916125286263, 64.96931388574374, 27.092018142656254
472, 1581958096819986688, 0, 89.56641868961461, 75.85953722906471, 64.97104420119686, 27.09050337505313
473, 1581958096825369936, 0, 89.33874537491985, 75.85991320526679, 64.97277451664999, 27.088988607450005
474, 1581958096830753024, 0, 89.1110720602251, 75.86028918146887, 64.97450483210312, 27.08747383984688
475, 1581958096836136448, 0, 88.88339874553034, 75.86066515767095, 64.97623514755625, 27.085959072243753
476, 1581958096841519872, 0, 88.65572543083559, 75.86104113387302, 64.97796546300938, 27.084444304640627
477, 1581958096846903296, 0, 88.42805211614083, 75.8614171100751, 64.9796957784625, 27.0829295370375
478, 1581958096852286720, 0, 88.20037880144608, 75.86179308627717, 64.98142609391562, 27.081414769434375
479, 1581958096857670144, 0, 87.97270548675132, 75.86216906247924, 64.98315640936875, 27.07990000183125
480, 1581958096863053568, 0, 87.74503217205657, 75.86254503868132, 64.98488672482188, 27.078385234228122
481, 1581958096868436936, 0, 87.51735885736181, 75.8629210148834, 64.98661704027501, 27.076870466624996
482, 1581958096873820416, 0, 87.28968554266706, 75.86329699108548, 64.98834735572814, 27.07535569902187
483, 1581958096879203840, 0, 87.0620122279723, 75.86367296728756, 64.99007767118125, 27.073840931418747
484, 1581958096884587008, 0, 86.83433891327755, 75.86404894348962, 64.99180798663437, 27.072326163815625
485, 1581958096889970432, 0, 86.6066655985828, 75.8644249196917, 64.9935383020875, 27.0708113962125
486, 1581958096895353856, 0, 86.37899228388804, 75.86480089589378, 64.99526861754063, 27.069296628609372
487, 1581958096900737280, 0, 86.15131896919328, 75.86517687209584, 64.99699893299375, 27.06778186100625
488, 1581958096906120704, 0, 85.92364565449853, 75.86555284829792, 64.99872924844686, 27.066267093403127
489, 1581958096911503936, 0, 85.69597233980379, 75.8659288245, 65.0004595639, 27.0647523258
490, 1581958096916887296, 0, 85.42110120731947, 75.86630480070303, 65.00218987935625, 27.06323755819375
491, 1581958096922270720, 0, 85.14623007483515, 75.86668077690608, 65.0039201948125, 27.061722790587503
492, 1581958096927654400, 0, 84.87135894235082, 75.86705675310913, 65.00565051026874, 27.060208022981254
493, 1581958096933037824, 0, 84.5964878098665, 75.86743272931216, 65.007380825725, 27.058693255375005
494, 1581958096938421248, 0, 84.32161667738218, 75.86780870551519, 65.00911114118125, 27.057178487768756
495, 1581958096943804928, 0, 84.04674554489786, 75.86818468171823, 65.01084145663751, 27.055663720162507
496, 1581958096949188352, 0, 83.77187441241354, 75.86856065792128, 65.01257177209376, 27.054148952556258
497, 1581958096954571936, 0, 83.49700327992922, 75.86893663412431, 65.01430208755, 27.05263418495001
498, 1581958096959955456, 0, 83.22213214744488, 75.86931261032734, 65.01603240300625, 27.051119417343756
499, 1581958096965338880, 0, 82.94726101496056, 75.86968858653039, 65.0177627184625, 27.049604649737507
500, 1581958096970722304, 0, 82.67238988247624, 75.87006456273343, 65.01949303391876, 27.048089882131258
501, 1581958096976105472, 0, 82.39751874999192, 75.87044053893646, 65.02122334937502, 27.046575114525005
502, 1581958096981488896, 0, 82.1226476175076, 75.87081651513951, 65.02295366483128, 27.045060346918753
503, 1581958096986872320, 0, 81.84777648502327, 75.87119249134255, 65.02468398028752, 27.043545579312504
504, 1581958096992255744, 0, 81.57290535253895, 75.87156846754559, 65.02641429574376, 27.042030811706255
505, 1581958096997638936, 0, 81.29803422005463, 75.87194444374863, 65.02814461120002, 27.040516044100002
506, 1581958097003022080, 0, 81.02316308757031, 75.87232041995168, 65.02987492665628, 27.03900127649375
507, 1581958097008405504, 0, 80.74829195508599, 75.87269639615471, 65.03160524211252, 27.0374865088875
508, 1581958097013788928, 0, 80.47342082260167, 75.87307237235775, 65.03333555756876, 27.03597174128125
509, 1581958097019172352, 0, 80.19854969011735, 75.8734483485608, 65.03506587302502, 27.034456973675
510, 1581958097024555776, 0, 79.92367855763302, 75.87382432476383, 65.03679618848128, 27.032942206068746
511, 1581958097029939200, 0, 79.6488074251487, 75.87420030096688, 65.03852650393752, 27.031427438462497
512, 1581958097035322624, 0, 79.37393629266438, 75.87457627716992, 65.04025681939376, 27.02991267085625
513, 1581958097040705936, 0, 79.09906516018006, 75.87495225337295, 65.04198713485002, 27.028397903249996
514, 1581958097046089472, 0, 78.82419402769574, 75.87532822957598, 65.04371745030627, 27.026883135643747
515, 1581958097051472896, 0, 78.54932289521142, 75.87570420577903, 65.04544776576252, 27.025368368037498
516, 1581958097056856064, 0, 78.2744517627271, 75.87608018198208, 65.04717808121876, 27.02385360043125
517, 1581958097062239488, 0, 77.99958063024278, 75.8764561581851, 65.04890839667502, 27.022338832825
518, 1581958097067622912, 0, 77.72470949775845, 75.87683213438814, 65.05063871213126, 27.02082406521875
519, 1581958097073006336, 0, 77.44983836527413, 75.87720811059118, 65.0523690275875, 27.0193092976125
520, 1581958097078389760, 0, 77.17496723278981, 75.87758408679423, 65.05409934304376, 27.01779453000625
521, 1581958097083772936, 0, 76.90009610030549, 75.87796006299726, 65.0558296585, 27.0162797624
522, 1581958097089156096, 0, 76.63085802559166, 75.89046548594732, 65.05126693158246, 27.014764994795833
523, 1581958097094539520, 0, 76.36161995087782, 75.90297090889737, 65.04670420466493, 27.01325022719167
524, 1581958097099922944, 0, 76.09238187616398, 75.91547633184743, 65.0421414777474, 27.011735459587506
525, 1581958097105306368, 0, 75.82314380145016, 75.92798175479749, 65.03757875082988, 27.010220691983342
526, 1581958097110689792, 0, 75.55390572673633, 75.94048717774754, 65.03301602391235, 27.00870592437918
527, 1581958097116073216, 0, 75.28466765202249, 75.9529926006976, 65.02845329699483, 27.00719115677501
528, 1581958097121456640, 0, 75.01542957730865, 75.96549802364765, 65.0238905700773, 27.005676389170844
529, 1581958097126839936, 0, 74.74619150259483, 75.97800344659771, 65.01932784315977, 27.00416162156668
530, 1581958097132223232, 0, 74.476953427881, 75.99050886954777, 65.01476511624224, 27.00264685396251
531, 1581958097137606656, 0, 74.20771535316716, 76.00301429249782, 65.0102023893247, 27.001132086358343
532, 1581958097142990336, 0, 73.93847727845332, 76.01551971544788, 65.00563966240716, 26.999617318754176
533, 1581958097148373760, 0, 73.6692392037395, 76.02802513839794, 65.00107693548964, 26.998102551150005
534, 1581958097153757184, 0, 73.40000112902567, 76.04053056134799, 64.99651420857211, 26.996587783545834
535, 1581958097159140864, 0, 73.13076305431184, 76.05303598429805, 64.99195148165458, 26.995073015941667
536, 1581958097164524288, 0, 72.86152497959802, 76.0655414072481, 64.98738875473705, 26.9935582483375
537, 1581958097169907936, 0, 72.59228690488418, 76.07804683019818, 64.98282602781951, 26.99204348073333
538, 1581958097175291392, 0, 72.32304883017034, 76.09055225314825, 64.97826330090197, 26.990528713129162
539, 1581958097180674816, 0, 72.05381075545651, 76.1030576760983, 64.97370057398444, 26.989013945524995
540, 1581958097186058240, 0, 71.78457268074268, 76.11556309904836, 64.96913784706692, 26.987499177920828
541, 1581958097191441408, 0, 71.51533460602884, 76.12806852199842, 64.96457512014938, 26.98598441031666
542, 1581958097196824832, 0, 71.246096531315, 76.14057394494847, 64.96001239323184, 26.984469642712494
543, 1581958097202208256, 0, 70.97685845660118, 76.15307936789853, 64.95544966631431, 26.982954875108327
544, 1581958097207591680, 0, 70.70762038188735, 76.16558479084858, 64.95088693939678, 26.98144010750416
545, 1581958097212974936, 0, 70.43838230717351, 76.17809021379864, 64.94632421247924, 26.979925339899992
546, 1581958097218358016, 0, 70.16914423245967, 76.1905956367487, 64.9417614855617, 26.97841057229583
547, 1581958097223741440, 0, 69.89990615774585, 76.20310105969875, 64.93719875864417, 26.97689580469166
548, 1581958097229124864, 0, 69.63066808303202, 76.21560648264881, 64.93263603172664, 26.975381037087494
549, 1581958097234508288, 0, 69.36143000831818, 76.22811190559887, 64.92807330480912, 26.97386626948333
550, 1581958097239891712, 0, 69.09219193360434, 76.24061732854892, 64.92351057789159, 26.972351501879167
551, 1581958097245275136, 0, 68.82295385889051, 76.25312275149898, 64.91894785097406, 26.970836734275
552, 1581958097250658560, 0, 68.55371578417669, 76.26562817444903, 64.91438512405654, 26.969321966670833
553, 1581958097256041936, 0, 68.28447770946285, 76.27813359739909, 64.909822397139, 26.96780719906667
554, 1581958097261425408, 0, 68.01523963474901, 76.29063902034915, 64.90525967022145, 26.966292431462502
555, 1581958097266808832, 0, 67.74600156003518, 76.3031444432992, 64.90069694330393, 26.964777663858335
556, 1581958097272192000, 0, 67.47676348532136, 76.31564986624926, 64.8961342163864, 26.963262896254168
557, 1581958097277575424, 0, 67.20752541060753, 76.32815528919932, 64.89157148946887, 26.96174812865
558, 1581958097282958848, 0, 66.9382873358937, 76.34066071214937, 64.88700876255135, 26.960233361045834
559, 1581958097288342272, 0, 66.66904926117986, 76.35316613509943, 64.8824460356338, 26.958718593441667
560, 1581958097293725696, 0, 66.39981118646602, 76.36567155804948, 64.87788330871626, 26.9572038258375
561, 1581958097299108936, 0, 66.1305731117522, 76.37817698099954, 64.87332058179874, 26.955689058233332
562, 1581958097304492032, 0, 65.86133503703837, 76.3906824039496, 64.86875785488121, 26.954174290629165
563, 1581958097309875456, 0, 65.59209696232453, 76.40318782689965, 64.86419512796368, 26.952659523024998
564, 1581958097315258880, 0, 65.32285888761069, 76.41569324984971, 64.85963240104616, 26.95114475542083
565, 1581958097320642304, 0, 65.05362081289687, 76.42819867279977, 64.85506967412861, 26.949629987816664
566, 1581958097326025728, 0, 64.78438273818304, 76.44070409574982, 64.85050694721107, 26.948115220212497
567, 1581958097331409152, 0, 64.5151446634692, 76.45320951869988, 64.84594422029355, 26.94660045260833
568, 1581958097336792576, 0, 64.24590658875536, 76.46571494164994, 64.84138149337602, 26.945085685004166
569, 1581958097342175936, 0, 63.976668514041535, 76.4782203646, 64.83681876645849, 26.9435709174
570, 1581958097347559680, 0, 63.68855131221076, 76.49072578755266, 64.85113516665331, 26.94205614979355
571, 1581958097352943104, 0, 63.40043411038, 76.50323121050533, 64.86545156684812, 26.940541382187106
572, 1581958097358326528, 0, 63.11231690854923, 76.515736633458, 64.87976796704294, 26.939026614580662
573, 1581958097363709952, 0, 62.82419970671846, 76.52824205641066, 64.89408436723775, 26.937511846974218
574, 1581958097369093632, 0, 62.53608250488769, 76.54074747936332, 64.90840076743257, 26.935997079367773
575, 1581958097374477056, 0, 62.24796530305692, 76.55325290231599, 64.92271716762738, 26.93448231176133
576, 1581958097379860480, 0, 61.95984810122616, 76.56575832526866, 64.9370335678222, 26.932967544154884
577, 1581958097385243936, 0, 61.671730899395385, 76.57826374822132, 64.951349968017, 26.93145277654844
578, 1581958097390627072, 0, 61.38361369756461, 76.59076917117397, 64.9656663682118, 26.929938008942
579, 1581958097396010496, 0, 61.09549649573385, 76.60327459412665, 64.97998276840661, 26.928423241335558
580, 1581958097401393920, 0, 60.80737929390308, 76.6157800170793, 64.99429916860143, 26.926908473729117
581, 1581958097406777344, 0, 60.51926209207231, 76.62828544003196, 65.00861556879624, 26.925393706122676
582, 1581958097412160768, 0, 60.231144890241545, 76.64079086298463, 65.02293196899106, 26.923878938516236
583, 1581958097417544192, 0, 59.94302768841078, 76.65329628593729, 65.03724836918587, 26.922364170909795
584, 1581958097422927616, 0, 59.65491048658001, 76.66580170888994, 65.05156476938069, 26.920849403303354
585, 1581958097428310936, 0, 59.36679328474924, 76.67830713184262, 65.0658811695755, 26.919334635696913
586, 1581958097433694464, 0, 59.07867608291848, 76.69081255479529, 65.08019756977032, 26.91781986809047
587, 1581958097439077888, 0, 58.790558881087705, 76.70331797774794, 65.09451396996513, 26.916305100484024
588, 1581958097444461056, 0, 58.50244167925693, 76.7158234007006, 65.10883037015995, 26.91479033287758
589, 1581958097449844480, 0, 58.21432447742617, 76.72832882365327, 65.12314677035477, 26.913275565271135
590, 1581958097455227904, 0, 57.9262072755954, 76.74083424660594, 65.13746317054958, 26.91176079766469
591, 1581958097460611328, 0, 57.63809007376463, 76.7533396695586, 65.1517795707444, 26.910246030058246
592, 1581958097465994752, 0, 57.34997287193386, 76.76584509251126, 65.16609597093921, 26.908731262451802
593, 1581958097471377936, 0, 57.06185567010309, 76.77835051546393, 65.18041237113403, 26.90721649484536
594, 1581958097476761088, 0, 56.742912371133016, 76.78208103695982, 65.16449768381577, 26.91508391149423
595, 1581958097482144512, 0, 56.42396907216293, 76.78581155845573, 65.14858299649751, 26.922951328143093
596, 1581958097487527936, 0, 56.10502577319286, 76.78954207995164, 65.13266830917925, 26.930818744791956
597, 1581958097492911360, 0, 55.78608247422278, 76.79327260144754, 65.116753621861, 26.93868616144082
598, 1581958097498294784, 0, 55.467139175252704, 76.79700312294344, 65.10083893454274, 26.946553578089684
599, 1581958097503678208, 0, 55.14819587628263, 76.80073364443933, 65.08492424722448, 26.954420994738552
600, 1581958097509061632, 0, 54.829252577312545, 76.80446416593523, 65.06900955990622, 26.96228841138742
601, 1581958097514444936, 0, 54.51030927834247, 76.80819468743114, 65.05309487258796, 26.970155828036283
602, 1581958097519828480, 0, 54.19136597937239, 76.81192520892705, 65.0371801852697, 26.978023244685147
603, 1581958097525211904, 0, 53.87242268040231, 76.81565573042295, 65.02126549795145, 26.985890661334015
604, 1581958097530595328, 0, 53.55347938143223, 76.81938625191884, 65.00535081063319, 26.993758077982882
605, 1581958097535978496, 0, 53.23453608246216, 76.82311677341474, 64.98943612331495, 27.001625494631746
606, 1581958097541361920, 0, 52.91559278349208, 76.82684729491064, 64.9735214359967, 27.00949291128061
607, 1581958097546745344, 0, 52.596649484522004, 76.83057781640655, 64.95760674867844, 27.017360327929477
608, 1581958097552128512, 0, 52.27770618555192, 76.83430833790246, 64.94169206136019, 27.025227744578345
609, 1581958097557511936, 0, 51.958762886581844, 76.83803885939835, 64.92577737404193, 27.03309516122721
610, 1581958097562895360, 0, 51.63981958761177, 76.84176938089425, 64.90986268672367, 27.040962577876073
611, 1581958097568279040, 0, 51.320876288641685, 76.84549990239016, 64.89394799940541, 27.04882999452494
612, 1581958097573662464, 0, 51.00193298967161, 76.84923042388607, 64.87803331208715, 27.056697411173808
613, 1581958097579045888, 0, 50.68298969070153, 76.85296094538197, 64.8621186247689, 27.06456482782267
614, 1581958097584429568, 0, 50.36404639173145, 76.85669146687786, 64.84620393745064, 27.072432244471536
615, 1581958097589812992, 0, 50.04510309276137, 76.86042198837377, 64.83028925013238, 27.080299661120403
616, 1581958097595196416, 0, 49.7261597937913, 76.86415250986968, 64.81437456281412, 27.08816707776927
617, 1581958097600579936, 0, 49.40721649482121, 76.86788303136558, 64.79845987549588, 27.096034494418134
618, 1581958097605963008, 0, 49.08827319585114, 76.87161355286148, 64.78254518817764, 27.103901911067
619, 1581958097611346432, 0, 48.76932989688106, 76.87534407435739, 64.76663050085938, 27.111769327715866
620, 1581958097616729856, 0, 48.45038659791098, 76.8790745958533, 64.75071581354112, 27.119636744364733
621, 1581958097622113280, 0, 48.1314432989409, 76.88280511734919, 64.73480112622286, 27.127504161013597
622, 1581958097627496704, 0, 47.812499999970825, 76.88653563884509, 64.7188864389046, 27.13537157766246
623, 1581958097632880128, 0, 47.49355670100074, 76.89026616034099, 64.70297175158635, 27.14323899431133
624, 1581958097638263552, 0, 47.174613402030666, 76.89399668183688, 64.68705706426809, 27.151106410960196
625, 1581958097643646936, 0, 46.85567010306059, 76.89772720333279, 64.67114237694985, 27.15897382760906
626, 1581958097649030400, 0, 46.53672680409051, 76.9014577248287, 64.6552276896316, 27.166841244257924
627, 1581958097654413824, 0, 46.21778350512044, 76.9051882463246, 64.63931300231334, 27.17470866090679
628, 1581958097659796992, 0, 45.89884020615035, 76.9089187678205, 64.62339831499509, 27.18257607755566
629, 1581958097665180416, 0, 45.57989690718028, 76.91264928931639, 64.60748362767683, 27.190443494204523
630, 1581958097670563840, 0, 45.2609536082102, 76.91637981081229, 64.59156894035857, 27.198310910853387
631, 1581958097675947264, 0, 44.94201030924012, 76.9201103323082, 64.57565425304031, 27.206178327502254
632, 1581958097681330688, 0, 44.62306701027004, 76.92384085380411, 64.55973956572205, 27.21404574415112
633, 1581958097686713936, 0, 44.304123711299965, 76.9275713753, 64.5438248784038, 27.221913160799986
634, 1581958097692097024, 0, 43.98518041233122, 76.93130189679376, 64.5373497546413, 27.229780577449986
635, 1581958097697480448, 0, 43.66623711336247, 76.9350324182875, 64.5308746308788, 27.237647994099987
636, 1581958097702863872, 0, 43.34729381439372, 76.93876293978126, 64.5243995071163, 27.245515410749988
637, 1581958097708247296, 0, 43.02835051542497, 76.942493461275, 64.5179243833538, 27.25338282739999
638, 1581958097713630720, 0, 42.70940721645621, 76.94622398276876, 64.5114492595913, 27.26125024404999
639, 1581958097719014144, 0, 42.390463917487466, 76.94995450426251, 64.5049741358288, 27.26911766069999
640, 1581958097724397568, 0, 42.07152061851872, 76.95368502575627, 64.4984990120663, 27.27698507734999
641, 1581958097729780936, 0, 41.75257731954997, 76.95741554725002, 64.4920238883038, 27.284852493999992
642, 1581958097735164416, 0, 41.43363402058122, 76.96114606874377, 64.4855487645413, 27.292719910649993
643, 1581958097740547840, 0, 41.11469072161247, 76.96487659023754, 64.47907364077881, 27.30058732729999
644, 1581958097745931264, 0, 40.795747422643714, 76.96860711173129, 64.47259851701631, 27.308454743949987
645, 1581958097751314432, 0, 40.47680412367497, 76.97233763322504, 64.46612339325381, 27.316322160599988
646, 1581958097756697856, 0, 40.15786082470622, 76.97606815471879, 64.45964826949131, 27.32418957724999
647, 1581958097762081280, 0, 39.83891752573747, 76.97979867621254, 64.45317314572881, 27.332056993899986
648, 1581958097767464704, 0, 39.519974226768724, 76.98352919770629, 64.44669802196631, 27.339924410549983
649, 1581958097772847936, 0, 39.20103092779997, 76.98725971920004, 64.44022289820383, 27.347791827199984
650, 1581958097778231296, 0, 38.88208762883236, 76.99099024069842, 64.35508474479929, 27.355659243845594
651, 1581958097783614720, 0, 38.56314432986475, 76.9947207621968, 64.26994659139476, 27.363526660491207
652, 1581958097788998144, 0, 38.24420103089714, 76.99845128369518, 64.18480843799021, 27.37139407713682
653, 1581958097794381824, 0, 37.92525773192953, 77.00218180519356, 64.09967028458567, 27.37926149378243
654, 1581958097799765504, 0, 37.606314432961916, 77.00591232669194, 64.01453213118113, 27.38712891042804
655, 1581958097805148928, 0, 37.287371133994306, 77.00964284819031, 63.929393977776584, 27.394996327073653
656, 1581958097810532352, 0, 36.968427835026695, 77.0133733696887, 63.84425582437204, 27.402863743719266
657, 1581958097815915936, 0, 36.649484536059084, 77.01710389118708, 63.759117670967505, 27.410731160364875
658, 1581958097821299456, 0, 36.33054123709148, 77.02083441268545, 63.67397951756297, 27.418598577010492
659, 1581958097826682880, 0, 36.01159793812387, 77.02456493418383, 63.58884136415843, 27.426465993656105
660, 1581958097832066048, 0, 35.69265463915626, 77.02829545568221, 63.50370321075388, 27.43433341030172
661, 1581958097837449472, 0, 35.37371134018865, 77.03202597718058, 63.41856505734934, 27.442200826947335
662, 1581958097842832896, 0, 35.05476804122104, 77.03575649867896, 63.3334269039448, 27.450068243592952
663, 1581958097848216320, 0, 34.73582474225343, 77.03948702017735, 63.24828875054026, 27.457935660238565
664, 1581958097853599744, 0, 34.41688144328582, 77.04321754167572, 63.163150597135726, 27.46580307688418
665, 1581958097858982936, 0, 34.097938144318206, 77.0469480631741, 63.07801244373118, 27.473670493529795
666, 1581958097864366080, 0, 33.778994845350596, 77.05067858467248, 62.99287429032664, 27.481537910175405
667, 1581958097869749504, 0, 33.460051546382985, 77.05440910617085, 62.9077361369221, 27.489405326821018
668, 1581958097875132928, 0, 33.141108247415374, 77.05813962766923, 62.822597983517554, 27.49727274346663
669, 1581958097880516352, 0, 32.822164948447764, 77.06187014916762, 62.73745983011301, 27.50514016011224
670, 1581958097885899776, 0, 32.50322164948015, 77.065600670666, 62.65232167670847, 27.51300757675785
671, 1581958097891283200, 0, 32.18427835051254, 77.06933119216438, 62.567183523303925, 27.52087499340346
672, 1581958097896666624, 0, 31.865335051544932, 77.07306171366275, 62.48204536989938, 27.52874241004907
673, 1581958097902049936, 0, 31.54639175257732, 77.07679223516114, 62.396907216494846, 27.536609826694683
674, 1581958097907433472, 0, 31.187910028116526, 77.09712390727833, 62.391743528539195, 27.518914049610032
675, 1581958097912816896, 0, 30.829428303655728, 77.11745557939554, 62.38657984058355, 27.501218272525385
676, 1581958097918200320, 0, 30.47094657919493, 77.13778725151275, 62.38141615262791, 27.483522495440738
677, 1581958097923583488, 0, 30.112464854734135, 77.15811892362996, 62.37625246467226, 27.46582671835609
678, 1581958097928966912, 0, 29.75398313027334, 77.17845059574717, 62.37108877671662, 27.448130941271444
679, 1581958097934350336, 0, 29.395501405812546, 77.19878226786437, 62.365925088760974, 27.430435164186793
680, 1581958097939733760, 0, 29.03701968135175, 77.21911393998158, 62.36076140080533, 27.412739387102143
681, 1581958097945116936, 0, 28.678537956890953, 77.23944561209879, 62.355597712849686, 27.395043610017495
682, 1581958097950500096, 0, 28.320056232430154, 77.259777284216, 62.35043402489404, 27.37734783293285
683, 1581958097955883520, 0, 27.96157450796936, 77.28010895633321, 62.34527033693839, 27.359652055848198
684, 1581958097961266944, 0, 27.603092783508565, 77.30044062845042, 62.34010664898274, 27.341956278763547
685, 1581958097966650368, 0, 27.24461105904777, 77.32077230056763, 62.334942961027096, 27.3242605016789
686, 1581958097972033792, 0, 26.886129334586975, 77.34110397268483, 62.32977927307145, 27.306564724594253
687, 1581958097977417216, 0, 26.527647610126177, 77.36143564480204, 62.32461558511581, 27.288868947509602
688, 1581958097982800640, 0, 26.16916588566538, 77.38176731691925, 62.319451897160164, 27.27117317042495
689, 1581958097988183936, 0, 25.810684161204584, 77.40209898903645, 62.31428820920451, 27.253477393340305
690, 1581958097993567744, 0, 25.45220243674379, 77.42243066115364, 62.30912452124886, 27.235781616255657
691, 1581958097998951168, 0, 25.093720712282995, 77.44276233327085, 62.30396083329322, 27.21808583917101
692, 1581958098004334592, 0, 24.7352389878222, 77.46309400538806, 62.29879714533757, 27.200390062086363
693, 1581958098009718016, 0, 24.3767572633614, 77.48342567750527, 62.29363345738193, 27.182694285001716
694, 1581958098015101440, 0, 24.018275538900603, 77.50375734962248, 62.288469769426285, 27.16499850791707
695, 1581958098020484864, 0, 23.65979381443981, 77.52408902173968, 62.283306081470634, 27.147302730832422
696, 1581958098025868288, 0, 23.301312089979014, 77.54442069385689, 62.27814239351498, 27.129606953747775
697, 1581958098031251936, 0, 22.94283036551822, 77.56475236597409, 62.27297870555934, 27.111911176663128
698, 1581958098036635392, 0, 22.584348641057424, 77.58508403809128, 62.267815017603695, 27.09421539957848
699, 1581958098042018816, 0, 22.225866916596626, 77.60541571020849, 62.26265132964805, 27.07651962249383
700, 1581958098047401984, 0, 21.867385192135828, 77.6257473823257, 62.25748764169241, 27.05882384540918
701, 1581958098052785408, 0, 21.508903467675033, 77.64607905444291, 62.252323953736756, 27.041128068324532
702, 1581958098058168832, 0, 21.15042174321424, 77.66641072656012, 62.247160265781105, 27.023432291239885
703, 1581958098063552256, 0, 20.79194001875344, 77.68674239867732, 62.24199657782546, 27.005736514155235
704, 1581958098068935680, 0, 20.43345829429264, 77.70707407079453, 62.23683288986982, 26.988040737070584
705, 1581958098074318936, 0, 20.074976569831847, 77.72740574291174, 62.23166920191417, 26.970344959985937
706, 1581958098079702016, 0, 19.716494845371052, 77.74773741502895, 62.22650551395853, 26.952649182901286
707, 1581958098085085440, 0, 19.358013120910257, 77.76806908714616, 62.22134182600288, 26.934953405816636
708, 1581958098090468864, 0, 18.999531396449463, 77.78840075926337, 62.216178138047226, 26.917257628731985
709, 1581958098095852288, 0, 18.641049671988664, 77.80873243138058, 62.21101445009158, 26.899561851647334
710, 1581958098101235712, 0, 18.282567947527866, 77.82906410349779, 62.20585076213593, 26.881866074562684
711, 1581958098106619136, 0, 17.92408622306707, 77.849395775615, 62.20068707418028, 26.864170297478033
712, 1581958098112002560, 0, 17.565604498606277, 77.8697274477322, 62.195523386224636, 26.846474520393382
713, 1581958098117385936, 0, 17.207122774145482, 77.8900591198494, 62.190359698268985, 26.82877874330873
714, 1581958098122769408, 0, 16.848641049684687, 77.91039079196659, 62.185196010313334, 26.811082966224085
715, 1581958098128152832, 0, 16.49015932522389, 77.9307224640838, 62.18003232235769, 26.793387189139434
716, 1581958098133536256, 0, 16.131677600763094, 77.95105413620101, 62.174868634402046, 26.775691412054783
717, 1581958098138919424, 0, 15.773195876302298, 77.97138580831822, 62.1697049464464, 26.757995634970136
718, 1581958098144302848, 0, 15.414714151841501, 77.99171748043543, 62.16454125849076, 26.74029985788549
719, 1581958098149686272, 0, 15.056232427380706, 78.01204915255263, 62.159377570535106, 26.72260408080084
720, 1581958098155069696, 0, 14.69775070291991, 78.03238082466984, 62.154213882579455, 26.704908303716188
721, 1581958098160452936, 0, 14.339268978459113, 78.05271249678705, 62.14905019462381, 26.68721252663154
722, 1581958098165836032, 0, 13.980787253998317, 78.07304416890426, 62.14388650666817, 26.669516749546894
723, 1581958098171219456, 0, 13.62230552953752, 78.09337584102147, 62.13872281871252, 26.651820972462247
724, 1581958098176602880, 0, 13.263823805076726, 78.11370751313868, 62.13355913075688, 26.6341251953776
725, 1581958098181986304, 0, 12.90534208061593, 78.13403918525587, 62.12839544280123, 26.616429418292952
726, 1581958098187369728, 0, 12.546860356155133, 78.15437085737307, 62.12323175484558, 26.598733641208305
727, 1581958098192753152, 0, 12.188378631694338, 78.17470252949028, 62.11806806688993, 26.581037864123658
728, 1581958098198136576, 0, 11.829896907233541, 78.19503420160748, 62.11290437893429, 26.56334208703901
729, 1581958098203519936, 0, 11.471415182772745, 78.21536587372469, 62.107740690978645, 26.545646309954364
730, 1581958098208903680, 0, 11.112933458311948, 78.2356975458419, 62.102577003023, 26.527950532869717
731, 1581958098214287104, 0, 10.754451733851152, 78.25602921795911, 62.09741331506736, 26.510254755785066
732, 1581958098219670528, 0, 10.395970009390357, 78.27636089007632, 62.09224962711171, 26.492558978700416
733, 1581958098225053952, 0, 10.03748828492956, 78.29669256219353, 62.08708593915606, 26.47486320161577
734, 1581958098230437376, 0, 9.679006560468764, 78.31702423431074, 62.08192225120041, 26.45716742453112
735, 1581958098235821056, 0, 9.32052483600797, 78.33735590642794, 62.076758563244766, 26.43947164744647
736, 1581958098241204480, 0, 8.962043111547173, 78.35768757854515, 62.07159487528912, 26.42177587036182
737, 1581958098246587936, 0, 8.603561387086376, 78.37801925066235, 62.06643118733348, 26.404080093277173
738, 1581958098251971072, 0, 8.245079662625582, 78.39835092277954, 62.061267499377834, 26.386384316192526
739, 1581958098257354496, 0, 7.886597938164785, 78.41868259489675, 62.05610381142218, 26.368688539107875
740, 1581958098262737920, 0, 7.5281162137039885, 78.43901426701396, 62.05094012346653, 26.350992762023225
741, 1581958098268121344, 0, 7.169634489243193, 78.45934593913117, 62.04577643551089, 26.333296984938578
742, 1581958098273504768, 0, 6.811152764782397, 78.47967761124838, 62.040612747555244, 26.31560120785393
743, 1581958098278888192, 0, 6.452671040321601, 78.50000928336559, 62.03544905959959, 26.297905430769283
744, 1581958098284271616, 0, 6.094189315860805, 78.5203409554828, 62.03028537164394, 26.280209653684636
745, 1581958098289654936, 0, 5.7357075914000095, 78.5406726276, 62.0251216836883, 26.262513876599986
746, 1581958098295038464, 0, 5.3772258669375095, 78.56100429971521, 62.07735312484953, 26.244818099518675
747, 1581958098300421888, 0, 5.0187441424750086, 78.58133597183041, 62.12958456601076, 26.22712232243736
748, 1581958098305805312, 0, 4.660262418012508, 78.60166764394562, 62.181816007171996, 26.209426545356045
749, 1581958098311188480, 0, 4.301780693550008, 78.62199931606082, 62.23404744833323, 26.19173076827473
750, 1581958098316571904, 0, 3.9432989690875067, 78.64233098817603, 62.28627888949446, 26.174034991193416
751, 1581958098321955328, 0, 3.584817244625006, 78.66266266029123, 62.338510330655694, 26.156339214112105
752, 1581958098327338752, 0, 3.2263355201625057, 78.68299433240644, 62.390741771816934, 26.138643437030794
753, 1581958098332721936, 0, 2.8678537957000048, 78.70332600452164, 62.44297321297817, 26.12094765994948
754, 1581958098338105088, 0, 2.5093720712375043, 78.72365767663685, 62.4952046541394, 26.103251882868165
755, 1581958098343488512, 0, 2.150890346775004, 78.74398934875205, 62.54743609530064, 26.08555610578685
756, 1581958098348871936, 0, 1.792408622312503, 78.76432102086726, 62.59966753646187, 26.067860328705535
757, 1581958098354255360, 0, 1.4339268978500024, 78.78465269298246, 62.651898977623105, 26.050164551624224
758, 1581958098359638784, 0, 1.075445173387502, 78.80498436509767, 62.70413041878434, 26.032468774542913
759, 1581958098365022208, 0, 0.7169634489250012, 78.82531603721287, 62.75636185994557, 26.0147729974616
760, 1581958098370405632, 0, 0.3584817244625006, 78.84564770932809, 62.808593301106804, 25.997077220380284
761, 1581958098375788936, 0, 0.0, 78.8659793814433, 62.860824742268036, 25.97938144329897
762, 1581958098381172480, 0, 0.0, 78.87267049960349, 62.437053925455984, 25.972690325138778
763, 1581958098386555904, 0, 0.0, 78.87936161776368, 62.01328310864393, 25.965999206978587
764, 1581958098391939072, 0, 0.0, 78.88605273592387, 61.58951229183188, 25.959308088818396
765, 1581958098397322496, 0, 0.0, 78.89274385408406, 61.16574147501982, 25.95261697065821
766, 1581958098402705920, 0, 0.0, 78.89943497224425, 60.74197065820776, 25.94592585249802
767, 1581958098408089088, 0, 0.0, 78.90612609040444, 60.31819984139571, 25.93923473433783
768, 1581958098413472512, 0, 0.0, 78.91281720856463, 59.89442902458366, 25.93254361617764
769, 1581958098418855936, 0, 0.0, 78.91950832672482, 59.470658207771606, 25.92585249801745
770, 1581958098424239360, 0, 0.0, 78.92619944488501, 59.046887390959554, 25.919161379857258
771, 1581958098429622784, 0, 0.0, 78.93289056304519, 58.6231165741475, 25.91247026169707
772, 1581958098435006464, 0, 0.0, 78.93958168120538, 58.19934575733545, 25.905779143536883
773, 1581958098440389888, 0, 0.0, 78.94627279936557, 57.77557494052339, 25.89908802537669
774, 1581958098445773312, 0, 0.0, 78.95296391752576, 57.35180412371133, 25.8923969072165
775, 1581958098451156992, 0, 0.0, 78.95965503568596, 56.92803330689928, 25.885705789056313
776, 1581958098456540416, 0, 0.0, 78.96634615384615, 56.50426249008723, 25.879014670896126
777, 1581958098461923936, 0, 0.0, 78.97303727200634, 56.080491673275176, 25.872323552735935
778, 1581958098467307008, 0, 0.0, 78.97972839016653, 55.656720856463124, 25.865632434575744
779, 1581958098472690432, 0, 0.0, 78.98641950832672, 55.23295003965107, 25.858941316415553
780, 1581958098478073856, 0, 0.0, 78.99311062648691, 54.80917922283902, 25.852250198255362
781, 1581958098483457280, 0, 0.0, 78.9998017446471, 54.38540840602696, 25.84555908009517
782, 1581958098488840704, 0, 0.0, 79.00649286280729, 53.9616375892149, 25.83886796193498
783, 1581958098494224128, 0, 0.0, 79.01318398096748, 53.53786677240285, 25.83217684377479
784, 1581958098499607552, 0, 0.0, 79.01987509912767, 53.1140959555908, 25.825485725614598
785, 1581958098504990936, 0, 0.0, 79.02656621728786, 52.690325138778746, 25.818794607454407
786, 1581958098510374400, 0, 0.0, 79.03325733544806, 52.266554321966694, 25.812103489294216
787, 1581958098515757824, 0, 0.0, 79.03994845360825, 51.84278350515464, 25.805412371134025
788, 1581958098521141248, 0, 0.0, 79.04663957176844, 51.41901268834259, 25.798721252973834
789, 1581958098526524416, 0, 0.0, 79.05333068992863, 50.99524187153053, 25.792030134813643
790, 1581958098531907840, 0, 0.0, 79.06002180808882, 50.57147105471847, 25.785339016653452
791, 1581958098537291264, 0, 0.0, 79.06671292624901, 50.14770023790642, 25.77864789849326
792, 1581958098542674688, 0, 0.0, 79.0734040444092, 49.72392942109437, 25.77195678033307
793, 1581958098548057936, 0, 0.0, 79.08009516256939, 49.300158604282316, 25.76526566217288
794, 1581958098553441024, 0, 0.0, 79.08678628072958, 48.876387787470264, 25.75857454401269
795, 1581958098558824448, 0, 0.0, 79.09347739888977, 48.45261697065821, 25.7518834258525
796, 1581958098564207872, 0, 0.0, 79.10016851704997, 48.02884615384616, 25.745192307692314
797, 1581958098569591296, 0, 0.0, 79.10685963521016, 47.6050753370341, 25.738501189532123
798, 1581958098574974720, 0, 0.0, 79.11355075337035, 47.18130452022204, 25.73181007137193
799, 1581958098580358144, 0, 0.0, 79.12024187153054, 46.75753370340999, 25.725118953211744
800, 1581958098585741568, 0, 0.0, 79.12693298969072, 46.33376288659794, 25.718427835051557
801, 1581958098591124936, 0, 0.0, 79.1336241078509, 45.909992069785886, 25.711736716891366
802, 1581958098596508416, 0, 0.0, 79.1403152260111, 45.486221252973834, 25.705045598731175
803, 1581958098601891840, 0, 0.0, 79.14700634417129, 45.062450436161775, 25.698354480570984
804, 1581958098607275008, 0, 0.0, 79.15369746233148, 44.638679619349716, 25.691663362410793
805, 1581958098612658432, 0, 0.0, 79.16038858049167, 44.214908802537664, 25.684972244250602
806, 1581958098618041856, 0, 0.0, 79.16707969865186, 43.79113798572561, 25.67828112609041
807, 1581958098623425280, 0, 0.0, 79.17377081681205, 43.36736716891356, 25.67159000793022
808, 1581958098628808704, 0, 0.0, 79.18046193497224, 42.94359635210151, 25.66489888977003
809, 1581958098634191936, 0, 0.0, 79.18715305313243, 42.51982553528945, 25.65820777160984
810, 1581958098639575296, 0, 0.0, 79.19384417129262, 42.09605471847739, 25.651516653449647
811, 1581958098644958720, 0, 0.0, 79.20053528945282, 41.67228390166534, 25.644825535289456
812, 1581958098650342400, 0, 0.0, 79.207226407613, 41.248513084853286, 25.638134417129265
813, 1581958098655725824, 0, 0.0, 79.2139175257732, 40.824742268041234, 25.631443298969074
814, 1581958098661109248, 0, 0.0, 79.22060864393339, 40.40097145122918, 25.624752180808883
815, 1581958098666492928, 0, 0.0, 79.22729976209358, 39.97720063441713, 25.618061062648692
816, 1581958098671876352, 0, 0.0, 79.23399088025377, 39.55342981760508, 25.6113699444885
817, 1581958098677259936, 0, 0.0, 79.24068199841396, 39.12965900079302, 25.60467882632831
818, 1581958098682643456, 0, 0.0, 79.24737311657415, 38.70588818398096, 25.59798770816812
819, 1581958098688026880, 0, 0.0, 79.25406423473434, 38.28211736716891, 25.59129659000793
820, 1581958098693410304, 0, 0.0, 79.26075535289453, 37.858346550356856, 25.584605471847738
821, 1581958098698793472, 0, 0.0, 79.26744647105473, 37.434575733544804, 25.577914353687547
822, 1581958098704176896, 0, 0.0, 79.27413758921492, 37.01080491673275, 25.571223235527356
823, 1581958098709560320, 0, 0.0, 79.28082870737511, 36.5870340999207, 25.564532117367165
824, 1581958098714943744, 0, 0.0, 79.2875198255353, 36.16326328310865, 25.557840999206974
825, 1581958098720326936, 0, 0.0, 79.29421094369549, 35.73949246629659, 25.551149881046783
826, 1581958098725710080, 0, 0.0, 79.30090206185568, 35.31572164948453, 25.544458762886592
827, 1581958098731093504, 0, 0.0, 79.30759318001586, 34.89195083267248, 25.537767644726404
828, 1581958098736476928, 0, 0.0, 79.31428429817605, 34.468180015860426, 25.531076526566217
829, 1581958098741860352, 0, 0.0, 79.32097541633624, 34.044409199048374, 25.524385408406026
830, 1581958098747243776, 0, 0.0, 79.32766653449643, 33.62063838223632, 25.517694290245835
831, 1581958098752627200, 0, 0.0, 79.33435765265662, 33.19686756542427, 25.511003172085648
832, 1581958098758010624, 0, 0.0, 79.34104877081681, 32.77309674861222, 25.50431205392546
833, 1581958098763393936, 0, 0.0, 79.347739888977, 32.34932593180016, 25.49762093576527
834, 1581958098768777472, 0, 0.0, 79.3544310071372, 31.925555114988107, 25.49092981760508
835, 1581958098774160896, 0, 0.0, 79.36112212529738, 31.50178429817605, 25.484238699444887
836, 1581958098779544064, 0, 0.0, 79.36781324345758, 31.078013481363996, 25.477547581284696
837, 1581958098784927488, 0, 0.0, 79.37450436161777, 30.654242664551944, 25.470856463124505
838, 1581958098790310912, 0, 0.0, 79.38119547977796, 30.230471847739892, 25.464165344964314
839, 1581958098795694336, 0, 0.0, 79.38788659793815, 29.806701030927837, 25.457474226804123
840, 1581958098801077760, 0, 0.0, 79.39457771609834, 29.38293021411578, 25.450783108643932
841, 1581958098806460936, 0, 0.0, 79.40126883425853, 28.95915939730373, 25.44409199048374
842, 1581958098811844096, 0, 0.0, 79.40795995241872, 28.535388580491677, 25.43740087232355
843, 1581958098817227520, 0, 0.0, 79.41465107057891, 28.11161776367962, 25.43070975416336
844, 1581958098822610944, 0, 0.0, 79.4213421887391, 27.687846946867566, 25.42401863600317
845, 1581958098827994368, 0, 0.0, 79.4280333068993, 27.264076130055514, 25.417327517842978
846, 1581958098833377792, 0, 0.0, 79.43472442505949, 26.840305313243462, 25.410636399682787
847, 1581958098838761216, 0, 0.0, 79.44141554321968, 26.416534496431407, 25.403945281522596
848, 1581958098844144640, 0, 0.0, 79.44810666137987, 25.99276367961935, 25.397254163362405
849, 1581958098849527936, 0, 0.0, 79.45479777954006, 25.5689928628073, 25.390563045202214
850, 1581958098854911232, 0, 0.0, 79.46148889770025, 25.145222045995244, 25.383871927042023
851, 1581958098860294656, 0, 0.0, 79.46818001586044, 24.721451229183188, 25.377180808881835
852, 1581958098865678336, 0, 0.0, 79.47487113402063, 24.297680412371136, 25.370489690721648
853, 1581958098871061760, 0, 0.0, 79.48156225218082, 23.87390959555908, 25.363798572561457
854, 1581958098876445184, 0, 0.0, 79.48825337034101, 23.450138778747025, 25.357107454401266
855, 1581958098881828864, 0, 0.0, 79.4949444885012, 23.026367961934973, 25.35041633624108
856, 1581958098887212288, 0, 0.0, 79.50163560666138, 22.602597145122918, 25.34372521808089
857, 1581958098892595936, 0, 0.0, 79.50832672482157, 22.178826328310862, 25.3370340999207
858, 1581958098897979392, 0, 0.0, 79.51501784298176, 21.75505551149881, 25.33034298176051
859, 1581958098903362816, 0, 0.0, 79.52170896114195, 21.331284694686754, 25.32365186360032
860, 1581958098908746240, 0, 0.0, 79.52840007930214, 20.9075138778747, 25.316960745440127
861, 1581958098914129408, 0, 0.0, 79.53509119746234, 20.483743061062647, 25.310269627279936
862, 1581958098919512832, 0, 0.0, 79.54178231562253, 20.059972244250595, 25.303578509119745
863, 1581958098924896256, 0, 0.0, 79.54847343378272, 19.636201427438543, 25.296887390959554
864, 1581958098930279680, 0, 0.0, 79.55516455194291, 19.21243061062649, 25.290196272799363
865, 1581958098935662936, 0, 0.0, 79.5618556701031, 18.788659793814436, 25.283505154639176
866, 1581958098941046016, 0, 0.0, 79.66333762886597, 18.339239690721655, 25.066043814432987
867, 1581958098946429440, 0, 0.0, 79.76481958762886, 17.88981958762887, 24.848582474226802
868, 1581958098951812864, 0, 0.0, 79.86630154639175, 17.440399484536087, 24.631121134020614
869, 1581958098957196288, 0, 0.0, 79.96778350515464, 16.990979381443303, 24.413659793814425
870, 1581958098962579712, 0, 0.0, 80.06926546391753, 16.54155927835052, 24.19619845360824
871, 1581958098967963136, 0, 0.0, 80.17074742268042, 16.092139175257735, 23.97873711340205
872, 1581958098973346560, 0, 0.0, 80.27222938144331, 15.642719072164951, 23.761275773195862
873, 1581958098978729936, 0, 0.0, 80.3737113402062, 15.193298969072167, 23.543814432989677
874, 1581958098984113408, 0, 0.0, 80.47519329896909, 14.743878865979383, 23.326353092783492
875, 1581958098989496832, 0, 0.0, 80.57667525773198, 14.294458762886599, 23.10889175257731
876, 1581958098994880000, 0, 0.0, 80.67815721649487, 13.845038659793815, 22.89143041237113
877, 1581958099000263424, 0, 0.0, 80.77963917525774, 13.395618556701033, 22.673969072164944
878, 1581958099005646848, 0, 0.0, 80.88112113402062, 12.94619845360825, 22.45650773195876
879, 1581958099011030272, 0, 0.0, 80.9826030927835, 12.496778350515466, 22.239046391752574
880, 1581958099016413696, 0, 0.0, 81.0840850515464, 12.047358247422682, 22.02158505154639
881, 1581958099021796936, 0, 0.0, 81.18556701030928, 11.597938144329898, 21.804123711340207
882, 1581958099027180032, 0, 0.0, 81.31604381443299, 11.206507731958764, 21.615657216494846
883, 1581958099032563456, 0, 0.0, 81.4465206185567, 10.81507731958763, 21.427190721649488
884, 1581958099037946880, 0, 0.0, 81.57699742268042, 10.423646907216495, 21.238724226804127
885, 1581958099043330304, 0, 0.0, 81.70747422680412, 10.032216494845361, 21.050257731958766
886, 1581958099048713728, 0, 0.0, 81.83795103092784, 9.640786082474227, 20.861791237113405
887, 1581958099054097152, 0, 0.0, 81.96842783505156, 9.249355670103093, 20.673324742268044
888, 1581958099059480576, 0, 0.0, 82.09890463917526, 8.85792525773196, 20.484858247422682
889, 1581958099064863936, 0, 0.0, 82.22938144329898, 8.466494845360826, 20.29639175257732
890, 1581958099070247680, 0, 0.0, 82.3598582474227, 8.075064432989691, 20.10792525773196
891, 1581958099075631104, 0, 0.0, 82.4903350515464, 7.683634020618557, 19.9194587628866
892, 1581958099081014528, 0, 0.0, 82.62081185567011, 7.292203608247423, 19.730992268041238
893, 1581958099086397952, 0, 0.0, 82.75128865979383, 6.9007731958762895, 19.542525773195877
894, 1581958099091781632, 0, 0.0, 82.88176546391753, 6.509342783505156, 19.354059278350515
895, 1581958099097165056, 0, 0.0, 83.01224226804125, 6.117912371134022, 19.165592783505154
896, 1581958099102548480, 0, 0.0, 83.14271907216497, 5.7264819587628875, 18.977126288659797
897, 1581958099107931936, 0, 0.0, 83.27319587628867, 5.335051546391753, 18.788659793814436
898, 1581958099113315072, 0, 0.0, 83.27319587628867, 5.335051546391753, 18.788659793814436
899, 1581958099118698496, 0, 0.0, 83.27319587628867, 5.335051546391753, 18.788659793814436
900, 1581958099124081920, 0, 0.0, 83.27319587628867, 5.335051546391753, 18.788659793814436
901, 1581958099129465344, 0, 0.0, 83.27319587628867, 5.335051546391753, 18.788659793814436
902, 1581958099134848768, 0, 0.0, 83.27319587628867, 5.335051546391753, 18.788659793814436
903, 1581958099140232192, 0, 0.0, 83.27319587628867, 5.335051546391753, 18.788659793814436
904, 1581958099145615616, 0, 0.0, 83.27319587628867, 5.335051546391753, 18.788659793814436
905, 1581958099150998936
906, 1581958099156382464
907, 1581958099161765888
908, 1581958099167149056
909, 1581958099172532480
910, 1581958099177915904
911, 1581958099183299328
912, 1581958099188682752
913, 1581958099194065936
914, 1581958099199449088
915, 1581958099204832512
916, 1581958099210215936
917, 1581958099215599360
918, 1581958099220982784
919, 1581958099226366208
920, 1581958099231749632
921, 1581958099237132936
922, 1581958099242516480
923, 1581958099247899904
924, 1581958099253283328
925, 1581958099258666496
926, 1581958099264049920
927, 1581958099269433344
928, 1581958099274816512
929, 1581958099280199936
930, 1581958099285583360
931, 1581958099290967040
932, 1581958099296350464
933, 1581958099301733888
934, 1581958099307117568
935, 1581958099312500992
936, 1581958099317884416
937, 1581958099323267936
938, 1581958099328651008
939, 1581958099334034432
940, 1581958099339417856
941, 1581958099344801280
942, 1581958099350184704
943, 1581958099355568128
944, 1581958099360951552
945, 1581958099366334936
