65, 0, 235.90206185567013, 40.36082474226804, 4.097938144329862, 19.716494845360824, -1, -1, -1, -1
66, 0, 235.5251288659794, 39.98389175257732, 4.474871134020583, 20.68782216494845, -1, -1, -1, -1
67, 0, 235.1481958762887, 39.606958762886606, 4.851804123711306, 21.65914948453608, -1, -1, -1, -1
68, 0, 234.77126288659798, 39.230025773195884, 5.228737113402027, 22.63047680412371, -1, -1, -1, -1
69, 0, 234.39432989690724, 38.85309278350516, 5.6056701030927485, 23.60180412371134, -1, -1, -1, -1
70, 0, 234.0173969072165, 38.47615979381444, 5.982603092783471, 24.57313144329897, -1, -1, -1, -1
71, 0, 233.64046391752578, 38.09922680412372, 6.359536082474192, 25.5444587628866, -1, -1, -1, -1
72, 0, 233.26353092783506, 37.722293814432994, 6.736469072164914, 26.51578608247423, -1, -1, -1, -1
73, 0, 232.88659793814435, 37.34536082474227, 7.113402061855636, 27.48711340206186, -1, -1, -1, -1
74, 0, 232.50966494845363, 36.96842783505155, 7.490335051546358, 28.458440721649488, -1, -1, -1, -1
75, 0, 232.13273195876292, 36.59149484536083, 7.86726804123708, 29.429768041237118, -1, -1, -1, -1
76, 0, 231.7557989690722, 36.214561855670105, 8.244201030927801, 30.401095360824748, -1, -1, -1, -1
77, 0, 231.37886597938146, 35.83762886597938, 8.621134020618523, 31.372422680412374, -1, -1, -1, -1
78, 0, 231.00193298969072, 35.46069587628866, 8.998067010309246, 32.34375, -1, -1, -1, -1
79, 0, 230.625, 35.08376288659794, 9.374999999999966, 33.31507731958763, -1, -1, -1, -1
80, 0, 230.24806701030928, 34.706829896907216, 9.751932989690687, 34.28640463917526, -1, -1, -1, -1
81, 0, 229.87113402061857, 34.329896907216494, 10.128865979381409, 35.25773195876289, -1, -1, -1, -1
82, 0, 229.42896262886597, 34.21029317010309, 10.571037371133986, 35.457071520618555, -1, -1, -1, -1
83, 0, 228.9867912371134, 34.09068943298969, 11.013208762886563, 35.65641108247423, -1, -1, -1, -1
84, 0, 228.54461984536084, 33.97108569587629, 11.45538015463914, 35.8557506443299, -1, -1, -1, -1
85, 0, 228.10244845360825, 33.85148195876289, 11.897551546391716, 36.05509020618557, -1, -1, -1, -1
86, 0, 227.66027706185568, 33.73187822164949, 12.339722938144291, 36.25442976804124, -1, -1, -1, -1
87, 0, 227.2181056701031, 33.61227448453609, 12.781894329896868, 36.453769329896915, -1, -1, -1, -1
88, 0, 226.77593427835052, 33.49267074742268, 13.224065721649445, 36.65310889175258, -1, -1, -1, -1
89, 0, 226.33376288659795, 33.37306701030928, 13.666237113402023, 36.852448453608254, -1, -1, -1, -1
90, 0, 225.8915914948454, 33.25346327319588, 14.1084085051546, 37.05178801546393, -1, -1, -1, -1
91, 0, 225.4494201030928, 33.13385953608247, 14.550579896907177, 37.25112757731959, -1, -1, -1, -1
92, 0, 225.00724871134022, 33.01425579896907, 14.992751288659754, 37.45046713917527, -1, -1, -1, -1
93, 0, 224.56507731958766, 32.894652061855666, 15.43492268041233, 37.64980670103094, -1, -1, -1, -1
94, 0, 224.12290592783506, 32.775048324742265, 15.877094072164905, 37.849146262886606, -1, -1, -1, -1
95, 0, 223.6807345360825, 32.655444587628864, 16.319265463917482, 38.04848582474228, -1, -1, -1, -1
96, 0, 223.23856314432993, 32.53584085051546, 16.76143685567006, 38.24782538659795, -1, -1, -1, -1
97, 0, 222.79639175257734, 32.41623711340206, 17.203608247422636, 38.44716494845362, -1, -1, -1, -1
98, 0, 222.35422036082474, 32.29663337628866, 17.645779639175213, 38.646504510309285, -1, -1, -1, -1
99, 0, 221.91204896907217, 32.17702963917526, 18.08795103092779, 38.84584407216496, -1, -1, -1, -1
100, 0, 221.4698775773196, 32.05742590206186, 18.530122422680368, 39.04518363402063, -1, -1, -1, -1
101, 0, 221.027706185567, 31.937822164948454, 18.972293814432945, 39.2445231958763, -1, -1, -1, -1
102, 0, 220.58553479381445, 31.81821842783505, 19.414465206185522, 39.443862757731964, -1, -1, -1, -1
103, 0, 220.14336340206188, 31.698614690721648, 19.8566365979381, 39.64320231958764, -1, -1, -1, -1
104, 0, 219.70119201030928, 31.579010953608247, 20.298807989690676, 39.84254188144331, -1, -1, -1, -1
105, 0, 219.25902061855672, 31.459407216494846, 20.740979381443253, 40.041881443298976, -1, -1, -1, -1
106, 0, 218.81684922680415, 31.339803479381445, 21.18315077319583, 40.24122100515464, -1, -1, -1, -1
107, 0, 218.37467783505156, 31.220199742268044, 21.625322164948408, 40.440560567010316, -1, -1, -1, -1
108, 0, 217.932506443299, 31.100596005154642, 22.067493556700985, 40.63990012886599, -1, -1, -1, -1
109, 0, 217.49033505154642, 30.980992268041238, 22.509664948453562, 40.839239690721655, -1, -1, -1, -1
110, 0, 217.04816365979383, 30.861388530927833, 22.95183634020614, 41.03857925257732, -1, -1, -1, -1
111, 0, 216.60599226804126, 30.741784793814432, 23.394007731958716, 41.237918814432994, -1, -1, -1, -1
112, 0, 216.1638208762887, 30.62218105670103, 23.836179123711293, 41.43725837628867, -1, -1, -1, -1
113, 0, 215.7216494845361, 30.50257731958763, 24.27835051546387, 41.636597938144334, -1, -1, -1, -1
114, 0, 215.2794780927835, 30.38297358247423, 24.72052190721645, 41.8359375, -1, -1, -1, -1
115, 0, 214.83730670103094, 30.263369845360828, 25.162693298969028, 42.03527706185567, -1, -1, -1, -1
116, 0, 214.39513530927837, 30.143766108247426, 25.604864690721605, 42.23461662371135, -1, -1, -1, -1
117, 0, 213.95296391752578, 30.02416237113402, 26.047036082474186, 42.43395618556701, -1, -1, -1, -1
118, 0, 213.51079252577318, 29.904558634020617, 26.489207474226767, 42.63329574742268, -1, -1, -1, -1
119, 0, 213.06862113402062, 29.784954896907216, 26.931378865979344, 42.83263530927835, -1, -1, -1, -1
120, 0, 212.62644974226805, 29.665351159793815, 27.37355025773192, 43.031974871134025, -1, -1, -1, -1
121, 0, 212.18427835051546, 29.545747422680414, 27.8157216494845, 43.23131443298969, -1, -1, -1, -1
122, 0, 211.74210695876286, 29.426143685567013, 28.257893041237082, 43.43065399484536, -1, -1, -1, -1
123, 0, 211.2999355670103, 29.30653994845361, 28.70006443298966, 43.62999355670103, -1, -1, -1, -1
124, 0, 210.85776417525773, 29.18693621134021, 29.142235824742237, 43.829333118556704, -1, -1, -1, -1
125, 0, 210.41559278350513, 29.067332474226806, 29.584407216494817, 44.02867268041237, -1, -1, -1, -1
126, 0, 209.97342139175257, 28.9477287371134, 30.026578608247398, 44.228012242268036, -1, -1, -1, -1
127, 0, 209.53125, 28.828125, 30.468749999999975, 44.42735180412371, -1, -1, -1, -1
128, 0, 209.0890786082474, 28.7085212628866, 30.910921391752552, 44.62669136597938, -1, -1, -1, -1
129, 0, 208.64690721649484, 28.588917525773198, 31.353092783505133, 44.82603092783505, -1, -1, -1, -1
130, 0, 208.20473582474227, 28.469313788659797, 31.79526417525771, 45.025370489690715, -1, -1, -1, -1
131, 0, 207.76256443298968, 28.349710051546396, 32.23743556701029, 45.22471005154639, -1, -1, -1, -1
132, 0, 207.3203930412371, 28.230106314432994, 32.67960695876286, 45.42404961340206, -1, -1, -1, -1
133, 0, 206.87822164948454, 28.11050257731959, 33.12177835051544, 45.62338917525773, -1, -1, -1, -1
134, 0, 206.43605025773195, 27.990898840206185, 33.56394974226802, 45.8227287371134, -1, -1, -1, -1
135, 0, 205.99387886597938, 27.871295103092784, 34.006121134020596, 46.022068298969074, -1, -1, -1, -1
136, 0, 205.55170747422682, 27.751691365979383, 34.44829252577317, 46.22140786082474, -1, -1, -1, -1
137, 0, 205.10953608247422, 27.632087628865982, 34.89046391752575, 46.420747422680414, -1, -1, -1, -1
138, 0, 204.66736469072163, 27.51248389175258, 35.33263530927833, 46.62008698453609, -1, -1, -1, -1
139, 0, 204.22519329896906, 27.39288015463918, 35.774806701030904, 46.81942654639175, -1, -1, -1, -1
140, 0, 203.7830219072165, 27.27327641752578, 36.21697809278348, 47.018766108247426, -1, -1, -1, -1
141, 0, 203.3408505154639, 27.153672680412374, 36.65914948453606, 47.2181056701031, -1, -1, -1, -1
142, 0, 202.89867912371133, 27.03406894329897, 37.10132087628863, 47.417445231958766, -1, -1, -1, -1
143, 0, 202.45650773195877, 26.914465206185568, 37.543492268041206, 47.61678479381444, -1, -1, -1, -1
144, 0, 202.01433634020617, 26.794861469072167, 37.98566365979379, 47.81612435567011, -1, -1, -1, -1
145, 0, 201.5721649484536, 26.675257731958766, 38.42783505154636, 48.01546391752578, -1, -1, -1, -1
146, 0, 201.10534793814566, 26.518585536678206, 38.89465206185429, 48.172136112806825, -1, -1, -1, -1
147, 0, 200.63853092783773, 26.361913341397646, 39.36146907216221, 48.328808308087865, -1, -1, -1, -1
148, 0, 200.17171391752981, 26.205241146117082, 39.828286082470136, 48.485480503368905, -1, -1, -1, -1
149, 0, 199.7048969072219, 26.048568950836522, 40.295103092778064, 48.64215269864995, -1, -1, -1, -1
150, 0, 199.23807989691397, 25.891896755555962, 40.761920103085984, 48.798824893931, -1, -1, -1, -1
151, 0, 198.77126288660602, 25.735224560275398, 41.22873711339391, 48.955497089212045, -1, -1, -1, -1
152, 0, 198.30444587629808, 25.578552364994838, 41.69555412370184, 49.11216928449309, -1, -1, -1, -1
153, 0, 197.83762886599015, 25.421880169714278, 42.16237113400976, 49.26884147977413, -1, -1, -1, -1
154, 0, 197.37081185568223, 25.265207974433718, 42.62918814431768, 49.42551367505517, -1, -1, -1, -1
155, 0, 196.90399484537429, 25.108535779153158, 43.09600515462561, 49.58218587033622, -1, -1, -1, -1
156, 0, 196.43717783506634, 24.951863583872598, 43.562822164933536, 49.738858065617265, -1, -1, -1, -1
157, 0, 195.97036082475842, 24.795191388592038, 44.029639175241456, 49.89553026089831, -1, -1, -1, -1
158, 0, 195.5035438144505, 24.638519193311478, 44.49645618554938, 50.05220245617936, -1, -1, -1, -1
159, 0, 195.03672680414255, 24.481846998030917, 44.963273195857305, 50.2088746514604, -1, -1, -1, -1
160, 0, 194.5699097938346, 24.325174802750354, 45.43009020616523, 50.36554684674144, -1, -1, -1, -1
161, 0, 194.10309278352668, 24.168502607469794, 45.89690721647315, 50.522219042022485, -1, -1, -1, -1
162, 0, 193.63627577321876, 24.011830412189234, 46.36372422678108, 50.67889123730353, -1, -1, -1, -1
163, 0, 193.1694587629108, 23.85515821690867, 46.83054123708901, 50.83556343258457, -1, -1, -1, -1
164, 0, 192.70264175260286, 23.69848602162811, 47.29735824739693, 50.99223562786561, -1, -1, -1, -1
165, 0, 192.23582474229494, 23.54181382634755, 47.764175257704856, 51.14890782314666, -1, -1, -1, -1
166, 0, 191.76900773198702, 23.38514163106699, 48.230992268012784, 51.305580018427705, -1, -1, -1, -1
167, 0, 191.30219072167907, 23.22846943578643, 48.697809278320705, 51.462252213708744, -1, -1, -1, -1
168, 0, 190.83537371137112, 23.07179724050587, 49.16462628862863, 51.618924408989784, -1, -1, -1, -1
169, 0, 190.3685567010632, 22.91512504522531, 49.63144329893656, 51.77559660427083, -1, -1, -1, -1
170, 0, 189.90173969075528, 22.75845284994475, 50.09826030924449, 51.93226879955188, -1, -1, -1, -1
171, 0, 189.43492268044733, 22.60178065466419, 50.565077319552415, 52.08894099483292, -1, -1, -1, -1
172, 0, 188.96810567013938, 22.445108459383626, 51.03189432986034, 52.24561319011396, -1, -1, -1, -1
173, 0, 188.50128865983146, 22.288436264103066, 51.49871134016827, 52.402285385395004, -1, -1, -1, -1
174, 0, 188.03447164952354, 22.131764068822505, 51.9655283504762, 52.55895758067605, -1, -1, -1, -1
175, 0, 187.56765463921562, 21.975091873541942, 52.432345360784126, 52.7156297759571, -1, -1, -1, -1
176, 0, 187.1008376289077, 21.81841967826138, 52.899162371092046, 52.872301971238144, -1, -1, -1, -1
177, 0, 186.63402061859975, 21.66174748298082, 53.365979381399974, 53.028974166519184, -1, -1, -1, -1
178, 0, 186.16720360828958, 21.65988118017817, 53.83279639171015, 53.03084046932152, -1, -1, -1, -1
179, 0, 185.7003865979794, 21.65801487737552, 54.29961340202033, 53.032706772123845, -1, -1, -1, -1
180, 0, 185.23356958766922, 21.65614857457287, 54.76643041233051, 53.03457307492617, -1, -1, -1, -1
181, 0, 184.76675257735906, 21.65428227177022, 55.23324742264069, 53.0364393777285, -1, -1, -1, -1
182, 0, 184.29993556704886, 21.65241596896757, 55.70006443295087, 53.038305680530826, -1, -1, -1, -1
183, 0, 183.8331185567387, 21.65054966616492, 56.16688144326105, 53.04017198333315, -1, -1, -1, -1
184, 0, 183.36630154642853, 21.64868336336227, 56.63369845357123, 53.04203828613548, -1, -1, -1, -1
185, 0, 182.89948453611834, 21.64681706055962, 57.10051546388141, 53.04390458893781, -1, -1, -1, -1
186, 0, 182.43266752580817, 21.64495075775697, 57.56733247419159, 53.04577089174013, -1, -1, -1, -1
187, 0, 181.965850515498, 21.64308445495432, 58.03414948450177, 53.04763719454246, -1, -1, -1, -1
188, 0, 181.4990335051878, 21.64121815215167, 58.50096649481195, 53.04950349734479, -1, -1, -1, -1
189, 0, 181.03221649487764, 21.63935184934902, 58.96778350512213, 53.051369800147114, -1, -1, -1, -1
190, 0, 180.56539948456748, 21.63748554654637, 59.43460051543231, 53.05323610294944, -1, -1, -1, -1
191, 0, 180.09858247425728, 21.63561924374372, 59.90141752574249, 53.05510240575177, -1, -1, -1, -1
192, 0, 179.63176546394712, 21.63375294094107, 60.36823453605267, 53.056968708554095, -1, -1, -1, -1
193, 0, 179.16494845363695, 21.63188663813842, 60.83505154636285, 53.05883501135643, -1, -1, -1, -1
194, 0, 178.6981314433268, 21.630020335335768, 61.30186855667303, 53.06070131415876, -1, -1, -1, -1
195, 0, 178.23131443301662, 21.628154032533118, 61.76868556698321, 53.06256761696109, -1, -1, -1, -1
196, 0, 177.76449742270643, 21.626287729730468, 62.23550257729339, 53.06443391976342, -1, -1, -1, -1
197, 0, 177.29768041239626, 21.624421426927817, 62.702319587603576, 53.066300222565744, -1, -1, -1, -1
198, 0, 176.8308634020861, 21.622555124125167, 63.16913659791376, 53.06816652536807, -1, -1, -1, -1
199, 0, 176.3640463917759, 21.620688821322517, 63.63595360822394, 53.070032828170405, -1, -1, -1, -1
200, 0, 175.89722938146573, 21.618822518519867, 64.10277061853412, 53.07189913097274, -1, -1, -1, -1
201, 0, 175.43041237115557, 21.616956215717217, 64.5695876288443, 53.073765433775066, -1, -1, -1, -1
202, 0, 174.96359536084537, 21.615089912914566, 65.03640463915448, 53.07563173657739, -1, -1, -1, -1
203, 0, 174.4967783505352, 21.613223610111916, 65.50322164946468, 53.07749803937972, -1, -1, -1, -1
204, 0, 174.02996134022504, 21.611357307309266, 65.97003865977486, 53.079364342182046, -1, -1, -1, -1
205, 0, 173.56314432991485, 21.609491004506616, 66.43685567008504, 53.08123064498438, -1, -1, -1, -1
206, 0, 173.09632731960468, 21.607624701703966, 66.90367268039522, 53.083096947786714, -1, -1, -1, -1
207, 0, 172.62951030929452, 21.605758398901315, 67.3704896907054, 53.08496325058904, -1, -1, -1, -1
208, 0, 172.16269329898432, 21.60389209609866, 67.83730670101558, 53.08682955339137, -1, -1, -1, -1
209, 0, 171.69587628867416, 21.60202579329601, 68.30412371132576, 53.088695856193695, -1, -1, -1, -1
210, 0, 171.229059278364, 21.60015949049336, 68.77094072163594, 53.09056215899602, -1, -1, -1, -1
211, 0, 170.7622422680538, 21.59829318769071, 69.23775773194612, 53.09242846179835, -1, -1, -1, -1
212, 0, 170.29542525774363, 21.59642688488806, 69.7045747422563, 53.094294764600676, -1, -1, -1, -1
213, 0, 169.82860824743346, 21.59456058208541, 70.17139175256648, 53.096161067403, -1, -1, -1, -1
214, 0, 169.36179123712327, 21.59269427928276, 70.63820876287666, 53.09802737020533, -1, -1, -1, -1
215, 0, 168.8949742268131, 21.59082797648011, 71.10502577318684, 53.09989367300766, -1, -1, -1, -1
216, 0, 168.42815721650294, 21.58896167367746, 71.57184278349702, 53.10175997580998, -1, -1, -1, -1
217, 0, 167.96134020619274, 21.58709537087481, 72.0386597938072, 53.10362627861231, -1, -1, -1, -1
218, 0, 167.49452319588258, 21.58522906807216, 72.50547680411738, 53.10549258141464, -1, -1, -1, -1
219, 0, 167.0277061855724, 21.58336276526951, 72.97229381442756, 53.107358884216964, -1, -1, -1, -1
220, 0, 166.56088917526222, 21.58149646246686, 73.43911082473774, 53.10922518701929, -1, -1, -1, -1
221, 0, 166.09407216495205, 21.57963015966421, 73.90592783504792, 53.11109148982162, -1, -1, -1, -1
222, 0, 165.6272551546419, 21.57776385686156, 74.3727448453581, 53.112957792623945, -1, -1, -1, -1
223, 0, 165.1604381443317, 21.57589755405891, 74.83956185566828, 53.11482409542627, -1, -1, -1, -1
224, 0, 164.69362113402153, 21.574031251256258, 75.30637886597844, 53.1166903982286, -1, -1, -1, -1
225, 0, 164.22680412371136, 21.572164948453608, 75.77319587628863, 53.11855670103093, -1, -1, -1, -1
226, 0, 163.71717700974443, 21.546794458762903, 76.28282299025554, 53.165673324742784, -1, -1, -1, -1
227, 0, 163.20754989577753, 21.521423969072202, 76.79245010422247, 53.21278994845464, -1, -1, -1, -1
228, 0, 162.69792278181063, 21.4960534793815, 77.30207721818938, 53.25990657216649, -1, -1, -1, -1
229, 0, 162.1882956678437, 21.4706829896908, 77.8117043321563, 53.307023195878344, -1, -1, -1, -1
230, 0, 161.67866855387678, 21.4453125000001, 78.32133144612321, 53.354139819590195, -1, -1, -1, -1
231, 0, 161.16904143990988, 21.4199420103094, 78.83095856009012, 53.401256443302046, -1, -1, -1, -1
232, 0, 160.65941432594298, 21.394571520618697, 79.34058567405704, 53.4483730670139, -1, -1, -1, -1
233, 0, 160.14978721197605, 21.369201030927996, 79.85021278802395, 53.49548969072575, -1, -1, -1, -1
234, 0, 159.64016009800912, 21.343830541237296, 80.35983990199087, 53.5426063144376, -1, -1, -1, -1
235, 0, 159.13053298404222, 21.318460051546595, 80.86946701595778, 53.58972293814945, -1, -1, -1, -1
236, 0, 158.62090587007532, 21.293089561855894, 81.3790941299247, 53.63683956186131, -1, -1, -1, -1
237, 0, 158.1112787561084, 21.267719072165193, 81.88872124389161, 53.68395618557316, -1, -1, -1, -1
238, 0, 157.60165164214146, 21.24234858247449, 82.39834835785852, 53.73107280928501, -1, -1, -1, -1
239, 0, 157.09202452817453, 21.21697809278379, 82.90797547182544, 53.77818943299687, -1, -1, -1, -1
240, 0, 156.5823974142076, 21.19160760309309, 83.41760258579235, 53.82530605670872, -1, -1, -1, -1
241, 0, 156.0727703002407, 21.166237113402385, 83.92722969975927, 53.87242268042057, -1, -1, -1, -1
242, 0, 155.5631431862738, 21.14086662371168, 84.43685681372618, 53.91953930413242, -1, -1, -1, -1
243, 0, 155.05351607230688, 21.11549613402098, 84.9464839276931, 53.96665592784427, -1, -1, -1, -1
244, 0, 154.54388895833995, 21.09012564433028, 85.45611104166001, 54.01377255155612, -1, -1, -1, -1
245, 0, 154.03426184437305, 21.064755154639577, 85.96573815562692, 54.060889175267974, -1, -1, -1, -1
246, 0, 153.52463473040615, 21.039384664948876, 86.47536526959384, 54.108005798979825, -1, -1, -1, -1
247, 0, 153.01500761643922, 21.014014175258175, 86.98499238356075, 54.155122422691676, -1, -1, -1, -1
248, 0, 152.5053805024723, 20.988643685567475, 87.49461949752767, 54.20223904640353, -1, -1, -1, -1
249, 0, 151.9957533885054, 20.963273195876774, 88.00424661149458, 54.24935567011538, -1, -1, -1, -1
250, 0, 151.4861262745385, 20.937902706186073, 88.5138737254615, 54.29647229382723, -1, -1, -1, -1
251, 0, 150.97649916057156, 20.91253221649537, 89.02350083942841, 54.34358891753908, -1, -1, -1, -1
252, 0, 150.46687204660464, 20.88716172680467, 89.53312795339532, 54.39070554125093, -1, -1, -1, -1
253, 0, 149.95724493263774, 20.86179123711397, 90.04275506736224, 54.43782216496278, -1, -1, -1, -1
254, 0, 149.44761781867084, 20.83642074742327, 90.55238218132915, 54.48493878867463, -1, -1, -1, -1
255, 0, 148.9379907047039, 20.811050257732568, 91.06200929529606, 54.532055412386484, -1, -1, -1, -1
256, 0, 148.42836359073698, 20.785679768041867, 91.57163640926298, 54.57917203609834, -1, -1, -1, -1
257, 0, 147.91873647677008, 20.760309278351166, 92.0812635232299, 54.62628865981019, -1, -1, -1, -1
258, 0, 147.40910936280318, 20.734938788660465, 92.59089063719681, 54.673405283522044, -1, -1, -1, -1
259, 0, 146.89948224883625, 20.709568298969764, 93.10051775116372, 54.7205219072339, -1, -1, -1, -1
260, 0, 146.38985513486932, 20.684197809279063, 93.61014486513064, 54.76763853094575, -1, -1, -1, -1
261, 0, 145.8802280209024, 20.65882731958836, 94.11977197909755, 54.814755154657604, -1, -1, -1, -1
262, 0, 145.37060090693546, 20.63345682989766, 94.62939909306446, 54.861871778369455, -1, -1, -1, -1
263, 0, 144.86097379296857, 20.60808634020696, 95.13902620703138, 54.908988402081306, -1, -1, -1, -1
264, 0, 144.35134667900167, 20.58271585051626, 95.64865332099829, 54.956105025793164, -1, -1, -1, -1
265, 0, 143.84171956503474, 20.557345360825554, 96.1582804349652, 55.003221649505015, -1, -1, -1, -1
266, 0, 143.3320924510678, 20.53197487113485, 96.66790754893212, 55.050338273216866, -1, -1, -1, -1
267, 0, 142.8224653371009, 20.50660438144415, 97.17753466289903, 55.097454896928724, -1, -1, -1, -1
268, 0, 142.312838223134, 20.481233891753448, 97.68716177686595, 55.144571520640575, -1, -1, -1, -1
269, 0, 141.80321110916708, 20.455863402062747, 98.19678889083286, 55.191688144352426, -1, -1, -1, -1
270, 0, 141.29358399520015, 20.430492912372046, 98.70641600479978, 55.23880476806428, -1, -1, -1, -1
271, 0, 140.78395688123325, 20.405122422681345, 99.21604311876669, 55.28592139177613, -1, -1, -1, -1
272, 0, 140.27432976726635, 20.379751932990644, 99.72567023273362, 55.333038015487986, -1, -1, -1, -1
273, 0, 139.76470265329942, 20.354381443299943, 100.23529734670053, 55.38015463919984, -1, -1, -1, -1
274, 0, 139.2550755393364, 20.32901095360916, 100.5467930173646, 55.42727126290964, -1, -1, -1, -1
275, 0, 138.74544842537335, 20.303640463918377, 100.85828868802868, 55.47438788661944, -1, -1, -1, -1
276, 0, 138.23582131141032, 20.278269974227598, 101.16978435869275, 55.521504510329244, -1, -1, -1, -1
277, 0, 137.72619419744728, 20.252899484536815, 101.48128002935682, 55.56862113403905, -1, -1, -1, -1
278, 0, 137.21656708348425, 20.227528994846033, 101.7927757000209, 55.61573775774885, -1, -1, -1, -1
279, 0, 136.70693996952122, 20.202158505155253, 102.10427137068497, 55.66285438145866, -1, -1, -1, -1
280, 0, 136.19731285555818, 20.17678801546447, 102.41576704134904, 55.70997100516846, -1, -1, -1, -1
281, 0, 135.68768574159515, 20.151417525773688, 102.72726271201311, 55.75708762887827, -1, -1, -1, -1
282, 0, 135.1780586276321, 20.126047036082905, 103.03875838267719, 55.80420425258807, -1, -1, -1, -1
283, 0, 134.66843151366908, 20.100676546392123, 103.35025405334126, 55.851320876297876, -1, -1, -1, -1
284, 0, 134.15880439970604, 20.075306056701343, 103.66174972400533, 55.89843750000768, -1, -1, -1, -1
285, 0, 133.649177285743, 20.04993556701056, 103.9732453946694, 55.945554123717486, -1, -1, -1, -1
286, 0, 133.13955017177997, 20.024565077319778, 104.28474106533348, 55.99267074742729, -1, -1, -1, -1
287, 0, 132.62992305781694, 19.999194587629, 104.59623673599755, 56.039787371137095, -1, -1, -1, -1
288, 0, 132.1202959438539, 19.973824097938216, 104.90773240666162, 56.0869039948469, -1, -1, -1, -1
289, 0, 131.61066882989087, 19.948453608247434, 105.2192280773257, 56.134020618556704, -1, -1, -1, -1
290, 0, 131.10659713654593, 19.940169366715768, 105.22624527877079, 56.14437592047128, -1, -1, -1, -1
291, 0, 130.602525443201, 19.931885125184102, 105.23326248021587, 56.15473122238586, -1, -1, -1, -1
292, 0, 130.09845374985605, 19.92360088365244, 105.24027968166095, 56.16508652430044, -1, -1, -1, -1
293, 0, 129.5943820565111, 19.915316642120775, 105.24729688310603, 56.17544182621502, -1, -1, -1, -1
294, 0, 129.09031036316617, 19.90703240058911, 105.25431408455111, 56.1857971281296, -1, -1, -1, -1
295, 0, 128.58623866982123, 19.898748159057448, 105.2613312859962, 56.19615243004418, -1, -1, -1, -1
296, 0, 128.0821669764763, 19.890463917525782, 105.2683484874413, 56.206507731958766, -1, -1, -1, -1
297, 0, 127.57809528313136, 19.882179675994117, 105.27536568888638, 56.216863033873345, -1, -1, -1, -1
298, 0, 127.07402358978644, 19.873895434462455, 105.28238289033146, 56.227218335787924, -1, -1, -1, -1
299, 0, 126.5699518964415, 19.86561119293079, 105.28940009177654, 56.23757363770251, -1, -1, -1, -1
300, 0, 126.06588020309655, 19.857326951399124, 105.29641729322162, 56.24792893961709, -1, -1, -1, -1
301, 0, 125.56180850975161, 19.84904270986746, 105.30343449466672, 56.25828424153167, -1, -1, -1, -1
302, 0, 125.05773681640667, 19.840758468335796, 105.31045169611181, 56.26863954344625, -1, -1, -1, -1
303, 0, 124.55366512306173, 19.83247422680413, 105.31746889755689, 56.27899484536083, -1, -1, -1, -1
304, 0, 124.0495934297168, 19.82418998527247, 105.32448609900197, 56.28935014727541, -1, -1, -1, -1
305, 0, 123.54552173637185, 19.815905743740803, 105.33150330044705, 56.299705449189986, -1, -1, -1, -1
306, 0, 123.04145004302691, 19.807621502209138, 105.33852050189213, 56.310060751104565, -1, -1, -1, -1
307, 0, 122.53737834968197, 19.799337260677476, 105.34553770333721, 56.320416053019144, -1, -1, -1, -1
308, 0, 122.03330665633703, 19.79105301914581, 105.3525549047823, 56.330771354933724, -1, -1, -1, -1
309, 0, 121.52923496299209, 19.782768777614145, 105.35957210622739, 56.3411266568483, -1, -1, -1, -1
310, 0, 121.02516326964715, 19.774484536082483, 105.36658930767248, 56.35148195876288, -1, -1, -1, -1
311, 0, 120.52109157630221, 19.766200294550817, 105.37360650911756, 56.36183726067746, -1, -1, -1, -1
312, 0, 120.01701988295727, 19.75791605301915, 105.38062371056265, 56.37219256259205, -1, -1, -1, -1
313, 0, 119.51294818961235, 19.74963181148749, 105.38764091200773, 56.38254786450663, -1, -1, -1, -1
314, 0, 119.00887649626742, 19.741347569955828, 105.3946581134528, 56.392903166421206, -1, -1, -1, -1
315, 0, 118.50480480292248, 19.733063328424162, 105.40167531489789, 56.40325846833579, -1, -1, -1, -1
316, 0, 118.00073310957754, 19.724779086892497, 105.40869251634297, 56.41361377025037, -1, -1, -1, -1
317, 0, 117.4966614162326, 19.716494845360835, 105.41570971778806, 56.42396907216495, -1, -1, -1, -1
318, 0, 116.99258972288766, 19.70821060382917, 105.42272691923316, 56.43432437407953, -1, -1, -1, -1
319, 0, 116.48851802954272, 19.699926362297504, 105.42974412067824, 56.44467967599411, -1, -1, -1, -1
320, 0, 115.98444633619778, 19.69164212076584, 105.43676132212332, 56.45503497790869, -1, -1, -1, -1
321, 0, 115.48037464285284, 19.683357879234176, 105.4437785235684, 56.46539027982327, -1, -1, -1, -1
322, 0, 114.9763029495079, 19.67507363770251, 105.45079572501348, 56.47574558173785, -1, -1, -1, -1
323, 0, 114.47223125616296, 19.66678939617085, 105.45781292645857, 56.486100883652426, -1, -1, -1, -1
324, 0, 113.96815956281802, 19.658505154639183, 105.46483012790367, 56.496456185567006, -1, -1, -1, -1
325, 0, 113.46408786947308, 19.650220913107518, 105.47184732934875, 56.506811487481585, -1, -1, -1, -1
326, 0, 112.96001617612814, 19.641936671575856, 105.47886453079383, 56.517166789396164, -1, -1, -1, -1
327, 0, 112.4559444827832, 19.63365243004419, 105.48588173223891, 56.52752209131074, -1, -1, -1, -1
328, 0, 111.95187278943826, 19.625368188512525, 105.49289893368399, 56.53787739322533, -1, -1, -1, -1
329, 0, 111.44780109609333, 19.617083946980863, 105.49991613512908, 56.54823269513991, -1, -1, -1, -1
330, 0, 110.9437294027484, 19.608799705449197, 105.50693333657418, 56.55858799705449, -1, -1, -1, -1
331, 0, 110.43965770940346, 19.60051546391753, 105.51395053801926, 56.568943298969074, -1, -1, -1, -1
332, 0, 109.93558601605852, 19.59223122238587, 105.52096773946434, 56.579298600883654, -1, -1, -1, -1
333, 0, 109.43151432271358, 19.583946980854204, 105.52798494090942, 56.58965390279823, -1, -1, -1, -1
334, 0, 108.92744262936864, 19.57566273932254, 105.5350021423545, 56.60000920471281, -1, -1, -1, -1
335, 0, 108.4233709360237, 19.567378497790877, 105.5420193437996, 56.61036450662739, -1, -1, -1, -1
336, 0, 107.91929924267876, 19.55909425625921, 105.54903654524469, 56.62071980854197, -1, -1, -1, -1
337, 0, 107.41522754933382, 19.550810014727546, 105.55605374668977, 56.63107511045655, -1, -1, -1, -1
338, 0, 106.91115585598888, 19.542525773195884, 105.56307094813485, 56.64143041237113, -1, -1, -1, -1
339, 0, 106.40708416264394, 19.534241531664218, 105.57008814957995, 56.65178571428571, -1, -1, -1, -1
340, 0, 105.903012469299, 19.525957290132553, 105.57710535102504, 56.662141016200295, -1, -1, -1, -1
341, 0, 105.39894077595406, 19.51767304860089, 105.58412255247012, 56.672496318114874, -1, -1, -1, -1
342, 0, 104.89486908260912, 19.509388807069225, 105.5911397539152, 56.68285162002945, -1, -1, -1, -1
343, 0, 104.39079738926418, 19.50110456553756, 105.59815695536028, 56.69320692194404, -1, -1, -1, -1
344, 0, 103.88672569591924, 19.492820324005898, 105.60517415680536, 56.70356222385862, -1, -1, -1, -1
345, 0, 103.38265400257431, 19.484536082474232, 105.61219135825046, 56.7139175257732, -1, -1, -1, -1
346, 0, 102.87858230922939, 19.476251840942567, 105.61920855969555, 56.72427282768778, -1, -1, -1, -1
347, 0, 102.37451061588445, 19.467967599410905, 105.62622576114063, 56.734628129602356, -1, -1, -1, -1
348, 0, 101.8704389225395, 19.45968335787924, 105.63324296258571, 56.744983431516935, -1, -1, -1, -1
349, 0, 101.36636722919457, 19.451399116347574, 105.64026016403079, 56.755338733431515, -1, -1, -1, -1
350, 0, 100.86229553584963, 19.44311487481591, 105.64727736547587, 56.765694035346094, -1, -1, -1, -1
351, 0, 100.35822384250469, 19.434830633284246, 105.65429456692097, 56.77604933726067, -1, -1, -1, -1
352, 0, 99.85415214915975, 19.42654639175258, 105.66131176836606, 56.78640463917526, -1, -1, -1, -1
353, 0, 99.3500804558148, 19.41826215022092, 105.66832896981114, 56.79675994108984, -1, -1, -1, -1
354, 0, 98.84600876246986, 19.409977908689253, 105.67534617125622, 56.80711524300442, -1, -1, -1, -1
355, 0, 98.34193706912492, 19.401693667157588, 105.6823633727013, 56.817470544919004, -1, -1, -1, -1
356, 0, 97.83786537577998, 19.393409425625926, 105.68938057414638, 56.82782584683358, -1, -1, -1, -1
357, 0, 97.33379368243504, 19.38512518409426, 105.69639777559148, 56.83818114874816, -1, -1, -1, -1
358, 0, 96.8297219890901, 19.376840942562595, 105.70341497703657, 56.84853645066274, -1, -1, -1, -1
359, 0, 96.32565029574516, 19.368556701030933, 105.71043217848165, 56.85889175257732, -1, -1, -1, -1
360, 0, 95.82157860240022, 19.360272459499267, 105.71744937992673, 56.8692470544919, -1, -1, -1, -1
361, 0, 95.3175069090553, 19.3519882179676, 105.72446658137181, 56.87960235640648, -1, -1, -1, -1
362, 0, 94.81343521571037, 19.34370397643594, 105.7314837828169, 56.88995765832106, -1, -1, -1, -1
363, 0, 94.30936352236543, 19.335419734904274, 105.73850098426198, 56.90031296023564, -1, -1, -1, -1
364, 0, 93.80529182902049, 19.32713549337261, 105.74551818570706, 56.91066826215022, -1, -1, -1, -1
365, 0, 93.30122013567555, 19.318851251840947, 105.75253538715215, 56.9210235640648, -1, -1, -1, -1
366, 0, 92.79714844233061, 19.31056701030928, 105.75955258859724, 56.931378865979376, -1, -1, -1, -1
367, 0, 92.29307674898567, 19.302282768777616, 105.76656979004233, 56.941734167893955, -1, -1, -1, -1
368, 0, 91.78900505564073, 19.293998527245954, 105.7735869914874, 56.952089469808534, -1, -1, -1, -1
369, 0, 91.28493336229579, 19.28571428571429, 105.78060419293249, 56.96244477172311, -1, -1, -1, -1
370, 0, 90.78086166895085, 19.277430044182623, 105.78762139437757, 56.97280007363769, -1, -1, -1, -1
371, 0, 90.27678997560591, 19.26914580265096, 105.79463859582266, 56.98315537555227, -1, -1, -1, -1
372, 0, 89.77271828226097, 19.260861561119295, 105.80165579726776, 56.99351067746686, -1, -1, -1, -1
373, 0, 89.26864658891603, 19.25257731958763, 105.80867299871284, 57.00386597938144, -1, -1, -1, -1
374, 0, 88.76457489557109, 19.244293078055968, 105.81569020015792, 57.01422128129602, -1, -1, -1, -1
375, 0, 88.26050320222615, 19.236008836524302, 105.82270740160301, 57.0245765832106, -1, -1, -1, -1
376, 0, 87.7564315088812, 19.227724594992637, 105.8297246030481, 57.03493188512518, -1, -1, -1, -1
377, 0, 87.25235981553627, 19.219440353460975, 105.83674180449319, 57.04528718703976, -1, -1, -1, -1
378, 0, 86.74828812219133, 19.211156111929313, 105.84375900593827, 57.05564248895434, -1, -1, -1, -1
379, 0, 86.24421642884639, 19.202871870397647, 105.85077620738336, 57.06599779086892, -1, -1, -1, -1
380, 0, 85.74014473550145, 19.194587628865982, 105.85779340882846, 57.076353092783506, -1, -1, -1, -1
381, 0, 85.2360730421565, 19.18630338733432, 105.86481061027354, 57.086708394698086, -1, -1, -1, -1
382, 0, 84.73200134881156, 19.178019145802654, 105.87182781171862, 57.097063696612665, -1, -1, -1, -1
383, 0, 84.22792965546662, 19.16973490427099, 105.8788450131637, 57.10741899852725, -1, -1, -1, -1
384, 0, 83.72385796212168, 19.161450662739327, 105.88586221460878, 57.11777430044183, -1, -1, -1, -1
385, 0, 83.21978626877676, 19.15316642120766, 105.89287941605387, 57.12812960235641, -1, -1, -1, -1
386, 0, 82.71571457543183, 19.144882179675996, 105.89989661749897, 57.13848490427099, -1, -1, -1, -1
387, 0, 82.21164288208689, 19.136597938144334, 105.90691381894405, 57.14884020618557, -1, -1, -1, -1
388, 0, 81.70757118874195, 19.12831369661267, 105.91393102038913, 57.15919550810015, -1, -1, -1, -1
389, 0, 81.20349949539701, 19.120029455081003, 105.92094822183421, 57.16955081001473, -1, -1, -1, -1
390, 0, 80.69942780205207, 19.11174521354934, 105.92796542327929, 57.179906111929306, -1, -1, -1, -1
391, 0, 80.19535610870713, 19.103460972017675, 105.93498262472438, 57.190261413843885, -1, -1, -1, -1
392, 0, 79.69128441536219, 19.09517673048601, 105.94199982616948, 57.20061671575847, -1, -1, -1, -1
393, 0, 79.18721272201725, 19.086892488954348, 105.94901702761456, 57.21097201767305, -1, -1, -1, -1
394, 0, 78.68314102867231, 19.078608247422682, 105.95603422905964, 57.22132731958763, -1, -1, -1, -1
395, 0, 78.17906933532737, 19.070324005891017, 105.96305143050473, 57.231682621502216, -1, -1, -1, -1
396, 0, 77.67499764198243, 19.062039764359355, 105.97006863194983, 57.242037923416795, -1, -1, -1, -1
397, 0, 77.17092594863749, 19.05375552282769, 105.97708583339491, 57.252393225331375, -1, -1, -1, -1
398, 0, 76.66685425529255, 19.045471281296024, 105.98410303483999, 57.262748527245954, -1, -1, -1, -1
399, 0, 76.16278256194761, 19.037187039764362, 105.99112023628508, 57.27310382916053, -1, -1, -1, -1
400, 0, 75.65871086860267, 19.028902798232696, 105.99813743773018, 57.28345913107511, -1, -1, -1, -1
401, 0, 75.15463917525774, 19.02061855670103, 106.00515463917526, 57.29381443298969, -1, -1, -1, -1
402, 0, 74.69072164948454, 19.022689617083948, 105.95752025036819, 57.291743372606774, -1, -1, -1, -1
403, 0, 74.22680412371136, 19.024760677466865, 105.90988586156112, 57.28967231222386, -1, -1, -1, -1
404, 0, 73.76288659793816, 19.026831737849783, 105.86225147275405, 57.28760125184094, -1, -1, -1, -1
405, 0, 73.29896907216497, 19.028902798232696, 105.81461708394698, 57.28553019145802, -1, -1, -1, -1
406, 0, 72.83505154639177, 19.03097385861561, 105.76698269513992, 57.283459131075105, -1, -1, -1, -1
407, 0, 72.37113402061857, 19.033044918998527, 105.71934830633285, 57.28138807069219, -1, -1, -1, -1
408, 0, 71.90721649484537, 19.035115979381445, 105.67171391752578, 57.27931701030927, -1, -1, -1, -1
409, 0, 71.44329896907217, 19.037187039764362, 105.62407952871871, 57.27724594992636, -1, -1, -1, -1
410, 0, 70.97938144329898, 19.03925810014728, 105.57644513991164, 57.27517488954345, -1, -1, -1, -1
411, 0, 70.51546391752578, 19.041329160530193, 105.52881075110457, 57.27310382916053, -1, -1, -1, -1
412, 0, 70.05154639175258, 19.043400220913107, 105.4811763622975, 57.271032768777616, -1, -1, -1, -1
413, 0, 69.58762886597938, 19.045471281296024, 105.43354197349043, 57.2689617083947, -1, -1, -1, -1
414, 0, 69.12371134020619, 19.04754234167894, 105.38590758468337, 57.26689064801178, -1, -1, -1, -1
415, 0, 68.65979381443299, 19.04961340206186, 105.3382731958763, 57.264819587628864, -1, -1, -1, -1
416, 0, 68.1958762886598, 19.051684462444776, 105.29063880706923, 57.26274852724595, -1, -1, -1, -1
417, 0, 67.7319587628866, 19.05375552282769, 105.24300441826215, 57.26067746686303, -1, -1, -1, -1
418, 0, 67.26804123711341, 19.055826583210603, 105.19537002945508, 57.25860640648011, -1, -1, -1, -1
419, 0, 66.80412371134022, 19.05789764359352, 105.14773564064801, 57.256535346097195, -1, -1, -1, -1
420, 0, 66.34020618556703, 19.059968703976438, 105.10010125184094, 57.25446428571428, -1, -1, -1, -1
421, 0, 65.87628865979383, 19.062039764359355, 105.05246686303387, 57.25239322533136, -1, -1, -1, -1
422, 0, 65.41237113402063, 19.064110824742272, 105.0048324742268, 57.25032216494844, -1, -1, -1, -1
423, 0, 64.94845360824743, 19.066181885125186, 104.95719808541973, 57.248251104565526, -1, -1, -1, -1
424, 0, 64.48453608247424, 19.0682529455081, 104.90956369661266, 57.24618004418261, -1, -1, -1, -1
425, 0, 64.02061855670104, 19.070324005891017, 104.8619293078056, 57.2441089837997, -1, -1, -1, -1
426, 0, 63.55670103092784, 19.072395066273934, 104.81429491899853, 57.24203792341679, -1, -1, -1, -1
427, 0, 63.09278350515464, 19.074466126656848, 104.76666053019146, 57.23996686303387, -1, -1, -1, -1
428, 0, 62.628865979381445, 19.07653718703976, 104.71902614138439, 57.237895802650954, -1, -1, -1, -1
429, 0, 62.164948453608254, 19.07860824742268, 104.67139175257732, 57.235824742268036, -1, -1, -1, -1
430, 0, 61.70103092783506, 19.080679307805596, 104.62375736377025, 57.23375368188512, -1, -1, -1, -1
431, 0, 61.237113402061865, 19.082750368188513, 104.57612297496318, 57.2316826215022, -1, -1, -1, -1
432, 0, 60.77319587628867, 19.08482142857143, 104.52848858615612, 57.229611561119285, -1, -1, -1, -1
433, 0, 60.30927835051547, 19.086892488954344, 104.48085419734905, 57.22754050073637, -1, -1, -1, -1
434, 0, 59.84536082474227, 19.088963549337258, 104.43321980854198, 57.22546944035345, -1, -1, -1, -1
435, 0, 59.381443298969074, 19.091034609720175, 104.38558541973491, 57.22339837997053, -1, -1, -1, -1
436, 0, 58.91752577319588, 19.093105670103093, 104.33795103092784, 57.221327319587616, -1, -1, -1, -1
437, 0, 58.453608247422686, 19.09517673048601, 104.29031664212077, 57.219256259204705, -1, -1, -1, -1
438, 0, 57.989690721649495, 19.097247790868927, 104.2426822533137, 57.217185198821795, -1, -1, -1, -1
439, 0, 57.5257731958763, 19.09931885125184, 104.19504786450663, 57.21511413843888, -1, -1, -1, -1
440, 0, 57.0618556701031, 19.101389911634755, 104.14741347569957, 57.21304307805596, -1, -1, -1, -1
441, 0, 56.5979381443299, 19.103460972017672, 104.0997790868925, 57.21097201767304, -1, -1, -1, -1
442, 0, 56.134020618556704, 19.10553203240059, 104.05214469808543, 57.208900957290126, -1, -1, -1, -1
443, 0, 55.670103092783506, 19.107603092783506, 104.00451030927836, 57.20682989690721, -1, -1, -1, -1
444, 0, 55.20618556701031, 19.109674153166424, 103.95687592047129, 57.20475883652429, -1, -1, -1, -1
445, 0, 54.74226804123712, 19.111745213549337, 103.90924153166422, 57.202687776141374, -1, -1, -1, -1
446, 0, 54.27835051546393, 19.11381627393225, 103.86160714285715, 57.20061671575846, -1, -1, -1, -1
447, 0, 53.81443298969073, 19.11588733431517, 103.81397275405008, 57.19854565537554, -1, -1, -1, -1
448, 0, 53.35051546391753, 19.117958394698086, 103.76633836524302, 57.19647459499262, -1, -1, -1, -1
449, 0, 52.886597938144334, 19.120029455081003, 103.71870397643595, 57.19440353460971, -1, -1, -1, -1
450, 0, 52.422680412371136, 19.12210051546392, 103.67106958762888, 57.1923324742268, -1, -1, -1, -1
451, 0, 51.95876288659794, 19.124171575846834, 103.62343519882181, 57.190261413843885, -1, -1, -1, -1
452, 0, 51.49484536082474, 19.126242636229748, 103.57580081001474, 57.18819035346097, -1, -1, -1, -1
453, 0, 51.03092783505155, 19.128313696612665, 103.52816642120767, 57.18611929307805, -1, -1, -1, -1
454, 0, 50.56701030927836, 19.130384756995582, 103.4805320324006, 57.18404823269513, -1, -1, -1, -1
455, 0, 50.10309278350516, 19.1324558173785, 103.43289764359353, 57.181977172312216, -1, -1, -1, -1
456, 0, 49.639175257731964, 19.134526877761417, 103.38526325478647, 57.1799061119293, -1, -1, -1, -1
457, 0, 49.175257731958766, 19.13659793814433, 103.3376288659794, 57.17783505154638, -1, -1, -1, -1
458, 0, 48.71134020618557, 19.138668998527244, 103.28999447717233, 57.175763991163464, -1, -1, -1, -1
459, 0, 48.24742268041237, 19.14074005891016, 103.24236008836526, 57.17369293078055, -1, -1, -1, -1
460, 0, 47.78350515463917, 19.14281111929308, 103.19472569955819, 57.17162187039763, -1, -1, -1, -1
461, 0, 47.31958762886598, 19.144882179675996, 103.14709131075112, 57.16955081001472, -1, -1, -1, -1
462, 0, 46.85567010309279, 19.146953240058913, 103.09945692194405, 57.16747974963181, -1, -1, -1, -1
463, 0, 46.39175257731959, 19.149024300441827, 103.05182253313698, 57.16540868924889, -1, -1, -1, -1
464, 0, 45.927835051546396, 19.15109536082474, 103.00418814432992, 57.163337628865975, -1, -1, -1, -1
465, 0, 45.4639175257732, 19.153166421207658, 102.95655375552285, 57.16126656848306, -1, -1, -1, -1
466, 0, 45.0, 19.155237481590575, 102.90891936671576, 57.15919550810014, -1, -1, -1, -1
467, 0, 44.5360824742268, 19.157308541973492, 102.8612849779087, 57.15712444771722, -1, -1, -1, -1
468, 0, 44.072164948453604, 19.15937960235641, 102.81365058910163, 57.155053387334306, -1, -1, -1, -1
469, 0, 43.608247422680414, 19.161450662739323, 102.76601620029456, 57.15298232695139, -1, -1, -1, -1
470, 0, 43.14432989690722, 19.163521723122237, 102.71838181148749, 57.15091126656847, -1, -1, -1, -1
471, 0, 42.680412371134025, 19.165592783505154, 102.67074742268042, 57.148840206185554, -1, -1, -1, -1
472, 0, 42.21649484536083, 19.16766384388807, 102.62311303387335, 57.14676914580264, -1, -1, -1, -1
473, 0, 41.75257731958763, 19.16973490427099, 102.57547864506628, 57.144698085419726, -1, -1, -1, -1
474, 0, 41.28865979381443, 19.171805964653906, 102.52784425625921, 57.142627025036816, -1, -1, -1, -1
475, 0, 40.82474226804124, 19.17387702503682, 102.48020986745215, 57.1405559646539, -1, -1, -1, -1
476, 0, 40.36082474226805, 19.175948085419734, 102.43257547864508, 57.13848490427098, -1, -1, -1, -1
477, 0, 39.89690721649485, 19.17801914580265, 102.384941089838, 57.136413843888064, -1, -1, -1, -1
478, 0, 39.432989690721655, 19.180090206185568, 102.33730670103091, 57.13434278350515, -1, -1, -1, -1
479, 0, 38.96907216494846, 19.182161266568485, 102.28967231222384, 57.13227172312223, -1, -1, -1, -1
480, 0, 38.50515463917526, 19.184232326951403, 102.24203792341677, 57.13020066273931, -1, -1, -1, -1
481, 0, 38.04123711340207, 19.186303387334316, 102.1944035346097, 57.128129602356395, -1, -1, -1, -1
482, 0, 37.57731958762888, 19.18837444771723, 102.14676914580264, 57.12605854197348, -1, -1, -1, -1
483, 0, 37.11340206185568, 19.190445508100147, 102.09913475699557, 57.12398748159056, -1, -1, -1, -1
484, 0, 36.64948453608248, 19.192516568483065, 102.0515003681885, 57.121916421207644, -1, -1, -1, -1
485, 0, 36.185567010309285, 19.194587628865982, 102.00386597938143, 57.11984536082473, -1, -1, -1, -1
486, 0, 35.72164948453609, 19.1966586892489, 101.95623159057436, 57.11777430044182, -1, -1, -1, -1
487, 0, 35.25773195876289, 19.198729749631813, 101.9085972017673, 57.115703240058906, -1, -1, -1, -1
488, 0, 34.79381443298969, 19.200800810014726, 101.86096281296022, 57.11363217967599, -1, -1, -1, -1
489, 0, 34.3298969072165, 19.202871870397644, 101.81332842415316, 57.11156111929307, -1, -1, -1, -1
490, 0, 33.86597938144331, 19.20494293078056, 101.76569403534609, 57.109490058910154, -1, -1, -1, -1
491, 0, 33.40206185567011, 19.207013991163475, 101.71805964653902, 57.10741899852724, -1, -1, -1, -1
492, 0, 32.938144329896915, 19.20908505154639, 101.67042525773195, 57.10534793814432, -1, -1, -1, -1
493, 0, 32.47422680412372, 19.211156111929306, 101.62279086892488, 57.10327687776141, -1, -1, -1, -1
494, 0, 32.01030927835052, 19.213227172312223, 101.57515648011781, 57.1012058173785, -1, -1, -1, -1
495, 0, 31.546391752577325, 19.21529823269514, 101.52752209131074, 57.09913475699558, -1, -1, -1, -1
496, 0, 31.08247422680413, 19.217369293078058, 101.47988770250367, 57.097063696612665, -1, -1, -1, -1
497, 0, 30.618556701030933, 19.21944035346097, 101.4322533136966, 57.09499263622975, -1, -1, -1, -1
498, 0, 30.154639175257735, 19.221511413843885, 101.38461892488954, 57.09292157584683, -1, -1, -1, -1
499, 0, 29.69072164948454, 19.223582474226802, 101.33698453608247, 57.09085051546391, -1, -1, -1, -1
500, 0, 29.226804123711347, 19.22565353460972, 101.2893501472754, 57.088779455080996, -1, -1, -1, -1
501, 0, 28.76288659793815, 19.227724594992637, 101.24171575846833, 57.086708394698086, -1, -1, -1, -1
502, 0, 28.29896907216495, 19.229795655375554, 101.19408136966126, 57.084637334315175, -1, -1, -1, -1
503, 0, 27.835051546391757, 19.231866715758468, 101.1464469808542, 57.08256627393226, -1, -1, -1, -1
504, 0, 27.371134020618562, 19.23393777614138, 101.09881259204712, 57.08049521354934, -1, -1, -1, -1
505, 0, 26.907216494845365, 19.2360088365243, 101.05117820324006, 57.078424153166424, -1, -1, -1, -1
506, 0, 26.443298969072167, 19.238079896907216, 101.00354381443299, 57.076353092783506, -1, -1, -1, -1
507, 0, 25.979381443298973, 19.240150957290133, 100.95590942562592, 57.07428203240059, -1, -1, -1, -1
508, 0, 25.51546391752578, 19.24222201767305, 100.90827503681885, 57.07221097201767, -1, -1, -1, -1
509, 0, 25.05154639175258, 19.244293078055964, 100.86064064801178, 57.070139911634755, -1, -1, -1, -1
510, 0, 24.587628865979383, 19.246364138438878, 100.81300625920471, 57.06806885125184, -1, -1, -1, -1
511, 0, 24.12371134020619, 19.248435198821795, 100.76537187039764, 57.06599779086892, -1, -1, -1, -1
512, 0, 23.659793814432994, 19.250506259204712, 100.71773748159058, 57.063926730486, -1, -1, -1, -1
513, 0, 23.195876288659797, 19.25257731958763, 100.6701030927835, 57.06185567010309, -1, -1, -1, -1
514, 0, 22.730933692596796, 19.2634503865983, 100.62763589503308, 57.05823131443219, -1, -1, -1, -1
515, 0, 22.265991096533796, 19.274323453608975, 100.58516869728267, 57.05460695876128, -1, -1, -1, -1
516, 0, 21.801048500470795, 19.28519652061965, 100.54270149953226, 57.050982603090375, -1, -1, -1, -1
517, 0, 21.336105904407795, 19.29606958763032, 100.50023430178183, 57.047358247419474, -1, -1, -1, -1
518, 0, 20.871163308344794, 19.30694265464099, 100.4577671040314, 57.04373389174857, -1, -1, -1, -1
519, 0, 20.406220712281794, 19.317815721651662, 100.41529990628099, 57.040109536077665, -1, -1, -1, -1
520, 0, 19.941278116218797, 19.328688788662333, 100.37283270853058, 57.03648518040676, -1, -1, -1, -1
521, 0, 19.476335520155796, 19.339561855673008, 100.33036551078015, 57.032860824735856, -1, -1, -1, -1
522, 0, 19.011392924092796, 19.350434922683682, 100.28789831302973, 57.029236469064955, -1, -1, -1, -1
523, 0, 18.5464503280298, 19.361307989694353, 100.24543111527932, 57.02561211339405, -1, -1, -1, -1
524, 0, 18.0815077319668, 19.372181056705024, 100.2029639175289, 57.02198775772314, -1, -1, -1, -1
525, 0, 17.616565135903798, 19.383054123715695, 100.16049671977848, 57.01836340205224, -1, -1, -1, -1
526, 0, 17.151622539840798, 19.393927190726366, 100.11802952202807, 57.01473904638134, -1, -1, -1, -1
527, 0, 16.686679943777797, 19.40480025773704, 100.07556232427766, 57.01111469071043, -1, -1, -1, -1
528, 0, 16.221737347714797, 19.415673324747715, 100.03309512652723, 57.00749033503952, -1, -1, -1, -1
529, 0, 15.756794751651796, 19.426546391758386, 99.99062792877682, 57.00386597936862, -1, -1, -1, -1
530, 0, 15.291852155588796, 19.437419458769057, 99.9481607310264, 57.00024162369772, -1, -1, -1, -1
531, 0, 14.826909559525795, 19.44829252577973, 99.90569353327598, 56.99661726802681, -1, -1, -1, -1
532, 0, 14.361966963462795, 19.459165592790406, 99.86322633552555, 56.99299291235591, -1, -1, -1, -1
533, 0, 13.897024367399796, 19.470038659801077, 99.82075913777514, 56.98936855668501, -1, -1, -1, -1
534, 0, 13.432081771336797, 19.480911726811748, 99.77829194002473, 56.9857442010141, -1, -1, -1, -1
535, 0, 12.967139175273797, 19.49178479382242, 99.7358247422743, 56.9821198453432, -1, -1, -1, -1
536, 0, 12.502196579210796, 19.50265786083309, 99.69335754452388, 56.9784954896723, -1, -1, -1, -1
537, 0, 12.037253983147796, 19.513530927843764, 99.65089034677347, 56.97487113400139, -1, -1, -1, -1
538, 0, 11.572311387084795, 19.52440399485444, 99.60842314902305, 56.97124677833048, -1, -1, -1, -1
539, 0, 11.107368791021797, 19.53527706186511, 99.56595595127263, 56.96762242265958, -1, -1, -1, -1
540, 0, 10.642426194958798, 19.54615012887578, 99.5234887535222, 56.96399806698868, -1, -1, -1, -1
541, 0, 10.177483598895797, 19.55702319588645, 99.48102155577179, 56.96037371131777, -1, -1, -1, -1
542, 0, 9.712541002832797, 19.567896262897122, 99.43855435802138, 56.95674935564686, -1, -1, -1, -1
543, 0, 9.247598406769796, 19.578769329907797, 99.39608716027095, 56.95312499997596, -1, -1, -1, -1
544, 0, 8.782655810706796, 19.58964239691847, 99.35361996252053, 56.94950064430506, -1, -1, -1, -1
545, 0, 8.317713214643797, 19.600515463929142, 99.31115276477011, 56.94587628863415, -1, -1, -1, -1
546, 0, 7.852770618580798, 19.611388530939813, 99.2686855670197, 56.942251932963245, -1, -1, -1, -1
547, 0, 7.387828022517798, 19.622261597950487, 99.22621836926928, 56.938627577292344, -1, -1, -1, -1
548, 0, 6.922885426454798, 19.63313466496116, 99.18375117151886, 56.93500322162144, -1, -1, -1, -1
549, 0, 6.457942830391798, 19.644007731971833, 99.14128397376845, 56.931378865950535, -1, -1, -1, -1
550, 0, 5.9930002343287985, 19.654880798982504, 99.09881677601803, 56.92775451027963, -1, -1, -1, -1
551, 0, 5.528057638265798, 19.665753865993175, 99.05634957826761, 56.924130154608726, -1, -1, -1, -1
552, 0, 5.063115042202798, 19.676626933003845, 99.0138823805172, 56.920505798937825, -1, -1, -1, -1
553, 0, 4.598172446139799, 19.68750000001452, 98.97141518276678, 56.91688144326692, -1, -1, -1, -1
554, 0, 4.133229850076798, 19.698373067025194, 98.92894798501635, 56.91325708759601, -1, -1, -1, -1
555, 0, 3.6682872540137987, 19.709246134035865, 98.88648078726594, 56.90963273192511, -1, -1, -1, -1
556, 0, 3.2033446579507987, 19.720119201046536, 98.84401358951553, 56.906008376254206, -1, -1, -1, -1
557, 0, 2.7384020618877987, 19.730992268057207, 98.8015463917651, 56.9023840205833, -1, -1, -1, -1
558, 0, 2.2734594658247986, 19.741865335067878, 98.75907919401467, 56.89875966491239, -1, -1, -1, -1
559, 0, 1.8085168697617988, 19.752738402078553, 98.71661199626426, 56.89513530924149, -1, -1, -1, -1
560, 0, 1.343574273698799, 19.763611469089227, 98.67414479851385, 56.89151095357059, -1, -1, -1, -1
561, 0, 0.8786316776357991, 19.774484536099898, 98.63167760076342, 56.88788659789968, -1, -1, -1, -1
562, 0, 0.8237171977835616, 19.78535760310912, 98.17918228679818, 56.88426224223198, -1, -1, -1, -1
563, 0, 0.7688027179313242, 19.79623067011834, 97.72668697283295, 56.88063788656429, -1, -1, -1, -1
564, 0, 0.7138882380790867, 19.807103737127562, 97.27419165886772, 56.87701353089659, -1, -1, -1, -1
565, 0, 0.6589737582268493, 19.81797680413678, 96.82169634490248, 56.87338917522889, -1, -1, -1, -1
566, 0, 0.6040592783746119, 19.828849871145998, 96.36920103093723, 56.86976481956118, -1, -1, -1, -1
567, 0, 0.5491447985223744, 19.83972293815522, 95.916705716972, 56.86614046389349, -1, -1, -1, -1
568, 0, 0.494230318670137, 19.85059600516444, 95.46421040300677, 56.86251610822579, -1, -1, -1, -1
569, 0, 0.43931583881789954, 19.861469072173662, 95.01171508904153, 56.858891752558094, -1, -1, -1, -1
570, 0, 0.3844013589656621, 19.872342139182884, 94.55921977507629, 56.8552673968904, -1, -1, -1, -1
571, 0, 0.32948687911342467, 19.8832152061921, 94.10672446111106, 56.851643041222694, -1, -1, -1, -1
572, 0, 0.2745723992611872, 19.89408827320132, 93.65422914714583, 56.84801868555499, -1, -1, -1, -1
573, 0, 0.21965791940894977, 19.90496134021054, 93.20173383318058, 56.844394329887294, -1, -1, -1, -1
574, 0, 0.16474343955671233, 19.915834407219762, 92.74923851921535, 56.8407699742196, -1, -1, -1, -1
575, 0, 0.10982895970447488, 19.926707474228984, 92.29674320525012, 56.8371456185519, -1, -1, -1, -1
576, 0, 0.05491447985223744, 19.937580541238205, 91.84424789128488, 56.833521262884204, -1, -1, -1, -1
577, 0, 0.0, 19.948453608247423, 91.39175257731965, 56.8298969072165, -1, -1, -1, -1
578, 0, 0.0, 19.960879970544916, 90.91747974963187, 56.81125736377025, -1, -1, -1, -1
579, 0, 0.0, 19.973306332842412, 90.4432069219441, 56.79261782032401, -1, -1, -1, -1
580, 0, 0.0, 19.98573269513991, 89.96893409425633, 56.77397827687777, -1, -1, -1, -1
581, 0, 0.0, 19.998159057437405, 89.49466126656854, 56.75533873343153, -1, -1, -1, -1
582, 0, 0.0, 20.010585419734902, 89.02038843888076, 56.73669918998529, -1, -1, -1, -1
583, 0, 0.0, 20.0230117820324, 88.54611561119299, 56.71805964653904, -1, -1, -1, -1
584, 0, 0.0, 20.035438144329895, 88.07184278350522, 56.69942010309279, -1, -1, -1, -1
585, 0, 0.0, 20.04786450662739, 87.59756995581743, 56.68078055964655, -1, -1, -1, -1
586, 0, 0.0, 20.060290868924888, 87.12329712812965, 56.66214101620031, -1, -1, -1, -1
587, 0, 0.0, 20.072717231222384, 86.64902430044188, 56.64350147275406, -1, -1, -1, -1
588, 0, 0.0, 20.08514359351988, 86.17475147275411, 56.62486192930781, -1, -1, -1, -1
589, 0, 0.0, 20.097569955817377, 85.70047864506633, 56.60622238586157, -1, -1, -1, -1
590, 0, 0.0, 20.109996318114874, 85.22620581737854, 56.58758284241533, -1, -1, -1, -1
591, 0, 0.0, 20.12242268041237, 84.75193298969077, 56.56894329896908, -1, -1, -1, -1
592, 0, 0.0, 20.134849042709867, 84.277660162003, 56.55030375552283, -1, -1, -1, -1
593, 0, 0.0, 20.147275405007363, 83.80338733431522, 56.53166421207659, -1, -1, -1, -1
594, 0, 0.0, 20.15970176730486, 83.32911450662743, 56.51302466863035, -1, -1, -1, -1
595, 0, 0.0, 20.172128129602356, 82.85484167893966, 56.4943851251841, -1, -1, -1, -1
596, 0, 0.0, 20.184554491899853, 82.3805688512519, 56.475745581737854, -1, -1, -1, -1
597, 0, 0.0, 20.19698085419735, 81.90629602356412, 56.45710603829161, -1, -1, -1, -1
598, 0, 0.0, 20.209407216494846, 81.43202319587635, 56.43846649484537, -1, -1, -1, -1
599, 0, 0.0, 20.221833578792342, 80.95775036818857, 56.41982695139912, -1, -1, -1, -1
600, 0, 0.0, 20.23425994108984, 80.48347754050079, 56.401187407952875, -1, -1, -1, -1
601, 0, 0.0, 20.246686303387335, 80.00920471281302, 56.382547864506634, -1, -1, -1, -1
602, 0, 0.0, 20.25911266568483, 79.53493188512525, 56.36390832106039, -1, -1, -1, -1
603, 0, 0.0, 20.271539027982328, 79.06065905743746, 56.345268777614145, -1, -1, -1, -1
604, 0, 0.0, 20.283965390279825, 78.58638622974968, 56.326629234167896, -1, -1, -1, -1
605, 0, 0.0, 20.29639175257732, 78.11211340206191, 56.307989690721655, -1, -1, -1, -1
606, 0, 0.0, 20.308818114874818, 77.63784057437414, 56.289350147275414, -1, -1, -1, -1
607, 0, 0.0, 20.321244477172314, 77.16356774668635, 56.270710603829166, -1, -1, -1, -1
608, 0, 0.0, 20.33367083946981, 76.68929491899857, 56.25207106038292, -1, -1, -1, -1
609, 0, 0.0, 20.346097201767307, 76.2150220913108, 56.233431516936676, -1, -1, -1, -1
610, 0, 0.0, 20.358523564064804, 75.74074926362303, 56.214791973490435, -1, -1, -1, -1
611, 0, 0.0, 20.3709499263623, 75.26647643593525, 56.19615243004419, -1, -1, -1, -1
612, 0, 0.0, 20.383376288659797, 74.79220360824746, 56.17751288659794, -1, -1, -1, -1
613, 0, 0.0, 20.395802650957293, 74.31793078055969, 56.1588733431517, -1, -1, -1, -1
614, 0, 0.0, 20.40822901325479, 73.84365795287192, 56.140233799705456, -1, -1, -1, -1
615, 0, 0.0, 20.420655375552286, 73.36938512518414, 56.12159425625921, -1, -1, -1, -1
616, 0, 0.0, 20.433081737849783, 72.89511229749635, 56.10295471281296, -1, -1, -1, -1
617, 0, 0.0, 20.44550810014728, 72.42083946980858, 56.08431516936672, -1, -1, -1, -1
618, 0, 0.0, 20.457934462444776, 71.94656664212081, 56.06567562592048, -1, -1, -1, -1
619, 0, 0.0, 20.470360824742272, 71.47229381443303, 56.04703608247423, -1, -1, -1, -1
620, 0, 0.0, 20.48278718703977, 70.99802098674525, 56.02839653902798, -1, -1, -1, -1
621, 0, 0.0, 20.495213549337265, 70.52374815905748, 56.00975699558174, -1, -1, -1, -1
622, 0, 0.0, 20.50763991163476, 70.0494753313697, 55.9911174521355, -1, -1, -1, -1
623, 0, 0.0, 20.520066273932258, 69.57520250368192, 55.97247790868925, -1, -1, -1, -1
624, 0, 0.0, 20.532492636229755, 69.10092967599414, 55.953838365243, -1, -1, -1, -1
625, 0, 0.0, 20.544918998527248, 68.62665684830637, 55.93519882179676, -1, -1, -1, -1
626, 0, 0.0, 20.55734536082474, 68.1523840206186, 55.91655927835052, -1, -1, -1, -1
627, 0, 0.0, 20.569771723122237, 67.67811119293081, 55.89791973490427, -1, -1, -1, -1
628, 0, 0.0, 20.582198085419734, 67.20383836524303, 55.87928019145802, -1, -1, -1, -1
629, 0, 0.0, 20.59462444771723, 66.72956553755526, 55.86064064801178, -1, -1, -1, -1
630, 0, 0.0, 20.607050810014726, 66.25529270986749, 55.84200110456554, -1, -1, -1, -1
631, 0, 0.0, 20.619477172312223, 65.7810198821797, 55.82336156111929, -1, -1, -1, -1
632, 0, 0.0, 20.63190353460972, 65.30674705449192, 55.80472201767304, -1, -1, -1, -1
633, 0, 0.0, 20.644329896907216, 64.83247422680415, 55.7860824742268, -1, -1, -1, -1
634, 0, 0.0, 20.656756259204712, 64.35820139911638, 55.76744293078056, -1, -1, -1, -1
635, 0, 0.0, 20.66918262150221, 63.8839285714286, 55.74880338733431, -1, -1, -1, -1
636, 0, 0.0, 20.681608983799705, 63.40965574374082, 55.730163843888064, -1, -1, -1, -1
637, 0, 0.0, 20.694035346097202, 62.935382916053044, 55.71152430044182, -1, -1, -1, -1
638, 0, 0.0, 20.7064617083947, 62.46111008836527, 55.69288475699558, -1, -1, -1, -1
639, 0, 0.0, 20.718888070692195, 61.98683726067749, 55.67424521354934, -1, -1, -1, -1
640, 0, 0.0, 20.73131443298969, 61.51256443298972, 55.6556056701031, -1, -1, -1, -1
641, 0, 0.0, 20.743740795287188, 61.03829160530194, 55.63696612665685, -1, -1, -1, -1
642, 0, 0.0, 20.756167157584684, 60.564018777614166, 55.6183265832106, -1, -1, -1, -1
643, 0, 0.0, 20.76859351988218, 60.089745949926396, 55.59968703976436, -1, -1, -1, -1
644, 0, 0.0, 20.781019882179677, 59.61547312223862, 55.58104749631812, -1, -1, -1, -1
645, 0, 0.0, 20.793446244477174, 59.14120029455084, 55.56240795287188, -1, -1, -1, -1
646, 0, 0.0, 20.80587260677467, 58.666927466863065, 55.54376840942564, -1, -1, -1, -1
647, 0, 0.0, 20.818298969072167, 58.19265463917529, 55.52512886597939, -1, -1, -1, -1
648, 0, 0.0, 20.830725331369663, 57.71838181148751, 55.50648932253314, -1, -1, -1, -1
649, 0, 0.0, 20.84315169366716, 57.244108983799734, 55.4878497790869, -1, -1, -1, -1
650, 0, 0.0, 20.855578055964656, 56.76983615611196, 55.46921023564066, -1, -1, -1, -1
651, 0, 0.0, 20.868004418262153, 56.29556332842418, 55.45057069219441, -1, -1, -1, -1
652, 0, 0.0, 20.88043078055965, 55.8212905007364, 55.43193114874816, -1, -1, -1, -1
653, 0, 0.0, 20.892857142857146, 55.347017673048626, 55.41329160530192, -1, -1, -1, -1
654, 0, 0.0, 20.905283505154642, 54.87274484536085, 55.39465206185568, -1, -1, -1, -1
655, 0, 0.0, 20.91770986745214, 54.39847201767307, 55.37601251840943, -1, -1, -1, -1
656, 0, 0.0, 20.930136229749635, 53.924199189985295, 55.357372974963184, -1, -1, -1, -1
657, 0, 0.0, 20.94256259204713, 53.44992636229752, 55.33873343151694, -1, -1, -1, -1
658, 0, 0.0, 20.954988954344625, 52.97565353460974, 55.3200938880707, -1, -1, -1, -1
659, 0, 0.0, 20.96741531664212, 52.501380706921964, 55.30145434462445, -1, -1, -1, -1
660, 0, 0.0, 20.979841678939618, 52.02710787923419, 55.282814801178205, -1, -1, -1, -1
661, 0, 0.0, 20.992268041237114, 51.55283505154641, 55.264175257731964, -1, -1, -1, -1
662, 0, 0.0, 21.00469440353461, 51.07856222385863, 55.24553571428572, -1, -1, -1, -1
663, 0, 0.0, 21.017120765832107, 50.604289396170856, 55.226896170839474, -1, -1, -1, -1
664, 0, 0.0, 21.029547128129604, 50.13001656848308, 55.208256627393226, -1, -1, -1, -1
665, 0, 0.0, 21.0419734904271, 49.6557437407953, 55.189617083946985, -1, -1, -1, -1
666, 0, 0.0, 21.054399852724597, 49.181470913107525, 55.17097754050074, -1, -1, -1, -1
667, 0, 0.0, 21.066826215022093, 48.70719808541975, 55.152337997054495, -1, -1, -1, -1
668, 0, 0.0, 21.07925257731959, 48.23292525773197, 55.13369845360825, -1, -1, -1, -1
669, 0, 0.0, 21.091678939617086, 47.758652430044194, 55.115058910162006, -1, -1, -1, -1
670, 0, 0.0, 21.104105301914583, 47.28437960235642, 55.096419366715764, -1, -1, -1, -1
671, 0, 0.0, 21.11653166421208, 46.81010677466864, 55.077779823269516, -1, -1, -1, -1
672, 0, 0.0, 21.128958026509576, 46.33583394698086, 55.05914027982327, -1, -1, -1, -1
673, 0, 0.0, 21.141384388807072, 45.861561119293086, 55.04050073637703, -1, -1, -1, -1
674, 0, 0.0, 21.153810751104565, 45.38728829160531, 55.021861192930785, -1, -1, -1, -1
675, 0, 0.0, 21.16623711340206, 44.91301546391753, 55.00322164948454, -1, -1, -1, -1
676, 0, 0.0, 21.178663475699558, 44.438742636229755, 54.98458210603829, -1, -1, -1, -1
677, 0, 0.0, 21.191089837997055, 43.96446980854198, 54.96594256259205, -1, -1, -1, -1
678, 0, 0.0, 21.20351620029455, 43.4901969808542, 54.94730301914581, -1, -1, -1, -1
679, 0, 0.0, 21.215942562592048, 43.015924153166424, 54.92866347569956, -1, -1, -1, -1
680, 0, 0.0, 21.228368924889544, 42.54165132547865, 54.91002393225331, -1, -1, -1, -1
681, 0, 0.0, 21.24079528718704, 42.06737849779087, 54.89138438880707, -1, -1, -1, -1
682, 0, 0.0, 21.253221649484537, 41.59310567010309, 54.87274484536083, -1, -1, -1, -1
683, 0, 0.0, 21.265648011782034, 41.118832842415316, 54.85410530191458, -1, -1, -1, -1
684, 0, 0.0, 21.27807437407953, 40.64456001472754, 54.83546575846833, -1, -1, -1, -1
685, 0, 0.0, 21.290500736377027, 40.17028718703976, 54.81682621502209, -1, -1, -1, -1
686, 0, 0.0, 21.302927098674523, 39.696014359351985, 54.79818667157585, -1, -1, -1, -1
687, 0, 0.0, 21.31535346097202, 39.22174153166421, 54.77954712812961, -1, -1, -1, -1
688, 0, 0.0, 21.327779823269516, 38.74746870397644, 54.760907584683366, -1, -1, -1, -1
689, 0, 0.0, 21.340206185567013, 38.27319587628866, 54.74226804123712, -1, -1, -1, -1
690, 0, 0.0, 21.369201030927837, 37.83344072164948, 54.7229381443299, -1, -1, -1, -1
691, 0, 0.0, 21.39819587628866, 37.39368556701031, 54.70360824742268, -1, -1, -1, -1
692, 0, 0.0, 21.427190721649488, 36.953930412371136, 54.68427835051546, -1, -1, -1, -1
693, 0, 0.0, 21.456185567010312, 36.514175257731964, 54.66494845360825, -1, -1, -1, -1
694, 0, 0.0, 21.485180412371136, 36.07442010309279, 54.64561855670103, -1, -1, -1, -1
695, 0, 0.0, 21.514175257731964, 35.63466494845361, 54.626288659793815, -1, -1, -1, -1
696, 0, 0.0, 21.543170103092788, 35.19490979381443, 54.6069587628866, -1, -1, -1, -1
697, 0, 0.0, 21.57216494845361, 34.75515463917526, 54.58762886597938, -1, -1, -1, -1
698, 0, 0.0, 21.601159793814436, 34.31539948453609, 54.56829896907217, -1, -1, -1, -1
699, 0, 0.0, 21.63015463917526, 33.87564432989691, 54.54896907216495, -1, -1, -1, -1
700, 0, 0.0, 21.659149484536083, 33.43588917525773, 54.52963917525773, -1, -1, -1, -1
701, 0, 0.0, 21.688144329896907, 32.996134020618555, 54.51030927835051, -1, -1, -1, -1
702, 0, 0.0, 21.71713917525773, 32.55637886597938, 54.490979381443296, -1, -1, -1, -1
703, 0, 0.0, 21.746134020618555, 32.1166237113402, 54.47164948453607, -1, -1, -1, -1
704, 0, 0.0, 21.775128865979383, 31.67686855670103, 54.45231958762886, -1, -1, -1, -1
705, 0, 0.0, 21.804123711340207, 31.237113402061855, 54.43298969072164, -1, -1, -1, -1
706, 0, 0.0, 21.83311855670103, 30.79735824742268, 54.413659793814425, -1, -1, -1, -1
707, 0, 0.0, 21.86211340206186, 30.357603092783506, 54.39432989690721, -1, -1, -1, -1
708, 0, 0.0, 21.891108247422682, 29.91784793814433, 54.37499999999999, -1, -1, -1, -1
709, 0, 0.0, 21.920103092783506, 29.478092783505154, 54.35567010309278, -1, -1, -1, -1
710, 0, 0.0, 21.94909793814433, 29.03833762886598, 54.33634020618556, -1, -1, -1, -1
711, 0, 0.0, 21.978092783505154, 28.598582474226802, 54.317010309278345, -1, -1, -1, -1
712, 0, 0.0, 22.007087628865982, 28.158827319587626, 54.29768041237113, -1, -1, -1, -1
713, 0, 0.0, 22.036082474226806, 27.71907216494845, 54.27835051546391, -1, -1, -1, -1
714, 0, 0.0, 22.06507731958763, 27.279317010309274, 54.2590206185567, -1, -1, -1, -1
715, 0, 0.0, 22.094072164948457, 26.839561855670098, 54.23969072164948, -1, -1, -1, -1
716, 0, 0.0, 22.12306701030928, 26.399806701030926, 54.220360824742265, -1, -1, -1, -1
717, 0, 0.0, 22.152061855670105, 25.96005154639175, 54.20103092783505, -1, -1, -1, -1
718, 0, 0.0, 22.18105670103093, 25.520296391752574, 54.18170103092783, -1, -1, -1, -1
719, 0, 0.0, 22.210051546391753, 25.0805412371134, 54.16237113402062, -1, -1, -1, -1
720, 0, 0.0, 22.23904639175258, 24.640786082474225, 54.1430412371134, -1, -1, -1, -1
721, 0, 0.0, 22.268041237113405, 24.20103092783505, 54.123711340206185, -1, -1, -1, -1
722, 0, 0.0, 22.29703608247423, 23.761275773195873, 54.10438144329897, -1, -1, -1, -1
723, 0, 0.0, 22.326030927835056, 23.321520618556697, 54.08505154639175, -1, -1, -1, -1
724, 0, 0.0, 22.35502577319588, 22.881765463917525, 54.06572164948454, -1, -1, -1, -1
725, 0, 0.0, 22.384020618556704, 22.44201030927835, 54.04639175257732, -1, -1, -1, -1
726, 0, 0.0, 22.413015463917528, 22.002255154639172, 54.027061855670105, -1, -1, -1, -1
727, 0, 0.0, 22.442010309278352, 21.5625, 54.00773195876289, -1, -1, -1, -1
728, 0, 0.0, 22.471005154639176, 21.122744845360824, 53.98840206185567, -1, -1, -1, -1
729, 0, 0.0, 22.5, 20.682989690721648, 53.96907216494846, -1, -1, -1, -1
730, 0, 0.0, 22.528994845360824, 20.243234536082472, 53.94974226804124, -1, -1, -1, -1
731, 0, 0.0, 22.557989690721648, 19.803479381443296, 53.930412371134025, -1, -1, -1, -1
732, 0, 0.0, 22.586984536082475, 19.363724226804123, 53.91108247422681, -1, -1, -1, -1
733, 0, 0.0, 22.6159793814433, 18.923969072164947, 53.89175257731959, -1, -1, -1, -1
734, 0, 0.0, 22.644974226804123, 18.48421391752577, 53.87242268041238, -1, -1, -1, -1
735, 0, 0.0, 22.67396907216495, 18.0444587628866, 53.85309278350516, -1, -1, -1, -1
736, 0, 0.0, 22.702963917525775, 17.604703608247423, 53.83376288659794, -1, -1, -1, -1
737, 0, 0.0, 22.7319587628866, 17.164948453608247, 53.81443298969072, -1, -1, -1, -1
738, 0, 0.0, 22.97370846771514, 16.77351804123898, 53.08701962506984, -1, -1, -1, -1
739, 0, 0.0, 23.215458172543688, 16.382087628869712, 52.35960626044897, -1, -1, -1, -1
740, 0, 0.0, 23.457207877372234, 15.990657216500447, 51.63219289582809, -1, -1, -1, -1
741, 0, 0.0, 23.698957582200777, 15.599226804131181, 50.90477953120721, -1, -1, -1, -1
742, 0, 0.0, 23.94070728702932, 15.207796391761914, 50.17736616658634, -1, -1, -1, -1
743, 0, 0.0, 24.182456991857865, 14.816365979392648, 49.44995280196546, -1, -1, -1, -1
744, 0, 0.0, 24.42420669668641, 14.424935567023383, 48.72253943734458, -1, -1, -1, -1
745, 0, 0.0, 24.665956401514954, 14.033505154654115, 47.99512607272371, -1, -1, -1, -1
746, 0, 0.0, 24.907706106343497, 13.642074742284848, 47.267712708102835, -1, -1, -1, -1
747, 0, 0.0, 25.149455811172043, 13.250644329915582, 46.540299343481955, -1, -1, -1, -1
748, 0, 0.0, 25.39120551600059, 12.859213917546317, 45.812885978861075, -1, -1, -1, -1
749, 0, 0.0, 25.632955220829132, 12.46778350517705, 45.0854726142402, -1, -1, -1, -1
750, 0, 0.0, 25.874704925657678, 12.076353092807784, 44.35805924961933, -1, -1, -1, -1
751, 0, 0.0, 26.116454630486224, 11.684922680438518, 43.63064588499845, -1, -1, -1, -1
752, 0, 0.0, 26.358204335314767, 11.29349226806925, 42.90323252037757, -1, -1, -1, -1
753, 0, 0.0, 26.599954040143313, 10.902061855699985, 42.1758191557567, -1, -1, -1, -1
754, 0, 0.0, 27.257044541500335, 10.510631443326982, 41.03306499460438, -1, -1, -1, -1
755, 0, 0.0, 27.91413504285736, 10.119201030953981, 39.89031083345206, -1, -1, -1, -1
756, 0, 0.0, 28.571225544214382, 9.72777061858098, 38.747556672299744, -1, -1, -1, -1
757, 0, 0.0, 29.228316045571404, 9.336340206207979, 37.604802511147426, -1, -1, -1, -1
758, 0, 0.0, 29.885406546928426, 8.944909793834977, 36.46204834999511, -1, -1, -1, -1
759, 0, 0.0, 30.542497048285448, 8.553479381461976, 35.31929418884279, -1, -1, -1, -1
760, 0, 0.0, 31.19958754964247, 8.162048969088975, 34.176540027690464, -1, -1, -1, -1
761, 0, 0.0, 31.85667805099949, 7.770618556715972, 33.033785866538146, -1, -1, -1, -1
762, 0, 0.0, 32.51376855235651, 7.3791881443429705, 31.891031705385828, -1, -1, -1, -1
763, 0, 0.0, 33.170859053713535, 6.987757731969968, 30.748277544233506, -1, -1, -1, -1
764, 0, 0.0, 33.82794955507056, 6.596327319596966, 29.605523383081184, -1, -1, -1, -1
765, 0, 0.0, 34.48504005642758, 6.204896907223965, 28.462769221928866, -1, -1, -1, -1
766, 0, 0.0, 35.142130557784604, 5.813466494850964, 27.320015060776548, -1, -1, -1, -1
767, 0, 0.0, 35.79922105914163, 5.4220360824779625, 26.17726089962423, -1, -1, -1, -1
768, 0, 0.0, 36.45631156049865, 5.030605670104961, 25.03450673847191, -1, -1, -1, -1
769, 0, 0.0, 37.11340206185567, 4.639175257731959, 23.89175257731959, -1, -1, -1, -1
