109, 0, 235.90206185567013, 77.70618556701031, 4.097938144329862, 14.381443298969073, -1, -1, -1, -1
110, 0, 235.00322164948454, 77.64819587628867, 4.996778350515433, 14.78737113402062, -1, -1, -1, -1
111, 0, 234.104381443299, 77.59020618556701, 5.895618556701004, 15.193298969072167, -1, -1, -1, -1
112, 0, 233.20554123711344, 77.53221649484536, 6.794458762886575, 15.599226804123713, -1, -1, -1, -1
113, 0, 232.30670103092785, 77.4742268041237, 7.693298969072146, 16.00515463917526, -1, -1, -1, -1
114, 0, 231.40786082474227, 77.41623711340205, 8.592139175257708, 16.411082474226806, -1, -1, -1, -1
115, 0, 230.50902061855672, 77.3582474226804, 9.490979381443271, 16.817010309278352, -1, -1, -1, -1
116, 0, 229.61018041237116, 77.30025773195877, 10.389819587628836, 17.2229381443299, -1, -1, -1, -1
117, 0, 228.71134020618558, 77.24226804123711, 11.288659793814398, 17.628865979381445, -1, -1, -1, -1
118, 0, 227.94780927834984, 76.95027576288985, 12.040378006875102, 17.956296402063888, -1, -1, -1, -1
119, 0, 227.1842783505141, 76.6582834845426, 12.792096219935804, 18.28372682474633, -1, -1, -1, -1
120, 0, 226.42074742267835, 76.36629120619534, 13.543814432996507, 18.611157247428775, -1, -1, -1, -1
121, 0, 225.6572164948426, 76.07429892784808, 14.295532646057211, 18.938587670111218, -1, -1, -1, -1
122, 0, 224.89368556700686, 75.78230664950082, 15.047250859117907, 19.266018092793658, -1, -1, -1, -1
123, 0, 224.1301546391711, 75.49031437115357, 15.798969072178604, 19.593448515476098, -1, -1, -1, -1
124, 0, 223.36662371133536, 75.19832209280631, 16.5506872852393, 19.920878938158538, -1, -1, -1, -1
125, 0, 222.60309278349965, 74.90632981445906, 17.302405498299997, 20.24830936084098, -1, -1, -1, -1
126, 0, 221.83956185566635, 74.75350465950021, 18.06751145476666, 20.436572660124817, -1, -1, -1, -1
127, 0, 221.07603092783305, 74.60067950454138, 18.832617411233326, 20.62483595940865, -1, -1, -1, -1
128, 0, 220.31249999999974, 74.44785434958253, 19.59772336769999, 20.813099258692485, -1, -1, -1, -1
129, 0, 219.54896907216644, 74.29502919462368, 20.362829324166654, 21.00136255797632, -1, -1, -1, -1
130, 0, 218.7854381443331, 74.14220403966483, 21.12793528063333, 21.189625857260165, -1, -1, -1, -1
131, 0, 218.0219072164998, 73.98937888470599, 21.893041237100007, 21.377889156544008, -1, -1, -1, -1
132, 0, 217.2583762886665, 73.83655372974714, 22.658147193566684, 21.56615245582785, -1, -1, -1, -1
133, 0, 216.4948453608332, 73.68372857478829, 23.42325315003336, 21.754415755111694, -1, -1, -1, -1
134, 0, 215.7313144329999, 73.53090341982944, 24.188359106500023, 21.94267905439553, -1, -1, -1, -1
135, 0, 214.9677835051666, 73.3780782648706, 24.953465062966686, 22.130942353679366, -1, -1, -1, -1
136, 0, 214.2042525773333, 73.22525310991176, 25.718571019433348, 22.319205652963202, -1, -1, -1, -1
137, 0, 213.4407216495, 73.07242795495291, 26.483676975900007, 22.507468952247038, -1, -1, -1, -1
138, 0, 212.67719072166668, 72.98079665867252, 27.248782932375008, 22.634538392860772, -1, -1, -1, -1
139, 0, 211.91365979383335, 72.8891653623921, 28.013888888850005, 22.761607833474507, -1, -1, -1, -1
140, 0, 211.150128866, 72.79753406611171, 28.778994845325002, 22.88867727408824, -1, -1, -1, -1
141, 0, 210.38659793816666, 72.70590276983131, 29.5441008018, 23.015746714701976, -1, -1, -1, -1
142, 0, 209.62306701033333, 72.61427147355091, 30.309206758274996, 23.142816155315703, -1, -1, -1, -1
143, 0, 208.85953608249997, 72.52264017727052, 31.074312714749993, 23.26988559592943, -1, -1, -1, -1
144, 0, 208.09600515466664, 72.43100888099012, 31.83941867122499, 23.396955036543158, -1, -1, -1, -1
145, 0, 207.3324742268333, 72.33937758470972, 32.60452462769999, 23.524024477156885, -1, -1, -1, -1
146, 0, 206.56894329899998, 72.24774628842933, 33.369630584174985, 23.65109391777062, -1, -1, -1, -1
147, 0, 205.80541237116665, 72.15611499214893, 34.134736540649975, 23.778163358384354, -1, -1, -1, -1
148, 0, 205.0418814433333, 72.06448369586852, 34.899842497124965, 23.905232798998092, -1, -1, -1, -1
149, 0, 204.27835051549997, 71.97285239958812, 35.66494845359996, 24.032302239611827, -1, -1, -1, -1
150, 0, 203.51481958766385, 71.97019538118568, 36.43005441007219, 24.070397402342053, -1, -1, -1, -1
151, 0, 202.75128865982776, 71.96753836278322, 37.19516036654441, 24.108492565072282, -1, -1, -1, -1
152, 0, 201.98775773199165, 71.96488134438077, 37.960266323016626, 24.146587727802512, -1, -1, -1, -1
153, 0, 201.22422680415553, 71.96222432597833, 38.72537227948885, 24.18468289053274, -1, -1, -1, -1
154, 0, 200.46069587631942, 71.95956730757588, 39.49047823596108, 24.222778053262967, -1, -1, -1, -1
155, 0, 199.6971649484833, 71.95691028917344, 40.255584192433304, 24.260873215993193, -1, -1, -1, -1
156, 0, 198.9336340206472, 71.95425327077099, 41.02069014890553, 24.29896837872342, -1, -1, -1, -1
157, 0, 198.17010309281108, 71.95159625236855, 41.785796105377756, 24.337063541453645, -1, -1, -1, -1
158, 0, 197.40657216497496, 71.9489392339661, 42.55090206184998, 24.375158704183875, -1, -1, -1, -1
159, 0, 196.64304123713885, 71.94628221556366, 43.31600801832221, 24.413253866914104, -1, -1, -1, -1
160, 0, 195.87951030930276, 71.9436251971612, 44.081113974794434, 24.451349029644334, -1, -1, -1, -1
161, 0, 195.11597938146664, 71.94096817875875, 44.84621993126666, 24.489444192374563, -1, -1, -1, -1
162, 0, 194.35244845363053, 71.9383111603563, 45.611325887738886, 24.52753935510479, -1, -1, -1, -1
163, 0, 193.58891752579441, 71.93565414195386, 46.37643184421111, 24.565634517835015, -1, -1, -1, -1
164, 0, 192.8253865979583, 71.93299712355142, 47.14153780068334, 24.60372968056524, -1, -1, -1, -1
165, 0, 192.06185567012218, 71.93034010514897, 47.906643757155564, 24.641824843295467, -1, -1, -1, -1
166, 0, 191.29832474228607, 71.92768308674653, 48.67174971362778, 24.679920006025693, -1, -1, -1, -1
167, 0, 190.53479381444998, 71.92502606834407, 49.4368556701, 24.71801516875592, -1, -1, -1, -1
168, 0, 189.77126288661387, 71.92236904994162, 50.20196162657222, 24.756110331486145, -1, -1, -1, -1
169, 0, 189.00773195877775, 71.91971203153918, 50.96706758304444, 24.79420549421637, -1, -1, -1, -1
170, 0, 188.24420103094164, 71.91705501313673, 51.732173539516666, 24.832300656946597, -1, -1, -1, -1
171, 0, 187.48067010310552, 71.91439799473429, 52.49727949598889, 24.870395819676823, -1, -1, -1, -1
172, 0, 186.7171391752694, 71.91174097633184, 53.26238545246112, 24.90849098240705, -1, -1, -1, -1
173, 0, 185.9536082474333, 71.9090839579294, 54.027491408933344, 24.946586145137275, -1, -1, -1, -1
174, 0, 185.19007731959718, 71.90642693952695, 54.79259736540557, 24.984681307867504, -1, -1, -1, -1
175, 0, 184.42654639176106, 71.9037699211245, 55.557703321877796, 25.022776470597734, -1, -1, -1, -1
176, 0, 183.66301546392498, 71.90111290272205, 56.32280927835002, 25.060871633327963, -1, -1, -1, -1
177, 0, 182.89948453608886, 71.8984558843196, 57.08791523482225, 25.098966796058193, -1, -1, -1, -1
178, 0, 182.13595360825275, 71.89579886591716, 57.85302119129447, 25.13706195878842, -1, -1, -1, -1
179, 0, 181.37242268041666, 71.89314184751471, 58.618127147766685, 25.175157121518644, -1, -1, -1, -1
180, 0, 180.60889175258055, 71.89048482911227, 59.383233104238904, 25.21325228424887, -1, -1, -1, -1
181, 0, 179.84536082474443, 71.88782781070982, 60.14833906071112, 25.251347446979096, -1, -1, -1, -1
182, 0, 179.08182989690832, 71.88517079230738, 60.91344501718335, 25.289442609709326, -1, -1, -1, -1
183, 0, 178.3182989690722, 71.88251377390492, 61.678550973655575, 25.327537772439555, -1, -1, -1, -1
184, 0, 177.5547680412361, 71.87985675550247, 62.4436569301278, 25.365632935169785, -1, -1, -1, -1
185, 0, 176.79123711339997, 71.87719973710003, 63.20876288660003, 25.403728097900014, -1, -1, -1, -1
186, 0, 176.02770618556545, 71.8267142358147, 63.759664948455175, 25.489651743528103, -1, -1, -1, -1
187, 0, 175.26417525773093, 71.7762287345294, 64.31056701031032, 25.575575389156192, -1, -1, -1, -1
188, 0, 174.50064432989637, 71.72574323324409, 64.86146907216548, 25.661499034784285, -1, -1, -1, -1
189, 0, 173.73711340206185, 71.67525773195877, 65.41237113402062, 25.747422680412374, -1, -1, -1, -1
190, 0, 173.28690377918008, 71.69549664162578, 65.3631990697166, 25.735527640716022, -1, -1, -1, -1
191, 0, 172.83669415629834, 71.7157355512928, 65.31402700541258, 25.723632601019673, -1, -1, -1, -1
192, 0, 172.3864845334166, 71.73597446095982, 65.26485494110857, 25.711737561323325, -1, -1, -1, -1
193, 0, 171.93627491053485, 71.75621337062684, 65.21568287680455, 25.699842521626977, -1, -1, -1, -1
194, 0, 171.4860652876531, 71.77645228029385, 65.16651081250055, 25.68794748193062, -1, -1, -1, -1
195, 0, 171.03585566477136, 71.79669118996088, 65.11733874819653, 25.676052442234266, -1, -1, -1, -1
196, 0, 170.58564604188962, 71.81693009962791, 65.06816668389251, 25.66415740253791, -1, -1, -1, -1
197, 0, 170.13543641900785, 71.83716900929493, 65.01899461958851, 25.652262362841554, -1, -1, -1, -1
198, 0, 169.68522679612607, 71.85740791896194, 64.9698225552845, 25.640367323145206, -1, -1, -1, -1
199, 0, 169.23501717324433, 71.87764682862897, 64.92065049098048, 25.628472283448858, -1, -1, -1, -1
200, 0, 168.7848075503626, 71.89788573829598, 64.87147842667646, 25.61657724375251, -1, -1, -1, -1
201, 0, 168.33459792748084, 71.918124647963, 64.82230636237244, 25.60468220405616, -1, -1, -1, -1
202, 0, 167.8843883045991, 71.93836355763001, 64.77313429806844, 25.592787164359812, -1, -1, -1, -1
203, 0, 167.43417868171733, 71.95860246729703, 64.72396223376442, 25.580892124663464, -1, -1, -1, -1
204, 0, 166.98396905883556, 71.97884137696406, 64.67479016946041, 25.568997084967116, -1, -1, -1, -1
205, 0, 166.5337594359538, 71.99908028663107, 64.6256181051564, 25.557102045270767, -1, -1, -1, -1
206, 0, 166.08354981307207, 72.01931919629808, 64.5764460408524, 25.54520700557441, -1, -1, -1, -1
207, 0, 165.63334019019032, 72.03955810596511, 64.52727397654839, 25.533311965878056, -1, -1, -1, -1
208, 0, 165.18313056730858, 72.05979701563214, 64.47810191224437, 25.5214169261817, -1, -1, -1, -1
209, 0, 164.7329209444268, 72.08003592529916, 64.42892984794037, 25.509521886485345, -1, -1, -1, -1
210, 0, 164.28271132154504, 72.10027483496617, 64.37975778363635, 25.497626846788997, -1, -1, -1, -1
211, 0, 163.8325016986633, 72.1205137446332, 64.33058571933233, 25.485731807092645, -1, -1, -1, -1
212, 0, 163.38229207578155, 72.14075265430021, 64.2814136550283, 25.473836767396293, -1, -1, -1, -1
213, 0, 162.9320824528998, 72.16099156396723, 64.23224159072429, 25.461941727699944, -1, -1, -1, -1
214, 0, 162.48187283001494, 72.17209771373157, 64.27439712546368, 25.45004668800643, -1, -1, -1, -1
215, 0, 162.03166320713007, 72.1832038634959, 64.31655266020309, 25.438151648312914, -1, -1, -1, -1
216, 0, 161.5814535842452, 72.19431001326024, 64.35870819494248, 25.426256608619397, -1, -1, -1, -1
217, 0, 161.1312439613603, 72.20541616302458, 64.40086372968187, 25.414361568925884, -1, -1, -1, -1
218, 0, 160.6810343384754, 72.21652231278892, 64.44301926442127, 25.402466529232367, -1, -1, -1, -1
219, 0, 160.23082471559053, 72.22762846255326, 64.48517479916066, 25.39057148953885, -1, -1, -1, -1
220, 0, 159.78061509270566, 72.23873461231759, 64.52733033390005, 25.378676449845333, -1, -1, -1, -1
221, 0, 159.3304054698208, 72.24984076208193, 64.56948586863945, 25.366781410151816, -1, -1, -1, -1
222, 0, 158.88019584693592, 72.26094691184628, 64.61164140337883, 25.354886370458292, -1, -1, -1, -1
223, 0, 158.42998622405105, 72.27205306161062, 64.65379693811822, 25.342991330764768, -1, -1, -1, -1
224, 0, 157.97977660116618, 72.28315921137497, 64.69595247285761, 25.331096291071244, -1, -1, -1, -1
225, 0, 157.5295669782813, 72.2942653611393, 64.73810800759699, 25.31920125137772, -1, -1, -1, -1
226, 0, 157.07935735539644, 72.30537151090363, 64.78026354233639, 25.307306211684203, -1, -1, -1, -1
227, 0, 156.62914773251157, 72.31647766066797, 64.82241907707578, 25.295411171990686, -1, -1, -1, -1
228, 0, 156.1789381096267, 72.32758381043232, 64.86457461181517, 25.28351613229717, -1, -1, -1, -1
229, 0, 155.7287284867418, 72.33868996019665, 64.90673014655457, 25.271621092603652, -1, -1, -1, -1
230, 0, 155.2785188638569, 72.34979610996098, 64.94888568129396, 25.259726052910136, -1, -1, -1, -1
231, 0, 154.82830924097203, 72.36090225972532, 64.99104121603335, 25.24783101321662, -1, -1, -1, -1
232, 0, 154.37809961808716, 72.37200840948967, 65.03319675077275, 25.2359359735231, -1, -1, -1, -1
233, 0, 153.9278899952023, 72.383114559254, 65.07535228551214, 25.224040933829585, -1, -1, -1, -1
234, 0, 153.47768037231742, 72.39422070901833, 65.11750782025153, 25.212145894136068, -1, -1, -1, -1
235, 0, 153.02747074943255, 72.40532685878267, 65.15966335499093, 25.20025085444255, -1, -1, -1, -1
236, 0, 152.57726112654768, 72.41643300854702, 65.20181888973032, 25.188355814749034, -1, -1, -1, -1
237, 0, 152.12705150366278, 72.42753915831135, 65.24397442446971, 25.176460775055517, -1, -1, -1, -1
238, 0, 151.67684188077789, 72.43864530807568, 65.2861299592091, 25.164565735362, -1, -1, -1, -1
239, 0, 151.22663225789302, 72.44975145784002, 65.3282854939485, 25.152670695668483, -1, -1, -1, -1
240, 0, 150.77642263500815, 72.46085760760437, 65.37044102868789, 25.140775655974966, -1, -1, -1, -1
241, 0, 150.32621301212328, 72.4719637573687, 65.41259656342729, 25.12888061628145, -1, -1, -1, -1
242, 0, 149.8760033892384, 72.48306990713303, 65.45475209816667, 25.116985576587926, -1, -1, -1, -1
243, 0, 149.42579376635354, 72.49417605689737, 65.49690763290606, 25.1050905368944, -1, -1, -1, -1
244, 0, 148.97558414346867, 72.50528220666172, 65.53906316764545, 25.093195497200877, -1, -1, -1, -1
245, 0, 148.5253745205838, 72.51638835642606, 65.58121870238483, 25.081300457507353, -1, -1, -1, -1
246, 0, 148.07516489769893, 72.52749450619041, 65.62337423712422, 25.069405417813837, -1, -1, -1, -1
247, 0, 147.62495527481406, 72.53860065595474, 65.66552977186362, 25.05751037812032, -1, -1, -1, -1
248, 0, 147.1747456519292, 72.54970680571907, 65.70768530660301, 25.045615338426803, -1, -1, -1, -1
249, 0, 146.7245360290443, 72.56081295548341, 65.7498408413424, 25.033720298733286, -1, -1, -1, -1
250, 0, 146.2743264061594, 72.57191910524776, 65.7919963760818, 25.02182525903977, -1, -1, -1, -1
251, 0, 145.82411678327452, 72.58302525501209, 65.83415191082119, 25.009930219346252, -1, -1, -1, -1
252, 0, 145.37390716038965, 72.59413140477642, 65.87630744556058, 24.99803517965274, -1, -1, -1, -1
253, 0, 144.92369753750478, 72.60523755454076, 65.91846298029998, 24.986140139959222, -1, -1, -1, -1
254, 0, 144.4995470921722, 72.5948631028849, 65.92637066539999, 24.999150486648418, -1, -1, -1, -1
255, 0, 144.07539664683964, 72.58448865122904, 65.93427835049998, 25.012160833337617, -1, -1, -1, -1
256, 0, 143.6512462015071, 72.57411419957317, 65.94218603559997, 25.025171180026817, -1, -1, -1, -1
257, 0, 143.22709575617452, 72.56373974791731, 65.95009372069998, 25.038181526716016, -1, -1, -1, -1
258, 0, 142.80294531084195, 72.55336529626145, 65.95800140579999, 25.051191873405216, -1, -1, -1, -1
259, 0, 142.3787948655094, 72.54299084460558, 65.96590909089998, 25.064202220094415, -1, -1, -1, -1
260, 0, 141.95464442017683, 72.5326163929497, 65.97381677599998, 25.077212566783615, -1, -1, -1, -1
261, 0, 141.53049397484426, 72.52224194129384, 65.98172446109999, 25.090222913472815, -1, -1, -1, -1
262, 0, 141.10634352951172, 72.51186748963798, 65.98963214619998, 25.103233260162014, -1, -1, -1, -1
263, 0, 140.68219308417915, 72.50149303798212, 65.99753983129997, 25.116243606851214, -1, -1, -1, -1
264, 0, 140.25804263884658, 72.49111858632625, 66.00544751639997, 25.129253953540413, -1, -1, -1, -1
265, 0, 139.83389219351403, 72.48074413467039, 66.01335520149996, 25.142264300229613, -1, -1, -1, -1
266, 0, 139.40974174818146, 72.47036968301452, 66.02126288659997, 25.155274646918812, -1, -1, -1, -1
267, 0, 138.9855913028489, 72.45999523135866, 66.02917057169998, 25.16828499360801, -1, -1, -1, -1
268, 0, 138.56144085751635, 72.4496207797028, 66.03707825679999, 25.18129534029721, -1, -1, -1, -1
269, 0, 138.13729041218377, 72.43924632804693, 66.0449859419, 25.19430568698641, -1, -1, -1, -1
270, 0, 137.7131399668512, 72.42887187639107, 66.052893627, 25.20731603367561, -1, -1, -1, -1
271, 0, 137.28898952151866, 72.4184974247352, 66.0608013121, 25.22032638036481, -1, -1, -1, -1
272, 0, 136.8648390761861, 72.40812297307933, 66.06870899719999, 25.23333672705401, -1, -1, -1, -1
273, 0, 136.44068863085351, 72.39774852142347, 66.0766166823, 25.24634707374321, -1, -1, -1, -1
274, 0, 136.01653818552094, 72.3873740697676, 66.08452436740001, 25.25935742043241, -1, -1, -1, -1
275, 0, 135.59238774018837, 72.37699961811174, 66.0924320525, 25.272367767121604, -1, -1, -1, -1
276, 0, 135.16823729485583, 72.36662516645588, 66.1003397376, 25.2853781138108, -1, -1, -1, -1
277, 0, 134.74408684952326, 72.35625071480001, 66.1082474227, 25.2983884605, -1, -1, -1, -1
278, 0, 134.2789230273952, 72.35008213941627, 66.11615510779723, 25.311398807188887, -1, -1, -1, -1
279, 0, 133.81375920526716, 72.34391356403253, 66.12406279289445, 25.324409153877777, -1, -1, -1, -1
280, 0, 133.34859538313913, 72.33774498864878, 66.13197047799167, 25.337419500566668, -1, -1, -1, -1
281, 0, 132.88343156101107, 72.33157641326504, 66.1398781630889, 25.350429847255555, -1, -1, -1, -1
282, 0, 132.418267738883, 72.3254078378813, 66.14778584818612, 25.363440193944445, -1, -1, -1, -1
283, 0, 131.95310391675497, 72.31923926249755, 66.15569353328334, 25.376450540633336, -1, -1, -1, -1
284, 0, 131.48794009462694, 72.31307068711381, 66.16360121838056, 25.389460887322226, -1, -1, -1, -1
285, 0, 131.0227762724989, 72.30690211173007, 66.17150890347779, 25.402471234011117, -1, -1, -1, -1
286, 0, 130.55761245037087, 72.30073353634631, 66.17941658857501, 25.415481580700007, -1, -1, -1, -1
287, 0, 130.0924486282428, 72.29456496096257, 66.18732427367223, 25.428491927388897, -1, -1, -1, -1
288, 0, 129.62728480611474, 72.28839638557884, 66.19523195876945, 25.441502274077788, -1, -1, -1, -1
289, 0, 129.1621209839867, 72.28222781019508, 66.20313964386668, 25.45451262076668, -1, -1, -1, -1
290, 0, 128.69695716185868, 72.27605923481134, 66.2110473289639, 25.467522967455565, -1, -1, -1, -1
291, 0, 128.23179333973064, 72.2698906594276, 66.21895501406111, 25.480533314144452, -1, -1, -1, -1
292, 0, 127.7666295176026, 72.26372208404385, 66.22686269915832, 25.49354366083334, -1, -1, -1, -1
293, 0, 127.30146569547455, 72.25755350866011, 66.23477038425554, 25.506554007522226, -1, -1, -1, -1
294, 0, 126.8363018733465, 72.25138493327637, 66.24267806935276, 25.519564354211116, -1, -1, -1, -1
295, 0, 126.37113805121845, 72.24521635789262, 66.25058575445, 25.532574700900007, -1, -1, -1, -1
296, 0, 125.9059742290904, 72.23904778250888, 66.25849343954724, 25.545585047588897, -1, -1, -1, -1
297, 0, 125.44081040696236, 72.23287920712514, 66.26640112464446, 25.558595394277788, -1, -1, -1, -1
298, 0, 124.97564658483431, 72.2267106317414, 66.27430880974168, 25.571605740966675, -1, -1, -1, -1
299, 0, 124.51048276270626, 72.22054205635766, 66.2822164948389, 25.58461608765556, -1, -1, -1, -1
300, 0, 124.04531894057823, 72.2143734809739, 66.29012417993613, 25.59762643434445, -1, -1, -1, -1
301, 0, 123.58015511845018, 72.20820490559016, 66.29803186503334, 25.610636781033335, -1, -1, -1, -1
302, 0, 123.11499129632213, 72.20203633020643, 66.30593955013055, 25.623647127722226, -1, -1, -1, -1
303, 0, 122.6498274741941, 72.19586775482267, 66.31384723522777, 25.636657474411116, -1, -1, -1, -1
304, 0, 122.18466365206605, 72.18969917943892, 66.32175492032499, 25.649667821100007, -1, -1, -1, -1
305, 0, 121.719499829938, 72.18353060405518, 66.32966260542221, 25.662678167788897, -1, -1, -1, -1
306, 0, 121.25433600780995, 72.17736202867144, 66.33757029051944, 25.675688514477788, -1, -1, -1, -1
307, 0, 120.7891721856819, 72.17119345328769, 66.34547797561666, 25.688698861166678, -1, -1, -1, -1
308, 0, 120.32400836355387, 72.16502487790395, 66.35338566071388, 25.70170920785557, -1, -1, -1, -1
309, 0, 119.85884454142582, 72.1588563025202, 66.36129334581112, 25.71471955454446, -1, -1, -1, -1
310, 0, 119.39368071929778, 72.15268772713647, 66.36920103090833, 25.727729901233346, -1, -1, -1, -1
311, 0, 118.92851689716974, 72.14651915175273, 66.37710871600555, 25.74074024792223, -1, -1, -1, -1
312, 0, 118.4633530750417, 72.14035057636897, 66.38501640110277, 25.753750594611112, -1, -1, -1, -1
313, 0, 117.99818925291365, 72.13418200098523, 66.3929240862, 25.7667609413, -1, -1, -1, -1
314, 0, 117.41424514079124, 72.13801971365262, 66.4008317713, 25.7797712879875, -1, -1, -1, -1
315, 0, 116.83030102866883, 72.14185742632003, 66.4087394564, 25.792781634675006, -1, -1, -1, -1
316, 0, 116.24635691654642, 72.14569513898742, 66.4166471415, 25.80579198136251, -1, -1, -1, -1
317, 0, 115.66241280442401, 72.14953285165481, 66.4245548266, 25.818802328050012, -1, -1, -1, -1
318, 0, 115.0784686923016, 72.15337056432222, 66.4324625117, 25.83181267473751, -1, -1, -1, -1
319, 0, 114.49452458017919, 72.1572082769896, 66.44037019679999, 25.844823021425007, -1, -1, -1, -1
320, 0, 113.91058046805678, 72.161045989657, 66.44827788189998, 25.857833368112505, -1, -1, -1, -1
321, 0, 113.32663635593437, 72.1648837023244, 66.45618556699998, 25.870843714800003, -1, -1, -1, -1
322, 0, 112.74269224381196, 72.16872141499181, 66.46409325209999, 25.8838540614875, -1, -1, -1, -1
323, 0, 112.15874813168955, 72.1725591276592, 66.47200093719998, 25.896864408175, -1, -1, -1, -1
324, 0, 111.57480401956714, 72.17639684032659, 66.47990862229997, 25.909874754862496, -1, -1, -1, -1
325, 0, 110.99085990744473, 72.180234552994, 66.48781630739998, 25.922885101549994, -1, -1, -1, -1
326, 0, 110.40691579532232, 72.18407226566138, 66.49572399249999, 25.935895448237495, -1, -1, -1, -1
327, 0, 109.82297168319991, 72.18790997832878, 66.5036316776, 25.948905794924997, -1, -1, -1, -1
328, 0, 109.23902757107749, 72.19174769099618, 66.5115393627, 25.961916141612498, -1, -1, -1, -1
329, 0, 108.65508345895508, 72.19558540366357, 66.5194470478, 25.9749264883, -1, -1, -1, -1
330, 0, 108.07113934683267, 72.19942311633096, 66.5273547329, 25.9879368349875, -1, -1, -1, -1
331, 0, 107.48719523471026, 72.20326082899837, 66.53526241799999, 26.000947181675002, -1, -1, -1, -1
332, 0, 106.90325112258785, 72.20709854166576, 66.54317010309998, 26.013957528362504, -1, -1, -1, -1
333, 0, 106.31930701046544, 72.21093625433315, 66.55107778819998, 26.026967875050005, -1, -1, -1, -1
334, 0, 105.73536289834303, 72.21477396700055, 66.55898547329997, 26.039978221737503, -1, -1, -1, -1
335, 0, 105.15141878622062, 72.21861167966794, 66.56689315839998, 26.052988568425, -1, -1, -1, -1
336, 0, 104.56747467409821, 72.22244939233534, 66.57480084349999, 26.065998915112502, -1, -1, -1, -1
337, 0, 103.9835305619758, 72.22628710500274, 66.5827085286, 26.0790092618, -1, -1, -1, -1
338, 0, 103.29358120096268, 72.19832324300522, 66.59061621369786, 26.092019608488293, -1, -1, -1, -1
339, 0, 102.60363183994954, 72.1703593810077, 66.59852389879572, 26.105029955176583, -1, -1, -1, -1
340, 0, 101.91368247893641, 72.14239551901018, 66.60643158389357, 26.118040301864877, -1, -1, -1, -1
341, 0, 101.22373311792329, 72.11443165701266, 66.61433926899143, 26.13105064855317, -1, -1, -1, -1
342, 0, 100.53378375691017, 72.08646779501514, 66.62224695408929, 26.14406099524146, -1, -1, -1, -1
343, 0, 99.84383439589703, 72.05850393301762, 66.63015463918717, 26.15707134192975, -1, -1, -1, -1
344, 0, 99.1538850348839, 72.0305400710201, 66.63806232428504, 26.17008168861804, -1, -1, -1, -1
345, 0, 98.46393567387078, 72.00257620902258, 66.6459700093829, 26.18309203530633, -1, -1, -1, -1
346, 0, 97.77398631285766, 71.97461234702506, 66.65387769448077, 26.196102381994624, -1, -1, -1, -1
347, 0, 97.08403695184452, 71.94664848502754, 66.66178537957862, 26.209112728682918, -1, -1, -1, -1
348, 0, 96.3940875908314, 71.91868462303002, 66.66969306467648, 26.22212307537121, -1, -1, -1, -1
349, 0, 95.70413822981828, 71.8907207610325, 66.67760074977434, 26.235133422059505, -1, -1, -1, -1
350, 0, 95.01418886880515, 71.86275689903498, 66.68550843487222, 26.248143768747795, -1, -1, -1, -1
351, 0, 94.32423950779203, 71.83479303703746, 66.69341611997008, 26.261154115436085, -1, -1, -1, -1
352, 0, 93.63429014677891, 71.80682917503994, 66.70132380506794, 26.274164462124375, -1, -1, -1, -1
353, 0, 92.94434078576577, 71.77886531304242, 66.70923149016582, 26.287174808812665, -1, -1, -1, -1
354, 0, 92.25439142475264, 71.7509014510449, 66.71713917526368, 26.30018515550096, -1, -1, -1, -1
355, 0, 91.56444206373952, 71.72293758904738, 66.72504686036154, 26.313195502189252, -1, -1, -1, -1
356, 0, 90.8744927027264, 71.69497372704986, 66.7329545454594, 26.326205848877546, -1, -1, -1, -1
357, 0, 90.18454334171327, 71.66700986505234, 66.74086223055727, 26.33921619556584, -1, -1, -1, -1
358, 0, 89.49459398070013, 71.63904600305482, 66.74876991565513, 26.35222654225413, -1, -1, -1, -1
359, 0, 88.80464461968701, 71.6110821410573, 66.756677600753, 26.36523688894242, -1, -1, -1, -1
360, 0, 88.11469525867389, 71.58311827905978, 66.76458528585086, 26.37824723563071, -1, -1, -1, -1
361, 0, 87.42474589766076, 71.55515441706225, 66.77249297094872, 26.391257582319, -1, -1, -1, -1
362, 0, 86.73479653664762, 71.52719055506473, 66.7804006560466, 26.40426792900729, -1, -1, -1, -1
363, 0, 86.0448471756345, 71.49922669306721, 66.78830834114447, 26.417278275695583, -1, -1, -1, -1
364, 0, 85.35489781462138, 71.4712628310697, 66.79621602624235, 26.430288622383877, -1, -1, -1, -1
365, 0, 84.66494845360825, 71.44329896907217, 66.80412371134021, 26.443298969072167, -1, -1, -1, -1
366, 0, 83.83112699156506, 71.48440592857072, 66.77512886597921, 26.41742162531768, -1, -1, -1, -1
367, 0, 82.99730552952187, 71.52551288806927, 66.7461340206182, 26.39154428156319, -1, -1, -1, -1
368, 0, 82.16348406747868, 71.56661984756781, 66.71713917525719, 26.365666937808697, -1, -1, -1, -1
369, 0, 81.32966260543549, 71.60772680706636, 66.68814432989618, 26.33978959405421, -1, -1, -1, -1
370, 0, 80.4958411433923, 71.6488337665649, 66.65914948453516, 26.31391225029972, -1, -1, -1, -1
371, 0, 79.66201968134911, 71.68994072606344, 66.63015463917417, 26.288034906545228, -1, -1, -1, -1
372, 0, 78.82819821930592, 71.73104768556199, 66.60115979381317, 26.262157562790737, -1, -1, -1, -1
373, 0, 77.99437675726273, 71.77215464506054, 66.57216494845215, 26.236280219036246, -1, -1, -1, -1
374, 0, 77.16055529521954, 71.81326160455907, 66.54317010309116, 26.210402875281755, -1, -1, -1, -1
375, 0, 76.32673383317635, 71.85436856405762, 66.51417525773016, 26.184525531527264, -1, -1, -1, -1
376, 0, 75.49291237113317, 71.89547552355617, 66.48518041236915, 26.158648187772773, -1, -1, -1, -1
377, 0, 74.65909090908998, 71.9365824830547, 66.45618556700815, 26.13277084401828, -1, -1, -1, -1
378, 0, 73.8252694470468, 71.97768944255326, 66.42719072164715, 26.10689350026379, -1, -1, -1, -1
379, 0, 72.9914479850036, 72.0187964020518, 66.39819587628614, 26.0810161565093, -1, -1, -1, -1
380, 0, 72.15762652296041, 72.05990336155034, 66.36920103092513, 26.05513881275481, -1, -1, -1, -1
381, 0, 71.32380506091722, 72.10101032104889, 66.34020618556413, 26.029261469000318, -1, -1, -1, -1
382, 0, 70.48998359887403, 72.14211728054744, 66.31121134020313, 26.003384125245827, -1, -1, -1, -1
383, 0, 69.65616213683084, 72.18322424004597, 66.28221649484212, 25.977506781491336, -1, -1, -1, -1
384, 0, 68.82234067478765, 72.22433119954452, 66.2532216494811, 25.951629437736845, -1, -1, -1, -1
385, 0, 67.98851921274446, 72.26543815904307, 66.22422680412011, 25.925752093982354, -1, -1, -1, -1
386, 0, 67.15469775070127, 72.30654511854162, 66.19523195875911, 25.899874750227863, -1, -1, -1, -1
387, 0, 66.3208762886581, 72.34765207804017, 66.1662371133981, 25.87399740647337, -1, -1, -1, -1
388, 0, 65.48705482661491, 72.3887590375387, 66.13724226803708, 25.84812006271888, -1, -1, -1, -1
389, 0, 64.65323336457172, 72.42986599703725, 66.10824742267607, 25.82224271896439, -1, -1, -1, -1
390, 0, 63.81941190252853, 72.4709729565358, 66.07925257731507, 25.7963653752099, -1, -1, -1, -1
391, 0, 62.98559044048534, 72.51207991603434, 66.05025773195408, 25.770488031455407, -1, -1, -1, -1
392, 0, 62.15176897844215, 72.55318687553289, 66.02126288659306, 25.744610687700916, -1, -1, -1, -1
393, 0, 61.31794751639896, 72.59429383503144, 65.99226804123207, 25.718733343946425, -1, -1, -1, -1
394, 0, 60.48412605435577, 72.63540079452997, 65.96327319587107, 25.692856000191934, -1, -1, -1, -1
395, 0, 59.65030459231258, 72.67650775402852, 65.93427835051006, 25.666978656437443, -1, -1, -1, -1
396, 0, 58.81648313026939, 72.71761471352707, 65.90528350514904, 25.641101312682952, -1, -1, -1, -1
397, 0, 57.9826616682262, 72.7587216730256, 65.87628865978805, 25.61522396892846, -1, -1, -1, -1
398, 0, 57.14884020618301, 72.79982863252415, 65.84729381442705, 25.58934662517397, -1, -1, -1, -1
399, 0, 56.31501874413982, 72.8409355920227, 65.81829896906603, 25.56346928141948, -1, -1, -1, -1
400, 0, 55.48119728209663, 72.88204255152124, 65.78930412370504, 25.53759193766499, -1, -1, -1, -1
401, 0, 54.64737582005344, 72.92314951101979, 65.76030927834404, 25.511714593910497, -1, -1, -1, -1
402, 0, 53.81355435801025, 72.96425647051834, 65.73131443298303, 25.485837250156006, -1, -1, -1, -1
403, 0, 52.97973289596706, 73.00536343001687, 65.70231958762201, 25.459959906401515, -1, -1, -1, -1
404, 0, 52.14591143392387, 73.04647038951542, 65.673324742261, 25.434082562647024, -1, -1, -1, -1
405, 0, 51.31208997188069, 73.08757734901397, 65.6443298969, 25.408205218892533, -1, -1, -1, -1
406, 0, 50.46572146956605, 73.11131124015276, 65.61533505153929, 25.401000211557086, -1, -1, -1, -1
407, 0, 49.6193529672514, 73.13504513129155, 65.58634020617858, 25.39379520422164, -1, -1, -1, -1
408, 0, 48.772984464936755, 73.15877902243034, 65.55734536081786, 25.386590196886193, -1, -1, -1, -1
409, 0, 47.92661596262211, 73.18251291356911, 65.52835051545715, 25.379385189550746, -1, -1, -1, -1
410, 0, 47.08024746030746, 73.2062468047079, 65.49935567009643, 25.372180182215295, -1, -1, -1, -1
411, 0, 46.233878957992815, 73.22998069584669, 65.47036082473572, 25.364975174879845, -1, -1, -1, -1
412, 0, 45.38751045567817, 73.25371458698548, 65.441365979375, 25.357770167544395, -1, -1, -1, -1
413, 0, 44.54114195336352, 73.27744847812427, 65.4123711340143, 25.350565160208944, -1, -1, -1, -1
414, 0, 43.694773451048874, 73.30118236926305, 65.38337628865358, 25.343360152873498, -1, -1, -1, -1
415, 0, 42.84840494873423, 73.32491626040184, 65.35438144329285, 25.33615514553805, -1, -1, -1, -1
416, 0, 42.00203644641958, 73.34865015154062, 65.32538659793214, 25.328950138202604, -1, -1, -1, -1
417, 0, 41.15566794410494, 73.37238404267941, 65.29639175257142, 25.321745130867157, -1, -1, -1, -1
418, 0, 40.3092994417903, 73.3961179338182, 65.26739690721071, 25.31454012353171, -1, -1, -1, -1
419, 0, 39.462930939475655, 73.419851824957, 65.23840206185, 25.307335116196263, -1, -1, -1, -1
420, 0, 38.61656243716101, 73.44358571609578, 65.2094072164893, 25.300130108860817, -1, -1, -1, -1
421, 0, 37.77019393484636, 73.46731960723456, 65.18041237112858, 25.29292510152537, -1, -1, -1, -1
422, 0, 36.923825432531714, 73.49105349837333, 65.15141752576787, 25.285720094189923, -1, -1, -1, -1
423, 0, 36.07745693021707, 73.51478738951212, 65.12242268040715, 25.278515086854476, -1, -1, -1, -1
424, 0, 35.23108842790242, 73.53852128065091, 65.09342783504644, 25.27131007951903, -1, -1, -1, -1
425, 0, 34.384719925587774, 73.5622551717897, 65.06443298968573, 25.264105072183582, -1, -1, -1, -1
426, 0, 33.53835142327313, 73.58598906292849, 65.03543814432501, 25.256900064848132, -1, -1, -1, -1
427, 0, 32.69198292095848, 73.60972295406728, 65.00644329896429, 25.24969505751268, -1, -1, -1, -1
428, 0, 31.845614418643837, 73.63345684520607, 64.97744845360357, 25.24249005017723, -1, -1, -1, -1
429, 0, 30.999245916329194, 73.65719073634486, 64.94845360824286, 25.23528504284178, -1, -1, -1, -1
430, 0, 30.152877414014547, 73.68092462748365, 64.91945876288214, 25.228080035506338, -1, -1, -1, -1
431, 0, 29.3065089116999, 73.70465851862244, 64.89046391752143, 25.22087502817089, -1, -1, -1, -1
432, 0, 28.460140409385254, 73.72839240976123, 64.86146907216072, 25.213670020835444, -1, -1, -1, -1
433, 0, 27.61377190707061, 73.7521263009, 64.8324742268, 25.2064650135, -1, -1, -1, -1
434, 0, 26.610047768177957, 73.77586019205, 64.80347938144999, 25.19926000616462, -1, -1, -1, -1
435, 0, 25.606323629285306, 73.79959408319999, 64.77448453609999, 25.192054998829242, -1, -1, -1, -1
436, 0, 24.602599490392652, 73.82332797435, 64.74548969074999, 25.184849991493863, -1, -1, -1, -1
437, 0, 23.5988753515, 73.8470618655, 64.71649484539998, 25.17764498415848, -1, -1, -1, -1
438, 0, 22.732837394608566, 73.8707957566382, 64.6875000000367, 25.198758667493934, -1, -1, -1, -1
439, 0, 21.866799437717138, 73.89452964777641, 64.65850515467343, 25.21987235082939, -1, -1, -1, -1
440, 0, 21.00076148082571, 73.91826353891463, 64.62951030931016, 25.240986034164848, -1, -1, -1, -1
441, 0, 20.134723523934277, 73.94199743005284, 64.60051546394689, 25.262099717500305, -1, -1, -1, -1
442, 0, 19.268685567042844, 73.96573132119104, 64.57152061858362, 25.28321340083576, -1, -1, -1, -1
443, 0, 18.402647610151416, 73.98946521232926, 64.54252577322035, 25.304327084171213, -1, -1, -1, -1
444, 0, 17.536609653259987, 74.01319910346747, 64.51353092785708, 25.325440767506667, -1, -1, -1, -1
445, 0, 16.670571696368555, 74.03693299460568, 64.4845360824938, 25.34655445084212, -1, -1, -1, -1
446, 0, 15.804533739477126, 74.06066688574388, 64.45554123713053, 25.367668134177578, -1, -1, -1, -1
447, 0, 14.938495782585695, 74.08440077688209, 64.42654639176726, 25.388781817513035, -1, -1, -1, -1
448, 0, 14.072457825694265, 74.1081346680203, 64.39755154640399, 25.409895500848492, -1, -1, -1, -1
449, 0, 13.206419868802836, 74.1318685591585, 64.36855670104072, 25.43100918418395, -1, -1, -1, -1
450, 0, 12.340381911911406, 74.15560245029671, 64.33956185567745, 25.452122867519407, -1, -1, -1, -1
451, 0, 11.474343955019975, 74.17933634143492, 64.31056701031417, 25.473236550854864, -1, -1, -1, -1
452, 0, 10.608305998128545, 74.20307023257314, 64.2815721649509, 25.49435023419032, -1, -1, -1, -1
453, 0, 9.742268041237114, 74.22680412371135, 64.25257731958763, 25.515463917525775, -1, -1, -1, -1
454, 0, 8.930412371134022, 74.26546391752578, 64.13659793814433, 25.51546391752578, -1, -1, -1, -1
455, 0, 8.11855670103093, 74.30412371134021, 64.02061855670104, 25.51546391752578, -1, -1, -1, -1
456, 0, 7.306701030927836, 74.34278350515464, 63.904639175257735, 25.51546391752578, -1, -1, -1, -1
457, 0, 6.494845360824742, 74.38144329896907, 63.78865979381443, 25.51546391752578, -1, -1, -1, -1
458, 0, 5.68298969072165, 74.4201030927835, 63.672680412371136, 25.51546391752578, -1, -1, -1, -1
459, 0, 4.871134020618557, 74.45876288659795, 63.55670103092783, 25.51546391752578, -1, -1, -1, -1
460, 0, 4.059278350515465, 74.49742268041238, 63.44072164948453, 25.51546391752578, -1, -1, -1, -1
461, 0, 3.247422680412371, 74.53608247422682, 63.324742268041234, 25.51546391752578, -1, -1, -1, -1
462, 0, 2.4355670103092786, 74.57474226804125, 63.20876288659794, 25.51546391752578, -1, -1, -1, -1
463, 0, 1.6237113402061856, 74.61340206185568, 63.092783505154635, 25.51546391752578, -1, -1, -1, -1
464, 0, 0.8118556701030928, 74.65206185567011, 62.97680412371133, 25.51546391752578, -1, -1, -1, -1
465, 0, 0.0, 74.69072164948454, 62.860824742268036, 25.515463917525775, -1, -1, -1, -1
466, 0, 0.0, 74.80670103092784, 61.906630740393624, 25.436387066541705, -1, -1, -1, -1
467, 0, 0.0, 74.92268041237114, 60.95243673851921, 25.35731021555764, -1, -1, -1, -1
468, 0, 0.0, 75.03865979381445, 59.9982427366448, 25.27823336457357, -1, -1, -1, -1
469, 0, 0.0, 75.15463917525774, 59.04404873477038, 25.1991565135895, -1, -1, -1, -1
470, 0, 0.0, 75.27061855670104, 58.08985473289596, 25.120079662605434, -1, -1, -1, -1
471, 0, 0.0, 75.38659793814435, 57.135660731021545, 25.041002811621368, -1, -1, -1, -1
472, 0, 0.0, 75.50257731958764, 56.18146672914713, 24.961925960637302, -1, -1, -1, -1
473, 0, 0.0, 75.61855670103094, 55.22727272727272, 24.882849109653236, -1, -1, -1, -1
474, 0, 0.0, 75.73453608247424, 54.27307872539831, 24.80377225866917, -1, -1, -1, -1
475, 0, 0.0, 75.85051546391753, 53.318884723523894, 24.724695407685104, -1, -1, -1, -1
476, 0, 0.0, 75.96649484536083, 52.36469072164948, 24.645618556701038, -1, -1, -1, -1
477, 0, 0.0, 76.08247422680412, 51.41049671977507, 24.566541705716972, -1, -1, -1, -1
478, 0, 0.0, 76.19845360824742, 50.456302717900655, 24.487464854732902, -1, -1, -1, -1
479, 0, 0.0, 76.31443298969072, 49.50210871602624, 24.408388003748833, -1, -1, -1, -1
480, 0, 0.0, 76.43041237113403, 48.54791471415183, 24.329311152764763, -1, -1, -1, -1
481, 0, 0.0, 76.54639175257732, 47.59372071227741, 24.250234301780694, -1, -1, -1, -1
482, 0, 0.0, 76.66237113402062, 46.63952671040299, 24.171157450796628, -1, -1, -1, -1
483, 0, 0.0, 76.77835051546393, 45.68533270852858, 24.09208059981256, -1, -1, -1, -1
484, 0, 0.0, 76.89432989690722, 44.731138706654164, 24.013003748828496, -1, -1, -1, -1
485, 0, 0.0, 77.01030927835052, 43.77694470477975, 23.93392689784443, -1, -1, -1, -1
486, 0, 0.0, 77.12628865979381, 42.82275070290534, 23.85485004686036, -1, -1, -1, -1
487, 0, 0.0, 77.24226804123711, 41.868556701030926, 23.77577319587629, -1, -1, -1, -1
488, 0, 0.0, 77.35824742268042, 40.91436269915651, 23.69669634489222, -1, -1, -1, -1
489, 0, 0.0, 77.47422680412372, 39.9601686972821, 23.61761949390815, -1, -1, -1, -1
490, 0, 0.0, 77.59020618556701, 39.00597469540769, 23.538542642924085, -1, -1, -1, -1
491, 0, 0.0, 77.70618556701032, 38.051780693533274, 23.45946579194002, -1, -1, -1, -1
492, 0, 0.0, 77.82216494845362, 37.09758669165886, 23.380388940955953, -1, -1, -1, -1
493, 0, 0.0, 77.93814432989691, 36.14339268978444, 23.301312089971887, -1, -1, -1, -1
494, 0, 0.0, 78.05412371134021, 35.18919868791002, 23.222235238987817, -1, -1, -1, -1
495, 0, 0.0, 78.1701030927835, 34.23500468603561, 23.143158388003748, -1, -1, -1, -1
496, 0, 0.0, 78.28608247422682, 33.280810684161196, 23.06408153701968, -1, -1, -1, -1
497, 0, 0.0, 78.40206185567011, 32.32661668228678, 22.98500468603561, -1, -1, -1, -1
498, 0, 0.0, 78.51804123711341, 31.37242268041237, 22.905927835051543, -1, -1, -1, -1
499, 0, 0.0, 78.6340206185567, 30.418228678537954, 22.826850984067477, -1, -1, -1, -1
500, 0, 0.0, 78.75, 29.464034676663537, 22.74777413308341, -1, -1, -1, -1
501, 0, 0.0, 78.8659793814433, 28.509840674789125, 22.668697282099345, -1, -1, -1, -1
502, 0, 0.0, 78.98195876288659, 27.555646672914712, 22.58962043111528, -1, -1, -1, -1
503, 0, 0.0, 79.0979381443299, 26.601452671040295, 22.510543580131213, -1, -1, -1, -1
504, 0, 0.0, 79.2139175257732, 25.64725866916588, 22.431466729147147, -1, -1, -1, -1
505, 0, 0.0, 79.3298969072165, 24.693064667291466, 22.35238987816308, -1, -1, -1, -1
506, 0, 0.0, 79.44587628865979, 23.738870665417053, 22.27331302717901, -1, -1, -1, -1
507, 0, 0.0, 79.56185567010309, 22.78467666354264, 22.19423617619494, -1, -1, -1, -1
508, 0, 0.0, 79.6778350515464, 21.830482661668228, 22.115159325210875, -1, -1, -1, -1
509, 0, 0.0, 79.79381443298969, 20.876288659793815, 22.036082474226806, -1, -1, -1, -1
510, 0, 0.0, 80.06443298969072, 19.98711340206186, 21.72680412371134, -1, -1, -1, -1
511, 0, 0.0, 80.33505154639175, 19.0979381443299, 21.417525773195877, -1, -1, -1, -1
512, 0, 0.0, 80.60567010309279, 18.20876288659794, 21.108247422680414, -1, -1, -1, -1
513, 0, 0.0, 80.87628865979381, 17.319587628865982, 20.79896907216495, -1, -1, -1, -1
514, 0, 0.0, 81.14690721649484, 16.43041237113402, 20.489690721649485, -1, -1, -1, -1
515, 0, 0.0, 81.41752577319588, 15.541237113402063, 20.180412371134018, -1, -1, -1, -1
516, 0, 0.0, 81.68814432989691, 14.652061855670105, 19.871134020618552, -1, -1, -1, -1
517, 0, 0.0, 81.95876288659794, 13.762886597938145, 19.561855670103085, -1, -1, -1, -1
518, 0, 0.0, 82.22938144329896, 12.873711340206187, 19.252577319587623, -1, -1, -1, -1
519, 0, 0.0, 82.5, 11.984536082474229, 18.94329896907216, -1, -1, -1, -1
520, 0, 0.0, 82.77061855670104, 11.095360824742269, 18.634020618556697, -1, -1, -1, -1
521, 0, 0.0, 83.04123711340206, 10.20618556701031, 18.324742268041238, -1, -1, -1, -1
521, 1, 0.0, 116.90721649484537, 4.407216494845361, 14.149484536082475, -1, -1, -1, -1
522, 0, 0.0, 100.05616497954546, 6.436855670100252, 15.981206154454254, -1, -1, -1, -1
522, 1, 4.1204153491242905e-16, 116.29710809250739, 4.9597656886590205, 15.127472964963541, -1, -1, -1, -1
523, 0, 0.0, 83.20511346424553, 8.466494845355143, 17.812927772826033, -1, -1, -1, -1
523, 1, 8.240830698248581e-16, 115.68699969016939, 5.51231488247268, 16.105461393844607, -1, -1, -1, -1
524, 0, 4.1204153491242905e-16, 99.5279947526292, 6.119559503086329, 16.703287335727715, -1, -1, -1, -1
524, 1, 1.2361246047372872e-15, 115.07689128783139, 6.064864076286339, 17.08344982272567, -1, -1, -1, -1
525, 0, 0.0, 83.36898981508901, 6.726804123699977, 17.301113277610828, -1, -1, -1, -1
525, 1, 1.6481661396497162e-15, 114.46678288549339, 6.617413270099998, 18.061438251606734, -1, -1, -1, -1
526, 0, 8.240830698248581e-16, 99.82177291713751, 5.802263336078086, 16.603420125618445, -1, -1, -1, -1
526, 1, 1.2773287582285305e-14, 114.27085860582612, 7.169962463925, 18.625242557819945, -1, -1, -1, -1
527, 0, 0.0, 85.17676294878163, 4.987113402056174, 15.145401999630156, -1, -1, -1, -1
527, 1, 2.3898409024920896e-14, 114.07493432615885, 7.72251165775, 19.189046864033156, -1, -1, -1, -1
528, 0, 1.1949204512460448e-14, 100.52973520431655, 5.484967169081186, 16.08936879284132, -1, -1, -1, -1
528, 1, 3.5023530467556483e-14, 113.87901004649159, 8.275060851575, 19.752851170246366, -1, -1, -1, -1
529, 0, 0.0, 86.98453608247424, 3.247422680412371, 12.989690721649485, -1, -1, -1, -1
529, 1, 4.6148651910192074e-14, 113.68308576682432, 8.827610045400002, 20.316655476459577, -1, -1, -1, -1
530, 0, 2.3074325955096037e-14, 100.33381092464927, 6.037516362906187, 16.65317309905453, -1, -1, -1, -1
530, 1, 4.863295585526938e-14, 113.49583087856611, 9.380159239217857, 20.72794942276296, -1, -1, -1, -1
531, 0, 0.0, 86.98453608247424, 3.247422680412371, 12.989690721649485, -1, -1, -1, -1
531, 1, 5.1117259800346697e-14, 113.3085759903079, 9.93270843303571, 21.139243369066342, -1, -1, -1, -1
532, 0, 2.5558629900173348e-14, 100.14655603639108, 6.59006555672404, 17.064467045357915, -1, -1, -1, -1
532, 1, 5.360156374542401e-14, 113.1213211020497, 10.485257626853565, 21.550537315369727, -1, -1, -1, -1
533, 1, 5.608586769050132e-14, 112.9340662137915, 11.03780682067142, 21.96183126167311, -1, -1, -1, -1
534, 1, 5.857017163557863e-14, 112.74681132553329, 11.590356014489275, 22.3731252079765, -1, -1, -1, -1
535, 1, 6.105447558065594e-14, 112.55955643727509, 12.14290520830713, 22.784419154279885, -1, -1, -1, -1
536, 1, 6.353877952573326e-14, 112.37230154901688, 12.695454402124986, 23.19571310058327, -1, -1, -1, -1
537, 1, 6.602308347081056e-14, 112.18504666075867, 13.24800359594284, 23.607007046886658, -1, -1, -1, -1
538, 1, 6.079370498514313e-14, 112.04444633080931, 13.896878765972762, 23.721618409377086, -1, -1, -1, -1
539, 1, 5.5564326499475703e-14, 111.90384600085994, 14.545753936002681, 23.83622977186752, -1, -1, -1, -1
540, 1, 5.0334948013808276e-14, 111.76324567091058, 15.1946291060326, 23.95084113435795, -1, -1, -1, -1
541, 1, 4.510556952814084e-14, 111.6226453409612, 15.843504276062522, 24.06545249684838, -1, -1, -1, -1
542, 1, 3.9876191042473414e-14, 111.48204501101182, 16.492379446092443, 24.18006385933881, -1, -1, -1, -1
543, 1, 3.4646812556805986e-14, 111.34144468106246, 17.14125461612236, 24.294675221829237, -1, -1, -1, -1
544, 1, 2.941743407113855e-14, 111.20084435111309, 17.79012978615228, 24.409286584319666, -1, -1, -1, -1
545, 1, 2.4188055585471125e-14, 111.06024402116371, 18.439004956182202, 24.523897946810095, -1, -1, -1, -1
546, 1, 1.8958677099803697e-14, 110.91964369121433, 19.087880126212124, 24.638509309300524, -1, -1, -1, -1
547, 1, 1.3729298614136266e-14, 110.77904336126497, 19.736755296242045, 24.753120671790953, -1, -1, -1, -1
548, 1, 8.499920128468837e-15, 110.6384430313156, 20.385630466271962, 24.86773203428138, -1, -1, -1, -1
549, 1, 3.270541642801407e-15, 110.49784270136624, 21.034505636301883, 24.98234339677181, -1, -1, -1, -1
550, 1, 3.066132790126319e-15, 110.39353873342063, 21.674096219983014, 25.062911098201035, -1, -1, -1, -1
551, 1, 2.861723937451231e-15, 110.28923476547502, 22.31368680366414, 25.14347879963026, -1, -1, -1, -1
552, 1, 2.657315084776143e-15, 110.1849307975294, 22.953277387345267, 25.224046501059483, -1, -1, -1, -1
553, 1, 2.452906232101055e-15, 110.08062682958378, 23.592867971026397, 25.304614202488708, -1, -1, -1, -1
554, 1, 2.248497379425967e-15, 109.97632286163815, 24.232458554707527, 25.38518190391793, -1, -1, -1, -1
555, 1, 2.044088526750879e-15, 109.87201889369254, 24.872049138388657, 25.46574960534715, -1, -1, -1, -1
556, 1, 1.839679674075791e-15, 109.76771492574693, 25.511639722069788, 25.54631730677637, -1, -1, -1, -1
557, 1, 1.6352708214007035e-15, 109.66341095780132, 26.151230305750918, 25.62688500820559, -1, -1, -1, -1
558, 1, 1.4308619687256155e-15, 109.5591069898557, 26.790820889432048, 25.707452709634815, -1, -1, -1, -1
559, 1, 1.2264531160505277e-15, 109.45480302191008, 27.430411473113175, 25.78802041106404, -1, -1, -1, -1
560, 1, 1.02204426337544e-15, 109.35049905396446, 28.070002056794305, 25.868588112493264, -1, -1, -1, -1
561, 1, 8.176354107003519e-16, 109.24619508601884, 28.709592640475435, 25.949155813922488, -1, -1, -1, -1
562, 1, 6.13226558025264e-16, 109.14189111807323, 29.349183224156562, 26.029723515351712, -1, -1, -1, -1
563, 1, 4.0881770535017597e-16, 109.03758715012762, 29.988773807837692, 26.110291216780933, -1, -1, -1, -1
564, 1, 2.0440885267508799e-16, 108.93328318218201, 30.628364391518822, 26.190858918210154, -1, -1, -1, -1
565, 1, 0.0, 108.82897921423638, 31.26795497519995, 26.271426619639378, -1, -1, -1, -1
566, 1, 3.551418339647192e-16, 108.7557154734705, 31.878426304294916, 26.363037701585405, -1, -1, -1, -1
567, 1, 7.102836679294384e-16, 108.68245173270464, 32.48889763338988, 26.45464878353143, -1, -1, -1, -1
568, 1, 1.0654255018941576e-15, 108.60918799193877, 33.099368962484846, 26.546259865477452, -1, -1, -1, -1
569, 1, 1.4205673358588769e-15, 108.53592425117289, 33.70984029157981, 26.63787094742348, -1, -1, -1, -1
570, 1, 1.775709169823596e-15, 108.462660510407, 34.32031162067477, 26.72948202936951, -1, -1, -1, -1
571, 1, 2.1308510037883153e-15, 108.38939676964114, 34.93078294976974, 26.82109311131554, -1, -1, -1, -1
572, 1, 2.4859928377530345e-15, 108.31613302887526, 35.54125427886471, 26.912704193261572, -1, -1, -1, -1
573, 1, 2.8411346717177537e-15, 108.24286928810938, 36.151725607959676, 27.004315275207603, -1, -1, -1, -1
574, 1, 3.196276505682473e-15, 108.16960554734351, 36.76219693705464, 27.09592635715363, -1, -1, -1, -1
575, 1, 3.551418339647192e-15, 108.09634180657763, 37.3726682661496, 27.187537439099657, -1, -1, -1, -1
576, 1, 3.906560173611912e-15, 108.02307806581175, 37.983139595244566, 27.279148521045684, -1, -1, -1, -1
577, 1, 4.2617020075766306e-15, 107.94981432504588, 38.59361092433953, 27.37075960299171, -1, -1, -1, -1
578, 1, 4.6168438415413494e-15, 107.87655058428001, 39.20408225343449, 27.462370684937735, -1, -1, -1, -1
579, 1, 4.971985675506069e-15, 107.80328684351413, 39.814553582529456, 27.55398176688376, -1, -1, -1, -1
580, 1, 5.327127509470789e-15, 107.73002310274825, 40.42502491162442, 27.645592848829782, -1, -1, -1, -1
581, 1, 5.6822693434355074e-15, 107.65675936198238, 41.03549624071939, 27.737203930775806, -1, -1, -1, -1
582, 1, 5.445508120792361e-15, 107.59904141456228, 41.76300553188941, 27.904164381745765, -1, -1, -1, -1
583, 1, 5.208746898149215e-15, 107.54132346714218, 42.490514823059435, 28.071124832715725, -1, -1, -1, -1
584, 1, 4.971985675506068e-15, 107.48360551972209, 43.21802411422946, 28.238085283685685, -1, -1, -1, -1
585, 1, 4.7352244528629226e-15, 107.42588757230199, 43.94553340539948, 28.405045734655644, -1, -1, -1, -1
586, 1, 4.498463230219777e-15, 107.36816962488189, 44.67304269656951, 28.57200618562559, -1, -1, -1, -1
587, 1, 4.2617020075766306e-15, 107.3104516774618, 45.40055198773953, 28.738966636595535, -1, -1, -1, -1
588, 1, 4.024940784933484e-15, 107.25273373004171, 46.128061278909556, 28.90592708756548, -1, -1, -1, -1
589, 1, 3.788179562290338e-15, 107.19501578262161, 46.85557057007958, 29.072887538535426, -1, -1, -1, -1
590, 1, 3.5514183396471918e-15, 107.13729783520151, 47.5830798612496, 29.23984798950538, -1, -1, -1, -1
591, 1, 3.3146571170040457e-15, 107.07957988778142, 48.310589152419624, 29.406808440475338, -1, -1, -1, -1
592, 1, 3.0778958943608997e-15, 107.02186194036132, 49.03809844358965, 29.573768891445294, -1, -1, -1, -1
593, 1, 2.8411346717177537e-15, 106.96414399294122, 49.765607734759676, 29.74072934241525, -1, -1, -1, -1
594, 1, 2.6043734490746073e-15, 106.90642604552112, 50.4931170259297, 29.907689793385206, -1, -1, -1, -1
595, 1, 2.3676122264314613e-15, 106.84870809810101, 51.22062631709972, 30.074650244355162, -1, -1, -1, -1
596, 1, 2.1308510037883153e-15, 106.79099015068093, 51.948135608269745, 30.241610695325118, -1, -1, -1, -1
597, 1, 1.894089781145169e-15, 106.73327220326082, 52.67564489943977, 30.408571146295074, -1, -1, -1, -1
598, 1, 1.6573285585020227e-15, 106.67555425584072, 53.4031541906098, 30.57553159726502, -1, -1, -1, -1
599, 1, 1.4205673358588765e-15, 106.61783630842064, 54.13066348177982, 30.742492048234965, -1, -1, -1, -1
600, 1, 1.1838061132157303e-15, 106.56011836100055, 54.85817277294984, 30.90945249920491, -1, -1, -1, -1
601, 1, 9.47044890572584e-16, 106.50240041358045, 55.585682064119865, 31.076412950174856, -1, -1, -1, -1
602, 1, 7.10283667929438e-16, 106.44468246616034, 56.31319135528989, 31.24337340114481, -1, -1, -1, -1
603, 1, 4.73522445286292e-16, 106.38696451874026, 57.04070064645991, 31.410333852114768, -1, -1, -1, -1
604, 1, 2.36761222643146e-16, 106.32924657132016, 57.76820993762993, 31.57729430308472, -1, -1, -1, -1
605, 1, 0.0, 106.27152862390005, 58.495719228799956, 31.744254754054676, -1, -1, -1, -1
606, 1, 1.854186907105934e-15, 106.2138106764813, 59.22322851996247, 31.79315194900935, -1, -1, -1, -1
607, 1, 3.708373814211868e-15, 106.15609272906256, 59.95073781112498, 31.84204914396402, -1, -1, -1, -1
608, 1, 5.562560721317802e-15, 106.09837478164383, 60.6782471022875, 31.89094633891869, -1, -1, -1, -1
609, 1, 7.416747628423736e-15, 106.04065683422508, 61.40575639345001, 31.939843533873358, -1, -1, -1, -1
610, 1, 9.27093453552967e-15, 105.98293888680632, 62.133265684612525, 31.98874072882803, -1, -1, -1, -1
611, 1, 1.1125121442635603e-14, 105.92522093938757, 62.860774975775044, 32.037637923782704, -1, -1, -1, -1
612, 1, 1.2979308349741538e-14, 105.86750299196882, 63.58828426693756, 32.08653511873737, -1, -1, -1, -1
613, 1, 1.4833495256847472e-14, 105.80978504455008, 64.31579355810008, 32.13543231369205, -1, -1, -1, -1
614, 1, 1.6687682163953408e-14, 105.75206709713135, 65.0433028492626, 32.18432950864673, -1, -1, -1, -1
615, 1, 1.854186907105934e-14, 105.6943491497126, 65.77081214042511, 32.233226703601396, -1, -1, -1, -1
616, 1, 2.0396055978165274e-14, 105.63663120229384, 66.49832143158761, 32.282123898556065, -1, -1, -1, -1
617, 1, 2.2250242885271207e-14, 105.57891325487509, 67.22583072275013, 32.33102109351074, -1, -1, -1, -1
618, 1, 2.410442979237714e-14, 105.52119530745634, 67.95334001391265, 32.37991828846542, -1, -1, -1, -1
619, 1, 2.5958616699483076e-14, 105.4634773600376, 68.68084930507516, 32.42881548342009, -1, -1, -1, -1
620, 1, 2.781280360658901e-14, 105.40575941261886, 69.40835859623768, 32.47771267837476, -1, -1, -1, -1
621, 1, 2.9666990513694944e-14, 105.34804146520011, 70.1358678874002, 32.526609873329434, -1, -1, -1, -1
622, 1, 0.1496669936898632, 105.29032351777508, 70.71371018488531, 32.405178047700744, -1, -1, -1, -1
623, 1, 0.2993339873796967, 105.23260557035003, 71.29155248237043, 32.28374622207206, -1, -1, -1, -1
624, 1, 0.44900098106953024, 105.17488762292498, 71.86939477985555, 32.16231439644338, -1, -1, -1, -1
625, 1, 0.5986679747593637, 105.11716967549995, 72.44723707734067, 32.04088257081469, -1, -1, -1, -1
626, 1, 0.7483349684491973, 105.05945172807492, 73.0250793748258, 31.919450745185998, -1, -1, -1, -1
627, 1, 0.8980019621390308, 105.00173378064987, 73.60292167231091, 31.798018919557308, -1, -1, -1, -1
628, 1, 1.0476689558288643, 104.94401583322482, 74.18076396979603, 31.676587093928617, -1, -1, -1, -1
629, 1, 1.197335949518698, 104.88629788579979, 74.75860626728114, 31.555155268299924, -1, -1, -1, -1
630, 1, 1.8159098422567124, 104.82857993837582, 74.86754166570392, 31.63469592117064, -1, -1, -1, -1
631, 1, 2.4344837349947266, 104.77086199095186, 74.97647706412673, 31.71423657404135, -1, -1, -1, -1
632, 1, 3.053057627732741, 104.71314404352789, 75.08541246254953, 31.793777226912063, -1, -1, -1, -1
633, 1, 3.671631520470755, 104.65542609610392, 75.19434786097233, 31.873317879782775, -1, -1, -1, -1
634, 1, 4.437844624423997, 104.60223064960384, 75.22127682854253, 31.87751049525397, -1, -1, -1, -1
635, 1, 5.204057728377238, 104.54903520310376, 75.24820579611271, 31.881703110725162, -1, -1, -1, -1
636, 1, 5.970270832330479, 104.49583975660369, 75.2751347636829, 31.885895726196356, -1, -1, -1, -1
637, 1, 6.7364839362837206, 104.4426443101036, 75.3020637312531, 31.89008834166755, -1, -1, -1, -1
638, 1, 7.502697040236962, 104.38944886360352, 75.32899269882328, 31.89428095713874, -1, -1, -1, -1
639, 1, 8.268910144190203, 104.33625341710344, 75.35592166639347, 31.89847357260993, -1, -1, -1, -1
640, 1, 9.035123248143444, 104.28305797060335, 75.38285063396367, 31.90266618808112, -1, -1, -1, -1
641, 1, 9.801336352096685, 104.22986252410327, 75.40977960153386, 31.90685880355231, -1, -1, -1, -1
642, 1, 10.567549456049928, 104.17666707760318, 75.43670856910404, 31.911051419023497, -1, -1, -1, -1
643, 1, 11.33376256000317, 104.12347163110311, 75.46363753667424, 31.915244034494684, -1, -1, -1, -1
644, 1, 12.09997566395641, 104.07027618460303, 75.49056650424443, 31.91943664996587, -1, -1, -1, -1
645, 1, 12.866188767909652, 104.01708073810295, 75.51749547181461, 31.923629265437057, -1, -1, -1, -1
646, 1, 13.632401871862893, 103.96388529160286, 75.54442443938481, 31.927821880908255, -1, -1, -1, -1
647, 1, 14.398614975816134, 103.91068984510278, 75.571353406955, 31.932014496379452, -1, -1, -1, -1
648, 1, 15.164828079769375, 103.8574943986027, 75.59828237452518, 31.93620711185065, -1, -1, -1, -1
649, 1, 15.931041183722616, 103.80429895210261, 75.62521134209538, 31.940399727321847, -1, -1, -1, -1
650, 1, 16.697254287675857, 103.75110350560253, 75.65214030966558, 31.94459234279304, -1, -1, -1, -1
651, 1, 17.4634673916291, 103.69790805910245, 75.67906927723577, 31.948784958264234, -1, -1, -1, -1
652, 1, 18.22968049558234, 103.64471261260238, 75.70599824480595, 31.952977573735428, -1, -1, -1, -1
653, 1, 18.99589359953558, 103.59151716610229, 75.73292721237615, 31.95717018920662, -1, -1, -1, -1
654, 1, 19.762106703488822, 103.53832171960221, 75.75985617994634, 31.961362804677808, -1, -1, -1, -1
655, 1, 20.528319807442063, 103.48512627310214, 75.78678514751653, 31.965555420148995, -1, -1, -1, -1
656, 1, 21.294532911395304, 103.43193082660206, 75.81371411508673, 31.96974803562018, -1, -1, -1, -1
657, 1, 22.060746015348546, 103.37873538010197, 75.84064308265691, 31.973940651091368, -1, -1, -1, -1
658, 1, 22.826959119301787, 103.32553993360189, 75.8675720502271, 31.97813326656256, -1, -1, -1, -1
659, 1, 23.593172223255028, 103.2723444871018, 75.8945010177973, 31.98232588203375, -1, -1, -1, -1
660, 1, 24.35938532720827, 103.21914904060172, 75.92142998536748, 31.98651849750494, -1, -1, -1, -1
661, 1, 25.12559843116151, 103.16595359410164, 75.94835895293767, 31.99071111297613, -1, -1, -1, -1
662, 1, 25.89181153511475, 103.11275814760155, 75.97528792050787, 31.994903728447323, -1, -1, -1, -1
663, 1, 26.658024639067992, 103.05956270110147, 76.00221688807805, 31.999096343918517, -1, -1, -1, -1
664, 1, 27.424237743021234, 103.0063672546014, 76.02914585564824, 32.00328895938971, -1, -1, -1, -1
665, 1, 28.190450846974475, 102.95317180810132, 76.05607482321844, 32.007481574860904, -1, -1, -1, -1
666, 1, 28.956663950927716, 102.89997636160123, 76.08300379078864, 32.0116741903321, -1, -1, -1, -1
667, 1, 29.722877054880957, 102.84678091510115, 76.10993275835882, 32.0158668058033, -1, -1, -1, -1
668, 1, 30.4890901588342, 102.79358546860107, 76.13686172592901, 32.020059421274496, -1, -1, -1, -1
669, 1, 31.25530326278744, 102.74039002210098, 76.16379069349921, 32.02425203674569, -1, -1, -1, -1
670, 1, 32.021516366740684, 102.6871945756009, 76.1907196610694, 32.028444652216876, -1, -1, -1, -1
671, 1, 32.787729470693925, 102.63399912910083, 76.21764862863958, 32.03263726768807, -1, -1, -1, -1
672, 1, 33.55394257464717, 102.58080368260075, 76.24457759620977, 32.03682988315926, -1, -1, -1, -1
673, 1, 34.32015567860041, 102.52760823610066, 76.27150656377995, 32.04102249863044, -1, -1, -1, -1
674, 1, 35.08636878255365, 102.47441278960058, 76.29843553135015, 32.04521511410163, -1, -1, -1, -1
675, 1, 35.85258188650689, 102.4212173431005, 76.32536449892034, 32.04940772957282, -1, -1, -1, -1
676, 1, 36.61879499046013, 102.36802189660041, 76.35229346649052, 32.05360034504401, -1, -1, -1, -1
677, 1, 37.38500809441337, 102.31482645010033, 76.37922243406072, 32.0577929605152, -1, -1, -1, -1
678, 1, 38.15122119836661, 102.26163100360024, 76.40615140163092, 32.0619855759864, -1, -1, -1, -1
679, 1, 38.917434302319855, 102.20843555710016, 76.43308036920111, 32.066178191457595, -1, -1, -1, -1
680, 1, 39.683647406273096, 102.15524011060009, 76.4600093367713, 32.07037080692879, -1, -1, -1, -1
681, 1, 40.44986051022634, 102.1020446641, 76.48693830434149, 32.07456342239998, -1, -1, -1, -1
682, 1, 41.34067585314078, 102.0488492176006, 76.50002257869171, 32.0787560378709, -1, -1, -1, -1
683, 1, 42.23149119605523, 101.99565377110119, 76.51310685304193, 32.08294865334183, -1, -1, -1, -1
684, 1, 43.122306538969674, 101.94245832460177, 76.52619112739217, 32.08714126881276, -1, -1, -1, -1
685, 1, 44.01312188188412, 101.88926287810237, 76.53927540174239, 32.091333884283685, -1, -1, -1, -1
686, 1, 44.90393722479856, 101.83606743160297, 76.5523596760926, 32.09552649975461, -1, -1, -1, -1
687, 1, 45.794752567713005, 101.78287198510355, 76.56544395044284, 32.09971911522555, -1, -1, -1, -1
688, 1, 46.68556791062745, 101.72967653860415, 76.57852822479308, 32.10391173069648, -1, -1, -1, -1
689, 1, 47.57638325354189, 101.67648109210475, 76.5916124991433, 32.10810434616741, -1, -1, -1, -1
690, 1, 48.467198596456335, 101.62328564560534, 76.60469677349352, 32.112296961638336, -1, -1, -1, -1
691, 1, 49.35801393937078, 101.57009019910593, 76.61778104784375, 32.11648957710926, -1, -1, -1, -1
692, 1, 50.24882928228523, 101.51689475260653, 76.63086532219397, 32.12068219258019, -1, -1, -1, -1
693, 1, 51.13964462519967, 101.46369930610712, 76.64394959654419, 32.12487480805112, -1, -1, -1, -1
694, 1, 52.030459968114116, 101.41050385960772, 76.65703387089442, 32.129067423522045, -1, -1, -1, -1
695, 1, 52.921275311028566, 101.35730841310831, 76.67011814524464, 32.13326003899298, -1, -1, -1, -1
696, 1, 53.81209065394301, 101.3041129666089, 76.68320241959486, 32.137452654463914, -1, -1, -1, -1
697, 1, 54.70290599685745, 101.2509175201095, 76.6962866939451, 32.14164526993484, -1, -1, -1, -1
698, 1, 55.593721339771896, 101.1977220736101, 76.70937096829533, 32.14583788540577, -1, -1, -1, -1
699, 1, 56.48453668268634, 101.14452662711068, 76.72245524264555, 32.150030500876696, -1, -1, -1, -1
700, 1, 57.37535202560078, 101.09133118061126, 76.73553951699577, 32.15422311634762, -1, -1, -1, -1
701, 1, 58.26616736851523, 101.03813573411186, 76.748623791346, 32.15841573181855, -1, -1, -1, -1
702, 1, 59.15698271142967, 100.98494028761246, 76.76170806569624, 32.16260834728948, -1, -1, -1, -1
703, 1, 60.04779805434411, 100.93174484111304, 76.77479234004646, 32.166800962760405, -1, -1, -1, -1
704, 1, 60.938613397258564, 100.87854939461363, 76.78787661439668, 32.17099357823133, -1, -1, -1, -1
705, 1, 61.82942874017301, 100.82535394811423, 76.80096088874691, 32.17518619370226, -1, -1, -1, -1
706, 1, 62.72024408308745, 100.77215850161483, 76.81404516309713, 32.17937880917319, -1, -1, -1, -1
707, 1, 63.6110594260019, 100.71896305511541, 76.82712943744735, 32.18357142464412, -1, -1, -1, -1
708, 1, 64.50187476891634, 100.66576760861601, 76.84021371179759, 32.187764040115056, -1, -1, -1, -1
709, 1, 65.39269011183079, 100.6125721621166, 76.85329798614781, 32.19195665558598, -1, -1, -1, -1
710, 1, 66.28350545474524, 100.55937671561719, 76.86638226049803, 32.19614927105691, -1, -1, -1, -1
711, 1, 67.17432079765968, 100.50618126911779, 76.87946653484826, 32.20034188652784, -1, -1, -1, -1
712, 1, 68.06513614057411, 100.45298582261839, 76.8925508091985, 32.204534501998765, -1, -1, -1, -1
713, 1, 68.95595148348856, 100.39979037611897, 76.90563508354872, 32.20872711746969, -1, -1, -1, -1
714, 1, 69.84676682640301, 100.34659492961957, 76.91871935789894, 32.21291973294062, -1, -1, -1, -1
715, 1, 70.73758216931745, 100.29339948312017, 76.93180363224917, 32.217112348411554, -1, -1, -1, -1
716, 1, 71.6283975122319, 100.24020403662075, 76.94488790659939, 32.22130496388249, -1, -1, -1, -1
717, 1, 72.51921285514635, 100.18700859012135, 76.95797218094961, 32.225497579353416, -1, -1, -1, -1
718, 1, 73.41002819806079, 100.13381314362195, 76.97105645529984, 32.22969019482434, -1, -1, -1, -1
719, 1, 74.30084354097524, 100.08061769712253, 76.98414072965006, 32.23388281029527, -1, -1, -1, -1
720, 1, 75.19165888388969, 100.02742225062312, 76.99722500400028, 32.2380754257662, -1, -1, -1, -1
721, 1, 76.08247422680412, 99.97422680412372, 77.01030927835052, 32.24226804123712, -1, -1, -1, -1
722, 1, 77.06963653645681, 99.91489954601741, 76.9195940872061, 32.22461900493053, -1, -1, -1, -1
723, 1, 78.0567988461095, 99.85557228791112, 76.82887889606165, 32.20696996862394, -1, -1, -1, -1
724, 1, 79.04396115576219, 99.79624502980482, 76.73816370491721, 32.18932093231735, -1, -1, -1, -1
725, 1, 80.03112346541488, 99.73691777169853, 76.64744851377279, 32.171671896010764, -1, -1, -1, -1
726, 1, 81.01828577506757, 99.67759051359224, 76.55673332262836, 32.15402285970418, -1, -1, -1, -1
727, 1, 82.00544808472026, 99.61826325548593, 76.46601813148392, 32.13637382339759, -1, -1, -1, -1
728, 1, 82.99261039437295, 99.55893599737962, 76.37530294033948, 32.118724787091004, -1, -1, -1, -1
729, 1, 83.97977270402563, 99.49960873927333, 76.28458774919505, 32.10107575078442, -1, -1, -1, -1
730, 1, 84.96693501367832, 99.44028148116703, 76.19387255805061, 32.083426714477824, -1, -1, -1, -1
731, 1, 85.95409732333101, 99.38095422306074, 76.10315736690617, 32.06577767817124, -1, -1, -1, -1
732, 1, 86.9412596329837, 99.32162696495445, 76.01244217576175, 32.04812864186465, -1, -1, -1, -1
733, 1, 87.9284219426364, 99.26229970684814, 75.92172698461731, 32.03047960555806, -1, -1, -1, -1
734, 1, 88.9155842522891, 99.20297244874183, 75.83101179347287, 32.01283056925146, -1, -1, -1, -1
735, 1, 89.90274656194178, 99.14364519063554, 75.74029660232844, 31.995181532944876, -1, -1, -1, -1
736, 1, 90.88990887159447, 99.08431793252925, 75.64958141118402, 31.977532496638286, -1, -1, -1, -1
737, 1, 91.87707118124716, 99.02499067442295, 75.55886622003958, 31.959883460331696, -1, -1, -1, -1
738, 1, 92.86423349089985, 98.96566341631666, 75.46815102889514, 31.94223442402511, -1, -1, -1, -1
739, 1, 93.85139580055254, 98.90633615821035, 75.37743583775071, 31.924585387718523, -1, -1, -1, -1
740, 1, 94.83855811020523, 98.84700890010404, 75.28672064660628, 31.906936351411936, -1, -1, -1, -1
741, 1, 95.82572041985792, 98.78768164199775, 75.19600545546184, 31.88928731510535, -1, -1, -1, -1
742, 1, 96.81288272951062, 98.72835438389146, 75.1052902643174, 31.87163827879876, -1, -1, -1, -1
743, 1, 97.80004503916331, 98.66902712578516, 75.01457507317295, 31.85398924249217, -1, -1, -1, -1
744, 1, 98.787207348816, 98.60969986767887, 74.92385988202851, 31.83634020618558, -1, -1, -1, -1
745, 1, 99.77436965846869, 98.55037260957256, 74.83314469088407, 31.81869116987899, -1, -1, -1, -1
746, 1, 100.76153196812137, 98.49104535146625, 74.74242949973964, 31.8010421335724, -1, -1, -1, -1
747, 1, 101.74869427777406, 98.43171809335996, 74.6517143085952, 31.783393097265808, -1, -1, -1, -1
748, 1, 102.73585658742675, 98.37239083525367, 74.56099911745076, 31.765744060959218, -1, -1, -1, -1
749, 1, 103.72301889707944, 98.31306357714737, 74.47028392630634, 31.748095024652628, -1, -1, -1, -1
750, 1, 104.71018120673213, 98.25373631904108, 74.37956873516191, 31.73044598834604, -1, -1, -1, -1
751, 1, 105.69734351638482, 98.19440906093477, 74.28885354401747, 31.712796952039454, -1, -1, -1, -1
752, 1, 106.68450582603751, 98.13508180282847, 74.19813835287303, 31.695147915732868, -1, -1, -1, -1
753, 1, 107.6716681356902, 98.07575454472217, 74.1074231617286, 31.67749887942628, -1, -1, -1, -1
754, 1, 108.65883044534289, 98.01642728661588, 74.01670797058418, 31.65984984311969, -1, -1, -1, -1
755, 1, 109.64599275499558, 97.95710002850959, 73.92599277943974, 31.6422008068131, -1, -1, -1, -1
756, 1, 110.63315506464826, 97.8977727704033, 73.8352775882953, 31.62455177050651, -1, -1, -1, -1
757, 1, 111.62031737430095, 97.83844551229699, 73.74456239715087, 31.60690273419992, -1, -1, -1, -1
758, 1, 112.60747968395364, 97.77911825419068, 73.65384720600645, 31.58925369789333, -1, -1, -1, -1
759, 1, 113.59464199360633, 97.71979099608438, 73.563132014862, 31.57160466158674, -1, -1, -1, -1
760, 1, 114.58180430325902, 97.66046373797809, 73.47241682371757, 31.55395562528015, -1, -1, -1, -1
761, 1, 115.56896661291171, 97.6011364798718, 73.38170163257314, 31.53630658897356, -1, -1, -1, -1
762, 1, 116.5561289225644, 97.5418092217655, 73.2909864414287, 31.518657552666973, -1, -1, -1, -1
763, 1, 117.54329123221709, 97.4824819636592, 73.20027125028426, 31.501008516360386, -1, -1, -1, -1
764, 1, 118.53045354186978, 97.42315470555289, 73.10955605913983, 31.4833594800538, -1, -1, -1, -1
765, 1, 119.51761585152248, 97.3638274474466, 73.0188408679954, 31.465710443747213, -1, -1, -1, -1
766, 1, 120.50477816117517, 97.3045001893403, 72.92812567685095, 31.448061407440623, -1, -1, -1, -1
767, 1, 121.49194047082786, 97.24517293123401, 72.83741048570653, 31.430412371134032, -1, -1, -1, -1
768, 1, 122.47910278048055, 97.18584567312772, 72.7466952945621, 31.412763334827442, -1, -1, -1, -1
769, 1, 123.46626509013323, 97.12651841502141, 72.65598010341766, 31.395114298520852, -1, -1, -1, -1
770, 1, 124.45342739978592, 97.0671911569151, 72.56526491227322, 31.377465262214265, -1, -1, -1, -1
771, 1, 125.44058970943861, 97.00786389880881, 72.4745497211288, 31.35981622590768, -1, -1, -1, -1
772, 1, 126.4277520190913, 96.94853664070251, 72.38383452998437, 31.342167189601092, -1, -1, -1, -1
773, 1, 127.41491432874399, 96.8892093825962, 72.29311933883993, 31.324518153294505, -1, -1, -1, -1
774, 1, 128.4020766383967, 96.8298821244899, 72.20240414769549, 31.30686911698791, -1, -1, -1, -1
775, 1, 129.38923894804938, 96.7705548663836, 72.11168895655106, 31.289220080681318, -1, -1, -1, -1
776, 1, 130.37640125770207, 96.71122760827731, 72.02097376540662, 31.271571044374724, -1, -1, -1, -1
777, 1, 131.36356356735476, 96.65190035017102, 71.93025857426218, 31.25392200806813, -1, -1, -1, -1
778, 1, 132.35072587700745, 96.59257309206473, 71.83954338311774, 31.23627297176154, -1, -1, -1, -1
779, 1, 133.33788818666014, 96.53324583395843, 71.7488281919733, 31.21862393545495, -1, -1, -1, -1
780, 1, 134.32505049631283, 96.47391857585214, 71.65811300082886, 31.20097489914836, -1, -1, -1, -1
781, 1, 135.31221280596552, 96.41459131774583, 71.56739780968442, 31.18332586284177, -1, -1, -1, -1
782, 1, 136.2993751156182, 96.35526405963952, 71.47668261854, 31.165676826535183, -1, -1, -1, -1
783, 1, 137.2865374252709, 96.29593680153323, 71.38596742739557, 31.148027790228596, -1, -1, -1, -1
784, 1, 138.27369973492358, 96.23660954342694, 71.29525223625114, 31.13037875392201, -1, -1, -1, -1
785, 1, 139.26086204457627, 96.17728228532063, 71.20453704510672, 31.112729717615423, -1, -1, -1, -1
786, 1, 140.24802435422896, 96.11795502721432, 71.11382185396228, 31.095080681308833, -1, -1, -1, -1
787, 1, 141.23518666388165, 96.05862776910803, 71.02310666281784, 31.077431645002243, -1, -1, -1, -1
788, 1, 142.22234897353434, 95.99930051100174, 70.9323914716734, 31.059782608695652, -1, -1, -1, -1
789, 1, 143.20951128318703, 95.93997325289544, 70.84167628052896, 31.042133572389062, -1, -1, -1, -1
790, 1, 144.19667359283972, 95.88064599478915, 70.75096108938453, 31.024484536082472, -1, -1, -1, -1
791, 1, 145.1838359024924, 95.82131873668285, 70.6602458982401, 31.00683549977588, -1, -1, -1, -1
792, 1, 146.1709982121451, 95.76199147857656, 70.56953070709568, 30.98918646346929, -1, -1, -1, -1
793, 1, 147.15816052179778, 95.70266422047025, 70.47881551595125, 30.9715374271627, -1, -1, -1, -1
794, 1, 148.14532283145047, 95.64333696236395, 70.3881003248068, 30.953888390856115, -1, -1, -1, -1
795, 1, 149.1324851411032, 95.58400970425765, 70.29738513366236, 30.936239354549528, -1, -1, -1, -1
796, 1, 150.11964745075588, 95.52468244615136, 70.20666994251792, 30.91859031824294, -1, -1, -1, -1
797, 1, 151.10680976040857, 95.46535518804505, 70.11595475137347, 30.900941281936355, -1, -1, -1, -1
798, 1, 152.09397207006126, 95.40602792993874, 70.02523956022904, 30.883292245629764, -1, -1, -1, -1
799, 1, 153.08113437971394, 95.34670067183245, 69.9345243690846, 30.865643209323174, -1, -1, -1, -1
800, 1, 154.06829668936663, 95.28737341372616, 69.84380917794016, 30.847994173016584, -1, -1, -1, -1
801, 1, 155.05545899901932, 95.22804615561986, 69.75309398679573, 30.830345136709994, -1, -1, -1, -1
802, 1, 156.042621308672, 95.16871889751357, 69.6623787956513, 30.812696100403404, -1, -1, -1, -1
803, 1, 157.0297836183247, 95.10939163940728, 69.57166360450687, 30.795047064096813, -1, -1, -1, -1
804, 1, 158.0169459279774, 95.05006438130098, 69.48094841336243, 30.777398027790223, -1, -1, -1, -1
805, 1, 159.00410823763008, 94.99073712319468, 69.390233222218, 30.759748991483633, -1, -1, -1, -1
806, 1, 159.99127054728277, 94.93140986508837, 69.29951803107357, 30.742099955177046, -1, -1, -1, -1
807, 1, 160.97843285693546, 94.87208260698208, 69.20880283992913, 30.72445091887046, -1, -1, -1, -1
808, 1, 161.96559516658814, 94.81275534887578, 69.1180876487847, 30.706801882563873, -1, -1, -1, -1
809, 1, 162.95275747624083, 94.75342809076948, 69.02737245764027, 30.689152846257286, -1, -1, -1, -1
810, 1, 163.93991978589352, 94.69410083266317, 68.93665726649583, 30.671503809950696, -1, -1, -1, -1
811, 1, 164.9270820955462, 94.63477357455687, 68.84594207535139, 30.653854773644106, -1, -1, -1, -1
812, 1, 165.9142444051989, 94.57544631645058, 68.75522688420696, 30.636205737337512, -1, -1, -1, -1
813, 1, 166.9014067148516, 94.51611905834429, 68.66451169306252, 30.618556701030922, -1, -1, -1, -1
814, 1, 167.8963066707387, 94.44905415400828, 68.43468119988574, 30.676546391748204, -1, -1, -1, -1
815, 1, 168.89120662662583, 94.38198924967227, 68.20485070670898, 30.73453608246549, -1, -1, -1, -1
816, 1, 169.88610658251298, 94.31492434533627, 67.97502021353222, 30.792525773182774, -1, -1, -1, -1
817, 1, 170.8810065384001, 94.24785944100027, 67.74518972035544, 30.850515463900056, -1, -1, -1, -1
818, 1, 171.8759064943, 94.18079453665018, 67.09374069976661, 30.908505154625033, -1, -1, -1, -1
819, 1, 172.87080645019995, 94.1137296323001, 66.4422916791778, 30.966494845350013, -1, -1, -1, -1
820, 1, 173.8657064060999, 94.04666472795003, 65.79084265858899, 31.02448453607499, -1, -1, -1, -1
821, 1, 174.86060636199983, 93.97959982359994, 65.13939363800016, 31.082474226799967, -1, -1, -1, -1
822, 1, 175.85550631789164, 93.91253491924635, 64.14449368210836, 31.140463917522656, -1, -1, -1, -1
823, 1, 176.85040627378342, 93.84547001489275, 63.14959372621656, 31.198453608245345, -1, -1, -1, -1
824, 1, 177.8453062296752, 93.77840511053915, 62.154693770324755, 31.256443298968033, -1, -1, -1, -1
825, 1, 178.840206185567, 93.71134020618557, 61.15979381443296, 31.314432989690722, -1, -1, -1, -1
826, 1, 179.78460972017672, 93.63678203240059, 60.21539027982324, 31.28958026509573, -1, -1, -1, -1
827, 1, 180.72901325478645, 93.56222385861561, 59.27098674521352, 31.26472754050074, -1, -1, -1, -1
828, 1, 181.67341678939619, 93.48766568483063, 58.3265832106038, 31.23987481590575, -1, -1, -1, -1
829, 1, 182.6178203240059, 93.41310751104565, 57.38217967599408, 31.215022091310757, -1, -1, -1, -1
830, 1, 183.5622238586156, 93.33854933726067, 56.43777614138436, 31.190169366715764, -1, -1, -1, -1
831, 1, 184.50662739322533, 93.26399116347571, 55.49337260677464, 31.16531664212077, -1, -1, -1, -1
832, 1, 185.45103092783506, 93.18943298969073, 54.54896907216492, 31.14046391752578, -1, -1, -1, -1
833, 1, 186.39543446244477, 93.11487481590575, 53.6045655375552, 31.115611192930785, -1, -1, -1, -1
834, 1, 187.33983799705447, 93.04031664212077, 52.66016200294548, 31.090758468335792, -1, -1, -1, -1
835, 1, 188.2842415316642, 92.96575846833579, 51.715758468335764, 31.0659057437408, -1, -1, -1, -1
836, 1, 189.22864506627394, 92.89120029455081, 50.771354933726045, 31.041053019145807, -1, -1, -1, -1
837, 1, 190.17304860088365, 92.81664212076583, 49.826951399116325, 31.016200294550814, -1, -1, -1, -1
838, 1, 191.11745213549338, 92.74208394698086, 48.8825478645066, 30.99134756995582, -1, -1, -1, -1
839, 1, 192.0618556701031, 92.66752577319588, 47.93814432989687, 30.966494845360828, -1, -1, -1, -1
840, 1, 193.00625920471282, 92.5929675994109, 46.993740795287145, 30.941642120765835, -1, -1, -1, -1
841, 1, 193.95066273932255, 92.51840942562592, 46.04933726067742, 30.91678939617084, -1, -1, -1, -1
842, 1, 194.8950662739323, 92.44385125184094, 45.1049337260677, 30.89193667157585, -1, -1, -1, -1
843, 1, 195.839469808542, 92.36929307805596, 44.16053019145798, 30.867083946980856, -1, -1, -1, -1
844, 1, 196.7838733431517, 92.29473490427098, 43.21612665684826, 30.842231222385863, -1, -1, -1, -1
845, 1, 197.72827687776143, 92.220176730486, 42.27172312223854, 30.81737849779087, -1, -1, -1, -1
846, 1, 198.67268041237116, 92.14561855670102, 41.32731958762882, 30.792525773195877, -1, -1, -1, -1
847, 1, 199.61708394698087, 92.07106038291604, 40.3829160530191, 30.767673048600884, -1, -1, -1, -1
848, 1, 200.56148748159058, 91.99650220913108, 39.43851251840938, 30.74282032400589, -1, -1, -1, -1
849, 1, 201.5058910162003, 91.9219440353461, 38.49410898379966, 30.717967599410898, -1, -1, -1, -1
850, 1, 202.45029455081004, 91.84738586156112, 37.54970544918994, 30.693114874815905, -1, -1, -1, -1
851, 1, 203.39469808541975, 91.77282768777614, 36.605301914580224, 30.66826215022091, -1, -1, -1, -1
852, 1, 204.33910162002945, 91.69826951399116, 35.660898379970504, 30.64340942562592, -1, -1, -1, -1
853, 1, 205.2835051546392, 91.62371134020619, 34.71649484536079, 30.61855670103093, -1, -1, -1, -1
854, 1, 206.25773195876093, 91.65200705751892, 33.74226804123906, 30.497991800234864, -1, -1, -1, -1
855, 1, 207.23195876288264, 91.68030277483163, 32.768041237117316, 30.377426899438795, -1, -1, -1, -1
856, 1, 208.20618556700435, 91.70859849214435, 31.793814432995582, 30.25686199864273, -1, -1, -1, -1
857, 1, 209.1804123711261, 91.73689420945708, 30.819587628873848, 30.136297097846665, -1, -1, -1, -1
858, 1, 210.15463917524784, 91.7651899267698, 29.845360824752106, 30.0157321970506, -1, -1, -1, -1
859, 1, 211.12886597936955, 91.79348564408252, 28.871134020630365, 29.895167296254535, -1, -1, -1, -1
860, 1, 212.10309278349126, 91.82178136139524, 27.896907216508623, 29.77460239545847, -1, -1, -1, -1
861, 1, 213.077319587613, 91.85007707870797, 26.92268041238688, 29.654037494662404, -1, -1, -1, -1
862, 1, 214.05154639173475, 91.8783727960207, 25.948453608265147, 29.53347259386634, -1, -1, -1, -1
863, 1, 215.02577319585646, 91.90666851333341, 24.974226804143413, 29.412907693070274, -1, -1, -1, -1
864, 1, 215.99999999997817, 91.93496423064613, 24.00000000002168, 29.292342792274205, -1, -1, -1, -1
865, 1, 216.9742268040999, 91.96325994795886, 23.025773195899944, 29.17177789147814, -1, -1, -1, -1
866, 1, 217.9484536082249, 92.18176998024414, 22.051546391774956, 28.671465102412398, -1, -1, -1, -1
867, 1, 218.9226804123499, 92.40028001252942, 21.07731958764997, 28.171152313346653, -1, -1, -1, -1
868, 1, 219.89690721647492, 92.6187900448147, 20.103092783524986, 27.67083952428091, -1, -1, -1, -1
869, 1, 220.87113402059992, 92.83730007709998, 19.128865979399997, 27.17052673521517, -1, -1, -1, -1
870, 1, 221.8453608247283, 93.05581010937145, 18.154639175271626, 25.15988377692627, -1, -1, -1, -1
871, 1, 222.81958762885665, 93.27432014164292, 17.180412371143255, 23.149240818637374, -1, -1, -1, -1
872, 1, 223.79381443298502, 93.49283017391438, 16.206185567014884, 21.138597860348476, -1, -1, -1, -1
873, 1, 224.7680412371134, 93.71134020618585, 15.23195876288651, 19.12795490205958, -1, -1, -1, -1
874, 1, 225.61855670103665, 93.84664948453764, 14.381443298963195, 18.818905423195602, -1, -1, -1, -1
875, 1, 226.46907216495993, 93.9819587628894, 13.530927835039877, 18.50985594433162, -1, -1, -1, -1
876, 1, 227.31958762888317, 94.11726804124118, 12.68041237111656, 18.200806465467636, -1, -1, -1, -1
877, 1, 228.17010309280641, 94.25257731959294, 11.829896907193245, 17.891756986603653, -1, -1, -1, -1
878, 1, 229.02061855672966, 94.38788659794471, 10.97938144326993, 17.58270750773967, -1, -1, -1, -1
879, 1, 229.8711340206529, 94.52319587629648, 10.128865979346614, 17.273658028875687, -1, -1, -1, -1
880, 1, 230.72164948457615, 94.65850515464825, 9.278350515423298, 16.964608550011704, -1, -1, -1, -1
881, 1, 231.5721649484994, 94.79381443300004, 8.427835051499985, 16.655559071147717, -1, -1, -1, -1
882, 1, 232.42268041240547, 94.92912371134796, 7.577319587594052, 15.797081674494809, -1, -1, -1, -1
883, 1, 233.27319587631155, 95.06443298969589, 6.726804123688119, 14.9386042778419, -1, -1, -1, -1
884, 1, 234.12371134021765, 95.19974226804382, 5.876288659782187, 14.080126881188992, -1, -1, -1, -1
885, 1, 234.97422680412373, 95.33505154639175, 5.025773195876254, 13.221649484536083, -1, -1, -1, -1
886, 1, 234.97422680412373, 95.33505154639175, 5.025773195876254, 13.221649484536083, -1, -1, -1, -1
887, 1, 234.97422680412373, 95.33505154639175, 5.025773195876254, 13.221649484536083, -1, -1, -1, -1
888, 1, 234.97422680412373, 95.33505154639175, 5.025773195876254, 13.221649484536083, -1, -1, -1, -1
