55, 0, 235.90206185567013, 77.70618556701031, 4.097938144329862, 14.381443298969073, -1, -1, -1, -1
56, 0, 234.104381443299, 77.59020618556701, 5.895618556701004, 15.193298969072167, -1, -1, -1, -1
57, 0, 232.30670103092785, 77.4742268041237, 7.693298969072146, 16.00515463917526, -1, -1, -1, -1
58, 0, 230.50902061855672, 77.3582474226804, 9.490979381443271, 16.817010309278352, -1, -1, -1, -1
59, 0, 228.71134020618558, 77.24226804123711, 11.288659793814398, 17.628865979381445, -1, -1, -1, -1
60, 0, 227.1842783505141, 76.6582834845426, 12.792096219935804, 18.28372682474633, -1, -1, -1, -1
61, 0, 225.6572164948426, 76.07429892784808, 14.295532646057211, 18.938587670111218, -1, -1, -1, -1
62, 0, 224.1301546391711, 75.49031437115357, 15.798969072178604, 19.593448515476098, -1, -1, -1, -1
63, 0, 222.60309278349965, 74.90632981445906, 17.302405498299997, 20.24830936084098, -1, -1, -1, -1
64, 0, 221.07603092783305, 74.60067950454138, 18.832617411233326, 20.62483595940865, -1, -1, -1, -1
65, 0, 219.54896907216644, 74.29502919462368, 20.362829324166654, 21.00136255797632, -1, -1, -1, -1
66, 0, 218.0219072164998, 73.98937888470599, 21.893041237100007, 21.377889156544008, -1, -1, -1, -1
67, 0, 216.4948453608332, 73.68372857478829, 23.42325315003336, 21.754415755111694, -1, -1, -1, -1
68, 0, 214.9677835051666, 73.3780782648706, 24.953465062966686, 22.130942353679366, -1, -1, -1, -1
69, 0, 213.4407216495, 73.07242795495291, 26.483676975900007, 22.507468952247038, -1, -1, -1, -1
70, 0, 211.91365979383335, 72.8891653623921, 28.013888888850005, 22.761607833474507, -1, -1, -1, -1
71, 0, 210.38659793816666, 72.70590276983131, 29.5441008018, 23.015746714701976, -1, -1, -1, -1
72, 0, 208.85953608249997, 72.52264017727052, 31.074312714749993, 23.26988559592943, -1, -1, -1, -1
73, 0, 207.3324742268333, 72.33937758470972, 32.60452462769999, 23.524024477156885, -1, -1, -1, -1
74, 0, 205.80541237116665, 72.15611499214893, 34.134736540649975, 23.778163358384354, -1, -1, -1, -1
75, 0, 204.27835051549997, 71.97285239958812, 35.66494845359996, 24.032302239611827, -1, -1, -1, -1
76, 0, 202.75128865982776, 71.96753836278322, 37.19516036654441, 24.108492565072282, -1, -1, -1, -1
77, 0, 201.22422680415553, 71.96222432597833, 38.72537227948885, 24.18468289053274, -1, -1, -1, -1
78, 0, 199.6971649484833, 71.95691028917344, 40.255584192433304, 24.260873215993193, -1, -1, -1, -1
79, 0, 198.17010309281108, 71.95159625236855, 41.785796105377756, 24.337063541453645, -1, -1, -1, -1
80, 0, 196.64304123713885, 71.94628221556366, 43.31600801832221, 24.413253866914104, -1, -1, -1, -1
81, 0, 195.11597938146664, 71.94096817875875, 44.84621993126666, 24.489444192374563, -1, -1, -1, -1
82, 0, 193.58891752579441, 71.93565414195386, 46.37643184421111, 24.565634517835015, -1, -1, -1, -1
83, 0, 192.06185567012218, 71.93034010514897, 47.906643757155564, 24.641824843295467, -1, -1, -1, -1
84, 0, 190.53479381444998, 71.92502606834407, 49.4368556701, 24.71801516875592, -1, -1, -1, -1
85, 0, 189.00773195877775, 71.91971203153918, 50.96706758304444, 24.79420549421637, -1, -1, -1, -1
86, 0, 187.48067010310552, 71.91439799473429, 52.49727949598889, 24.870395819676823, -1, -1, -1, -1
87, 0, 185.9536082474333, 71.9090839579294, 54.027491408933344, 24.946586145137275, -1, -1, -1, -1
88, 0, 184.42654639176106, 71.9037699211245, 55.557703321877796, 25.022776470597734, -1, -1, -1, -1
89, 0, 182.89948453608886, 71.8984558843196, 57.08791523482225, 25.098966796058193, -1, -1, -1, -1
90, 0, 181.37242268041666, 71.89314184751471, 58.618127147766685, 25.175157121518644, -1, -1, -1, -1
91, 0, 179.84536082474443, 71.88782781070982, 60.14833906071112, 25.251347446979096, -1, -1, -1, -1
92, 0, 178.3182989690722, 71.88251377390492, 61.678550973655575, 25.327537772439555, -1, -1, -1, -1
93, 0, 176.79123711339997, 71.87719973710003, 63.20876288660003, 25.403728097900014, -1, -1, -1, -1
94, 0, 175.26417525773093, 71.7762287345294, 64.31056701031032, 25.575575389156192, -1, -1, -1, -1
95, 0, 173.73711340206185, 71.67525773195877, 65.41237113402062, 25.747422680412374, -1, -1, -1, -1
96, 0, 172.83669415629834, 71.7157355512928, 65.31402700541258, 25.723632601019673, -1, -1, -1, -1
97, 0, 171.93627491053485, 71.75621337062684, 65.21568287680455, 25.699842521626977, -1, -1, -1, -1
98, 0, 171.03585566477136, 71.79669118996088, 65.11733874819653, 25.676052442234266, -1, -1, -1, -1
99, 0, 170.13543641900785, 71.83716900929493, 65.01899461958851, 25.652262362841554, -1, -1, -1, -1
100, 0, 169.23501717324433, 71.87764682862897, 64.92065049098048, 25.628472283448858, -1, -1, -1, -1
101, 0, 168.33459792748084, 71.918124647963, 64.82230636237244, 25.60468220405616, -1, -1, -1, -1
102, 0, 167.43417868171733, 71.95860246729703, 64.72396223376442, 25.580892124663464, -1, -1, -1, -1
103, 0, 166.5337594359538, 71.99908028663107, 64.6256181051564, 25.557102045270767, -1, -1, -1, -1
104, 0, 165.63334019019032, 72.03955810596511, 64.52727397654839, 25.533311965878056, -1, -1, -1, -1
105, 0, 164.7329209444268, 72.08003592529916, 64.42892984794037, 25.509521886485345, -1, -1, -1, -1
106, 0, 163.8325016986633, 72.1205137446332, 64.33058571933233, 25.485731807092645, -1, -1, -1, -1
107, 0, 162.9320824528998, 72.16099156396723, 64.23224159072429, 25.461941727699944, -1, -1, -1, -1
108, 0, 162.03166320713007, 72.1832038634959, 64.31655266020309, 25.438151648312914, -1, -1, -1, -1
109, 0, 161.1312439613603, 72.20541616302458, 64.40086372968187, 25.414361568925884, -1, -1, -1, -1
110, 0, 160.23082471559053, 72.22762846255326, 64.48517479916066, 25.39057148953885, -1, -1, -1, -1
111, 0, 159.3304054698208, 72.24984076208193, 64.56948586863945, 25.366781410151816, -1, -1, -1, -1
112, 0, 158.42998622405105, 72.27205306161062, 64.65379693811822, 25.342991330764768, -1, -1, -1, -1
113, 0, 157.5295669782813, 72.2942653611393, 64.73810800759699, 25.31920125137772, -1, -1, -1, -1
114, 0, 156.62914773251157, 72.31647766066797, 64.82241907707578, 25.295411171990686, -1, -1, -1, -1
115, 0, 155.7287284867418, 72.33868996019665, 64.90673014655457, 25.271621092603652, -1, -1, -1, -1
116, 0, 154.82830924097203, 72.36090225972532, 64.99104121603335, 25.24783101321662, -1, -1, -1, -1
117, 0, 153.9278899952023, 72.383114559254, 65.07535228551214, 25.224040933829585, -1, -1, -1, -1
118, 0, 153.02747074943255, 72.40532685878267, 65.15966335499093, 25.20025085444255, -1, -1, -1, -1
119, 0, 152.12705150366278, 72.42753915831135, 65.24397442446971, 25.176460775055517, -1, -1, -1, -1
120, 0, 151.22663225789302, 72.44975145784002, 65.3282854939485, 25.152670695668483, -1, -1, -1, -1
121, 0, 150.32621301212328, 72.4719637573687, 65.41259656342729, 25.12888061628145, -1, -1, -1, -1
122, 0, 149.42579376635354, 72.49417605689737, 65.49690763290606, 25.1050905368944, -1, -1, -1, -1
123, 0, 148.5253745205838, 72.51638835642606, 65.58121870238483, 25.081300457507353, -1, -1, -1, -1
124, 0, 147.62495527481406, 72.53860065595474, 65.66552977186362, 25.05751037812032, -1, -1, -1, -1
125, 0, 146.7245360290443, 72.56081295548341, 65.7498408413424, 25.033720298733286, -1, -1, -1, -1
126, 0, 145.82411678327452, 72.58302525501209, 65.83415191082119, 25.009930219346252, -1, -1, -1, -1
127, 0, 144.92369753750478, 72.60523755454076, 65.91846298029998, 24.986140139959222, -1, -1, -1, -1
128, 0, 144.07539664683964, 72.58448865122904, 65.93427835049998, 25.012160833337617, -1, -1, -1, -1
129, 0, 143.22709575617452, 72.56373974791731, 65.95009372069998, 25.038181526716016, -1, -1, -1, -1
130, 0, 142.3787948655094, 72.54299084460558, 65.96590909089998, 25.064202220094415, -1, -1, -1, -1
131, 0, 141.53049397484426, 72.52224194129384, 65.98172446109999, 25.090222913472815, -1, -1, -1, -1
132, 0, 140.68219308417915, 72.50149303798212, 65.99753983129997, 25.116243606851214, -1, -1, -1, -1
133, 0, 139.83389219351403, 72.48074413467039, 66.01335520149996, 25.142264300229613, -1, -1, -1, -1
134, 0, 138.9855913028489, 72.45999523135866, 66.02917057169998, 25.16828499360801, -1, -1, -1, -1
135, 0, 138.13729041218377, 72.43924632804693, 66.0449859419, 25.19430568698641, -1, -1, -1, -1
136, 0, 137.28898952151866, 72.4184974247352, 66.0608013121, 25.22032638036481, -1, -1, -1, -1
137, 0, 136.44068863085351, 72.39774852142347, 66.0766166823, 25.24634707374321, -1, -1, -1, -1
138, 0, 135.59238774018837, 72.37699961811174, 66.0924320525, 25.272367767121604, -1, -1, -1, -1
139, 0, 134.74408684952326, 72.35625071480001, 66.1082474227, 25.2983884605, -1, -1, -1, -1
140, 0, 133.81375920526716, 72.34391356403253, 66.12406279289445, 25.324409153877777, -1, -1, -1, -1
141, 0, 132.88343156101107, 72.33157641326504, 66.1398781630889, 25.350429847255555, -1, -1, -1, -1
142, 0, 131.95310391675497, 72.31923926249755, 66.15569353328334, 25.376450540633336, -1, -1, -1, -1
143, 0, 131.0227762724989, 72.30690211173007, 66.17150890347779, 25.402471234011117, -1, -1, -1, -1
144, 0, 130.0924486282428, 72.29456496096257, 66.18732427367223, 25.428491927388897, -1, -1, -1, -1
145, 0, 129.1621209839867, 72.28222781019508, 66.20313964386668, 25.45451262076668, -1, -1, -1, -1
146, 0, 128.23179333973064, 72.2698906594276, 66.21895501406111, 25.480533314144452, -1, -1, -1, -1
147, 0, 127.30146569547455, 72.25755350866011, 66.23477038425554, 25.506554007522226, -1, -1, -1, -1
148, 0, 126.37113805121845, 72.24521635789262, 66.25058575445, 25.532574700900007, -1, -1, -1, -1
149, 0, 125.44081040696236, 72.23287920712514, 66.26640112464446, 25.558595394277788, -1, -1, -1, -1
150, 0, 124.51048276270626, 72.22054205635766, 66.2822164948389, 25.58461608765556, -1, -1, -1, -1
151, 0, 123.58015511845018, 72.20820490559016, 66.29803186503334, 25.610636781033335, -1, -1, -1, -1
152, 0, 122.6498274741941, 72.19586775482267, 66.31384723522777, 25.636657474411116, -1, -1, -1, -1
153, 0, 121.719499829938, 72.18353060405518, 66.32966260542221, 25.662678167788897, -1, -1, -1, -1
154, 0, 120.7891721856819, 72.17119345328769, 66.34547797561666, 25.688698861166678, -1, -1, -1, -1
155, 0, 119.85884454142582, 72.1588563025202, 66.36129334581112, 25.71471955454446, -1, -1, -1, -1
156, 0, 118.92851689716974, 72.14651915175273, 66.37710871600555, 25.74074024792223, -1, -1, -1, -1
157, 0, 117.99818925291365, 72.13418200098523, 66.3929240862, 25.7667609413, -1, -1, -1, -1
158, 0, 116.83030102866883, 72.14185742632003, 66.4087394564, 25.792781634675006, -1, -1, -1, -1
159, 0, 115.66241280442401, 72.14953285165481, 66.4245548266, 25.818802328050012, -1, -1, -1, -1
160, 0, 114.49452458017919, 72.1572082769896, 66.44037019679999, 25.844823021425007, -1, -1, -1, -1
161, 0, 113.32663635593437, 72.1648837023244, 66.45618556699998, 25.870843714800003, -1, -1, -1, -1
162, 0, 112.15874813168955, 72.1725591276592, 66.47200093719998, 25.896864408175, -1, -1, -1, -1
163, 0, 110.99085990744473, 72.180234552994, 66.48781630739998, 25.922885101549994, -1, -1, -1, -1
164, 0, 109.82297168319991, 72.18790997832878, 66.5036316776, 25.948905794924997, -1, -1, -1, -1
165, 0, 108.65508345895508, 72.19558540366357, 66.5194470478, 25.9749264883, -1, -1, -1, -1
166, 0, 107.48719523471026, 72.20326082899837, 66.53526241799999, 26.000947181675002, -1, -1, -1, -1
167, 0, 106.31930701046544, 72.21093625433315, 66.55107778819998, 26.026967875050005, -1, -1, -1, -1
168, 0, 105.15141878622062, 72.21861167966794, 66.56689315839998, 26.052988568425, -1, -1, -1, -1
169, 0, 103.9835305619758, 72.22628710500274, 66.5827085286, 26.0790092618, -1, -1, -1, -1
170, 0, 102.60363183994954, 72.1703593810077, 66.59852389879572, 26.105029955176583, -1, -1, -1, -1
171, 0, 101.22373311792329, 72.11443165701266, 66.61433926899143, 26.13105064855317, -1, -1, -1, -1
172, 0, 99.84383439589703, 72.05850393301762, 66.63015463918717, 26.15707134192975, -1, -1, -1, -1
173, 0, 98.46393567387078, 72.00257620902258, 66.6459700093829, 26.18309203530633, -1, -1, -1, -1
174, 0, 97.08403695184452, 71.94664848502754, 66.66178537957862, 26.209112728682918, -1, -1, -1, -1
175, 0, 95.70413822981828, 71.8907207610325, 66.67760074977434, 26.235133422059505, -1, -1, -1, -1
176, 0, 94.32423950779203, 71.83479303703746, 66.69341611997008, 26.261154115436085, -1, -1, -1, -1
177, 0, 92.94434078576577, 71.77886531304242, 66.70923149016582, 26.287174808812665, -1, -1, -1, -1
178, 0, 91.56444206373952, 71.72293758904738, 66.72504686036154, 26.313195502189252, -1, -1, -1, -1
179, 0, 90.18454334171327, 71.66700986505234, 66.74086223055727, 26.33921619556584, -1, -1, -1, -1
180, 0, 88.80464461968701, 71.6110821410573, 66.756677600753, 26.36523688894242, -1, -1, -1, -1
181, 0, 87.42474589766076, 71.55515441706225, 66.77249297094872, 26.391257582319, -1, -1, -1, -1
182, 0, 86.0448471756345, 71.49922669306721, 66.78830834114447, 26.417278275695583, -1, -1, -1, -1
183, 0, 84.66494845360825, 71.44329896907217, 66.80412371134021, 26.443298969072167, -1, -1, -1, -1
184, 0, 82.99730552952187, 71.52551288806927, 66.7461340206182, 26.39154428156319, -1, -1, -1, -1
185, 0, 81.32966260543549, 71.60772680706636, 66.68814432989618, 26.33978959405421, -1, -1, -1, -1
186, 0, 79.66201968134911, 71.68994072606344, 66.63015463917417, 26.288034906545228, -1, -1, -1, -1
187, 0, 77.99437675726273, 71.77215464506054, 66.57216494845215, 26.236280219036246, -1, -1, -1, -1
188, 0, 76.32673383317635, 71.85436856405762, 66.51417525773016, 26.184525531527264, -1, -1, -1, -1
189, 0, 74.65909090908998, 71.9365824830547, 66.45618556700815, 26.13277084401828, -1, -1, -1, -1
190, 0, 72.9914479850036, 72.0187964020518, 66.39819587628614, 26.0810161565093, -1, -1, -1, -1
191, 0, 71.32380506091722, 72.10101032104889, 66.34020618556413, 26.029261469000318, -1, -1, -1, -1
192, 0, 69.65616213683084, 72.18322424004597, 66.28221649484212, 25.977506781491336, -1, -1, -1, -1
193, 0, 67.98851921274446, 72.26543815904307, 66.22422680412011, 25.925752093982354, -1, -1, -1, -1
194, 0, 66.3208762886581, 72.34765207804017, 66.1662371133981, 25.87399740647337, -1, -1, -1, -1
195, 0, 64.65323336457172, 72.42986599703725, 66.10824742267607, 25.82224271896439, -1, -1, -1, -1
196, 0, 62.98559044048534, 72.51207991603434, 66.05025773195408, 25.770488031455407, -1, -1, -1, -1
197, 0, 61.31794751639896, 72.59429383503144, 65.99226804123207, 25.718733343946425, -1, -1, -1, -1
198, 0, 59.65030459231258, 72.67650775402852, 65.93427835051006, 25.666978656437443, -1, -1, -1, -1
199, 0, 57.9826616682262, 72.7587216730256, 65.87628865978805, 25.61522396892846, -1, -1, -1, -1
200, 0, 56.31501874413982, 72.8409355920227, 65.81829896906603, 25.56346928141948, -1, -1, -1, -1
201, 0, 54.64737582005344, 72.92314951101979, 65.76030927834404, 25.511714593910497, -1, -1, -1, -1
202, 0, 52.97973289596706, 73.00536343001687, 65.70231958762201, 25.459959906401515, -1, -1, -1, -1
203, 0, 51.31208997188069, 73.08757734901397, 65.6443298969, 25.408205218892533, -1, -1, -1, -1
204, 0, 49.6193529672514, 73.13504513129155, 65.58634020617858, 25.39379520422164, -1, -1, -1, -1
205, 0, 47.92661596262211, 73.18251291356911, 65.52835051545715, 25.379385189550746, -1, -1, -1, -1
206, 0, 46.233878957992815, 73.22998069584669, 65.47036082473572, 25.364975174879845, -1, -1, -1, -1
207, 0, 44.54114195336352, 73.27744847812427, 65.4123711340143, 25.350565160208944, -1, -1, -1, -1
208, 0, 42.84840494873423, 73.32491626040184, 65.35438144329285, 25.33615514553805, -1, -1, -1, -1
209, 0, 41.15566794410494, 73.37238404267941, 65.29639175257142, 25.321745130867157, -1, -1, -1, -1
210, 0, 39.462930939475655, 73.419851824957, 65.23840206185, 25.307335116196263, -1, -1, -1, -1
211, 0, 37.77019393484636, 73.46731960723456, 65.18041237112858, 25.29292510152537, -1, -1, -1, -1
212, 0, 36.07745693021707, 73.51478738951212, 65.12242268040715, 25.278515086854476, -1, -1, -1, -1
213, 0, 34.384719925587774, 73.5622551717897, 65.06443298968573, 25.264105072183582, -1, -1, -1, -1
214, 0, 32.69198292095848, 73.60972295406728, 65.00644329896429, 25.24969505751268, -1, -1, -1, -1
215, 0, 30.999245916329194, 73.65719073634486, 64.94845360824286, 25.23528504284178, -1, -1, -1, -1
216, 0, 29.3065089116999, 73.70465851862244, 64.89046391752143, 25.22087502817089, -1, -1, -1, -1
217, 0, 27.61377190707061, 73.7521263009, 64.8324742268, 25.2064650135, -1, -1, -1, -1
218, 0, 25.606323629285306, 73.79959408319999, 64.77448453609999, 25.192054998829242, -1, -1, -1, -1
219, 0, 23.5988753515, 73.8470618655, 64.71649484539998, 25.17764498415848, -1, -1, -1, -1
220, 0, 21.866799437717138, 73.89452964777641, 64.65850515467343, 25.21987235082939, -1, -1, -1, -1
221, 0, 20.134723523934277, 73.94199743005284, 64.60051546394689, 25.262099717500305, -1, -1, -1, -1
222, 0, 18.402647610151416, 73.98946521232926, 64.54252577322035, 25.304327084171213, -1, -1, -1, -1
223, 0, 16.670571696368555, 74.03693299460568, 64.4845360824938, 25.34655445084212, -1, -1, -1, -1
224, 0, 14.938495782585695, 74.08440077688209, 64.42654639176726, 25.388781817513035, -1, -1, -1, -1
225, 0, 13.206419868802836, 74.1318685591585, 64.36855670104072, 25.43100918418395, -1, -1, -1, -1
226, 0, 11.474343955019975, 74.17933634143492, 64.31056701031417, 25.473236550854864, -1, -1, -1, -1
227, 0, 9.742268041237114, 74.22680412371135, 64.25257731958763, 25.515463917525775, -1, -1, -1, -1
228, 0, 8.11855670103093, 74.30412371134021, 64.02061855670104, 25.51546391752578, -1, -1, -1, -1
229, 0, 6.494845360824742, 74.38144329896907, 63.78865979381443, 25.51546391752578, -1, -1, -1, -1
230, 0, 4.871134020618557, 74.45876288659795, 63.55670103092783, 25.51546391752578, -1, -1, -1, -1
231, 0, 3.247422680412371, 74.53608247422682, 63.324742268041234, 25.51546391752578, -1, -1, -1, -1
232, 0, 1.6237113402061856, 74.61340206185568, 63.092783505154635, 25.51546391752578, -1, -1, -1, -1
233, 0, 0, 74.69072164948454, 62.860824742268036, 25.515463917525775, -1, -1, -1, -1
234, 0, 0.0, 74.92268041237114, 60.95243673851921, 25.35731021555764, -1, -1, -1, -1
235, 0, 0.0, 75.15463917525774, 59.04404873477038, 25.1991565135895, -1, -1, -1, -1
236, 0, 0.0, 75.38659793814435, 57.135660731021545, 25.041002811621368, -1, -1, -1, -1
237, 0, 0.0, 75.61855670103094, 55.22727272727272, 24.882849109653236, -1, -1, -1, -1
238, 0, 0.0, 75.85051546391753, 53.318884723523894, 24.724695407685104, -1, -1, -1, -1
239, 0, 0.0, 76.08247422680412, 51.41049671977507, 24.566541705716972, -1, -1, -1, -1
240, 0, 0.0, 76.31443298969072, 49.50210871602624, 24.408388003748833, -1, -1, -1, -1
241, 0, 0.0, 76.54639175257732, 47.59372071227741, 24.250234301780694, -1, -1, -1, -1
242, 0, 0.0, 76.77835051546393, 45.68533270852858, 24.09208059981256, -1, -1, -1, -1
243, 0, 0.0, 77.01030927835052, 43.77694470477975, 23.93392689784443, -1, -1, -1, -1
244, 0, 0.0, 77.24226804123711, 41.868556701030926, 23.77577319587629, -1, -1, -1, -1
245, 0, 0.0, 77.47422680412372, 39.9601686972821, 23.61761949390815, -1, -1, -1, -1
246, 0, 0.0, 77.70618556701032, 38.051780693533274, 23.45946579194002, -1, -1, -1, -1
247, 0, 0.0, 77.93814432989691, 36.14339268978444, 23.301312089971887, -1, -1, -1, -1
248, 0, 0.0, 78.1701030927835, 34.23500468603561, 23.143158388003748, -1, -1, -1, -1
249, 0, 0.0, 78.40206185567011, 32.32661668228678, 22.98500468603561, -1, -1, -1, -1
250, 0, 0.0, 78.6340206185567, 30.418228678537954, 22.826850984067477, -1, -1, -1, -1
251, 0, 0.0, 78.8659793814433, 28.509840674789125, 22.668697282099345, -1, -1, -1, -1
252, 0, 0.0, 79.0979381443299, 26.601452671040295, 22.510543580131213, -1, -1, -1, -1
253, 0, 0.0, 79.3298969072165, 24.693064667291466, 22.35238987816308, -1, -1, -1, -1
254, 0, 0.0, 79.56185567010309, 22.78467666354264, 22.19423617619494, -1, -1, -1, -1
255, 0, 0, 79.79381443298969, 20.876288659793815, 22.036082474226806, -1, -1, -1, -1
256, 0, 0.0, 80.33505154639175, 19.0979381443299, 21.417525773195877, -1, -1, -1, -1
257, 0, 0.0, 80.87628865979381, 17.319587628865982, 20.79896907216495, -1, -1, -1, -1
258, 0, 0.0, 81.41752577319588, 15.541237113402063, 20.180412371134018, -1, -1, -1, -1
259, 0, 0.0, 81.95876288659794, 13.762886597938145, 19.561855670103085, -1, -1, -1, -1
260, 0, 0.0, 82.5, 11.984536082474229, 18.94329896907216, -1, -1, -1, -1
261, 0, 0, 83.04123711340206, 10.20618556701031, 18.324742268041238, -1, -1, -1, -1
261, 1, 0, 116.90721649484537, 4.407216494845361, 14.149484536082475, -1, -1, -1, -1
262, 0, 0.0, 83.20511346424553, 8.466494845355143, 17.812927772826033, -1, -1, -1, -1
262, 1, 8.240830698248581e-16, 115.68699969016939, 5.51231488247268, 16.105461393844607, -1, -1, -1, -1
263, 0, 0, 83.36898981508901, 6.726804123699977, 17.301113277610828, -1, -1, -1, -1
263, 1, 1.6481661396497162e-15, 114.46678288549339, 6.617413270099998, 18.061438251606734, -1, -1, -1, -1
264, 0, 0.0, 85.17676294878163, 4.987113402056174, 15.145401999630156, -1, -1, -1, -1
264, 1, 2.3898409024920896e-14, 114.07493432615885, 7.72251165775, 19.189046864033156, -1, -1, -1, -1
265, 0, 0, 86.98453608247424, 3.247422680412371, 12.989690721649485, -1, -1, -1, -1
265, 1, 4.6148651910192074e-14, 113.68308576682432, 8.827610045400002, 20.316655476459577, -1, -1, -1, -1
266, 0, 0.0, 86.98453608247424, 3.247422680412371, 12.989690721649485, -1, -1, -1, -1
266, 1, 5.1117259800346697e-14, 113.3085759903079, 9.93270843303571, 21.139243369066342, -1, -1, -1, -1
267, 1, 5.608586769050132e-14, 112.9340662137915, 11.03780682067142, 21.96183126167311, -1, -1, -1, -1
268, 1, 6.105447558065594e-14, 112.55955643727509, 12.14290520830713, 22.784419154279885, -1, -1, -1, -1
269, 1, 6.602308347081056e-14, 112.18504666075867, 13.24800359594284, 23.607007046886658, -1, -1, -1, -1
270, 1, 5.5564326499475703e-14, 111.90384600085994, 14.545753936002681, 23.83622977186752, -1, -1, -1, -1
271, 1, 4.510556952814084e-14, 111.6226453409612, 15.843504276062522, 24.06545249684838, -1, -1, -1, -1
272, 1, 3.4646812556805986e-14, 111.34144468106246, 17.14125461612236, 24.294675221829237, -1, -1, -1, -1
273, 1, 2.4188055585471125e-14, 111.06024402116371, 18.439004956182202, 24.523897946810095, -1, -1, -1, -1
274, 1, 1.3729298614136266e-14, 110.77904336126497, 19.736755296242045, 24.753120671790953, -1, -1, -1, -1
275, 1, 3.270541642801407e-15, 110.49784270136624, 21.034505636301883, 24.98234339677181, -1, -1, -1, -1
276, 1, 2.861723937451231e-15, 110.28923476547502, 22.31368680366414, 25.14347879963026, -1, -1, -1, -1
277, 1, 2.452906232101055e-15, 110.08062682958378, 23.592867971026397, 25.304614202488708, -1, -1, -1, -1
278, 1, 2.044088526750879e-15, 109.87201889369254, 24.872049138388657, 25.46574960534715, -1, -1, -1, -1
279, 1, 1.6352708214007035e-15, 109.66341095780132, 26.151230305750918, 25.62688500820559, -1, -1, -1, -1
280, 1, 1.2264531160505277e-15, 109.45480302191008, 27.430411473113175, 25.78802041106404, -1, -1, -1, -1
281, 1, 8.176354107003519e-16, 109.24619508601884, 28.709592640475435, 25.949155813922488, -1, -1, -1, -1
282, 1, 4.0881770535017597e-16, 109.03758715012762, 29.988773807837692, 26.110291216780933, -1, -1, -1, -1
283, 1, 0, 108.82897921423638, 31.26795497519995, 26.271426619639378, -1, -1, -1, -1
284, 1, 7.102836679294384e-16, 108.68245173270464, 32.48889763338988, 26.45464878353143, -1, -1, -1, -1
285, 1, 1.4205673358588769e-15, 108.53592425117289, 33.70984029157981, 26.63787094742348, -1, -1, -1, -1
286, 1, 2.1308510037883153e-15, 108.38939676964114, 34.93078294976974, 26.82109311131554, -1, -1, -1, -1
287, 1, 2.8411346717177537e-15, 108.24286928810938, 36.151725607959676, 27.004315275207603, -1, -1, -1, -1
288, 1, 3.551418339647192e-15, 108.09634180657763, 37.3726682661496, 27.187537439099657, -1, -1, -1, -1
289, 1, 4.2617020075766306e-15, 107.94981432504588, 38.59361092433953, 27.37075960299171, -1, -1, -1, -1
290, 1, 4.971985675506069e-15, 107.80328684351413, 39.814553582529456, 27.55398176688376, -1, -1, -1, -1
291, 1, 5.6822693434355074e-15, 107.65675936198238, 41.03549624071939, 27.737203930775806, -1, -1, -1, -1
292, 1, 5.208746898149215e-15, 107.54132346714218, 42.490514823059435, 28.071124832715725, -1, -1, -1, -1
293, 1, 4.7352244528629226e-15, 107.42588757230199, 43.94553340539948, 28.405045734655644, -1, -1, -1, -1
294, 1, 4.2617020075766306e-15, 107.3104516774618, 45.40055198773953, 28.738966636595535, -1, -1, -1, -1
295, 1, 3.788179562290338e-15, 107.19501578262161, 46.85557057007958, 29.072887538535426, -1, -1, -1, -1
296, 1, 3.3146571170040457e-15, 107.07957988778142, 48.310589152419624, 29.406808440475338, -1, -1, -1, -1
297, 1, 2.8411346717177537e-15, 106.96414399294122, 49.765607734759676, 29.74072934241525, -1, -1, -1, -1
298, 1, 2.3676122264314613e-15, 106.84870809810101, 51.22062631709972, 30.074650244355162, -1, -1, -1, -1
299, 1, 1.894089781145169e-15, 106.73327220326082, 52.67564489943977, 30.408571146295074, -1, -1, -1, -1
300, 1, 1.4205673358588765e-15, 106.61783630842064, 54.13066348177982, 30.742492048234965, -1, -1, -1, -1
301, 1, 9.47044890572584e-16, 106.50240041358045, 55.585682064119865, 31.076412950174856, -1, -1, -1, -1
302, 1, 4.73522445286292e-16, 106.38696451874026, 57.04070064645991, 31.410333852114768, -1, -1, -1, -1
303, 1, 0, 106.27152862390005, 58.495719228799956, 31.744254754054676, -1, -1, -1, -1
304, 1, 3.708373814211868e-15, 106.15609272906256, 59.95073781112498, 31.84204914396402, -1, -1, -1, -1
305, 1, 7.416747628423736e-15, 106.04065683422508, 61.40575639345001, 31.939843533873358, -1, -1, -1, -1
306, 1, 1.1125121442635603e-14, 105.92522093938757, 62.860774975775044, 32.037637923782704, -1, -1, -1, -1
307, 1, 1.4833495256847472e-14, 105.80978504455008, 64.31579355810008, 32.13543231369205, -1, -1, -1, -1
308, 1, 1.854186907105934e-14, 105.6943491497126, 65.77081214042511, 32.233226703601396, -1, -1, -1, -1
309, 1, 2.2250242885271207e-14, 105.57891325487509, 67.22583072275013, 32.33102109351074, -1, -1, -1, -1
310, 1, 2.5958616699483076e-14, 105.4634773600376, 68.68084930507516, 32.42881548342009, -1, -1, -1, -1
311, 1, 2.9666990513694944e-14, 105.34804146520011, 70.1358678874002, 32.526609873329434, -1, -1, -1, -1
312, 1, 0.2993339873796967, 105.23260557035003, 71.29155248237043, 32.28374622207206, -1, -1, -1, -1
313, 1, 0.5986679747593637, 105.11716967549995, 72.44723707734067, 32.04088257081469, -1, -1, -1, -1
314, 1, 0.8980019621390308, 105.00173378064987, 73.60292167231091, 31.798018919557308, -1, -1, -1, -1
315, 1, 1.197335949518698, 104.88629788579979, 74.75860626728114, 31.555155268299924, -1, -1, -1, -1
316, 1, 2.4344837349947266, 104.77086199095186, 74.97647706412673, 31.71423657404135, -1, -1, -1, -1
317, 1, 3.671631520470755, 104.65542609610392, 75.19434786097233, 31.873317879782775, -1, -1, -1, -1
318, 1, 5.204057728377238, 104.54903520310376, 75.24820579611271, 31.881703110725162, -1, -1, -1, -1
319, 1, 6.7364839362837206, 104.4426443101036, 75.3020637312531, 31.89008834166755, -1, -1, -1, -1
320, 1, 8.268910144190203, 104.33625341710344, 75.35592166639347, 31.89847357260993, -1, -1, -1, -1
321, 1, 9.801336352096685, 104.22986252410327, 75.40977960153386, 31.90685880355231, -1, -1, -1, -1
322, 1, 11.33376256000317, 104.12347163110311, 75.46363753667424, 31.915244034494684, -1, -1, -1, -1
323, 1, 12.866188767909652, 104.01708073810295, 75.51749547181461, 31.923629265437057, -1, -1, -1, -1
324, 1, 14.398614975816134, 103.91068984510278, 75.571353406955, 31.932014496379452, -1, -1, -1, -1
325, 1, 15.931041183722616, 103.80429895210261, 75.62521134209538, 31.940399727321847, -1, -1, -1, -1
326, 1, 17.4634673916291, 103.69790805910245, 75.67906927723577, 31.948784958264234, -1, -1, -1, -1
327, 1, 18.99589359953558, 103.59151716610229, 75.73292721237615, 31.95717018920662, -1, -1, -1, -1
328, 1, 20.528319807442063, 103.48512627310214, 75.78678514751653, 31.965555420148995, -1, -1, -1, -1
329, 1, 22.060746015348546, 103.37873538010197, 75.84064308265691, 31.973940651091368, -1, -1, -1, -1
330, 1, 23.593172223255028, 103.2723444871018, 75.8945010177973, 31.98232588203375, -1, -1, -1, -1
331, 1, 25.12559843116151, 103.16595359410164, 75.94835895293767, 31.99071111297613, -1, -1, -1, -1
332, 1, 26.658024639067992, 103.05956270110147, 76.00221688807805, 31.999096343918517, -1, -1, -1, -1
333, 1, 28.190450846974475, 102.95317180810132, 76.05607482321844, 32.007481574860904, -1, -1, -1, -1
334, 1, 29.722877054880957, 102.84678091510115, 76.10993275835882, 32.0158668058033, -1, -1, -1, -1
335, 1, 31.25530326278744, 102.74039002210098, 76.16379069349921, 32.02425203674569, -1, -1, -1, -1
336, 1, 32.787729470693925, 102.63399912910083, 76.21764862863958, 32.03263726768807, -1, -1, -1, -1
337, 1, 34.32015567860041, 102.52760823610066, 76.27150656377995, 32.04102249863044, -1, -1, -1, -1
338, 1, 35.85258188650689, 102.4212173431005, 76.32536449892034, 32.04940772957282, -1, -1, -1, -1
339, 1, 37.38500809441337, 102.31482645010033, 76.37922243406072, 32.0577929605152, -1, -1, -1, -1
340, 1, 38.917434302319855, 102.20843555710016, 76.43308036920111, 32.066178191457595, -1, -1, -1, -1
341, 1, 40.44986051022634, 102.1020446641, 76.48693830434149, 32.07456342239998, -1, -1, -1, -1
342, 1, 42.23149119605523, 101.99565377110119, 76.51310685304193, 32.08294865334183, -1, -1, -1, -1
343, 1, 44.01312188188412, 101.88926287810237, 76.53927540174239, 32.091333884283685, -1, -1, -1, -1
344, 1, 45.794752567713005, 101.78287198510355, 76.56544395044284, 32.09971911522555, -1, -1, -1, -1
345, 1, 47.57638325354189, 101.67648109210475, 76.5916124991433, 32.10810434616741, -1, -1, -1, -1
346, 1, 49.35801393937078, 101.57009019910593, 76.61778104784375, 32.11648957710926, -1, -1, -1, -1
347, 1, 51.13964462519967, 101.46369930610712, 76.64394959654419, 32.12487480805112, -1, -1, -1, -1
348, 1, 52.921275311028566, 101.35730841310831, 76.67011814524464, 32.13326003899298, -1, -1, -1, -1
349, 1, 54.70290599685745, 101.2509175201095, 76.6962866939451, 32.14164526993484, -1, -1, -1, -1
350, 1, 56.48453668268634, 101.14452662711068, 76.72245524264555, 32.150030500876696, -1, -1, -1, -1
351, 1, 58.26616736851523, 101.03813573411186, 76.748623791346, 32.15841573181855, -1, -1, -1, -1
352, 1, 60.04779805434411, 100.93174484111304, 76.77479234004646, 32.166800962760405, -1, -1, -1, -1
353, 1, 61.82942874017301, 100.82535394811423, 76.80096088874691, 32.17518619370226, -1, -1, -1, -1
354, 1, 63.6110594260019, 100.71896305511541, 76.82712943744735, 32.18357142464412, -1, -1, -1, -1
355, 1, 65.39269011183079, 100.6125721621166, 76.85329798614781, 32.19195665558598, -1, -1, -1, -1
356, 1, 67.17432079765968, 100.50618126911779, 76.87946653484826, 32.20034188652784, -1, -1, -1, -1
357, 1, 68.95595148348856, 100.39979037611897, 76.90563508354872, 32.20872711746969, -1, -1, -1, -1
358, 1, 70.73758216931745, 100.29339948312017, 76.93180363224917, 32.217112348411554, -1, -1, -1, -1
359, 1, 72.51921285514635, 100.18700859012135, 76.95797218094961, 32.225497579353416, -1, -1, -1, -1
360, 1, 74.30084354097524, 100.08061769712253, 76.98414072965006, 32.23388281029527, -1, -1, -1, -1
361, 1, 76.08247422680412, 99.97422680412372, 77.01030927835052, 32.24226804123712, -1, -1, -1, -1
362, 1, 78.0567988461095, 99.85557228791112, 76.82887889606165, 32.20696996862394, -1, -1, -1, -1
363, 1, 80.03112346541488, 99.73691777169853, 76.64744851377279, 32.171671896010764, -1, -1, -1, -1
364, 1, 82.00544808472026, 99.61826325548593, 76.46601813148392, 32.13637382339759, -1, -1, -1, -1
365, 1, 83.97977270402563, 99.49960873927333, 76.28458774919505, 32.10107575078442, -1, -1, -1, -1
366, 1, 85.95409732333101, 99.38095422306074, 76.10315736690617, 32.06577767817124, -1, -1, -1, -1
367, 1, 87.9284219426364, 99.26229970684814, 75.92172698461731, 32.03047960555806, -1, -1, -1, -1
368, 1, 89.90274656194178, 99.14364519063554, 75.74029660232844, 31.995181532944876, -1, -1, -1, -1
369, 1, 91.87707118124716, 99.02499067442295, 75.55886622003958, 31.959883460331696, -1, -1, -1, -1
370, 1, 93.85139580055254, 98.90633615821035, 75.37743583775071, 31.924585387718523, -1, -1, -1, -1
371, 1, 95.82572041985792, 98.78768164199775, 75.19600545546184, 31.88928731510535, -1, -1, -1, -1
372, 1, 97.80004503916331, 98.66902712578516, 75.01457507317295, 31.85398924249217, -1, -1, -1, -1
373, 1, 99.77436965846869, 98.55037260957256, 74.83314469088407, 31.81869116987899, -1, -1, -1, -1
374, 1, 101.74869427777406, 98.43171809335996, 74.6517143085952, 31.783393097265808, -1, -1, -1, -1
375, 1, 103.72301889707944, 98.31306357714737, 74.47028392630634, 31.748095024652628, -1, -1, -1, -1
376, 1, 105.69734351638482, 98.19440906093477, 74.28885354401747, 31.712796952039454, -1, -1, -1, -1
377, 1, 107.6716681356902, 98.07575454472217, 74.1074231617286, 31.67749887942628, -1, -1, -1, -1
378, 1, 109.64599275499558, 97.95710002850959, 73.92599277943974, 31.6422008068131, -1, -1, -1, -1
379, 1, 111.62031737430095, 97.83844551229699, 73.74456239715087, 31.60690273419992, -1, -1, -1, -1
380, 1, 113.59464199360633, 97.71979099608438, 73.563132014862, 31.57160466158674, -1, -1, -1, -1
381, 1, 115.56896661291171, 97.6011364798718, 73.38170163257314, 31.53630658897356, -1, -1, -1, -1
382, 1, 117.54329123221709, 97.4824819636592, 73.20027125028426, 31.501008516360386, -1, -1, -1, -1
383, 1, 119.51761585152248, 97.3638274474466, 73.0188408679954, 31.465710443747213, -1, -1, -1, -1
384, 1, 121.49194047082786, 97.24517293123401, 72.83741048570653, 31.430412371134032, -1, -1, -1, -1
385, 1, 123.46626509013323, 97.12651841502141, 72.65598010341766, 31.395114298520852, -1, -1, -1, -1
386, 1, 125.44058970943861, 97.00786389880881, 72.4745497211288, 31.35981622590768, -1, -1, -1, -1
387, 1, 127.41491432874399, 96.8892093825962, 72.29311933883993, 31.324518153294505, -1, -1, -1, -1
388, 1, 129.38923894804938, 96.7705548663836, 72.11168895655106, 31.289220080681318, -1, -1, -1, -1
389, 1, 131.36356356735476, 96.65190035017102, 71.93025857426218, 31.25392200806813, -1, -1, -1, -1
390, 1, 133.33788818666014, 96.53324583395843, 71.7488281919733, 31.21862393545495, -1, -1, -1, -1
391, 1, 135.31221280596552, 96.41459131774583, 71.56739780968442, 31.18332586284177, -1, -1, -1, -1
392, 1, 137.2865374252709, 96.29593680153323, 71.38596742739557, 31.148027790228596, -1, -1, -1, -1
393, 1, 139.26086204457627, 96.17728228532063, 71.20453704510672, 31.112729717615423, -1, -1, -1, -1
394, 1, 141.23518666388165, 96.05862776910803, 71.02310666281784, 31.077431645002243, -1, -1, -1, -1
395, 1, 143.20951128318703, 95.93997325289544, 70.84167628052896, 31.042133572389062, -1, -1, -1, -1
396, 1, 145.1838359024924, 95.82131873668285, 70.6602458982401, 31.00683549977588, -1, -1, -1, -1
397, 1, 147.15816052179778, 95.70266422047025, 70.47881551595125, 30.9715374271627, -1, -1, -1, -1
398, 1, 149.1324851411032, 95.58400970425765, 70.29738513366236, 30.936239354549528, -1, -1, -1, -1
399, 1, 151.10680976040857, 95.46535518804505, 70.11595475137347, 30.900941281936355, -1, -1, -1, -1
400, 1, 153.08113437971394, 95.34670067183245, 69.9345243690846, 30.865643209323174, -1, -1, -1, -1
401, 1, 155.05545899901932, 95.22804615561986, 69.75309398679573, 30.830345136709994, -1, -1, -1, -1
402, 1, 157.0297836183247, 95.10939163940728, 69.57166360450687, 30.795047064096813, -1, -1, -1, -1
403, 1, 159.00410823763008, 94.99073712319468, 69.390233222218, 30.759748991483633, -1, -1, -1, -1
404, 1, 160.97843285693546, 94.87208260698208, 69.20880283992913, 30.72445091887046, -1, -1, -1, -1
405, 1, 162.95275747624083, 94.75342809076948, 69.02737245764027, 30.689152846257286, -1, -1, -1, -1
406, 1, 164.9270820955462, 94.63477357455687, 68.84594207535139, 30.653854773644106, -1, -1, -1, -1
407, 1, 166.9014067148516, 94.51611905834429, 68.66451169306252, 30.618556701030922, -1, -1, -1, -1
408, 1, 168.89120662662583, 94.38198924967227, 68.20485070670898, 30.73453608246549, -1, -1, -1, -1
409, 1, 170.8810065384001, 94.24785944100027, 67.74518972035544, 30.850515463900056, -1, -1, -1, -1
410, 1, 172.87080645019995, 94.1137296323001, 66.4422916791778, 30.966494845350013, -1, -1, -1, -1
411, 1, 174.86060636199983, 93.97959982359994, 65.13939363800016, 31.082474226799967, -1, -1, -1, -1
412, 1, 176.85040627378342, 93.84547001489275, 63.14959372621656, 31.198453608245345, -1, -1, -1, -1
413, 1, 178.840206185567, 93.71134020618557, 61.15979381443296, 31.314432989690722, -1, -1, -1, -1
414, 1, 180.72901325478645, 93.56222385861561, 59.27098674521352, 31.26472754050074, -1, -1, -1, -1
415, 1, 182.6178203240059, 93.41310751104565, 57.38217967599408, 31.215022091310757, -1, -1, -1, -1
416, 1, 184.50662739322533, 93.26399116347571, 55.49337260677464, 31.16531664212077, -1, -1, -1, -1
417, 1, 186.39543446244477, 93.11487481590575, 53.6045655375552, 31.115611192930785, -1, -1, -1, -1
418, 1, 188.2842415316642, 92.96575846833579, 51.715758468335764, 31.0659057437408, -1, -1, -1, -1
419, 1, 190.17304860088365, 92.81664212076583, 49.826951399116325, 31.016200294550814, -1, -1, -1, -1
420, 1, 192.0618556701031, 92.66752577319588, 47.93814432989687, 30.966494845360828, -1, -1, -1, -1
421, 1, 193.95066273932255, 92.51840942562592, 46.04933726067742, 30.91678939617084, -1, -1, -1, -1
422, 1, 195.839469808542, 92.36929307805596, 44.16053019145798, 30.867083946980856, -1, -1, -1, -1
423, 1, 197.72827687776143, 92.220176730486, 42.27172312223854, 30.81737849779087, -1, -1, -1, -1
424, 1, 199.61708394698087, 92.07106038291604, 40.3829160530191, 30.767673048600884, -1, -1, -1, -1
425, 1, 201.5058910162003, 91.9219440353461, 38.49410898379966, 30.717967599410898, -1, -1, -1, -1
426, 1, 203.39469808541975, 91.77282768777614, 36.605301914580224, 30.66826215022091, -1, -1, -1, -1
427, 1, 205.2835051546392, 91.62371134020619, 34.71649484536079, 30.61855670103093, -1, -1, -1, -1
428, 1, 207.23195876288264, 91.68030277483163, 32.768041237117316, 30.377426899438795, -1, -1, -1, -1
429, 1, 209.1804123711261, 91.73689420945708, 30.819587628873848, 30.136297097846665, -1, -1, -1, -1
430, 1, 211.12886597936955, 91.79348564408252, 28.871134020630365, 29.895167296254535, -1, -1, -1, -1
431, 1, 213.077319587613, 91.85007707870797, 26.92268041238688, 29.654037494662404, -1, -1, -1, -1
432, 1, 215.02577319585646, 91.90666851333341, 24.974226804143413, 29.412907693070274, -1, -1, -1, -1
433, 1, 216.9742268040999, 91.96325994795886, 23.025773195899944, 29.17177789147814, -1, -1, -1, -1
434, 1, 218.9226804123499, 92.40028001252942, 21.07731958764997, 28.171152313346653, -1, -1, -1, -1
435, 1, 220.87113402059992, 92.83730007709998, 19.128865979399997, 27.17052673521517, -1, -1, -1, -1
436, 1, 222.81958762885665, 93.27432014164292, 17.180412371143255, 23.149240818637374, -1, -1, -1, -1
437, 1, 224.7680412371134, 93.71134020618585, 15.23195876288651, 19.12795490205958, -1, -1, -1, -1
438, 1, 226.46907216495993, 93.9819587628894, 13.530927835039877, 18.50985594433162, -1, -1, -1, -1
439, 1, 228.17010309280641, 94.25257731959294, 11.829896907193245, 17.891756986603653, -1, -1, -1, -1
440, 1, 229.8711340206529, 94.52319587629648, 10.128865979346614, 17.273658028875687, -1, -1, -1, -1
441, 1, 231.5721649484994, 94.79381443300004, 8.427835051499985, 16.655559071147717, -1, -1, -1, -1
442, 1, 233.27319587631155, 95.06443298969589, 6.726804123688119, 14.9386042778419, -1, -1, -1, -1
443, 1, 234.97422680412373, 95.33505154639175, 5.025773195876254, 13.221649484536083, -1, -1, -1, -1
444, 1, 234.97422680412373, 95.33505154639175, 5.025773195876254, 13.221649484536083, -1, -1, -1, -1
