1, 1581956525690846936
2, 1581956525712380416
3, 1581956525733913936
4, 1581956525755447296
5, 1581956525776980936
6, 1581956525798514432
7, 1581956525820047936
8, 1581956525841581824
9, 1581956525863115936
10, 1581956525884649472
11, 1581956525906182936
12, 1581956525927716352
13, 1581956525949249936
14, 1581956525970783488
15, 1581956525992316936, 0, 236.5979381443299, 77.70618556701031, 3.402061855670068, 8.814432989690722
16, 1581956526013850368, 0, 235.40345816763664, 76.21914894627221, 4.596541832363328, 10.896771595868305
17, 1581956526035383936, 0, 234.20897819094338, 74.73211232553413, 5.791021809056588, 12.979110202045888
18, 1581956526056917760, 0, 233.01449821425012, 73.24507570479605, 6.985501785749847, 15.061448808223467
19, 1581956526078451936, 0, 231.82001823755687, 71.75803908405796, 8.179981762443106, 17.143787414401046
20, 1581956526099985408, 0, 230.6255382608636, 70.27100246331986, 9.374461739136365, 19.226126020578626
21, 1581956526121518936, 0, 229.43105828417035, 68.78396584258178, 10.568941715829624, 21.308464626756205
22, 1581956526143052288, 0, 228.2365783074771, 67.29692922184368, 11.763421692522883, 23.39080323293379
23, 1581956526164585936, 0, 227.04209833078383, 65.80989260110559, 12.957901669216142, 25.473141839111378
24, 1581956526186119424, 0, 225.84761835409057, 64.3228559803675, 14.152381645909408, 27.555480445288957
25, 1581956526207652936, 0, 224.6531383773973, 62.83581935962941, 15.346861622602672, 29.637819051466533
26, 1581956526229186304, 0, 223.4586584006974, 62.79960402829522, 16.541341599302562, 29.795800137792675
27, 1581956526250719936, 0, 222.26417842399752, 62.76338869696103, 17.73582157600245, 29.953781224118813
28, 1581956526272253952, 0, 221.06969844729764, 62.72717336562684, 18.930301552702346, 30.111762310444956
29, 1581956526293787936, 0, 219.87521847059773, 62.690958034292656, 20.12478152940224, 30.269743396771098
30, 1581956526315321344, 0, 218.68073849389782, 62.65474270295847, 21.319261506102137, 30.427724483097233
31, 1581956526336854936, 0, 217.48625851719794, 62.61852737162428, 22.513741482802033, 30.585705569423368
32, 1581956526358388480, 0, 216.29177854049806, 62.58231204029009, 23.708221459501928, 30.743686655749507
33, 1581956526379921936, 0, 215.09729856379815, 62.5460967089559, 24.902701436201824, 30.901667742075645
34, 1581956526401455360, 0, 213.90281858709824, 62.50988137762171, 26.09718141290172, 31.05964882840179
35, 1581956526422988936, 0, 212.70833861039836, 62.47366604628752, 27.291661389601614, 31.217629914727937
36, 1581956526444522496, 0, 211.51385863369848, 62.43745071495333, 28.48614136630151, 31.375611001054075
37, 1581956526466055936, 0, 210.31937865699857, 62.401235383619145, 29.680621343001405, 31.53359208738021
38, 1581956526487589888, 0, 209.1248986802987, 62.45063031830424, 30.875101319701272, 31.605962907682674
39, 1581956526509123936, 0, 207.93041870359883, 62.50002525298934, 32.06958129640114, 31.67833372798514
40, 1581956526530657280, 0, 206.73593872689898, 62.54942018767443, 33.26406127310098, 31.75070454828762
41, 1581956526552190936, 0, 205.54145875019913, 62.598815122359525, 34.45854124980082, 31.823075368590096
42, 1581956526573724416, 0, 204.34697877349927, 62.64821005704462, 35.65302122650067, 31.89544618889257
43, 1581956526595257936, 0, 203.15249879679942, 62.69760499172972, 36.84750120320052, 31.967817009195045
44, 1581956526616791296, 0, 201.95801882009954, 62.746999926414816, 38.0419811799004, 32.04018782949751
45, 1581956526638324936, 0, 200.7635388433997, 62.79639486109991, 39.23646115660027, 32.11255864979998
46, 1581956526659858432, 0, 199.5690588666996, 62.84578979579986, 40.21464530788254, 32.18492947009996
47, 1581956526681391936, 0, 198.3745788899995, 62.895184730499814, 41.19282945916481, 32.25730029039993
48, 1581956526702925824, 0, 197.1800989132994, 62.94457966519977, 42.17101361044709, 32.329671110699906
49, 1581956526724459936, 0, 195.9856189365993, 62.993974599899715, 43.149197761729376, 32.40204193099988
50, 1581956526745993472, 0, 194.79113895990645, 63.043369534585715, 43.324395464603384, 32.47441275130228
51, 1581956526767526936, 0, 193.5966589832136, 63.092764469271714, 43.4995931674774, 32.54678357160468
52, 1581956526789060352, 0, 192.40217900652073, 63.142159403957706, 43.674790870351416, 32.619154391907074
53, 1581956526810593936, 0, 191.20769902982786, 63.191554338643705, 43.84998857322543, 32.69152521220946
54, 1581956526832127488, 0, 190.013219053135, 63.240949273329704, 44.02518627609945, 32.76389603251186
55, 1581956526853660936, 0, 188.81873907644214, 63.2903442080157, 44.20038397897346, 32.836266852814255
56, 1581956526875194368, 0, 187.62425909974928, 63.3397391427017, 44.37558168184748, 32.908637673116644
57, 1581956526896727936, 0, 186.42977912305642, 63.389134077387695, 44.550779384721494, 32.98100849341904
58, 1581956526918262016, 0, 185.23529914636356, 63.438529012073694, 44.72597708759551, 33.053379313721436
59, 1581956526939795936, 0, 184.0408191696707, 63.48792394675969, 44.901174790469526, 33.12575013402383
60, 1581956526961329408, 0, 182.84633919297784, 63.537318881445685, 45.07637249334354, 33.19812095432623
61, 1581956526982862936, 0, 181.65185921628498, 63.586713816131684, 45.25157019621756, 33.27049177462862
62, 1581956527004396288, 0, 180.45737923959211, 63.636108750817684, 45.42676789909157, 33.34286259493102
63, 1581956527025929936, 0, 179.26289926289925, 63.68550368550368, 45.601965601965595, 33.415233415233416
64, 1581956527047463424, 0, 178.24890870251687, 63.718263718264595, 45.61834561834527, 33.40868140868155
65, 1581956527068996936, 0, 177.2349181421345, 63.7510237510255, 45.63472563472496, 33.40212940212969
66, 1581956527090530304, 0, 176.2209275817521, 63.783783783786404, 45.65110565110464, 33.39557739557784
67, 1581956527112063936, 0, 175.20693702136973, 63.81654381654731, 45.66748566748433, 33.38902538902599
68, 1581956527133597952, 0, 174.19294646098734, 63.849303849308214, 45.68386568386403, 33.38247338247413
69, 1581956527155131936, 0, 173.17895590060496, 63.882063882069126, 45.70024570024373, 33.37592137592227
70, 1581956527176665344, 0, 172.16496534022258, 63.91482391483003, 45.71662571662341, 33.36936936937042
71, 1581956527198198936, 0, 171.1509747798402, 63.947583947590935, 45.7330057330031, 33.36281736281857
72, 1581956527219732480, 0, 170.13698421945782, 63.98034398035185, 45.749385749382796, 33.356265356266704
73, 1581956527241265936, 0, 169.1229936590754, 64.01310401311275, 45.765765765762495, 33.34971334971485
74, 1581956527262799360, 0, 168.10900309869302, 64.04586404587366, 45.78214578214218, 33.343161343163
75, 1581956527284332936, 0, 167.09501253831064, 64.07862407863456, 45.798525798521865, 33.33660933661115
76, 1581956527305866496, 0, 166.08102197792826, 64.11138411139547, 45.814905814901564, 33.33005733005929
77, 1581956527327399936, 0, 165.06703141754588, 64.14414414415637, 45.831285831281264, 33.32350532350743
78, 1581956527348933888, 0, 164.0530408571635, 64.17690417691728, 45.84766584766095, 33.316953316955576
79, 1581956527370467936, 0, 163.0390502967811, 64.2096642096782, 45.864045864040634, 33.31040131040372
80, 1581956527392001280, 0, 162.02505973639873, 64.2424242424391, 45.88042588042032, 33.30384930385186
81, 1581956527413534936, 0, 161.01106917601635, 64.2751842752, 45.8968058968, 33.2972972973
82, 1581956527435068416, 0, 160.0683401982207, 64.30794430795834, 46.00091482464079, 33.29074529075001
83, 1581956527456601936, 0, 159.12561122042507, 64.34070434071666, 46.10502375248157, 33.284193284200015
84, 1581956527478135296, 0, 158.18288224262943, 64.37346437347499, 46.20913268032234, 33.277641277650005
85, 1581956527499668936, 0, 157.24015326483382, 64.40622440623332, 46.31324160816311, 33.271089271099996
86, 1581956527521202432, 0, 156.29742428703818, 64.43898443899165, 46.417350536003894, 33.26453726454999
87, 1581956527542735936, 0, 155.35469530924254, 64.47174447174999, 46.52145946384468, 33.25798525799999
88, 1581956527564269824, 0, 154.4119663314469, 64.5045045045083, 46.62556839168546, 33.251433251449996
89, 1581956527585803936, 0, 153.46923735365127, 64.53726453726664, 46.729677319526246, 33.2448812449
90, 1581956527607337472, 0, 152.52650837585566, 64.57002457002497, 46.833786247367016, 33.23832923835
91, 1581956527628870936, 0, 151.58377939806002, 64.60278460278329, 46.937895175207785, 33.231777231799995
92, 1581956527650404352, 0, 150.64105042026438, 64.63554463554162, 47.04200410304857, 33.22522522525
93, 1581956527671937936, 0, 149.69832144246874, 64.66830466829995, 47.14611303088935, 33.2186732187
94, 1581956527693471488, 0, 149.01172664781564, 64.66886379744946, 47.12740148268297, 33.24432211575764
95, 1581956527715004936, 0, 148.32513185316256, 64.66942292659895, 47.10868993447659, 33.269971012815276
96, 1581956527736538368, 0, 147.63853705850946, 64.66998205574845, 47.089978386270204, 33.29561990987292
97, 1581956527758071936, 0, 146.95194226385635, 64.67054118489796, 47.07126683806382, 33.32126880693056
98, 1581956527779605760, 0, 146.26534746920328, 64.67110031404746, 47.05255528985744, 33.346917703988204
99, 1581956527801139936, 0, 145.57875267455017, 64.67165944319696, 47.033843741651054, 33.37256660104585
100, 1581956527822673408, 0, 144.89215787989707, 64.67221857234647, 47.01513219344466, 33.398215498103475
101, 1581956527844206936, 0, 144.205563085244, 64.67277770149597, 46.99642064523826, 33.423864395161104
102, 1581956527865740288, 0, 143.51896829059092, 64.67333683064547, 46.97770909703188, 33.44951329221875
103, 1581956527887273936, 0, 142.83237349593782, 64.67389595979498, 46.958997548825494, 33.47516218927639
104, 1581956527908807424, 0, 142.1457787012847, 64.67445508894448, 46.94028600061911, 33.50081108633403
105, 1581956527930340936, 0, 141.4591839066316, 64.67501421809398, 46.92157445241273, 33.526459983391675
106, 1581956527951874304, 0, 140.7725891119785, 64.67557334724347, 46.902862904206344, 33.55210888044932
107, 1581956527973407936, 0, 140.08599431732543, 64.67613247639298, 46.88415135599997, 33.57775777750696
108, 1581956527994941952, 0, 139.52681072096732, 64.73706829981023, 46.949347039422605, 33.543029980298044
109, 1581956528016475936, 0, 138.96762712460924, 64.79800412322749, 47.01454272284525, 33.50830218308913
110, 1581956528038009344, 0, 138.40844352825115, 64.85893994664474, 47.07973840626789, 33.47357438588022
111, 1581956528059542936, 0, 137.84925993189304, 64.91987577006198, 47.14493408969054, 33.43884658867131
112, 1581956528081076480, 0, 137.29007633553493, 64.98081159347923, 47.21012977311318, 33.404118791462395
113, 1581956528102609936, 0, 136.73089273917685, 65.04174741689648, 47.275325456535825, 33.36939099425348
114, 1581956528124143360, 0, 136.17170914281877, 65.10268324031374, 47.340521139958454, 33.33466319704456
115, 1581956528145676936, 0, 135.61252554646066, 65.16361906373099, 47.405716823381084, 33.29993539983565
116, 1581956528167210496, 0, 135.05334195010255, 65.22455488714823, 47.47091250680373, 33.26520760262674
117, 1581956528188743936, 0, 134.49415835374447, 65.28549071056548, 47.53610819022637, 33.23047980541783
118, 1581956528210277888, 0, 133.93497475738639, 65.34642653398274, 47.60130387364901, 33.19575200820891
119, 1581956528231811936, 0, 133.37579116102827, 65.40736235739999, 47.666499557071646, 33.161024211
120, 1581956528253345280, 0, 133.15223649116433, 65.46829818082641, 47.3960663139954, 33.12629641377825
121, 1581956528274878936, 0, 132.92868182130036, 65.52923400425283, 47.12563307091915, 33.0915686165565
122, 1581956528296412416, 0, 132.70512715143641, 65.59016982767923, 46.85519982784287, 33.05684081933476
123, 1581956528317945936, 0, 132.48157248157247, 65.65110565110565, 46.584766584766584, 33.02211302211302
124, 1581956528339479296, 0, 132.09204087837838, 65.65868532204871, 46.66041452906103, 33.03194103193693
125, 1581956528361012936, 0, 131.70250927518433, 65.66626499299177, 46.736062473355474, 33.041769041760844
126, 1581956528382546432, 0, 131.31297767199027, 65.67384466393483, 46.811710417649934, 33.051597051584764
127, 1581956528404079936, 0, 130.92344606879618, 65.68142433487787, 46.88735836194439, 33.061425061408684
128, 1581956528425613824, 0, 130.5339144656021, 65.68900400582093, 46.96300630623885, 33.0712530712326
129, 1581956528447147936, 0, 130.14438286240804, 65.69658367676399, 47.03865425053331, 33.08108108105651
130, 1581956528468681472, 0, 129.75485125921398, 65.70416334770705, 47.11430219482776, 33.09090909088042
131, 1581956528490214936, 0, 129.3653196560199, 65.71174301865011, 47.1899501391222, 33.100737100704336
132, 1581956528511748352, 0, 128.9757880528258, 65.71932268959316, 47.26559808341665, 33.110565110528256
133, 1581956528533281936, 0, 128.58625644963175, 65.72690236053622, 47.341246027711094, 33.120393120352176
134, 1581956528554815488, 0, 128.1967248464377, 65.73448203147927, 47.416893972005546, 33.13022113017609
135, 1581956528576348936, 0, 127.8071932432436, 65.74206170242233, 47.4925419163, 33.14004914
136, 1581956528597882368, 0, 127.53438857257261, 65.7329660972901, 47.568189860592874, 33.149877149830004
137, 1581956528619415936, 0, 127.26158390190162, 65.72387049215786, 47.64383780488575, 33.15970515966001
138, 1581956528640950016, 0, 126.98877923123062, 65.71477488702561, 47.71948574917863, 33.16953316949
139, 1581956528662483936, 0, 126.71597456055963, 65.70567928189338, 47.79513369347151, 33.17936117932
140, 1581956528684017408, 0, 126.44316988988864, 65.69658367676115, 47.87078163776438, 33.18918918915
141, 1581956528705550936, 0, 126.17036521921764, 65.6874880716289, 47.94642958205725, 33.19901719898
142, 1581956528727084288, 0, 125.89756054854665, 65.67839246649666, 48.02207752635013, 33.20884520881
143, 1581956528748617936, 0, 125.62475587787566, 65.66929686136443, 48.09772547064301, 33.21867321863999
144, 1581956528770151424, 0, 125.35195120720466, 65.6602012562322, 48.17337341493588, 33.228501228469995
145, 1581956528791684936, 0, 125.07914653653367, 65.65110565109995, 48.24902135922875, 33.2383292383
146, 1581956528813218304, 0, 125.04267197464871, 65.65110565110027, 48.2330028370876, 33.24815724812963
147, 1581956528834751936, 0, 125.00619741276375, 65.6511056511006, 48.216984314946444, 33.25798525795926
148, 1581956528856285952, 0, 124.9697228508788, 65.6511056511009, 48.20096579280529, 33.2678132677889
149, 1581956528877819936, 0, 124.93324828899384, 65.65110565110122, 48.18494727066414, 33.27764127761854
150, 1581956528899353344, 0, 124.89677372710888, 65.65110565110155, 48.16892874852297, 33.28746928744817
151, 1581956528920886936, 0, 124.86029916522392, 65.65110565110186, 48.152910226381806, 33.297297297277794
152, 1581956528942420480, 0, 124.82382460333896, 65.65110565110217, 48.136891704240654, 33.307125307107434
153, 1581956528963953936, 0, 124.787350041454, 65.65110565110248, 48.1208731820995, 33.316953316937074
154, 1581956528985487360, 0, 124.75087547956903, 65.6511056511028, 48.104854659958356, 33.32678132676671
155, 1581956529007020936, 0, 124.71440091768407, 65.65110565110312, 48.08883613781721, 33.33660933659634
156, 1581956529028554496, 0, 124.67792635579912, 65.65110565110344, 48.07281761567606, 33.34643734642598
157, 1581956529050087936, 0, 124.64145179391416, 65.65110565110375, 48.056799093534906, 33.35626535625562
158, 1581956529071621888, 0, 124.6049772320292, 65.65110565110407, 48.04078057139374, 33.366093366085245
159, 1581956529093155936, 0, 124.56850267014424, 65.65110565110439, 48.02476204925257, 33.37592137591487
160, 1581956529114689280, 0, 124.53202810825928, 65.6511056511047, 48.00874352711142, 33.38574938574451
161, 1581956529136222936, 0, 124.49555354637432, 65.65110565110501, 47.99272500497027, 33.39557739557415
162, 1581956529157756416, 0, 124.45907898448937, 65.65110565110533, 47.976706482829115, 33.40540540540378
163, 1581956529179289936, 0, 124.42260442260441, 65.65110565110565, 47.960687960687956, 33.415233415233416
164, 1581956529200823296, 0, 124.43294969610758, 65.65110565110565, 47.950342687184786, 33.399715504978666
165, 1581956529222356936, 0, 124.44329496961075, 65.65110565110565, 47.939997413681624, 33.384197594723915
166, 1581956529243890432, 0, 124.45364024311391, 65.65110565110565, 47.929652140178455, 33.368679684469164
167, 1581956529265423936, 0, 124.46398551661709, 65.65110565110565, 47.919306866675285, 33.35316177421441
168, 1581956529286957824, 0, 124.47433079012026, 65.65110565110565, 47.908961593172116, 33.337643863959656
169, 1581956529308491936, 0, 124.48467606362343, 65.65110565110565, 47.898616319668946, 33.3221259537049
170, 1581956529330025472, 0, 124.49502133712659, 65.65110565110565, 47.888271046165784, 33.30660804345015
171, 1581956529351558936, 0, 124.50536661062975, 65.65110565110565, 47.87792577266262, 33.2910901331954
172, 1581956529373092352, 0, 124.51571188413291, 65.65110565110565, 47.86758049915945, 33.275572222940646
173, 1581956529394625936, 0, 124.52605715763609, 65.65110565110565, 47.85723522565628, 33.260054312685895
174, 1581956529416159488, 0, 124.53640243113927, 65.65110565110565, 47.84688995215311, 33.244536402431144
175, 1581956529437692936, 0, 124.54674770464243, 65.65110565110565, 47.83654467864994, 33.229018492176394
176, 1581956529459226368, 0, 124.55709297814559, 65.65110565110565, 47.826199405146774, 33.21350058192164
177, 1581956529480759936, 0, 124.56743825164877, 65.65110565110565, 47.815854131643604, 33.19798267166689
178, 1581956529502293760, 0, 124.57778352515194, 65.65110565110565, 47.805508858140435, 33.182464761412135
179, 1581956529523827936, 0, 124.5881287986551, 65.65110565110565, 47.795163584637265, 33.16694685115738
180, 1581956529545361408, 0, 124.59847407215827, 65.65110565110565, 47.784818311134096, 33.151428940902626
181, 1581956529566894936, 0, 124.60881934566144, 65.65110565110565, 47.774473037630926, 33.135911030647875
182, 1581956529588428288, 0, 124.61916461916461, 65.65110565110565, 47.764127764127764, 33.120393120393125
183, 1581956529609961936, 0, 124.62950989266777, 65.65110565110565, 47.7537824906246, 33.104875210138374
184, 1581956529631495424, 0, 124.63985516617095, 65.65110565110565, 47.74343721712143, 33.08935729988362
185, 1581956529653028936, 0, 124.65020043967411, 65.65110565110565, 47.73309194361826, 33.07383938962887
186, 1581956529674562304, 0, 124.66054571317727, 65.65110565110565, 47.72274667011509, 33.058321479374115
187, 1581956529696095936, 0, 124.67089098668045, 65.65110565110565, 47.712401396611924, 33.04280356911936
188, 1581956529717629952, 0, 124.68123626018362, 65.65110565110565, 47.702056123108754, 33.027285658864606
189, 1581956529739163936, 0, 124.69158153368679, 65.65110565110565, 47.691710849605585, 33.011767748609856
190, 1581956529760697344, 0, 124.70192680718995, 65.65110565110565, 47.681365576102415, 32.996249838355105
191, 1581956529782230936, 0, 124.71227208069313, 65.65110565110565, 47.671020302599246, 32.980731928100354
192, 1581956529803764480, 0, 124.7226173541963, 65.65110565110565, 47.660675029096076, 32.965214017845604
193, 1581956529825297936, 0, 124.73296262769946, 65.65110565110565, 47.65032975559291, 32.94969610759085
194, 1581956529846831360, 0, 124.74330790120263, 65.65110565110565, 47.639984482089744, 32.9341781973361
195, 1581956529868364936, 0, 124.75365317470579, 65.65110565110565, 47.62963920858658, 32.91866028708135
196, 1581956529889898496, 0, 124.76399844820895, 65.65110565110565, 47.61929393508341, 32.903142376826594
197, 1581956529911431936, 0, 124.77434372171213, 65.65110565110565, 47.60894866158024, 32.887624466571836
198, 1581956529932965888, 0, 124.7846889952153, 65.65110565110565, 47.59860338807707, 32.872106556317085
199, 1581956529954499936, 0, 124.79503426871847, 65.65110565110565, 47.588258114573904, 32.856588646062335
200, 1581956529976033280, 0, 124.80537954222163, 65.65110565110565, 47.577912841070734, 32.84107073580758
201, 1581956529997566936, 0, 124.8157248157248, 65.65110565110565, 47.567567567567565, 32.825552825552826
202, 1581956530019100416, 0, 124.79431707883995, 65.65659457380958, 47.56385888461475, 32.83482453293813
203, 1581956530040633936, 0, 124.77290934195511, 65.66208349651352, 47.56015020166194, 32.844096240323424
204, 1581956530062167296, 0, 124.75150160507027, 65.66757241921744, 47.556441518709114, 32.85336794770873
205, 1581956530083700936, 0, 124.73009386818542, 65.67306134192137, 47.55273283575629, 32.86263965509404
206, 1581956530105234432, 0, 124.70868613130057, 65.6785502646253, 47.549024152803476, 32.87191136247934
207, 1581956530126767936, 0, 124.68727839441573, 65.68403918732923, 47.545315469850664, 32.88118306986463
208, 1581956530148301824, 0, 124.66587065753089, 65.68952811003317, 47.54160678689785, 32.89045477724993
209, 1581956530169835936, 0, 124.64446292064603, 65.6950170327371, 47.53789810394504, 32.899726484635224
210, 1581956530191369472, 0, 124.62305518376118, 65.70050595544103, 47.53418942099221, 32.90899819202053
211, 1581956530212902936, 0, 124.60164744687634, 65.70599487814495, 47.53048073803939, 32.91826989940584
212, 1581956530234436352, 0, 124.58023970999149, 65.71148380084888, 47.52677205508658, 32.92754160679114
213, 1581956530255969936, 0, 124.55883197310663, 65.71697272355281, 47.52306337213378, 32.93681331417643
214, 1581956530277503488, 0, 124.5374242362218, 65.72246164625675, 47.519354689180965, 32.94608502156173
215, 1581956530299036936, 0, 124.51601649933694, 65.72795056896068, 47.51564600622815, 32.955356728947024
216, 1581956530320570368, 0, 124.49460876245209, 65.7334394916646, 47.511937323275326, 32.96462843633233
217, 1581956530342103936, 0, 124.47320102556725, 65.73892841436853, 47.5082286403225, 32.97390014371764
218, 1581956530363638016, 0, 124.45179328868241, 65.74441733707246, 47.50451995736969, 32.98317185110294
219, 1581956530385171936, 0, 124.43038555179756, 65.7499062597764, 47.500811274416876, 32.99244355848823
220, 1581956530406705408, 0, 124.4089778149127, 65.75539518248033, 47.49710259146406, 33.00171526587353
221, 1581956530428238936, 0, 124.38757007802786, 65.76088410518426, 47.49339390851125, 33.010986973258824
222, 1581956530449772288, 0, 124.36616234114302, 65.76637302788819, 47.489685225558425, 33.02025868064413
223, 1581956530471305936, 0, 124.34475460425817, 65.77186195059211, 47.4859765426056, 33.02953038802944
224, 1581956530492839424, 0, 124.32334686737332, 65.77735087329604, 47.48226785965278, 33.03880209541474
225, 1581956530514372936, 0, 124.30193913048848, 65.78283979599998, 47.47855917669997, 33.04807380280003
226, 1581956530535906304, 0, 124.22862281315132, 65.73154938903767, 47.474850493742835, 33.05734551018575
227, 1581956530557439936, 0, 124.15530649581416, 65.68025898207534, 47.471141810785696, 33.06661721757146
228, 1581956530578973952, 0, 124.081990178477, 65.62896857511303, 47.467433127828556, 33.07588892495717
229, 1581956530600507936, 0, 124.00867386113984, 65.57767816815073, 47.46372444487142, 33.08516063234288
230, 1581956530622041344, 0, 123.93535754380268, 65.5263877611884, 47.46001576191428, 33.09443233972859
231, 1581956530643574936, 0, 123.86204122646552, 65.4750973542261, 47.45630707895714, 33.103704047114306
232, 1581956530665108480, 0, 123.78872490912838, 65.42380694726378, 47.45259839599999, 33.11297575450002
233, 1581956530686641936, 0, 123.71540859179122, 65.37251654030146, 47.448889713042846, 33.122247461885735
234, 1581956530708175360, 0, 123.64209227445406, 65.32122613333914, 47.445181030085706, 33.13151916927145
235, 1581956530729708936, 0, 123.5687759571169, 65.26993572637683, 47.44147234712857, 33.140790876657164
236, 1581956530751242496, 0, 123.49545963977974, 65.21864531941452, 47.43776366417143, 33.15006258404287
237, 1581956530772775936, 0, 123.42214332244258, 65.16735491245221, 47.43405498121429, 33.15933429142858
238, 1581956530794309888, 0, 123.34882700510542, 65.1160645054899, 47.43034629825715, 33.168605998814286
239, 1581956530815843936, 0, 123.27551068776826, 65.06477409852758, 47.4266376153, 33.1778777062
240, 1581956530837377280, 0, 122.90694185615143, 65.12704235089481, 47.50923351344757, 33.18714941359001
241, 1581956530858910936, 0, 122.53837302453462, 65.18931060326206, 47.59182941159514, 33.196421120980006
242, 1581956530880444416, 0, 122.16980419291781, 65.2515788556293, 47.67442530974271, 33.205692828370005
243, 1581956530901977936, 0, 121.80123536130098, 65.31384710799655, 47.757021207890276, 33.214964535760004
244, 1581956530923511296, 0, 121.43266652968416, 65.3761153603638, 47.83961710603786, 33.22423624315
245, 1581956530945044936, 0, 121.06409769806733, 65.43838361273103, 47.92221300418545, 33.23350795054
246, 1581956530966578432, 0, 120.6955288664505, 65.50065186509828, 48.00480890233302, 33.24277965793
247, 1581956530988111936, 0, 120.32696003483369, 65.56292011746552, 48.087404800480584, 33.25205136532
248, 1581956531009645824, 0, 119.95839120321688, 65.62518836983276, 48.17000069862816, 33.26132307271
249, 1581956531031179936, 0, 119.58982237160005, 65.6874566222, 48.252596596775724, 33.2705947801
250, 1581956531052713472, 0, 119.22125353998453, 65.74972487457927, 48.03312646108181, 33.279866487475005
251, 1581956531074246936, 0, 118.85268470836903, 65.81199312695855, 47.81365632538788, 33.28913819485001
252, 1581956531095780352, 0, 118.48411587675352, 65.87426137933784, 47.59418618969394, 33.298409902225
253, 1581956531117313936, 0, 118.11554704513802, 65.93652963171712, 47.374716054, 33.3076816096
254, 1581956531138847488, 0, 117.63065033420307, 65.9164487173157, 47.416285123549955, 33.31695331698572
255, 1581956531160380936, 0, 117.14575362326813, 65.89636780291428, 47.45785419309992, 33.326225024371425
256, 1581956531181914368, 0, 116.66085691233319, 65.87628688851287, 47.4994232626499, 33.33549673175714
257, 1581956531203447936, 0, 116.17596020139824, 65.85620597411145, 47.54099233219988, 33.344768439142854
258, 1581956531224981760, 0, 115.6910634904633, 65.83612505971003, 47.582561401749835, 33.35404014652857
259, 1581956531246515936, 0, 115.20616677952836, 65.81604414530861, 47.62413047129979, 33.36331185391428
260, 1581956531268049408, 0, 114.72127006859341, 65.79596323090719, 47.66569954084975, 33.37258356129999
261, 1581956531289582936, 0, 114.23637335765848, 65.77588231650577, 47.70726861039971, 33.3818552686857
262, 1581956531311116288, 0, 113.75147664672355, 65.75580140210435, 47.748837679949666, 33.39112697607141
263, 1581956531332649936, 0, 113.2665799357886, 65.73572048770293, 47.790406749499624, 33.40039868345713
264, 1581956531354183424, 0, 112.78168322485365, 65.71563957330152, 47.8319758190496, 33.40967039084284
265, 1581956531375716936, 0, 112.2967865139187, 65.6955586589001, 47.87354488859958, 33.418942098228555
266, 1581956531397250304, 0, 111.81188980298376, 65.67547774449868, 47.91511395814955, 33.42821380561428
267, 1581956531418783936, 0, 111.32699309204882, 65.65539683009726, 47.956683027699505, 33.43748551299999
268, 1581956531440317952, 0, 110.68602403774207, 65.67494557027868, 47.937127131368285, 33.446757220381244
269, 1581956531461851936, 0, 110.0450549834353, 65.6944943104601, 47.91757123503706, 33.45602892776249
270, 1581956531483385344, 0, 109.40408592912854, 65.71404305064152, 47.89801533870585, 33.46530063514374
271, 1581956531504918936, 0, 108.76311687482178, 65.73359179082294, 47.878459442374634, 33.47457234252499
272, 1581956531526452480, 0, 108.12214782051501, 65.75314053100436, 47.858903546043415, 33.483844049906246
273, 1581956531547985936, 0, 107.48117876620826, 65.77268927118578, 47.839347649712195, 33.4931157572875
274, 1581956531569519360, 0, 106.84020971190151, 65.7922380113672, 47.81979175338096, 33.50238746466875
275, 1581956531591052936, 0, 106.19924065759474, 65.81178675154862, 47.80023585704973, 33.51165917205
276, 1581956531612586496, 0, 105.55827160328798, 65.83133549173004, 47.78067996071851, 33.52093087943125
277, 1581956531634119936, 0, 104.91730254898123, 65.85088423191148, 47.76112406438729, 33.53020258681249
278, 1581956531655653888, 0, 104.27633349467447, 65.8704329720929, 47.74156816805607, 33.539474294193745
279, 1581956531677187936, 0, 103.63536444036771, 65.88998171227432, 47.72201227172485, 33.548746001575
280, 1581956531698721280, 0, 102.99439538606094, 65.90953045245574, 47.70245637539364, 33.55801770895625
281, 1581956531720254936, 0, 102.35342633175418, 65.92907919263716, 47.682900479062425, 33.5672894163375
282, 1581956531741788416, 0, 101.71245727744741, 65.94862793281858, 47.66334458273121, 33.57656112371875
283, 1581956531763321936, 0, 101.07148822314066, 65.968176673, 47.6437886864, 33.5858328311
284, 1581956531784855296, 0, 100.3163596700203, 65.9877254132, 48.09758607308239, 33.59510453849998
285, 1581956531806388936, 0, 99.56123111689995, 66.0072741534, 48.55138345976478, 33.60437624589997
286, 1581956531827922432, 0, 98.80610256378884, 66.02682289357779, 48.5391397857681, 33.613647953283305
287, 1581956531849455936, 0, 98.05097401067773, 66.04637163375556, 48.52689611177142, 33.62291966066664
288, 1581956531870989824, 0, 97.29584545756663, 66.06592037393334, 48.51465243777475, 33.63219136804997
289, 1581956531892523936, 0, 96.54071690445551, 66.08546911411112, 48.50240876377808, 33.64146307543331
290, 1581956531914057472, 0, 95.7855883513444, 66.10501785428889, 48.490165089781385, 33.65073478281664
291, 1581956531935590936, 0, 95.0304597982333, 66.12456659446667, 48.47792141578469, 33.660006490199976
292, 1581956531957124352, 0, 94.27533124512219, 66.14411533464445, 48.465677741788014, 33.66927819758332
293, 1581956531978657936, 0, 93.52020269201108, 66.16366407482222, 48.453434067791335, 33.67854990496666
294, 1581956532000191488, 0, 92.76507413889996, 66.183212815, 48.44119039379466, 33.687821612349985
295, 1581956532021724936, 0, 92.00994558578886, 66.20276155517779, 48.42894671979799, 33.69709331973331
296, 1581956532043258368, 0, 91.25481703267775, 66.22231029535556, 48.41670304580131, 33.706365027116654
297, 1581956532064791936, 0, 90.49968847956664, 66.24185903553334, 48.404459371804634, 33.715636734499995
298, 1581956532086326016, 0, 89.74455992645554, 66.26140777571112, 48.39221569780794, 33.72490844188333
299, 1581956532107859936, 0, 88.98943137334443, 66.28095651588889, 48.37997202381125, 33.73418014926666
300, 1581956532129393408, 0, 88.23430282023332, 66.30050525606667, 48.36772834981458, 33.74345185665
301, 1581956532150926936, 0, 87.4791742671222, 66.32005399624445, 48.355484675817905, 33.75272356403333
302, 1581956532172460288, 0, 86.7240457140111, 66.33960273642222, 48.34324100182123, 33.761995271416666
303, 1581956532193993936, 0, 85.96891716089999, 66.3591514766, 48.330997327824555, 33.7712669788
304, 1581956532215527424, 0, 85.21378860777573, 66.37870021678661, 48.0418597894802, 33.78053868618846
305, 1581956532237060936, 0, 84.45866005465146, 66.39824895697322, 47.75272225113585, 33.789810393576914
306, 1581956532258594304, 0, 83.70353150152721, 66.41779769715983, 47.463584712791516, 33.799082100965364
307, 1581956532280127936, 0, 82.94840294840294, 66.43734643734643, 47.174447174447174, 33.80835380835381
308, 1581956532301661952, 0, 82.01272885945062, 66.4686318811408, 47.15309184664268, 33.796124507817126
309, 1581956532323195936, 0, 81.07705477049831, 66.49991732493517, 47.13173651883818, 33.78389520728044
310, 1581956532344729344, 0, 80.141380681546, 66.53120276872953, 47.110381191033696, 33.771665906743756
311, 1581956532366262936, 0, 79.20570659259367, 66.56248821252389, 47.08902586322921, 33.759436606207075
312, 1581956532387796480, 0, 78.27003250364135, 66.59377365631826, 47.06767053542472, 33.747207305670386
313, 1581956532409329936, 0, 77.33435841468904, 66.62505910011262, 47.046315207620225, 33.7349780051337
314, 1581956532430863360, 0, 76.39868432573672, 66.65634454390698, 47.02495987981574, 33.72274870459701
315, 1581956532452396936, 0, 75.4630102367844, 66.68762998770136, 47.003604552011254, 33.71051940406032
316, 1581956532473930496, 0, 74.52733614783207, 66.71891543149572, 46.98224922420676, 33.69829010352364
317, 1581956532495463936, 0, 73.59166205887976, 66.75020087529008, 46.96089389640227, 33.68606080298696
318, 1581956532516997888, 0, 72.65598796992745, 66.78148631908445, 46.93953856859778, 33.67383150245027
319, 1581956532538531936, 0, 71.72031388097513, 66.81277176287881, 46.9181832407933, 33.66160220191358
320, 1581956532560065280, 0, 70.7846397920228, 66.84405720667317, 46.896827912988805, 33.649372901376886
321, 1581956532581598936, 0, 69.84896570307049, 66.87534265046754, 46.87547258518431, 33.63714360084019
322, 1581956532603132416, 0, 68.91329161411818, 66.90662809426192, 46.854117257379826, 33.6249143003035
323, 1581956532624665936, 0, 67.97761752516585, 66.93791353805628, 46.83276192957534, 33.61268499976681
324, 1581956532646199296, 0, 67.04194343621353, 66.96919898185064, 46.81140660177085, 33.60045569923013
325, 1581956532667732936, 0, 66.10626934726122, 67.000484425645, 46.790051273966355, 33.58822639869345
326, 1581956532689266432, 0, 65.17059525830891, 67.03176986943936, 46.76869594616187, 33.57599709815676
327, 1581956532710799936, 0, 64.23492116935658, 67.06305531323373, 46.747340618357384, 33.56376779762007
328, 1581956532732333824, 0, 63.299247080404264, 67.0943407570281, 46.72598529055289, 33.551538497083385
329, 1581956532753867936, 0, 62.363572991451946, 67.12562620082247, 46.7046299627484, 33.5393091965467
330, 1581956532775401472, 0, 61.427898902499635, 67.15691164461683, 46.68327463494391, 33.527079896010015
331, 1581956532796934936, 0, 60.49222481354732, 67.18819708841119, 46.66191930713942, 33.514850595473334
332, 1581956532818468352, 0, 59.556550724595, 67.21948253220555, 46.64056397933493, 33.502621294936645
333, 1581956532840001936, 0, 58.62087663564268, 67.25076797599992, 46.619208651530435, 33.49039199439995
334, 1581956532861535488, 0, 57.602665246864966, 67.28205341978992, 46.64695744259016, 33.47816269385996
335, 1581956532883068936, 0, 56.58445385808725, 67.31333886357993, 46.67470623364988, 33.46593339331996
336, 1581956532904602368, 0, 55.566242469309536, 67.34462430736994, 46.70245502470959, 33.45370409277996
337, 1581956532926135936, 0, 54.54803108053182, 67.37590975115994, 46.73020381576931, 33.44147479223996
338, 1581956532947669760, 0, 53.529819691754106, 67.40719519494994, 46.75795260682903, 33.42924549169997
339, 1581956532969203936, 0, 52.51160830297639, 67.43848063873993, 46.78570139788875, 33.41701619115999
340, 1581956532990737408, 0, 51.49339691419868, 67.46976608252993, 46.813450188948465, 33.40478689061999
341, 1581956533012270936, 0, 50.47518552542096, 67.50105152631994, 46.84119898000818, 33.39255759007999
342, 1581956533033804288, 0, 49.45697413664325, 67.53233697010995, 46.86894777106791, 33.38032828953999
343, 1581956533055337936, 0, 48.43876274786553, 67.56362241389995, 46.89669656212763, 33.368098988999996
344, 1581956533076871424, 0, 47.39820489430984, 67.59490785769856, 46.81271302930165, 33.3558696884584
345, 1581956533098404936, 0, 46.35764704075416, 67.62619330149715, 46.728729496475665, 33.34364038791681
346, 1581956533119938304, 0, 45.31708918719848, 67.65747874529575, 46.64474596364969, 33.331411087375216
347, 1581956533141471936, 0, 44.276531333642794, 67.68876418909434, 46.560762430823715, 33.319181786833624
348, 1581956533163005952, 0, 43.23597348008711, 67.72004963289294, 46.47677889799775, 33.30695248629203
349, 1581956533184539936, 0, 42.19541562653142, 67.75133507669155, 46.39279536517177, 33.29472318575044
350, 1581956533206073344, 0, 41.15485777297573, 67.78262052049016, 46.308811832345796, 33.28249388520885
351, 1581956533227606936, 0, 40.11429991942005, 67.81390596428875, 46.224828299519814, 33.27026458466726
352, 1581956533249140480, 0, 39.073742065864366, 67.84519140808735, 46.14084476669383, 33.25803528412567
353, 1581956533270673936, 0, 38.03318421230868, 67.87647685188594, 46.05686123386785, 33.24580598358408
354, 1581956533292207360, 0, 36.992626358753, 67.90776229568453, 45.97287770104188, 33.233576683042486
355, 1581956533313740936, 0, 35.95206850519731, 67.93904773948314, 45.888894168215906, 33.2213473825009
356, 1581956533335274496, 0, 34.86253157055302, 67.96419725917852, 45.85285004397332, 33.24593362653974
357, 1581956533356807936, 0, 33.77299463590872, 67.98934677887391, 45.81680591973074, 33.27051987057857
358, 1581956533378341888, 0, 32.68345770126442, 68.01449629856928, 45.78076179548816, 33.29510611461741
359, 1581956533399875936, 0, 31.593920766620126, 68.03964581826466, 45.74471767124558, 33.319692358656255
360, 1581956533421409280, 0, 30.50438383197583, 68.06479533796005, 45.708673547003, 33.344278602695084
361, 1581956533442942936, 0, 29.414846897331536, 68.08994485765542, 45.672629422760416, 33.36886484673391
362, 1581956533464476416, 0, 28.32530996268724, 68.1150943773508, 45.63658529851783, 33.39345109077276
363, 1581956533486009936, 0, 27.235773028042942, 68.14024389704618, 45.60054117427525, 33.4180373348116
364, 1581956533507543296, 0, 26.146236093398645, 68.16539341674155, 45.56449705003267, 33.44262357885044
365, 1581956533529076936, 0, 25.05669915875435, 68.19054293643694, 45.5284529257901, 33.467209822889274
366, 1581956533550610432, 0, 23.967162224110055, 68.21569245613232, 45.49240880154751, 33.49179606692812
367, 1581956533572143936, 0, 22.877625289465758, 68.24084197582769, 45.45636467730493, 33.51638231096696
368, 1581956533593677824, 0, 21.78808835482146, 68.26599149552308, 45.420320553062346, 33.54096855500579
369, 1581956533615211936, 0, 20.698551420177168, 68.29114101521846, 45.38427642881976, 33.56555479904462
370, 1581956533636745472, 0, 19.60901448553287, 68.31629053491383, 45.34823230457718, 33.59014104308346
371, 1581956533658278936, 0, 18.519477550888574, 68.34144005460921, 45.31218818033461, 33.61472728712231
372, 1581956533679812352, 0, 17.42994061624428, 68.36658957430458, 45.27614405609202, 33.63931353116115
373, 1581956533701345936, 0, 16.340403681599984, 68.39173909399997, 45.24009993184944, 33.66389977519999
374, 1581956533722879488, 0, 15.250866746946127, 68.41688861369018, 44.989877302220776, 33.68848601926534
375, 1581956533744412936, 0, 14.16132981229227, 68.44203813338038, 44.73965467259212, 33.7130722633307
376, 1581956533765946368, 0, 12.862347721415002, 68.53706075412033, 45.01477604748061, 33.655492326551865
377, 1581956533787479936, 0, 11.563365630537733, 68.63208337486029, 45.289897422369094, 33.59791238977303
378, 1581956533809014016, 0, 10.264383539660464, 68.72710599560024, 45.56501879725758, 33.540332452994186
379, 1581956533830547936, 0, 8.965401448783197, 68.8221286163402, 45.840140172146064, 33.48275251621534
380, 1581956533852081408, 0, 7.66641935790593, 68.91715123708013, 46.11526154703455, 33.425172579436506
381, 1581956533873614936, 0, 6.367437267028663, 69.01217385782009, 46.39038292192303, 33.36759264265767
382, 1581956533895148288, 0, 5.068455176151395, 69.10719647856004, 46.66550429681151, 33.31001270587883
383, 1581956533916681936, 0, 3.769473085274127, 69.2022190993, 46.9406256717, 33.2524327691
384, 1581956533938215424, 0, 3.4076981171450242, 69.29724172004984, 45.69278547209194, 33.19485283234994
385, 1581956533959748936, 0, 3.045923149015921, 69.39226434079967, 44.44494527248388, 33.137272895599885
386, 1581956533981282304, 0, 1.5229615745079605, 69.48728696155462, 44.82689524066454, 33.079692958856455
387, 1581956534002815936, 0, 0, 69.58230958230958, 45.208845208845204, 33.02211302211302
388, 1581956534024349952, 0, 0.0, 69.62884012852544, 44.07397407951535, 32.93899044121193
389, 1581956534045883936, 0, 0.0, 69.67537067474132, 42.93910295018551, 32.85586786031084
390, 1581956534067417344, 0, 0.0, 69.72190122095718, 41.80423182085566, 32.77274527940976
391, 1581956534088950936, 0, 0.0, 69.76843176717304, 40.66936069152581, 32.689622698508686
392, 1581956534110484480, 0, 0.0, 69.81496231338892, 39.53448956219596, 32.6065001176076
393, 1581956534132017936, 0, 0.0, 69.86149285960478, 38.399618432866106, 32.52337753670652
394, 1581956534153551360, 0, 0.0, 69.90802340582064, 37.264747303536254, 32.44025495580543
395, 1581956534175084936, 0, 0.0, 69.95455395203652, 36.12987617420641, 32.35713237490434
396, 1581956534196618496, 0, 0.0, 70.00108449825238, 34.995005044876564, 32.274009794003256
397, 1581956534218151936, 0, 0.0, 70.04761504446824, 33.86013391554671, 32.19088721310217
398, 1581956534239685888, 0, 0.0, 70.09414559068412, 32.72526278621686, 32.10776463220109
399, 1581956534261219936, 0, 0, 70.14067613689998, 31.590391656887014, 32.024642051300006
400, 1581956534282753280, 0, 0.0, 70.18720668311269, 30.321137014389166, 31.94151947040708
401, 1581956534304286936, 0, 0.0, 70.23373722932538, 29.05188237189132, 31.858396889514154
402, 1581956534325820416, 0, 0.0, 70.28026777553808, 27.782627729393475, 31.775274308621235
403, 1581956534347353936, 0, 0.0, 70.32679832175079, 26.513373086895626, 31.692151727728316
404, 1581956534368887296, 0, 0.0, 70.3733288679635, 25.244118444397778, 31.60902914683539
405, 1581956534390420936, 0, 0, 70.41985941417619, 23.974863801899932, 31.52590656594246
406, 1581956534411954432, 0, 0.0, 70.3772800700373, 22.79519816819996, 31.707068492772024
407, 1581956534433487936, 0, 0, 70.33470072589843, 21.61553253449999, 31.88823041960159
408, 1581956534455021824, 0, 0.0, 70.39916603249083, 20.435866900799986, 31.962347695659158
409, 1581956534476555936, 0, 0, 70.46363133908321, 19.256201267099982, 32.036464971716725
410, 1581956534498089472, 0, 0.0, 70.56540643818042, 18.07653563334989, 32.073272455269375
411, 1581956534519622936, 0, 0, 70.66718153727761, 16.8968699995998, 32.110079938822025
412, 1581956534541156352, 0, 1.1240189880929965e-14, 72.87767266264117, 15.717204365878644, 30.038171396138623
413, 1581956534562689936, 0, 2.248037976185993e-14, 75.08816378800475, 14.537538732157486, 27.96626285345522
414, 1581956534584223488, 0, 3.372056964278989e-14, 77.29865491336831, 13.357873098436329, 25.89435431077183
415, 1581956534605756936, 0, 4.496075952371986e-14, 79.50914603873187, 12.178207464715173, 23.822445768088446
416, 1581956534627290368, 0, 2.248037976185993e-14, 79.47222268561595, 11.04905192475758, 23.16169444340543
417, 1581956534648823936, 0, 0, 79.43529933250002, 9.919896384799985, 22.500943118722418
418, 1581956534670357760, 0, 0.0, 79.39837597939992, 8.790740844849944, 22.675193001006324
419, 1581956534691891936, 0, 0, 79.36145262629981, 7.661585304899902, 22.84944288329023
420, 1581956534713425408, 0, 0.0, 79.32452927316466, 6.532429764915713, 20.036345061730575
421, 1581956534734958936, 0, 0.0, 79.2876059200295, 5.403274224931523, 17.22324724017092
422, 1581956534756492288, 0, 0.0, 79.25068256689435, 4.274118684947333, 14.410149418611258
423, 1581956534778025936, 0, 0, 79.2137592137592, 3.144963144963144, 11.597051597051596
424, 1581956534799559424, 0, 0.0, 79.2137592137592, 3.144963144963144, 11.597051597051596
425, 1581956534821092936
426, 1581956534842626304
427, 1581956534864159936
428, 1581956534885693952
429, 1581956534907227936
430, 1581956534928761344
431, 1581956534950294936
432, 1581956534971828480
433, 1581956534993361936
434, 1581956535014895360
435, 1581956535036428936
436, 1581956535057962496
437, 1581956535079495936
438, 1581956535101029888
439, 1581956535122563936
440, 1581956535144097280
441, 1581956535165630936
442, 1581956535187164416
443, 1581956535208697936
444, 1581956535230231296
445, 1581956535251764936
446, 1581956535273298432
447, 1581956535294831936
448, 1581956535316365824
449, 1581956535337899936, 1, 236.13402061855672, 77.47422680412372, 3.865979381443264, 13.68556701030928
450, 1581956535359433472, 1, 234.85824742268045, 77.10309278350516, 5.141752577319542, 14.277061855670102
451, 1581956535380966936, 1, 233.58247422680415, 76.7319587628866, 6.41752577319582, 14.868556701030926
452, 1581956535402500352, 1, 232.30670103092785, 76.36082474226805, 7.693298969072117, 15.460051546391753
453, 1581956535424033936, 1, 231.03092783505156, 75.9896907216495, 8.969072164948415, 16.05154639175258
454, 1581956535445567488, 1, 229.75515463917526, 75.61855670103094, 10.244845360824698, 16.643041237113408
455, 1581956535467100936, 1, 228.479381443299, 75.24742268041237, 11.520618556700981, 17.234536082474236
456, 1581956535488634368, 1, 227.2036082474227, 74.87628865979381, 12.796391752577279, 17.826030927835063
457, 1581956535510167936, 1, 225.9278350515464, 74.50515463917526, 14.072164948453576, 18.41752577319589
458, 1581956535531702016, 1, 224.65206185567013, 74.1340206185567, 15.34793814432986, 19.00902061855671
459, 1581956535553235936, 1, 223.37628865979383, 73.76288659793815, 16.623711340206142, 19.60051546391753
460, 1581956535574769408, 1, 222.10051546391753, 73.3917525773196, 17.899484536082426, 20.192010309278352
461, 1581956535596302936, 1, 220.82474226804126, 73.02061855670104, 19.17525773195871, 20.783505154639172
462, 1581956535617836288, 1, 219.54896907216497, 72.64948453608248, 20.451030927835006, 21.375
463, 1581956535639369936, 1, 218.27319587628867, 72.27835051546393, 21.726804123711304, 21.966494845360828
464, 1581956535660903424, 1, 216.9974226804124, 71.90721649484536, 23.002577319587587, 22.557989690721655
465, 1581956535682436936, 1, 215.7216494845361, 71.5360824742268, 24.27835051546387, 23.149484536082483
466, 1581956535703970304, 1, 214.4458762886598, 71.16494845360825, 25.554123711340168, 23.74097938144331
467, 1581956535725503936, 1, 213.1701030927835, 70.79381443298969, 26.829896907216465, 24.332474226804138
468, 1581956535747037952, 1, 211.8943298969072, 70.42268041237114, 28.105670103092752, 24.923969072164958
469, 1581956535768571936, 1, 210.61855670103094, 70.05154639175258, 29.38144329896904, 25.515463917525775
470, 1581956535790105344, 1, 209.4742268041216, 70.0979381443274, 30.52577319587839, 25.55412371133822
471, 1581956535811638936, 1, 208.32989690721223, 70.1443298969022, 31.67010309278774, 25.592783505150663
472, 1581956535833172480, 1, 207.18556701030286, 70.19072164947701, 32.81443298969711, 25.631443298963113
473, 1581956535854705936, 1, 206.0412371133935, 70.23711340205183, 33.95876288660648, 25.670103092775562
474, 1581956535876239360, 1, 204.89690721648412, 70.28350515462665, 35.103092783515834, 25.708762886588005
475, 1581956535897772936, 1, 203.75257731957478, 70.32989690720146, 36.24742268042519, 25.747422680400447
476, 1581956535919306496, 1, 202.6082474226654, 70.37628865977628, 37.39175257733456, 25.786082474212883
477, 1581956535940839936, 1, 201.46391752575605, 70.4226804123511, 38.536082474243926, 25.824742268025318
478, 1581956535962373888, 1, 200.3195876288467, 70.4690721649259, 39.68041237115328, 25.86340206183776
479, 1581956535983907936, 1, 199.17525773193734, 70.51546391750072, 40.824742268062636, 25.902061855650203
480, 1581956536005441280, 1, 198.03092783502797, 70.56185567007554, 41.969072164972005, 25.940721649462652
481, 1581956536026974936, 1, 196.8865979381186, 70.60824742265035, 43.113402061881374, 25.979381443275102
482, 1581956536048508416, 1, 195.74226804120923, 70.65463917522516, 44.25773195879073, 26.01804123708754
483, 1581956536070041936, 1, 194.5979381442999, 70.70103092779998, 45.40206185570008, 26.05670103089998
484, 1581956536091575296, 1, 193.45360824739987, 70.74742268038331, 46.54639175260009, 26.095360824716654
485, 1581956536113108936, 1, 192.30927835049988, 70.79381443296664, 47.69072164950009, 26.134020618533327
486, 1581956536134642432, 1, 191.1649484535999, 70.84020618554997, 48.83505154640008, 26.17268041234999
487, 1581956536156175936, 1, 190.0206185566999, 70.8865979381333, 49.97938144330007, 26.211340206166653
488, 1581956536177709824, 1, 188.8762886597999, 70.93298969071664, 51.123711340200074, 26.249999999983324
489, 1581956536199243936, 1, 187.7319587628999, 70.97938144329997, 52.26804123710008, 26.28865979379999
490, 1581956536220777472, 1, 186.58762886597486, 71.02577319587495, 53.41237113402509, 26.327319587624984
491, 1581956536242310936, 1, 185.44329896904986, 71.07216494844992, 54.55670103095011, 26.365979381449975
492, 1581956536263844352, 1, 184.29896907212483, 71.1185567010249, 55.70103092787514, 26.404639175274962
493, 1581956536285377936, 1, 183.1546391751998, 71.16494845359988, 56.845360824800174, 26.44329896909995
494, 1581956536306911488, 1, 182.01030927829984, 71.2113402061749, 57.53768193704205, 26.481958762899968
495, 1581956536328444936, 1, 180.86597938139988, 71.25773195874993, 58.23000304928394, 26.520618556699986
496, 1581956536349978368, 1, 179.72164948449992, 71.30412371132496, 58.92232416152582, 26.5592783505
497, 1581956536371511936, 1, 178.57731958759996, 71.3505154639, 59.6146452737677, 26.597938144300013
498, 1581956536393045760, 1, 177.4329896907072, 71.39690721648608, 60.07794119358488, 26.63659793812939
499, 1581956536414579936, 1, 176.28865979381445, 71.44329896907217, 60.54123711340206, 26.675257731958766
500, 1581956536436113408, 1, 175.45079662605076, 71.4391986879056, 60.576030927831845, 26.69072164948289
501, 1581956536457646936, 1, 174.61293345828707, 71.43509840673903, 60.61082474226163, 26.70618556700701
502, 1581956536479180288, 1, 173.7750702905234, 71.43099812557246, 60.64561855669142, 26.721649484531135
503, 1581956536500713936, 1, 172.9372071227597, 71.42689784440589, 60.68041237112121, 26.737113402055257
504, 1581956536522247424, 1, 172.09934395499602, 71.42279756323931, 60.715206185551025, 26.75257731957938
505, 1581956536543780936, 1, 171.2614807872323, 71.41869728207274, 60.749999999980844, 26.768041237103503
506, 1581956536565314304, 1, 170.42361761946862, 71.41459700090617, 60.784793814410634, 26.783505154627626
507, 1581956536586847936, 1, 169.58575445170493, 71.4104967197396, 60.819587628840424, 26.79896907215175
508, 1581956536608381952, 1, 168.74789128394124, 71.40639643857303, 60.85438144327021, 26.814432989675872
509, 1581956536629915936, 1, 167.91002811617756, 71.40229615740645, 60.8891752577, 26.8298969072
510, 1581956536651449344, 1, 166.9780366071509, 71.35439160570525, 60.92396907215, 26.84536082475
511, 1581956536672982936, 1, 166.0460450981242, 71.30648705400405, 60.9587628866, 26.8608247423
512, 1581956536694516480, 1, 165.31055825616528, 71.3334996733663, 60.99355670103124, 26.876288659825
513, 1581956536716049936, 1, 164.57507141420632, 71.36051229272854, 61.02835051546248, 26.891752577350005
514, 1581956536737583360, 1, 163.83958457224736, 71.38752491209078, 61.063144329893746, 26.907216494875
515, 1581956536759116936, 1, 163.1040977302884, 71.41453753145304, 61.09793814432501, 26.9226804124
516, 1581956536780650496, 1, 162.36861088832944, 71.44155015081529, 61.13273195875625, 26.938144329925002
517, 1581956536802183936, 1, 161.6331240463705, 71.46856277017753, 61.16752577318749, 26.953608247450006
518, 1581956536823717888, 1, 160.89763720441158, 71.49557538953978, 61.202319587618746, 26.969072164975003
519, 1581956536845251936, 1, 160.16215036245262, 71.52258800890203, 61.23711340205, 26.9845360825
520, 1581956536866785280, 1, 159.42666352049366, 71.54960062826427, 61.27190721648125, 27.000000000024997
521, 1581956536888318936, 1, 158.6911766785347, 71.57661324762653, 61.30670103091251, 27.015463917549994
522, 1581956536909852416, 1, 157.95568983657574, 71.60362586698878, 61.341494845343746, 27.030927835074998
523, 1581956536931385936, 1, 157.2202029946168, 71.63063848635102, 61.376288659774985, 27.0463917526
524, 1581956536952919296, 1, 156.48471615265785, 71.65765110571326, 61.41108247420625, 27.061855670125
525, 1581956536974452936, 1, 155.7492293106989, 71.68466372507551, 61.44587628863752, 27.077319587649995
526, 1581956536995986432, 1, 155.01374246873996, 71.71167634443776, 61.48067010306876, 27.092783505175
527, 1581956537017519936, 1, 154.278255626781, 71.7386889638, 61.51546391749999, 27.1082474227
528, 1581956537039053824, 1, 153.80511543366669, 71.79498930575545, 61.550257731931254, 27.123711340225
529, 1581956537060587936, 1, 153.33197524055234, 71.85128964771089, 61.58505154636251, 27.139175257749997
530, 1581956537082121472, 1, 152.858835047438, 71.90758998966632, 61.61984536079376, 27.154639175274994
531, 1581956537103654936, 1, 152.38569485432367, 71.96389033162177, 61.654639175225014, 27.17010309279999
532, 1581956537125188352, 1, 151.91255466120936, 72.02019067357722, 61.68943298965627, 27.185567010324995
533, 1581956537146721936, 1, 151.439414468095, 72.07649101553265, 61.72422680408752, 27.20103092785
534, 1581956537168255488, 1, 150.96627427498066, 72.13279135748809, 61.75902061851876, 27.216494845374996
535, 1581956537189788936, 1, 150.49313408186634, 72.18909169944354, 61.79381443295, 27.231958762899993
536, 1581956537211322368, 1, 150.01999388875203, 72.24539204139897, 61.82860824738124, 27.247422680424997
537, 1581956537232855936, 1, 149.5468536956377, 72.3016923833544, 61.86340206181248, 27.26288659795
538, 1581956537254390016, 1, 149.0737135025234, 72.35799272530986, 61.89819587624373, 27.278350515475005
539, 1581956537275923936, 1, 148.60057330940904, 72.41429306726529, 61.93298969067499, 27.29381443300001
540, 1581956537297457408, 1, 148.1274331162947, 72.47059340922073, 61.96778350510624, 27.309278350525005
541, 1581956537318990936, 1, 147.65429292318038, 72.52689375117617, 62.002577319537494, 27.324742268050002
542, 1581956537340524288, 1, 147.18115273006606, 72.58319409313162, 62.03737113396875, 27.340206185575
543, 1581956537362057936, 1, 146.7080125369517, 72.63949443508706, 62.07216494840001, 27.3556701031
544, 1581956537383591424, 1, 146.46917412452626, 72.6372193318632, 62.10695876283634, 27.37113402062532
545, 1581956537405124936, 1, 146.23033571210078, 72.63494422863933, 62.14175257727268, 27.386597938150643
546, 1581956537426658304, 1, 145.99149729967533, 72.63266912541545, 62.17654639170901, 27.402061855675967
547, 1581956537448191936, 1, 145.75265888724988, 72.63039402219158, 62.21134020614534, 27.41752577320129
548, 1581956537469725952, 1, 145.5138204748244, 72.62811891896771, 62.24613402058169, 27.432989690726608
549, 1581956537491259936, 1, 145.27498206239895, 72.62584381574385, 62.28092783501805, 27.448453608251924
550, 1581956537512793344, 1, 145.0361436499735, 72.62356871251998, 62.31572164945439, 27.463917525777248
551, 1581956537534326936, 1, 144.79730523754802, 72.62129360929612, 62.35051546389073, 27.47938144330257
552, 1581956537555860480, 1, 144.55846682512257, 72.61901850607225, 62.38530927832706, 27.494845360827902
553, 1581956537577393936, 1, 144.3196284126971, 72.61674340284837, 62.420103092763384, 27.510309278353233
554, 1581956537598927360, 1, 144.08079000027163, 72.6144682996245, 62.45489690719974, 27.52577319587855
555, 1581956537620460936, 1, 143.84195158784618, 72.61219319640064, 62.489690721636094, 27.541237113403866
556, 1581956537641994496, 1, 143.60311317542073, 72.60991809317676, 62.52448453607242, 27.55670103092919
557, 1581956537663527936, 1, 143.36427476299528, 72.6076429899529, 62.55927835050875, 27.572164948454514
558, 1581956537685061888, 1, 143.12543635056983, 72.60536788672903, 62.594072164945096, 27.587628865979834
559, 1581956537706595936, 1, 142.88659793814435, 72.60309278350516, 62.628865979381445, 27.603092783505154
560, 1581956537728129280, 1, 142.84712729929765, 72.6190917290171, 62.642351953967584, 27.58151522416694
561, 1581956537749662936, 1, 142.807656660451, 72.63509067452904, 62.65583792855372, 27.559937664828723
562, 1581956537771196416, 1, 142.7681860216043, 72.65108962004098, 62.6693239031399, 27.538360105490504
563, 1581956537792729936, 1, 142.7287153827576, 72.6670885655529, 62.68280987772607, 27.516782546152285
564, 1581956537814263296, 1, 142.68924474391093, 72.68308751106484, 62.69629585231222, 27.495204986814066
565, 1581956537835796936, 1, 142.64977410506424, 72.69908645657678, 62.709781826898364, 27.473627427475847
566, 1581956537857330432, 1, 142.61030346621754, 72.7150854020887, 62.723267801484525, 27.452049868137635
567, 1581956537878863936, 1, 142.57083282737088, 72.73108434760064, 62.736753776070685, 27.430472308799423
568, 1581956537900397824, 1, 142.53136218852418, 72.74708329311258, 62.750239750656846, 27.408894749461204
569, 1581956537921931936, 1, 142.4918915496775, 72.76308223862452, 62.763725725243006, 27.387317190122985
570, 1581956537943465472, 1, 142.45242091083082, 72.77908118413646, 62.77721169982915, 27.365739630784766
571, 1581956537964998936, 1, 142.41295027198413, 72.79508012964838, 62.7906976744153, 27.344162071446547
572, 1581956537986532352, 1, 142.37347963313744, 72.81107907516032, 62.80418364900146, 27.322584512108328
573, 1581956538008065936, 1, 142.33400899429077, 72.82707802067226, 62.81766962358762, 27.30100695277011
574, 1581956538029599488, 1, 142.29453835544408, 72.8430769661842, 62.83115559817378, 27.27942939343189
575, 1581956538051132936, 1, 142.25506771659738, 72.85907591169614, 62.84464157275994, 27.25785183409367
576, 1581956538072666368, 1, 142.21559707775072, 72.87507485720806, 62.858127547346086, 27.236274274755452
577, 1581956538094199936, 1, 142.17612643890402, 72.89107380272, 62.87161352193223, 27.214696715417233
578, 1581956538115733760, 1, 142.13665580005733, 72.90707274823194, 62.88509949651839, 27.193119156079014
579, 1581956538137267936, 1, 142.09718516121066, 72.92307169374388, 62.89858547110455, 27.171541596740795
580, 1581956538158801408, 1, 142.05771452236397, 72.93907063925582, 62.912071445690714, 27.149964037402583
581, 1581956538180334936, 1, 142.01824388351727, 72.95506958476774, 62.925557420276874, 27.12838647806437
582, 1581956538201868288, 1, 141.9787732446706, 72.97106853027968, 62.939043394863035, 27.106808918726152
583, 1581956538223401936, 1, 141.9393026058239, 72.98706747579162, 62.952529369449195, 27.085231359387933
584, 1581956538244935424, 1, 141.89983196697722, 73.00306642130354, 62.96601534403534, 27.063653800049714
585, 1581956538266468936, 1, 141.86036132813055, 73.01906536681548, 62.97950131862149, 27.042076240711495
586, 1581956538288002304, 1, 141.82089068928386, 73.03506431232742, 62.99298729320765, 27.020498681373276
587, 1581956538309535936, 1, 141.78142005043716, 73.05106325783936, 63.00647326779381, 26.998921122035057
588, 1581956538331069952, 1, 141.7419494115905, 73.0670622033513, 63.01995924237997, 26.977343562696838
589, 1581956538352603936, 1, 141.7024787727438, 73.08306114886324, 63.03344521696613, 26.95576600335862
590, 1581956538374137344, 1, 141.6630081338971, 73.09906009437518, 63.046931191552275, 26.9341884440204
591, 1581956538395670936, 1, 141.62353749505044, 73.1150590398871, 63.06041716613842, 26.91261088468218
592, 1581956538417204480, 1, 141.58406685620375, 73.13105798539904, 63.07390314072458, 26.89103332534396
593, 1581956538438737936, 1, 141.54459621735705, 73.14705693091098, 63.08738911531074, 26.869455766005743
594, 1581956538460271360, 1, 141.5051255785104, 73.1630558764229, 63.1008750898969, 26.84787820666753
595, 1581956538481804936, 1, 141.4656549396637, 73.17905482193484, 63.11436106448306, 26.82630064732932
596, 1581956538503338496, 1, 141.426184300817, 73.19505376744678, 63.12784703906921, 26.8047230879911
597, 1581956538524871936, 1, 141.38671366197033, 73.21105271295872, 63.141333013655355, 26.78314552865288
598, 1581956538546405888, 1, 141.34724302312364, 73.22705165847066, 63.15481898824153, 26.76156796931466
599, 1581956538567939936, 1, 141.30777238427694, 73.24305060398258, 63.168304962827705, 26.739990409976443
600, 1581956538589473280, 1, 141.26830174543028, 73.25904954949452, 63.18179093741385, 26.718412850638224
601, 1581956538611006936, 1, 141.22883110658358, 73.27504849500646, 63.195276912000004, 26.6968352913
602, 1581956538632540416, 1, 141.16425670552178, 73.2436292229992, 63.20876288658333, 26.67525773195834
603, 1581956538654073936, 1, 141.09968230445995, 73.21220995099195, 63.22224886116666, 26.653680172616674
604, 1581956538675607296, 1, 141.0351079033981, 73.18079067898469, 63.23573483575001, 26.63210261327501
605, 1581956538697140936, 1, 140.9705335023363, 73.14937140697744, 63.249220810333355, 26.610525053933344
606, 1581956538718674432, 1, 140.9059591012745, 73.11795213497018, 63.26270678491667, 26.58894749459167
607, 1581956538740207936, 1, 140.8413847002127, 73.08653286296293, 63.27619275949999, 26.56736993525
608, 1581956538761741824, 1, 140.7768102991509, 73.05511359095567, 63.289678734083324, 26.545792375908334
609, 1581956538783275936, 1, 140.71223589808906, 73.02369431894842, 63.30316470866666, 26.52421481656667
610, 1581956538804809472, 1, 140.64766149702723, 72.99227504694116, 63.31665068325, 26.502637257225004
611, 1581956538826342936, 1, 140.58308709596542, 72.9608557749339, 63.33013665783335, 26.48105969788334
612, 1581956538847876352, 1, 140.51851269490362, 72.92943650292665, 63.343622632416675, 26.45948213854167
613, 1581956538869409936, 1, 140.4539382938418, 72.8980172309194, 63.357108607, 26.4379045792
614, 1581956538890943488, 1, 140.2641734365842, 72.94860358214746, 63.370594581590005, 26.416327019860002
615, 1581956538912476936, 1, 140.07440857932664, 72.99918993337552, 63.38408055618001, 26.394749460520003
616, 1581956538934010368, 1, 139.8846437220691, 73.04977628460358, 63.39756653077001, 26.37317190118
617, 1581956538955543936, 1, 139.6948788648115, 73.10036263583164, 63.411052505360004, 26.35159434184
618, 1581956538977078016, 1, 139.5051140075539, 73.1509489870597, 63.42453847995, 26.330016782500003
619, 1581956538998611936, 1, 139.31534915029633, 73.20153533828775, 63.43802445454, 26.308439223160008
620, 1581956539020145408, 1, 139.12558429303874, 73.25212168951582, 63.451510429129996, 26.286861663820005
621, 1581956539041678936, 1, 138.93581943578118, 73.30270804074388, 63.464996403719994, 26.265284104480003
622, 1581956539063212288, 1, 138.74605457852363, 73.35329439197194, 63.47848237831, 26.24370654514
623, 1581956539084745936, 1, 138.55628972126604, 73.4038807432, 63.4919683529, 26.2221289858
624, 1581956539106279424, 1, 138.27900595597686, 73.38417656023194, 63.50545432747999, 26.237827997498798
625, 1581956539127812936, 1, 138.00172219068767, 73.36447237726388, 63.518940302059974, 26.253527009197597
626, 1581956539149346304, 1, 137.7244384253985, 73.34476819429582, 63.53242627663998, 26.269226020896397
627, 1581956539170879936, 1, 137.44715466010928, 73.32506401132775, 63.54591225121999, 26.284925032595197
628, 1581956539192413952, 1, 137.1698708948201, 73.3053598283597, 63.559398225799995, 26.300624044293997
629, 1581956539213947936, 1, 136.8925871295309, 73.28565564539164, 63.57288420038, 26.316323055992797
630, 1581956539235481344, 1, 136.6153033642417, 73.26595146242357, 63.58637017496001, 26.332022067691597
631, 1581956539257014936, 1, 136.3380195989525, 73.24624727945552, 63.59985614954002, 26.347721079390396
632, 1581956539278548480, 1, 136.06073583366333, 73.22654309648746, 63.61334212412001, 26.3634200910892
633, 1581956539300081936, 1, 135.78345206837415, 73.20683891351939, 63.6268280987, 26.379119102788003
634, 1581956539321615360, 1, 135.31872687853414, 73.32771579895746, 63.640314073290014, 26.320264972419206
635, 1581956539343148936, 1, 134.85400168869413, 73.4485926843955, 63.653800047880026, 26.26141084205041
636, 1581956539364682496, 1, 134.38927649885414, 73.56946956983357, 63.66728602247001, 26.202556711681602
637, 1581956539386215936, 1, 133.92455130901413, 73.69034645527164, 63.68077199705999, 26.143702581312795
638, 1581956539407749888, 1, 133.45982611917412, 73.81122334070969, 63.69425797165, 26.084848450944
639, 1581956539429283936, 1, 132.99510092933411, 73.93210022614775, 63.707743946240015, 26.025994320575208
640, 1581956539450817280, 1, 132.5303757394941, 74.05297711158582, 63.72122992083, 25.9671401902064
641, 1581956539472350936, 1, 132.06565054965412, 74.17385399702388, 63.73471589541998, 25.908286059837593
642, 1581956539493884416, 1, 131.6009253598141, 74.29473088246195, 63.74820187000999, 25.849431929468796
643, 1581956539515417936, 1, 131.1362001699741, 74.4156077679, 63.7616878446, 25.7905777991
644, 1581956539536951296, 1, 130.51655369323447, 74.43718532724897, 63.77517381920722, 25.76900023975619
645, 1581956539558484936, 1, 129.89690721649484, 74.45876288659794, 63.78865979381444, 25.747422680412374
646, 1581956539580018432, 1, 129.26267420990314, 74.4988967416349, 63.81940732095015, 25.793814432985826
647, 1581956539601551936, 1, 128.6284412033114, 74.53903059667184, 63.85015484808585, 25.840206185559282
648, 1581956539623085824, 1, 127.99420819671971, 74.57916445170878, 63.88090237522154, 25.88659793813273
649, 1581956539644619936, 1, 127.35997519012801, 74.61929830674573, 63.911649902357226, 25.93298969070618
650, 1581956539666153472, 1, 126.72574218353631, 74.65943216178269, 63.94239742949292, 25.979381443279635
651, 1581956539687686936, 1, 126.0915091769446, 74.69956601681963, 63.973144956628616, 26.02577319585309
652, 1581956539709220352, 1, 125.45727617035288, 74.73969987185657, 64.0038924837643, 26.072164948426547
653, 1581956539730753936, 1, 124.82304316376118, 74.77983372689353, 64.0346400109, 26.118556701
654, 1581956539752287488, 1, 124.01949657674804, 74.783357928705, 64.06538753803333, 26.16494845357778
655, 1581956539773820936, 1, 123.2159499897349, 74.78688213051647, 64.09613506516666, 26.211340206155555
656, 1581956539795354368, 1, 122.41240340272175, 74.79040633232793, 64.12688259229999, 26.257731958733338
657, 1581956539816887936, 1, 121.6088568157086, 74.7939305341394, 64.15763011943332, 26.30412371131112
658, 1581956539838421760, 1, 120.80531022869545, 74.79745473595088, 64.18837764656666, 26.350515463888897
659, 1581956539859955936, 1, 120.0017636416823, 74.80097893776235, 64.21912517370002, 26.396907216466673
660, 1581956539881489408, 1, 119.19821705466916, 74.80450313957382, 64.24987270083335, 26.44329896904445
661, 1581956539903022936, 1, 118.39467046765601, 74.8080273413853, 64.28062022796668, 26.489690721622225
662, 1581956539924556288, 1, 117.59112388064287, 74.81155154319677, 64.31136775510001, 26.5360824742
663, 1581956539946089936, 1, 116.78757729362972, 74.81507574500823, 64.34211528223334, 26.582474226777776
664, 1581956539967623424, 1, 115.98403070661658, 74.8185999468197, 64.37286280936667, 26.628865979355552
665, 1581956539989156936, 1, 115.18048411960343, 74.82212414863118, 64.4036103365, 26.67525773193333
666, 1581956540010690304, 1, 114.37693753259029, 74.82564835044265, 64.43435786363335, 26.721649484511104
667, 1581956540032223936, 1, 113.57339094557713, 74.82917255225412, 64.4651053907667, 26.76804123708888
668, 1581956540053757952, 1, 112.76984435856399, 74.83269675406558, 64.49585291790002, 26.814432989666663
669, 1581956540075291936, 1, 111.96629777155084, 74.83622095587705, 64.52660044503335, 26.860824742244446
670, 1581956540096825344, 1, 111.1627511845377, 74.83974515768853, 64.55734797216667, 26.907216494822222
671, 1581956540118358936, 1, 110.35920459752455, 74.8432693595, 64.5880954993, 26.9536082474
672, 1581956540139892480, 1, 109.44058523571377, 74.84679356131038, 64.61884302643571, 26.99999999997857
673, 1581956540161425936, 1, 108.521965873903, 74.85031776312076, 64.64959055357143, 27.046391752557142
674, 1581956540182959360, 1, 107.60334651209223, 74.85384196493112, 64.68033808070714, 27.092783505135714
675, 1581956540204492936, 1, 106.68472715028145, 74.8573661667415, 64.71108560784285, 27.139175257714285
676, 1581956540226026496, 1, 105.76610778847066, 74.86089036855188, 64.74183313497855, 27.185567010292857
677, 1581956540247559936, 1, 104.8474884266599, 74.86441457036226, 64.77258066211427, 27.23195876287143
678, 1581956540269093888, 1, 103.92886906484911, 74.86793877217264, 64.80332818925, 27.27835051545
679, 1581956540290627936, 1, 103.01024970303833, 74.871462973983, 64.83407571638573, 27.324742268028572
680, 1581956540312161280, 1, 102.09163034122756, 74.87498717579338, 64.86482324352144, 27.371134020607144
681, 1581956540333694936, 1, 101.17301097941677, 74.87851137760376, 64.89557077065714, 27.417525773185716
682, 1581956540355228416, 1, 100.25439161760599, 74.88203557941412, 64.92631829779285, 27.463917525764288
683, 1581956540376761936, 1, 99.33577225579522, 74.8855597812245, 64.95706582492856, 27.51030927834286
684, 1581956540398295296, 1, 98.41715289398445, 74.88908398303488, 64.98781335206428, 27.55670103092143
685, 1581956540419828936, 1, 97.49853353217367, 74.89260818484526, 65.0185608792, 27.6030927835
686, 1581956540441362432, 1, 96.27854607385368, 74.98545994054206, 65.04930840633456, 27.6494845360775
687, 1581956540462895936, 1, 95.05855861553367, 75.07831169623884, 65.08005593346913, 27.695876288655
688, 1581956540484429824, 1, 93.83857115721366, 75.17116345193563, 65.1108034606037, 27.7422680412325
689, 1581956540505963936, 1, 92.61858369889367, 75.26401520763243, 65.14155098773827, 27.788659793809998
690, 1581956540527497472, 1, 91.39859624057367, 75.35686696332922, 65.17229851487285, 27.835051546387504
691, 1581956540549030936, 1, 90.17860878225366, 75.44971871902601, 65.20304604200743, 27.88144329896501
692, 1581956540570564352, 1, 88.95862132393367, 75.54257047472281, 65.23379356914202, 27.927835051542502
693, 1581956540592097936, 1, 87.73863386561366, 75.6354222304196, 65.2645410962766, 27.974226804119994
694, 1581956540613631488, 1, 86.51864640729366, 75.72827398611639, 65.29528862341118, 28.020618556697492
695, 1581956540635164936, 1, 85.29865894897367, 75.82112574181319, 65.32603615054575, 28.06701030927499
696, 1581956540656698368, 1, 84.07867149065368, 75.91397749750999, 65.35678367768031, 28.113402061852497
697, 1581956540678231936, 1, 82.85868403233367, 76.00682925320677, 65.38753120481489, 28.159793814430003
698, 1581956540699766016, 1, 81.63869657401366, 76.09968100890356, 65.41827873194947, 28.206185567007502
699, 1581956540721299936, 1, 80.41870911569367, 76.19253276460036, 65.44902625908404, 28.252577319585
700, 1581956540742833408, 1, 79.19872165737367, 76.28538452029716, 65.47977378621862, 28.2989690721625
701, 1581956540764366936, 1, 77.97873419905366, 76.37823627599394, 65.5105213133532, 28.34536082474
702, 1581956540785900288, 1, 76.75874674073367, 76.47108803169073, 65.54126884048779, 28.391752577317497
703, 1581956540807433936, 1, 75.53875928241366, 76.56393978738753, 65.57201636762237, 28.438144329894996
704, 1581956540828967424, 1, 74.31877182409366, 76.65679154308432, 65.60276389475695, 28.484536082472495
705, 1581956540850500936, 1, 73.09878436577367, 76.74964329878111, 65.63351142189151, 28.530927835049994
706, 1581956540872034304, 1, 71.87879690745368, 76.84249505447791, 65.66425894902608, 28.577319587627493
707, 1581956540893567936, 1, 70.65880944913367, 76.9353468101747, 65.69500647616066, 28.62371134020499
708, 1581956540915101952, 1, 69.43882199081366, 77.02819856587149, 65.72575400329524, 28.67010309278249
709, 1581956540936635936, 1, 68.21883453249367, 77.12105032156829, 65.7565015304298, 28.71649484535999
710, 1581956540958169344, 1, 66.99884707417367, 77.21390207726509, 65.78724905756438, 28.762886597937488
711, 1581956540979702936, 1, 65.77885961585366, 77.30675383296187, 65.81799658469896, 28.809278350514987
712, 1581956541001236480, 1, 64.55887215753367, 77.39960558865866, 65.84874411183353, 28.855670103092493
713, 1581956541022769936, 1, 63.33888469921367, 77.49245734435546, 65.87949163896809, 28.90206185567
714, 1581956541044303360, 1, 62.11889724089367, 77.58530910005226, 65.91023916610268, 28.948453608247497
715, 1581956541065836936, 1, 60.89890978257367, 77.67816085574904, 65.94098669323726, 28.994845360824996
716, 1581956541087370496, 1, 59.67892232425367, 77.77101261144583, 65.97173422037184, 29.041237113402495
717, 1581956541108903936, 1, 58.45893486593367, 77.86386436714263, 66.00248174750642, 29.087628865979994
718, 1581956541130437888, 1, 57.23894740761367, 77.95671612283942, 66.033229274641, 29.134020618557486
719, 1581956541151971936, 1, 56.018959949293674, 78.04956787853622, 66.06397680177557, 29.180412371134977
720, 1581956541173505280, 1, 54.79897249097367, 78.14241963423302, 66.09472432891015, 29.226804123712476
721, 1581956541195038936, 1, 53.57898503265367, 78.2352713899298, 66.12547185604473, 29.273195876289975
722, 1581956541216572416, 1, 52.35899757433367, 78.32812314562659, 66.15621938317929, 29.31958762886748
723, 1581956541238105936, 1, 51.13901011601367, 78.42097490132339, 66.18696691031386, 29.365979381444987
724, 1581956541259639296, 1, 49.919022657693674, 78.51382665702019, 66.21771443744845, 29.412371134022486
725, 1581956541281172936, 1, 48.69903519937367, 78.60667841271697, 66.24846196458303, 29.458762886599988
726, 1581956541302706432, 1, 47.423529844971554, 78.71642334661772, 66.22131350190111, 29.505154639174982
727, 1581956541324239936, 1, 46.14802449056943, 78.82616828051846, 66.1941650392192, 29.55154639174998
728, 1581956541345773824, 1, 44.87251913616731, 78.9359132144192, 66.16701657653728, 29.597938144324985
729, 1581956541367307936, 1, 43.5970137817652, 79.04565814831994, 66.13986811385536, 29.64432989689999
730, 1581956541388841472, 1, 42.32150842736308, 79.15540308222069, 66.11271965117344, 29.690721649474987
731, 1581956541410374936, 1, 41.04600307296096, 79.26514801612143, 66.08557118849151, 29.737113402049985
732, 1581956541431908352, 1, 39.77049771855884, 79.37489295002217, 66.05842272580959, 29.78350515462499
733, 1581956541453441936, 1, 38.49499236415672, 79.4846378839229, 66.03127426312767, 29.829896907199995
734, 1581956541474975488, 1, 37.2194870097546, 79.59438281782364, 66.00412580044576, 29.876288659775
735, 1581956541496508936, 1, 35.94398165535249, 79.70412775172439, 65.97697733776384, 29.922680412350005
736, 1581956541518042368, 1, 34.668476300950374, 79.81387268562513, 65.94982887508192, 29.969072164925002
737, 1581956541539575936, 1, 33.39297094654825, 79.92361761952587, 65.9226804124, 30.0154639175
738, 1581956541561109760, 1, 32.08933926895137, 80.11035613873463, 65.94587628868504, 30.06185567008054
739, 1581956541582643936, 1, 30.785707591354488, 80.29709465794338, 65.9690721649701, 30.10824742266108
740, 1581956541604177408, 1, 29.482075913757605, 80.48383317715212, 65.99226804125516, 30.154639175241627
741, 1581956541625710936, 1, 28.178444236160725, 80.67057169636087, 66.0154639175402, 30.201030927822174
742, 1581956541647244288, 1, 26.874812558563846, 80.85731021556961, 66.03865979382526, 30.247422680402714
743, 1581956541668777936, 1, 25.571180880966963, 81.04404873477837, 66.06185567011032, 30.293814432983254
744, 1581956541690311424, 1, 24.26754920337008, 81.23078725398713, 66.08505154639536, 30.340206185563794
745, 1581956541711844936, 1, 22.963917525773198, 81.41752577319588, 66.10824742268042, 30.38659793814433
746, 1581956541733378304, 1, 21.639995313963617, 81.59149484536287, 65.92385192127047, 30.43298969072397
747, 1581956541754911936, 1, 20.316073102154032, 81.76546391752987, 65.73945641986052, 30.47938144330361
748, 1581956541776445952, 1, 18.992150890344448, 81.93943298969688, 65.55506091845056, 30.52577319588324
749, 1581956541797979936, 1, 17.668228678534863, 82.11340206186388, 65.37066541704061, 30.57216494846287
750, 1581956541819513344, 1, 16.34430646672528, 82.28737113403088, 65.18626991563066, 30.6185567010425
751, 1581956541841046936, 1, 15.020384254915697, 82.46134020619787, 65.00187441422071, 30.66494845362213
752, 1581956541862580480, 1, 13.696462043106113, 82.63530927836487, 64.81747891281076, 30.71134020620177
753, 1581956541884113936, 1, 12.37253983129653, 82.80927835053187, 64.6330834114008, 30.757731958781406
754, 1581956541905647360, 1, 11.048617619486947, 82.98324742269887, 64.44868790999085, 30.804123711361036
755, 1581956541927180936, 1, 9.724695407677363, 83.15721649486588, 64.2642924085809, 30.850515463940667
756, 1581956541948714496, 1, 8.40077319586778, 83.33118556703288, 64.07989690717095, 30.896907216520308
757, 1581956541970247936, 1, 7.076850984058198, 83.50515463919987, 63.89550140576099, 30.94329896909995
758, 1581956541991781888, 1, 5.307638238043649, 83.67912371134986, 64.30283505149569, 30.98969072167495
759, 1581956542013315936, 1, 3.538425492029099, 83.85309278349986, 64.7101686972304, 31.03608247424995
760, 1581956542034849280, 1, 1.7692127460145495, 84.02706185564986, 65.11750234296511, 31.082474226824953
761, 1581956542056382936, 1, 0, 84.20103092779985, 65.52483598869983, 31.128865979399954
762, 1581956542077916416, 1, 0.0, 84.3749999999736, 64.16295688843209, 31.175257731972653
763, 1581956542099449936, 1, 0.0, 84.54896907214734, 62.80107778816435, 31.221649484545352
764, 1581956542120983296, 1, 0.0, 84.72293814432109, 61.43919868789661, 31.268041237118037
765, 1581956542142516936, 1, 0, 84.89690721649485, 60.07731958762887, 31.314432989690722
766, 1581956542164050432, 1, 0.0, 85.14819587629569, 58.56958762887404, 31.32644095595249
767, 1581956542185583936, 1, 0.0, 85.39948453609654, 57.06185567011921, 31.338448922214255
768, 1581956542207117824, 1, 0.0, 85.65077319589739, 55.55412371136438, 31.35045688847601
769, 1581956542228651936, 1, 0.0, 85.90206185569822, 54.04639175260955, 31.362464854737766
770, 1581956542250185472, 1, 0.0, 86.15335051549906, 52.53865979385472, 31.374472820999525
771, 1581956542271718936, 1, 0, 86.4046391752999, 51.03092783509989, 31.386480787261284
772, 1581956542293252352, 1, 0.0, 86.65592783509138, 49.52319587633431, 31.08608637926338
773, 1581956542314785936, 1, 0.0, 86.90721649488285, 48.015463917568745, 30.78569197126548
774, 1581956542336319488, 1, 0.0, 87.15850515467432, 46.50773195880318, 30.485297563267572
775, 1581956542357852936, 1, 0.0, 87.40979381446579, 45.0000000000376, 30.184903155269666
776, 1581956542379386368, 1, 0.0, 87.66108247425726, 43.49226804127203, 29.884508747271752
777, 1581956542400919936, 1, 0.0, 87.91237113404874, 41.98453608250645, 29.58411433927384
778, 1581956542422454016, 1, 0.0, 88.16365979384021, 40.47680412374088, 29.283719931275932
779, 1581956542443987936, 1, 0.0, 88.41494845363168, 38.96907216497531, 28.983325523278026
780, 1581956542465521408, 1, 0.0, 88.66623711342315, 37.46134020620974, 28.682931115280127
781, 1581956542487054936, 1, 0.0, 88.91752577321462, 35.953608247444166, 28.382536707282227
782, 1581956542508588288, 1, 0.0, 89.16881443300609, 34.44587628867859, 28.08214229928432
783, 1581956542530121936, 1, 0.0, 89.42010309279756, 32.93814432991302, 27.781747891286415
784, 1581956542551655424, 1, 0.0, 89.67139175258905, 31.430412371147447, 27.4813534832885
785, 1581956542573188936, 1, 0.0, 89.92268041238052, 29.922680412381876, 27.180959075290588
786, 1581956542594722304, 1, 0.0, 90.17396907217199, 28.414948453616304, 26.88056466729268
787, 1581956542616255936, 1, 0.0, 90.42525773196346, 26.907216494850733, 26.580170259294775
788, 1581956542637789952, 1, 0.0, 90.67654639175493, 25.39948453608516, 26.279775851296872
789, 1581956542659323936, 1, 0, 90.9278350515464, 23.89175257731959, 25.97938144329897
790, 1581956542680857344, 1, 0.0, 91.24677835051547, 22.29703608247423, 25.950386597938138
791, 1581956542702390936, 1, 0.0, 91.56572164948454, 20.702319587628867, 25.921391752577307
792, 1581956542723924480, 1, 0.0, 91.88466494845362, 19.107603092783506, 25.89239690721648
793, 1581956542745457936, 1, 0.0, 92.2036082474227, 17.512886597938145, 25.863402061855652
794, 1581956542766991360, 1, 0.0, 92.52255154639175, 15.918170103092784, 25.83440721649484
795, 1581956542788524936, 1, 0.0, 92.84149484536083, 14.323453608247425, 25.805412371134025
796, 1581956542810058496, 1, 0.0, 93.1604381443299, 12.728737113402063, 25.776417525773198
797, 1581956542831591936, 1, 0, 93.47938144329898, 11.134020618556702, 25.747422680412374
798, 1581956542853125888, 1, 0.0, 93.82731958762886, 9.568298969072167, 23.775773195876283
799, 1581956542874659936, 1, 0.0, 94.17525773195877, 8.00257731958763, 21.804123711340196
800, 1581956542896193280, 1, 0.0, 94.52319587628867, 6.4368556701030935, 19.83247422680412
801, 1581956542917726936, 1, 0, 94.87113402061856, 4.871134020618557, 17.860824742268044
802, 1581956542939260416, 1, 0.0, 94.87113402061856, 4.871134020618557, 17.860824742268044
803, 1581956542960793936
804, 1581956542982327296
805, 1581956543003860936
806, 1581956543025394432
807, 1581956543046927936
