17, 0, 0.0, 85.43187889581478, 4.808548530721282, 25.966162065894924, -1, -1, -1, -1
18, 0, 0.0, 84.85084594836064, 6.731563183032465, 29.187241965513543, -1, -1, -1, -1
19, 0, 0.0, 84.26981300090652, 8.654577835343648, 32.408321865132166, -1, -1, -1, -1
20, 0, 0.0, 83.6887800534524, 10.577592487654833, 35.62940176475079, -1, -1, -1, -1
21, 0, 0.0, 83.10774710599827, 12.500607139966016, 38.85048166436941, -1, -1, -1, -1
22, 0, 0.0, 82.5267141585281, 14.50457378774388, 38.995385736255685, -1, -1, -1, -1
23, 0, 0.0, 81.94568121105792, 16.508540435521745, 39.14028980814196, -1, -1, -1, -1
24, 0, 0.0, 81.36464826358772, 18.51250708329961, 39.28519388002823, -1, -1, -1, -1
25, 0, 0.0, 80.78361531611755, 20.516473731077472, 39.43009795191451, -1, -1, -1, -1
26, 0, 0.0, 80.29031409374028, 22.520035618880172, 40.29405812353748, -1, -1, -1, -1
27, 0, 0.0, 79.79701287136302, 24.52359750668287, 41.15801829516046, -1, -1, -1, -1
28, 0, 0.0, 79.30371164898577, 26.527159394485565, 42.02197846678343, -1, -1, -1, -1
29, 0, 0.0, 78.81041042660851, 28.530721282288262, 42.8859386384064, -1, -1, -1, -1
30, 0, 0.0, 78.31710920423126, 30.534283170090962, 43.74989881002938, -1, -1, -1, -1
31, 0, 0.0, 77.82380798185399, 32.53784505789366, 44.613858981652356, -1, -1, -1, -1
32, 0, 0.0, 77.33050675947672, 34.54140694569636, 45.477819153275334, -1, -1, -1, -1
33, 0, 0.0, 76.83720553709946, 36.544968833499055, 46.341779324898305, -1, -1, -1, -1
34, 0, 0.0, 76.82961628752659, 38.548530721297425, 46.720027523711664, -1, -1, -1, -1
35, 0, 0.0, 76.82202703795372, 40.552092609095794, 47.09827572252502, -1, -1, -1, -1
36, 0, 0.0, 76.81443778838084, 42.555654496894164, 47.47652392133838, -1, -1, -1, -1
37, 0, 0.0, 76.80684853880797, 44.55921638469253, 47.854772120151736, -1, -1, -1, -1
38, 0, 0.0, 76.7992592892351, 46.5627782724909, 48.233020318965096, -1, -1, -1, -1
39, 0, 0.0, 76.79167003966222, 48.56634016028927, 48.611268517778456, -1, -1, -1, -1
40, 0, 0.0, 76.78408079008935, 50.56990204808764, 48.98951671659181, -1, -1, -1, -1
41, 0, 0.0, 76.77649154051647, 52.57346393588602, 49.36776491540517, -1, -1, -1, -1
42, 0, 0.0, 76.54631803340187, 54.47016918967525, 49.744866294292024, -1, -1, -1, -1
43, 0, 0.0, 76.31614452628727, 56.36687444346448, 50.12196767317889, -1, -1, -1, -1
44, 0, 0.0, 76.08597101917269, 58.26357969725371, 50.49906905206574, -1, -1, -1, -1
45, 0, 0.0, 75.85579751205809, 60.16028495104294, 50.8761704309526, -1, -1, -1, -1
46, 0, 0.0, 75.62562400494349, 62.056990204832175, 51.25327180983946, -1, -1, -1, -1
47, 0, 0.0, 75.3954504978289, 63.953695458621404, 51.630373188726324, -1, -1, -1, -1
48, 0, 0.0, 75.1652769907143, 65.85040071241063, 52.00747456761319, -1, -1, -1, -1
49, 0, 0.0, 74.9351034835997, 67.74710596619987, 52.38457594650005, -1, -1, -1, -1
50, 0, 0.0, 75.06921395609814, 69.6438112199743, 52.39739334577242, -1, -1, -1, -1
51, 0, 0.0, 75.20332442859657, 71.54051647374872, 52.41021074504479, -1, -1, -1, -1
52, 0, 0.0, 75.33743490109501, 73.43722172752315, 52.423028144317165, -1, -1, -1, -1
53, 0, 0.0, 75.47154537359344, 75.33392698129758, 52.43584554358954, -1, -1, -1, -1
54, 0, 0.0, 75.51836261097448, 77.11797404139224, 52.32089371002371, -1, -1, -1, -1
55, 0, 0.0, 75.56517984835551, 78.90202110148692, 52.205941876457885, -1, -1, -1, -1
56, 0, 0.0, 75.61199708573653, 80.6860681615816, 52.09099004289206, -1, -1, -1, -1
57, 0, 0.0, 75.65881432311757, 82.47011522167627, 51.976038209326234, -1, -1, -1, -1
58, 0, 0.0, 75.7056315604986, 84.25416228177093, 51.86108637576041, -1, -1, -1, -1
59, 0, 0.0, 75.75244879787962, 86.03820934186561, 51.74613454219458, -1, -1, -1, -1
60, 0, 0.0, 75.79926603526064, 87.82225640196027, 51.63118270862876, -1, -1, -1, -1
61, 0, 0.0, 75.84608327264168, 89.60630346205494, 51.51623087506293, -1, -1, -1, -1
62, 0, 0.0, 75.89290051002271, 91.39035052214962, 51.401279041497105, -1, -1, -1, -1
63, 0, 0.0, 75.93971774740373, 93.17439758224428, 51.28632720793128, -1, -1, -1, -1
64, 0, 0.0, 75.98653498478477, 94.95844464233895, 51.171375374365454, -1, -1, -1, -1
65, 0, 0.0, 76.0333522221658, 96.74249170243363, 51.05642354079963, -1, -1, -1, -1
66, 0, 0.0, 76.0396934617992, 98.3376507731001, 51.251787689874654, -1, -1, -1, -1
67, 0, 0.0, 76.0460347014326, 99.93280984376656, 51.44715183894968, -1, -1, -1, -1
68, 0, 0.0, 76.052375941066, 101.52796891443305, 51.642515988024705, -1, -1, -1, -1
69, 0, 0.0, 76.05871718069942, 103.12312798509952, 51.83788013709973, -1, -1, -1, -1
70, 0, 0.0, 76.04482042148277, 104.71828705577448, 52.05348228501637, -1, -1, -1, -1
71, 0, 0.0, 76.03092366226613, 106.31344612644943, 52.26908443293301, -1, -1, -1, -1
72, 0, 0.0, 76.0170269030495, 107.90860519712439, 52.484686580849655, -1, -1, -1, -1
73, 0, 0.0, 76.00313014383285, 109.50376426779935, 52.7002887287663, -1, -1, -1, -1
74, 0, 1.0017809439002208, 76.39399336194245, 110.0971423945675, 52.51113089936331, -1, -1, -1, -1
75, 0, 2.0035618878004415, 76.78485658005206, 110.69052052133563, 52.32197306996031, -1, -1, -1, -1
76, 0, 3.0053428317006623, 77.17571979816168, 111.28389864810376, 52.132815240557306, -1, -1, -1, -1
77, 0, 4.007123775600883, 77.5665830162713, 111.87727677487189, 51.94365741115431, -1, -1, -1, -1
78, 0, 5.193070509188249, 77.33290158935819, 112.04732093868785, 52.12350576107664, -1, -1, -1, -1
79, 0, 6.379017242775615, 77.09922016244509, 112.2173651025038, 52.30335411099898, -1, -1, -1, -1
80, 0, 7.56496397636298, 76.865538735532, 112.38740926631976, 52.48320246092132, -1, -1, -1, -1
81, 0, 8.750910709950347, 76.63185730861889, 112.55745343013574, 52.66305081084366, -1, -1, -1, -1
82, 0, 9.936857443537713, 76.39817588170578, 112.72749759395171, 52.842899160765995, -1, -1, -1, -1
83, 0, 11.12280417712508, 76.16449445479269, 112.89754175776767, 53.02274751068834, -1, -1, -1, -1
84, 0, 12.308750910712446, 75.9308130278796, 113.06758592158363, 53.202595860610685, -1, -1, -1, -1
85, 0, 13.494697644299812, 75.69713160096649, 113.23763008539959, 53.38244421053302, -1, -1, -1, -1
86, 0, 14.680644377874867, 75.70630616045807, 113.40767424919949, 53.319436574066216, -1, -1, -1, -1
87, 0, 15.866591111449921, 75.71548071994965, 113.57771841299939, 53.256428937599416, -1, -1, -1, -1
88, 0, 17.052537845024975, 75.72465527944124, 113.74776257679929, 53.19342130113262, -1, -1, -1, -1
89, 0, 18.23848457860003, 75.73382983893283, 113.9178067405992, 53.13041366466581, -1, -1, -1, -1
90, 0, 19.303003318991742, 75.75649639766343, 113.92594691347426, 53.121374025174205, -1, -1, -1, -1
91, 0, 20.367522059383457, 75.779162956394, 113.93408708634931, 53.11233438568261, -1, -1, -1, -1
92, 0, 21.432040799775173, 75.80182951512458, 113.94222725922437, 53.10329474619101, -1, -1, -1, -1
93, 0, 22.496559540166885, 75.82449607385517, 113.95036743209943, 53.09425510669941, -1, -1, -1, -1
94, 0, 23.561078280558597, 75.84716263258576, 113.9585076049745, 53.0852154672078, -1, -1, -1, -1
95, 0, 24.625597020950313, 75.86982919131634, 113.96664777784956, 53.0761758277162, -1, -1, -1, -1
96, 0, 25.690115761342028, 75.89249575004692, 113.97478795072462, 53.067136188224595, -1, -1, -1, -1
97, 0, 26.75463450173374, 75.91516230877751, 113.98292812359969, 53.05809654873299, -1, -1, -1, -1
98, 0, 27.819153242125456, 75.9378288675081, 113.99106829647475, 53.04905690924139, -1, -1, -1, -1
99, 0, 28.88367198251717, 75.96049542623868, 113.99920846934981, 53.0400172697498, -1, -1, -1, -1
100, 0, 29.948190722908883, 75.98316198496926, 114.00734864222485, 53.0309776302582, -1, -1, -1, -1
101, 0, 31.0127094633006, 76.00582854369985, 114.01548881509991, 53.0219379907666, -1, -1, -1, -1
102, 0, 31.83437221728645, 76.00151110393944, 114.1045809834468, 53.02639035051766, -1, -1, -1, -1
103, 0, 32.6560349712723, 75.99719366417902, 114.19367315179369, 53.030842710268715, -1, -1, -1, -1
104, 0, 33.477697725258146, 75.99287622441861, 114.28276532014057, 53.03529507001977, -1, -1, -1, -1
105, 0, 34.299360479243994, 75.9885587846582, 114.37185748848745, 53.03974742977083, -1, -1, -1, -1
106, 0, 35.12102323322985, 75.98424134489778, 114.46094965683433, 53.04419978952187, -1, -1, -1, -1
107, 0, 35.9426859872157, 75.97992390513738, 114.55004182518121, 53.04865214927292, -1, -1, -1, -1
108, 0, 36.764348741201545, 75.97560646537697, 114.63913399352809, 53.05310450902397, -1, -1, -1, -1
109, 0, 37.58601149518739, 75.97128902561656, 114.72822616187497, 53.05755686877501, -1, -1, -1, -1
110, 0, 38.40767424917324, 75.96697158585614, 114.81731833022187, 53.062009228526065, -1, -1, -1, -1
111, 0, 39.22933700315909, 75.96265414609573, 114.90641049856875, 53.06646158827712, -1, -1, -1, -1
112, 0, 40.050999757144936, 75.95833670633532, 114.99550266691563, 53.07091394802818, -1, -1, -1, -1
113, 0, 40.872662511130784, 75.9540192665749, 115.08459483526252, 53.07536630777923, -1, -1, -1, -1
114, 0, 41.46761999546227, 75.98001914276398, 115.10751536103986, 53.089151956418036, -1, -1, -1, -1
115, 0, 42.06257747979375, 76.00601901895305, 115.1304358868172, 53.10293760505684, -1, -1, -1, -1
116, 0, 42.65753496412523, 76.03201889514213, 115.15335641259455, 53.11672325369564, -1, -1, -1, -1
117, 0, 43.25249244845672, 76.0580187713312, 115.17627693837188, 53.13050890233444, -1, -1, -1, -1
118, 0, 43.84744993278821, 76.08401864752028, 115.19919746414922, 53.144294550973235, -1, -1, -1, -1
119, 0, 44.44240741711969, 76.11001852370936, 115.22211798992657, 53.15808019961203, -1, -1, -1, -1
120, 0, 45.03736490145117, 76.13601839989843, 115.24503851570391, 53.171865848250825, -1, -1, -1, -1
121, 0, 45.63232238578266, 76.16201827608751, 115.26795904148125, 53.18565149688962, -1, -1, -1, -1
122, 0, 46.227279870114145, 76.18801815227658, 115.2908795672586, 53.199437145528414, -1, -1, -1, -1
123, 0, 46.82223735444563, 76.21401802846566, 115.31380009303594, 53.21322279416721, -1, -1, -1, -1
124, 0, 47.41719483877712, 76.24001790465474, 115.33672061881327, 53.227008442806, -1, -1, -1, -1
125, 0, 48.0121523231086, 76.26601778084381, 115.35964114459063, 53.2407940914448, -1, -1, -1, -1
126, 0, 48.60710980744008, 76.29201765703289, 115.38256167036798, 53.2545797400836, -1, -1, -1, -1
127, 0, 49.20206729177157, 76.31801753322196, 115.40548219614531, 53.2683653887224, -1, -1, -1, -1
128, 0, 49.79702477610306, 76.34401740941104, 115.42840272192265, 53.2821510373612, -1, -1, -1, -1
129, 0, 50.39198226043454, 76.37001728560011, 115.4513232477, 53.295936686, -1, -1, -1, -1
130, 0, 50.700234760819995, 76.33530316519386, 115.44725977498126, 53.30972233464375, -1, -1, -1, -1
131, 0, 51.00848726120546, 76.3005890447876, 115.4431963022625, 53.3235079832875, -1, -1, -1, -1
132, 0, 51.316739761590924, 76.26587492438134, 115.43913282954375, 53.337293631931246, -1, -1, -1, -1
133, 0, 51.62499226197639, 76.23116080397509, 115.43506935682501, 53.35107928057499, -1, -1, -1, -1
134, 0, 51.93324476236185, 76.19644668356884, 115.43100588410626, 53.36486492921874, -1, -1, -1, -1
135, 0, 52.24149726274731, 76.16173256316257, 115.4269424113875, 53.37865057786249, -1, -1, -1, -1
136, 0, 52.549749763132766, 76.12701844275631, 115.42287893866876, 53.392436226506234, -1, -1, -1, -1
137, 0, 52.85800226351823, 76.09230432235006, 115.41881546595, 53.40622187514998, -1, -1, -1, -1
138, 0, 53.166254763903694, 76.0575902019438, 115.41475199323125, 53.42000752379374, -1, -1, -1, -1
139, 0, 53.47450726428916, 76.02287608153753, 115.41068852051251, 53.4337931724375, -1, -1, -1, -1
140, 0, 53.78275976467462, 75.98816196113128, 115.40662504779375, 53.44757882108125, -1, -1, -1, -1
141, 0, 54.09101226506008, 75.95344784072502, 115.402561575075, 53.46136446972501, -1, -1, -1, -1
142, 0, 54.39926476544554, 75.91873372031876, 115.39849810235626, 53.47515011836876, -1, -1, -1, -1
143, 0, 54.707517265831, 75.8840195999125, 115.3944346296375, 53.48893576701251, -1, -1, -1, -1
144, 0, 55.015769766216465, 75.84930547950626, 115.39037115691875, 53.502721415656254, -1, -1, -1, -1
145, 0, 55.32402226660193, 75.81459135909999, 115.3863076842, 53.5165070643, -1, -1, -1, -1
146, 0, 55.355688782474765, 75.81023423698747, 115.43621220846458, 53.53029271293748, -1, -1, -1, -1
147, 0, 55.3873552983476, 75.80587711487493, 115.48611673272917, 53.54407836157496, -1, -1, -1, -1
148, 0, 55.41902181422044, 75.8015199927624, 115.53602125699376, 53.55786401021244, -1, -1, -1, -1
149, 0, 55.45068833009328, 75.79716287064987, 115.58592578125834, 53.57164965884992, -1, -1, -1, -1
150, 0, 55.482354845966114, 75.79280574853735, 115.63583030552293, 53.58543530748739, -1, -1, -1, -1
151, 0, 55.51402136183896, 75.78844862642481, 115.68573482978752, 53.59922095612486, -1, -1, -1, -1
152, 0, 55.54568787771179, 75.78409150431229, 115.7356393540521, 53.61300660476233, -1, -1, -1, -1
153, 0, 55.57735439358463, 75.77973438219976, 115.78554387831669, 53.6267922533998, -1, -1, -1, -1
154, 0, 55.60902090945747, 75.77537726008723, 115.83544840258128, 53.64057790203727, -1, -1, -1, -1
155, 0, 55.640687425330306, 75.7710201379747, 115.88535292684585, 53.654363550674745, -1, -1, -1, -1
156, 0, 55.67235394120314, 75.76666301586218, 115.93525745111043, 53.66814919931222, -1, -1, -1, -1
157, 0, 55.704020457075984, 75.76230589374964, 115.98516197537501, 53.68193484794969, -1, -1, -1, -1
158, 0, 55.73568697294882, 75.7579487716371, 116.03506649963958, 53.69572049658717, -1, -1, -1, -1
159, 0, 55.767353488821655, 75.75359164952458, 116.08497102390417, 53.70950614522465, -1, -1, -1, -1
160, 0, 55.7990200046945, 75.74923452741206, 116.13487554816876, 53.72329179386213, -1, -1, -1, -1
161, 0, 55.83068652056733, 75.74487740529952, 116.18478007243334, 53.737077442499604, -1, -1, -1, -1
162, 0, 55.84413883745971, 75.7405202831929, 116.1618278007796, 53.7508630911388, -1, -1, -1, -1
163, 0, 55.85759115435208, 75.73616316108625, 116.13887552912587, 53.76464873977798, -1, -1, -1, -1
164, 0, 55.87104347124445, 75.73180603897961, 116.11592325747213, 53.77843438841717, -1, -1, -1, -1
165, 0, 55.88449578813682, 75.72744891687299, 116.09297098581838, 53.79222003705635, -1, -1, -1, -1
166, 0, 55.89794810502919, 75.72309179476636, 116.07001871416465, 53.80600568569554, -1, -1, -1, -1
167, 0, 55.911400421921556, 75.71873467265972, 116.04706644251091, 53.819791334334724, -1, -1, -1, -1
168, 0, 55.924852738813925, 75.71437755055308, 116.02411417085717, 53.83357698297391, -1, -1, -1, -1
169, 0, 55.938305055706294, 75.71002042844646, 116.00116189920344, 53.847362631613095, -1, -1, -1, -1
170, 0, 55.951757372598664, 75.70566330633982, 115.97820962754969, 53.861148280252294, -1, -1, -1, -1
171, 0, 55.96520968949103, 75.70130618423318, 115.95525735589595, 53.87493392889149, -1, -1, -1, -1
172, 0, 55.9786620063834, 75.69694906212655, 115.9323050842422, 53.88871957753068, -1, -1, -1, -1
173, 0, 55.99211432327578, 75.69259194001991, 115.90935281258845, 53.90250522616988, -1, -1, -1, -1
174, 0, 56.00556664016815, 75.68823481791327, 115.88640054093472, 53.916290874809064, -1, -1, -1, -1
175, 0, 56.01901895706052, 75.68387769580664, 115.86344826928098, 53.93007652344825, -1, -1, -1, -1
176, 0, 56.032471273952886, 75.67952057370002, 115.84049599762724, 53.943862172087435, -1, -1, -1, -1
177, 0, 56.045923590845256, 75.67516345159338, 115.81754372597351, 53.95764782072662, -1, -1, -1, -1
178, 0, 56.05937590773763, 75.67080632948674, 115.79459145431977, 53.971433469365806, -1, -1, -1, -1
179, 0, 56.07282822463, 75.66644920738011, 115.77163918266604, 53.98521911800499, -1, -1, -1, -1
180, 0, 56.08628054152237, 75.66209208527349, 115.7486869110123, 53.99900476664418, -1, -1, -1, -1
181, 0, 56.09973285841474, 75.65773496316685, 115.72573463935856, 54.01279041528337, -1, -1, -1, -1
182, 0, 56.08750910709745, 75.65768099516822, 115.75131546992695, 54.00750155157989, -1, -1, -1, -1
183, 0, 56.07528535578017, 75.65762702716961, 115.77689630049534, 54.00221268787642, -1, -1, -1, -1
184, 0, 56.06306160446288, 75.65757305917099, 115.80247713106372, 53.996923824172946, -1, -1, -1, -1
185, 0, 56.050837853145595, 75.65751909117236, 115.82805796163211, 53.99163496046947, -1, -1, -1, -1
186, 0, 56.03861410182831, 75.65746512317374, 115.85363879220051, 53.986346096766, -1, -1, -1, -1
187, 0, 56.02639035051102, 75.65741115517511, 115.8792196227689, 53.98105723306252, -1, -1, -1, -1
188, 0, 56.01416659919373, 75.6573571871765, 115.90480045333729, 53.975768369359045, -1, -1, -1, -1
189, 0, 56.00194284787644, 75.65730321917788, 115.93038128390569, 53.970479505655575, -1, -1, -1, -1
190, 0, 55.989719096559156, 75.65724925117925, 115.95596211447408, 53.96519064195209, -1, -1, -1, -1
191, 0, 55.97749534524186, 75.65719528318064, 115.98154294504246, 53.959901778248614, -1, -1, -1, -1
192, 0, 55.96527159392458, 75.65714131518202, 116.00712377561086, 53.95461291454514, -1, -1, -1, -1
193, 0, 55.95304784260729, 75.65708734718339, 116.03270460617925, 53.94932405084165, -1, -1, -1, -1
194, 0, 55.940824091290004, 75.65703337918477, 116.05828543674764, 53.944035187138184, -1, -1, -1, -1
195, 0, 55.92860033997272, 75.65697941118614, 116.08386626731603, 53.93874632343471, -1, -1, -1, -1
196, 0, 55.91637658865543, 75.65692544318753, 116.10944709788441, 53.93345745973123, -1, -1, -1, -1
197, 0, 55.904152837338145, 75.65687147518891, 116.1350279284528, 53.92816859602776, -1, -1, -1, -1
198, 0, 55.89192908602086, 75.65681750719028, 116.16060875902119, 53.92287973232429, -1, -1, -1, -1
199, 0, 55.87970533470357, 75.65676353919167, 116.18618958958959, 53.91759086862081, -1, -1, -1, -1
200, 0, 55.86748158338629, 75.65670957119305, 116.21177042015799, 53.912302004917336, -1, -1, -1, -1
201, 0, 55.855257832069, 75.65665560319442, 116.23735125072638, 53.90701314121387, -1, -1, -1, -1
202, 0, 55.843034080751714, 75.6566016351958, 116.26293208129476, 53.90172427751039, -1, -1, -1, -1
203, 0, 55.83081032943443, 75.65654766719717, 116.28851291186317, 53.89643541380691, -1, -1, -1, -1
204, 0, 55.818586578117134, 75.65649369919856, 116.31409374243155, 53.891146550103436, -1, -1, -1, -1
205, 0, 55.80636282679985, 75.65643973119994, 116.33967457299994, 53.88585768639996, -1, -1, -1, -1
206, 0, 55.827869073596716, 75.65638576320406, 116.3315254054557, 53.88056882269592, -1, -1, -1, -1
207, 0, 55.849375320393584, 75.65633179520817, 116.32337623791145, 53.875279958991875, -1, -1, -1, -1
208, 0, 55.87088156719045, 75.65627782721229, 116.3152270703672, 53.86999109528783, -1, -1, -1, -1
209, 0, 55.89238781398732, 75.65622385921641, 116.30707790282295, 53.86470223158379, -1, -1, -1, -1
210, 0, 55.91389406078419, 75.65616989122053, 116.29892873527871, 53.859413367879746, -1, -1, -1, -1
211, 0, 55.935400307581055, 75.65611592322465, 116.29077956773445, 53.8541245041757, -1, -1, -1, -1
212, 0, 55.95690655437792, 75.65606195522876, 116.28263040019019, 53.848835640471655, -1, -1, -1, -1
213, 0, 55.97841280117479, 75.65600798723288, 116.27448123264594, 53.84354677676761, -1, -1, -1, -1
214, 0, 55.99991904797166, 75.655954019237, 116.2663320651017, 53.838257913063565, -1, -1, -1, -1
215, 0, 56.02142529476853, 75.65590005124112, 116.25818289755745, 53.83296904935952, -1, -1, -1, -1
216, 0, 56.042931541565395, 75.65584608324524, 116.2500337300132, 53.827680185655474, -1, -1, -1, -1
217, 0, 56.06443778836226, 75.65579211524935, 116.24188456246895, 53.82239132195143, -1, -1, -1, -1
218, 0, 56.08594403515913, 75.65573814725347, 116.23373539492471, 53.81710245824738, -1, -1, -1, -1
219, 0, 56.107450281956, 75.65568417925759, 116.22558622738045, 53.81181359454334, -1, -1, -1, -1
220, 0, 56.128956528752866, 75.65563021126171, 116.21743705983619, 53.80652473083929, -1, -1, -1, -1
221, 0, 56.150462775549734, 75.65557624326583, 116.20928789229194, 53.80123586713525, -1, -1, -1, -1
222, 0, 56.1719690223466, 75.65552227526993, 116.2011387247477, 53.795947003431195, -1, -1, -1, -1
223, 0, 56.19347526914347, 75.65546830727405, 116.19298955720345, 53.79065813972715, -1, -1, -1, -1
224, 0, 56.21498151594034, 75.65541433927817, 116.1848403896592, 53.785369276023104, -1, -1, -1, -1
225, 0, 56.236487762737205, 75.65536037128228, 116.17669122211495, 53.78008041231905, -1, -1, -1, -1
226, 0, 56.25799400953407, 75.6553064032864, 116.16854205457071, 53.774791548615006, -1, -1, -1, -1
227, 0, 56.27950025633094, 75.65525243529052, 116.16039288702645, 53.76950268491096, -1, -1, -1, -1
228, 0, 56.30100650312781, 75.65519846729464, 116.15224371948219, 53.764213821206916, -1, -1, -1, -1
229, 0, 56.32251274992468, 75.65514449929876, 116.14409455193794, 53.75892495750287, -1, -1, -1, -1
230, 0, 56.344018996721545, 75.65509053130287, 116.1359453843937, 53.753636093798825, -1, -1, -1, -1
231, 0, 56.36552524351841, 75.655036563307, 116.12779621684945, 53.74834723009478, -1, -1, -1, -1
232, 0, 56.38703149031528, 75.65498259531111, 116.1196470493052, 53.743058366390734, -1, -1, -1, -1
233, 0, 56.40853773711215, 75.65492862731523, 116.11149788176095, 53.73776950268669, -1, -1, -1, -1
234, 0, 56.430043983909016, 75.65487465931935, 116.10334871421671, 53.73248063898264, -1, -1, -1, -1
235, 0, 56.451550230705884, 75.65482069132347, 116.09519954667245, 53.7271917752786, -1, -1, -1, -1
236, 0, 56.47305647750275, 75.65476672332758, 116.08705037912819, 53.72190291157455, -1, -1, -1, -1
237, 0, 56.49456272429962, 75.6547127553317, 116.07890121158394, 53.71661404787051, -1, -1, -1, -1
238, 0, 56.51606897109649, 75.65465878733582, 116.0707520440397, 53.71132518416646, -1, -1, -1, -1
239, 0, 56.537575217893355, 75.65460481933994, 116.06260287649545, 53.70603632046242, -1, -1, -1, -1
240, 0, 56.55908146469022, 75.65455085134406, 116.0544537089512, 53.700747456758364, -1, -1, -1, -1
241, 0, 56.58058771148709, 75.65449688334817, 116.04630454140694, 53.69545859305432, -1, -1, -1, -1
242, 0, 56.63320650853939, 75.6464016837991, 116.04646644539659, 53.70347284060661, -1, -1, -1, -1
243, 0, 56.68582530559168, 75.63830648425002, 116.04662834938625, 53.71148708815889, -1, -1, -1, -1
244, 0, 56.738444102643975, 75.63021128470095, 116.0467902533759, 53.71950133571118, -1, -1, -1, -1
245, 0, 56.79106289969627, 75.62211608515186, 116.04695215736555, 53.72751558326347, -1, -1, -1, -1
246, 0, 56.84368169674857, 75.61402088560277, 116.0471140613552, 53.73552983081575, -1, -1, -1, -1
247, 0, 56.896300493800865, 75.6059256860537, 116.04727596534485, 53.74354407836804, -1, -1, -1, -1
248, 0, 56.948919290853155, 75.59783048650462, 116.0474378693345, 53.75155832592033, -1, -1, -1, -1
249, 0, 57.00153808790545, 75.58973528695554, 116.04759977332415, 53.75957257347261, -1, -1, -1, -1
250, 0, 57.05415688495775, 75.58164008740647, 116.04776167731382, 53.767586821024885, -1, -1, -1, -1
251, 0, 57.10677568201004, 75.5735448878574, 116.04792358130348, 53.77560106857716, -1, -1, -1, -1
252, 0, 57.159394479062335, 75.56544968830832, 116.04808548529314, 53.783615316129435, -1, -1, -1, -1
253, 0, 57.21201327611463, 75.55735448875924, 116.04824738928279, 53.79162956368171, -1, -1, -1, -1
254, 0, 57.26463207316693, 75.54925928921017, 116.04840929327244, 53.79964381123399, -1, -1, -1, -1
255, 0, 57.317250870219226, 75.5411640896611, 116.0485711972621, 53.80765805878628, -1, -1, -1, -1
256, 0, 57.369869667271516, 75.53306889011202, 116.04873310125176, 53.81567230633857, -1, -1, -1, -1
257, 0, 57.42248846432381, 75.52497369056293, 116.0488950052414, 53.82368655389085, -1, -1, -1, -1
258, 0, 57.47510726137611, 75.51687849101384, 116.04905690923106, 53.83170080144314, -1, -1, -1, -1
259, 0, 57.5277260584284, 75.50878329146477, 116.0492188132207, 53.83971504899543, -1, -1, -1, -1
260, 0, 57.580344855480696, 75.50068809191569, 116.04938071721035, 53.84772929654771, -1, -1, -1, -1
261, 0, 57.63296365253299, 75.49259289236662, 116.0495426212, 53.8557435441, -1, -1, -1, -1
262, 0, 57.71526484792467, 75.4966404921444, 116.1171645214139, 53.86375779165, -1, -1, -1, -1
263, 0, 57.79756604331635, 75.50068809192217, 116.18478642162779, 53.871772039199996, -1, -1, -1, -1
264, 0, 57.87986723870803, 75.50473569169995, 116.25240832184168, 53.87978628674999, -1, -1, -1, -1
265, 0, 57.9621684340997, 75.50878329147771, 116.32003022205558, 53.887800534299984, -1, -1, -1, -1
266, 0, 58.04446962949138, 75.51283089125549, 116.38765212226947, 53.89581478184997, -1, -1, -1, -1
267, 0, 58.12677082488306, 75.51687849103327, 116.45527402248337, 53.90382902939996, -1, -1, -1, -1
268, 0, 58.20907202027474, 75.52092609081105, 116.52289592269726, 53.911843276949945, -1, -1, -1, -1
269, 0, 58.29137321566642, 75.52497369058882, 116.59051782291115, 53.91985752449993, -1, -1, -1, -1
270, 0, 58.37367441105809, 75.52902129036659, 116.65813972312506, 53.927871772049926, -1, -1, -1, -1
271, 0, 58.45597560644977, 75.53306889014436, 116.72576162333895, 53.93588601959993, -1, -1, -1, -1
272, 0, 58.53827680184145, 75.53711648992214, 116.79338352355285, 53.94390026714993, -1, -1, -1, -1
273, 0, 58.62057799723313, 75.54116408969992, 116.86100542376676, 53.95191451469992, -1, -1, -1, -1
274, 0, 58.79925061579941, 75.54521168947306, 116.83225590080588, 53.95992876225087, -1, -1, -1, -1
275, 0, 58.97792323436569, 75.54925928924621, 116.803506377845, 53.96794300980181, -1, -1, -1, -1
276, 0, 59.15659585293197, 75.55330688901935, 116.77475685488412, 53.975957257352746, -1, -1, -1, -1
277, 0, 59.335268471498246, 75.55735448879248, 116.74600733192324, 53.98397150490369, -1, -1, -1, -1
278, 0, 59.51394109006453, 75.56140208856563, 116.71725780896236, 53.991985752454625, -1, -1, -1, -1
279, 0, 59.69261370863081, 75.56544968833877, 116.68850828600148, 54.000000000005556, -1, -1, -1, -1
280, 0, 59.87128632719709, 75.56949728811192, 116.6597587630406, 54.00801424755649, -1, -1, -1, -1
281, 0, 60.04995894576337, 75.57354488788506, 116.63100924007972, 54.01602849510742, -1, -1, -1, -1
282, 0, 60.228631564329646, 75.5775924876582, 116.60225971711884, 54.02404274265837, -1, -1, -1, -1
283, 0, 60.40730418289593, 75.58164008743134, 116.57351019415796, 54.032056990209306, -1, -1, -1, -1
284, 0, 60.58597680146221, 75.58568768720448, 116.54476067119708, 54.040071237760245, -1, -1, -1, -1
285, 0, 60.76464942002849, 75.58973528697763, 116.5160111482362, 54.04808548531119, -1, -1, -1, -1
286, 0, 60.94332203859477, 75.59378288675077, 116.48726162527532, 54.05609973286212, -1, -1, -1, -1
287, 0, 61.12199465716105, 75.59783048652392, 116.45851210231446, 54.06411398041306, -1, -1, -1, -1
288, 0, 61.300667275727335, 75.60187808629706, 116.42976257935359, 54.072128227964, -1, -1, -1, -1
289, 0, 61.47933989429361, 75.6059256860702, 116.40101305639271, 54.08014247551493, -1, -1, -1, -1
290, 0, 61.658012512859884, 75.60997328584332, 116.37226353343183, 54.08815672306588, -1, -1, -1, -1
291, 0, 61.836685131426165, 75.61402088561647, 116.34351401047095, 54.09617097061682, -1, -1, -1, -1
292, 0, 62.01535774999245, 75.61806848538961, 116.31476448751008, 54.10418521816776, -1, -1, -1, -1
293, 0, 62.19403036855873, 75.62211608516276, 116.28601496454921, 54.1121994657187, -1, -1, -1, -1
294, 0, 62.37270298712501, 75.6261636849359, 116.25726544158833, 54.120213713269635, -1, -1, -1, -1
295, 0, 62.55137560569129, 75.63021128470905, 116.22851591862745, 54.12822796082057, -1, -1, -1, -1
296, 0, 62.73004822425757, 75.6342588844822, 116.19976639566657, 54.1362422083715, -1, -1, -1, -1
297, 0, 62.908720842823854, 75.63830648425534, 116.17101687270569, 54.14425645592243, -1, -1, -1, -1
298, 0, 63.087393461390135, 75.64235408402848, 116.14226734974481, 54.15227070347337, -1, -1, -1, -1
299, 0, 63.26606607995642, 75.64640168380163, 116.11351782678393, 54.16028495102431, -1, -1, -1, -1
300, 0, 63.4447386985227, 75.65044928357477, 116.08476830382305, 54.168299198575255, -1, -1, -1, -1
301, 0, 63.62341131708897, 75.6544968833479, 116.05601878086217, 54.176313446126194, -1, -1, -1, -1
302, 0, 63.947985451769085, 75.66031964473666, 116.03393912409922, 54.16249667518477, -1, -1, -1, -1
303, 0, 64.2725595864492, 75.6661424061254, 116.01185946733625, 54.14867990424335, -1, -1, -1, -1
304, 0, 64.59713372112932, 75.67196516751414, 115.98977981057328, 54.13486313330193, -1, -1, -1, -1
305, 0, 64.92170785580944, 75.6777879289029, 115.96770015381031, 54.1210463623605, -1, -1, -1, -1
306, 0, 65.24628199048956, 75.68361069029166, 115.94562049704734, 54.10722959141907, -1, -1, -1, -1
307, 0, 65.57085612516968, 75.6894334516804, 115.92354084028437, 54.09341282047763, -1, -1, -1, -1
308, 0, 65.8954302598498, 75.69525621306916, 115.9014611835214, 54.07959604953619, -1, -1, -1, -1
309, 0, 66.22000439452992, 75.70107897445791, 115.87938152675844, 54.06577927859476, -1, -1, -1, -1
310, 0, 66.54457852921004, 75.70690173584666, 115.85730186999547, 54.051962507653336, -1, -1, -1, -1
311, 0, 66.86915266389016, 75.71272449723541, 115.8352222132325, 54.03814573671191, -1, -1, -1, -1
312, 0, 67.19372679857028, 75.71854725862417, 115.81314255646953, 54.024328965770486, -1, -1, -1, -1
313, 0, 67.51830093325039, 75.72437002001291, 115.79106289970657, 54.01051219482906, -1, -1, -1, -1
314, 0, 67.8428750679305, 75.73019278140166, 115.7689832429436, 53.99669542388763, -1, -1, -1, -1
315, 0, 68.16744920261063, 75.73601554279041, 115.74690358618064, 53.9828786529462, -1, -1, -1, -1
316, 0, 68.49202333729075, 75.74183830417917, 115.72482392941767, 53.969061882004766, -1, -1, -1, -1
317, 0, 68.81659747197087, 75.74766106556791, 115.7027442726547, 53.955245111063334, -1, -1, -1, -1
318, 0, 69.14117160665099, 75.75348382695665, 115.68066461589173, 53.94142834012191, -1, -1, -1, -1
319, 0, 69.4657457413311, 75.75930658834541, 115.65858495912876, 53.927611569180485, -1, -1, -1, -1
320, 0, 69.79031987601122, 75.76512934973417, 115.63650530236579, 53.91379479823906, -1, -1, -1, -1
321, 0, 70.11489401069134, 75.77095211112291, 115.61442564560282, 53.899978027297635, -1, -1, -1, -1
322, 0, 70.43946814537145, 75.77677487251167, 115.59234598883987, 53.8861612563562, -1, -1, -1, -1
323, 0, 70.76404228005157, 75.78259763390042, 115.5702663320769, 53.872344485414764, -1, -1, -1, -1
324, 0, 71.08861641473169, 75.78842039528917, 115.54818667531393, 53.858527714473325, -1, -1, -1, -1
325, 0, 71.41319054941181, 75.79424315667792, 115.52610701855096, 53.844710943531894, -1, -1, -1, -1
326, 0, 71.73776468409193, 75.80006591806668, 115.50402736178799, 53.83089417259047, -1, -1, -1, -1
327, 0, 72.06233881877205, 75.80588867945542, 115.48194770502502, 53.817077401649044, -1, -1, -1, -1
328, 0, 72.38691295345217, 75.81171144084416, 115.45986804826205, 53.80326063070762, -1, -1, -1, -1
329, 0, 72.71148708813229, 75.81753420223292, 115.43778839149908, 53.789443859766195, -1, -1, -1, -1
330, 0, 73.12657622873508, 75.84144513843293, 115.45618473246995, 53.757538914016195, -1, -1, -1, -1
331, 0, 73.54166536933788, 75.86535607463296, 115.47458107344082, 53.725633968266195, -1, -1, -1, -1
332, 0, 73.95675450994068, 75.88926701083298, 115.49297741441168, 53.693729022516195, -1, -1, -1, -1
333, 0, 74.37184365054347, 75.91317794703299, 115.51137375538255, 53.661824076766194, -1, -1, -1, -1
334, 0, 74.78693279114627, 75.937088883233, 115.52977009635342, 53.629919131016194, -1, -1, -1, -1
335, 0, 75.20202193174907, 75.96099981943303, 115.54816643732428, 53.598014185266194, -1, -1, -1, -1
336, 0, 75.61711107235186, 75.98491075563305, 115.56656277829515, 53.566109239516194, -1, -1, -1, -1
337, 0, 76.03220021295466, 76.00882169183306, 115.58495911926603, 53.534204293766194, -1, -1, -1, -1
338, 0, 76.44728935355747, 76.03273262803307, 115.6033554602369, 53.502299348016194, -1, -1, -1, -1
339, 0, 76.86237849416025, 76.0566435642331, 115.62175180120776, 53.47039440226619, -1, -1, -1, -1
340, 0, 77.27746763476304, 76.08055450043312, 115.64014814217863, 53.43848945651618, -1, -1, -1, -1
341, 0, 77.69255677536584, 76.10446543663315, 115.6585444831495, 53.40658451076618, -1, -1, -1, -1
342, 0, 78.10764591596865, 76.12837637283317, 115.67694082412036, 53.37467956501619, -1, -1, -1, -1
343, 0, 78.52273505657143, 76.15228730903318, 115.69533716509123, 53.342774619266194, -1, -1, -1, -1
344, 0, 78.93782419717422, 76.1761982452332, 115.7137335060621, 53.3108696735162, -1, -1, -1, -1
345, 0, 79.35291333777703, 76.20010918143322, 115.73212984703297, 53.27896472776621, -1, -1, -1, -1
346, 0, 79.76800247837983, 76.22402011763324, 115.75052618800385, 53.24705978201621, -1, -1, -1, -1
347, 0, 80.18309161898262, 76.24793105383326, 115.76892252897471, 53.21515483626621, -1, -1, -1, -1
348, 0, 80.59818075958542, 76.27184199003327, 115.78731886994558, 53.18324989051621, -1, -1, -1, -1
349, 0, 81.01326990018822, 76.29575292623329, 115.80571521091645, 53.15134494476621, -1, -1, -1, -1
350, 0, 81.42835904079101, 76.31966386243332, 115.82411155188731, 53.11943999901621, -1, -1, -1, -1
351, 0, 81.84344818139381, 76.34357479863333, 115.84250789285818, 53.08753505326621, -1, -1, -1, -1
352, 0, 82.25853732199661, 76.36748573483334, 115.86090423382905, 53.05563010751621, -1, -1, -1, -1
353, 0, 82.6736264625994, 76.39139667103336, 115.87930057479991, 53.02372516176621, -1, -1, -1, -1
354, 0, 83.2014701683143, 76.36519446718096, 115.82252720569207, 53.04193335606459, -1, -1, -1, -1
355, 0, 83.7293138740292, 76.33899226332855, 115.76575383658422, 53.060141550362964, -1, -1, -1, -1
356, 0, 84.2571575797441, 76.31279005947616, 115.70898046747638, 53.07834974466134, -1, -1, -1, -1
357, 0, 84.78500128545902, 76.28658785562375, 115.65220709836852, 53.09655793895972, -1, -1, -1, -1
358, 0, 85.31284499117393, 76.26038565177134, 115.59543372926066, 53.1147661332581, -1, -1, -1, -1
359, 0, 85.84068869688883, 76.23418344791895, 115.5386603601528, 53.13297432755648, -1, -1, -1, -1
360, 0, 86.36853240260373, 76.20798124406656, 115.48188699104495, 53.151182521854864, -1, -1, -1, -1
361, 0, 86.89637610831865, 76.18177904021415, 115.42511362193709, 53.169390716153245, -1, -1, -1, -1
362, 0, 87.42421981403356, 76.15557683636175, 115.36834025282923, 53.18759891045163, -1, -1, -1, -1
363, 0, 87.95206351974846, 76.12937463250935, 115.31156688372138, 53.20580710475, -1, -1, -1, -1
364, 0, 88.47990722546336, 76.10317242865695, 115.25479351461354, 53.224015299048375, -1, -1, -1, -1
365, 0, 89.00775093117826, 76.07697022480454, 115.1980201455057, 53.242223493346756, -1, -1, -1, -1
366, 0, 89.53559463689317, 76.05076802095213, 115.14124677639784, 53.26043168764514, -1, -1, -1, -1
367, 0, 90.06343834260808, 76.02456581709973, 115.08447340728998, 53.278639881943526, -1, -1, -1, -1
368, 0, 90.591282048323, 75.99836361324734, 115.02770003818212, 53.296848076241915, -1, -1, -1, -1
369, 0, 91.1191257540379, 75.97216140939493, 114.97092666907426, 53.315056270540296, -1, -1, -1, -1
370, 0, 91.6469694597528, 75.94595920554252, 114.91415329996642, 53.33326446483868, -1, -1, -1, -1
371, 0, 92.1748131654677, 75.91975700169013, 114.85737993085857, 53.35147265913705, -1, -1, -1, -1
372, 0, 92.7026568711826, 75.89355479783772, 114.80060656175073, 53.369680853435426, -1, -1, -1, -1
373, 0, 93.23050057689751, 75.86735259398532, 114.74383319264287, 53.38788904773381, -1, -1, -1, -1
374, 0, 93.75834428261243, 75.84115039013292, 114.68705982353501, 53.40609724203219, -1, -1, -1, -1
375, 0, 94.28618798832733, 75.81494818628052, 114.63028645442715, 53.42430543633057, -1, -1, -1, -1
376, 0, 94.81403169404223, 75.78874598242811, 114.57351308531929, 53.44251363062895, -1, -1, -1, -1
377, 0, 95.34187539975714, 75.76254377857572, 114.51673971621143, 53.46072182492733, -1, -1, -1, -1
378, 0, 95.86971910547206, 75.73634157472331, 114.45996634710357, 53.478930019225714, -1, -1, -1, -1
379, 0, 96.39756281118696, 75.7101393708709, 114.40319297799573, 53.49713821352409, -1, -1, -1, -1
380, 0, 96.92540651690186, 75.68393716701851, 114.34641960888789, 53.51534640782246, -1, -1, -1, -1
381, 0, 97.45325022261676, 75.6577349631661, 114.28964623978004, 53.533554602120844, -1, -1, -1, -1
382, 0, 98.08763503242251, 75.66569524271779, 114.20896408429599, 53.528238754419746, -1, -1, -1, -1
383, 0, 98.72201984222826, 75.67365552226948, 114.12828192881193, 53.52292290671864, -1, -1, -1, -1
384, 0, 99.35640465203402, 75.68161580182118, 114.04759977332787, 53.517607059017536, -1, -1, -1, -1
385, 0, 99.99078946183977, 75.68957608137288, 113.96691761784382, 53.51229121131644, -1, -1, -1, -1
386, 0, 100.62517427164552, 75.69753636092457, 113.88623546235976, 53.50697536361533, -1, -1, -1, -1
387, 0, 101.25955908145127, 75.70549664047626, 113.80555330687571, 53.50165951591423, -1, -1, -1, -1
388, 0, 101.89394389125702, 75.71345692002794, 113.72487115139165, 53.49634366821312, -1, -1, -1, -1
389, 0, 102.52832870106278, 75.72141719957963, 113.6441889959076, 53.491027820512016, -1, -1, -1, -1
390, 0, 103.16271351086853, 75.72937747913133, 113.56350684042354, 53.48571197281092, -1, -1, -1, -1
391, 0, 103.79709832067428, 75.73733775868303, 113.48282468493949, 53.48039612510981, -1, -1, -1, -1
392, 0, 104.43148313048002, 75.74529803823472, 113.40214252945543, 53.47508027740871, -1, -1, -1, -1
393, 0, 105.06586794028577, 75.7532583177864, 113.32146037397139, 53.46976442970761, -1, -1, -1, -1
394, 0, 105.70025275009152, 75.76121859733809, 113.24077821848734, 53.464448582006504, -1, -1, -1, -1
395, 0, 106.33463755989727, 75.76917887688978, 113.16009606300328, 53.4591327343054, -1, -1, -1, -1
396, 0, 106.96902236970303, 75.77713915644148, 113.07941390751922, 53.453816886604294, -1, -1, -1, -1
397, 0, 107.60340717950878, 75.78509943599316, 112.99873175203517, 53.44850103890319, -1, -1, -1, -1
398, 0, 108.23779198931453, 75.79305971554484, 112.91804959655111, 53.44318519120209, -1, -1, -1, -1
399, 0, 108.87217679912028, 75.80101999509654, 112.83736744106706, 53.43786934350099, -1, -1, -1, -1
400, 0, 109.50656160892603, 75.80898027464823, 112.756685285583, 53.432553495799894, -1, -1, -1, -1
401, 0, 110.14094641873179, 75.81694055419993, 112.67600313009895, 53.427237648098796, -1, -1, -1, -1
402, 0, 110.81175962650056, 75.82490083375615, 112.59532097461783, 53.421921800392596, -1, -1, -1, -1
403, 0, 111.48257283426935, 75.83286111331238, 112.51463881913674, 53.4166059526864, -1, -1, -1, -1
404, 0, 112.15338604203814, 75.8408213928686, 112.43395666365562, 53.41129010498021, -1, -1, -1, -1
405, 0, 112.82419924980692, 75.84878167242482, 112.35327450817451, 53.40597425727401, -1, -1, -1, -1
406, 0, 113.49501245757571, 75.85674195198104, 112.2725923526934, 53.40065840956781, -1, -1, -1, -1
407, 0, 114.16582566534449, 75.86470223153725, 112.19191019721228, 53.39534256186162, -1, -1, -1, -1
408, 0, 114.83663887311326, 75.87266251109347, 112.11122804173117, 53.390026714155425, -1, -1, -1, -1
409, 0, 115.50745208088205, 75.8806227906497, 112.03054588625005, 53.384710866449225, -1, -1, -1, -1
410, 0, 116.17826528865083, 75.88858307020593, 111.94986373076894, 53.379395018743026, -1, -1, -1, -1
411, 0, 116.84907849641962, 75.89654334976214, 111.86918157528783, 53.37407917103683, -1, -1, -1, -1
412, 0, 117.51989170418841, 75.90450362931836, 111.7884994198067, 53.36876332333064, -1, -1, -1, -1
413, 0, 118.19070491195718, 75.91246390887457, 111.70781726432558, 53.36344747562444, -1, -1, -1, -1
414, 0, 118.86151811972596, 75.92042418843079, 111.62713510884447, 53.35813162791824, -1, -1, -1, -1
415, 0, 119.53233132749475, 75.92838446798702, 111.54645295336336, 53.35281578021205, -1, -1, -1, -1
416, 0, 120.20314453526353, 75.93634474754325, 111.46577079788224, 53.347499932505855, -1, -1, -1, -1
417, 0, 120.87395774303232, 75.94430502709946, 111.38508864240113, 53.342184084799655, -1, -1, -1, -1
418, 0, 121.58749561507399, 75.95226530665781, 111.26393048918729, 53.336868237099665, -1, -1, -1, -1
419, 0, 122.30103348711566, 75.96022558621614, 111.14277233597343, 53.33155238939968, -1, -1, -1, -1
420, 0, 123.01457135915734, 75.96818586577447, 111.02161418275958, 53.3262365416997, -1, -1, -1, -1
421, 0, 123.72810923119901, 75.97614614533282, 110.90045602954574, 53.32092069399971, -1, -1, -1, -1
422, 0, 124.44164710324068, 75.98410642489117, 110.77929787633188, 53.31560484629973, -1, -1, -1, -1
423, 0, 125.15518497528235, 75.9920667044495, 110.65813972311803, 53.310288998599745, -1, -1, -1, -1
424, 0, 125.86872284732402, 76.00002698400783, 110.53698156990417, 53.30497315089976, -1, -1, -1, -1
425, 0, 126.58226071936569, 76.00798726356618, 110.41582341669032, 53.29965730319978, -1, -1, -1, -1
426, 0, 127.29579859140736, 76.01594754312453, 110.29466526347647, 53.29434145549979, -1, -1, -1, -1
427, 0, 128.00933646344905, 76.02390782268286, 110.17350711026262, 53.2890256077998, -1, -1, -1, -1
428, 0, 128.7228743354907, 76.03186810224119, 110.05234895704876, 53.28370976009981, -1, -1, -1, -1
429, 0, 129.43641220753238, 76.03982838179954, 109.93119080383491, 53.27839391239982, -1, -1, -1, -1
430, 0, 130.20391807655443, 76.04778866135126, 109.21638468386558, 53.27307806469835, -1, -1, -1, -1
431, 0, 130.97142394557648, 76.055748940903, 108.50157856389626, 53.267762216996886, -1, -1, -1, -1
432, 0, 131.73892981459852, 76.06370922045474, 107.78677244392694, 53.26244636929542, -1, -1, -1, -1
433, 0, 132.5064356836206, 76.07166950000646, 107.07196632395761, 53.25713052159395, -1, -1, -1, -1
434, 0, 133.27394155264264, 76.07962977955819, 106.35716020398829, 53.25181467389248, -1, -1, -1, -1
435, 0, 134.04144742166469, 76.08759005910991, 105.64235408401896, 53.24649882619101, -1, -1, -1, -1
436, 0, 134.80895329068673, 76.09555033866164, 104.92754796404964, 53.24118297848953, -1, -1, -1, -1
437, 0, 135.57645915970878, 76.10351061821338, 104.21274184408031, 53.235867130788066, -1, -1, -1, -1
438, 0, 136.34396502873085, 76.11147089776512, 103.49793572411099, 53.2305512830866, -1, -1, -1, -1
439, 0, 137.1114708977529, 76.11943117731684, 102.78312960414166, 53.22523543538513, -1, -1, -1, -1
440, 0, 137.87897676677494, 76.12739145686857, 102.06832348417234, 53.21991958768366, -1, -1, -1, -1
441, 0, 138.64648263579699, 76.1353517364203, 101.35351736420301, 53.21460373998219, -1, -1, -1, -1
442, 0, 139.47366747233178, 76.17828520544461, 100.52633252766822, 53.143047958275034, -1, -1, -1, -1
443, 0, 140.30085230886658, 76.2212186744689, 99.69914769113343, 53.07149217656787, -1, -1, -1, -1
444, 0, 141.12803714540138, 76.26415214349319, 98.87196285459865, 52.99993639486071, -1, -1, -1, -1
445, 0, 141.95522198193615, 76.3070856125175, 98.04477801806385, 52.92838061315355, -1, -1, -1, -1
446, 0, 142.78240681847092, 76.3500190815418, 97.21759318152905, 52.85682483144639, -1, -1, -1, -1
447, 0, 143.60959165500572, 76.3929525505661, 96.39040834499427, 52.785269049739235, -1, -1, -1, -1
448, 0, 144.4367764915405, 76.43588601959038, 95.56322350845949, 52.71371326803208, -1, -1, -1, -1
449, 0, 145.2639613280753, 76.47881948861468, 94.73603867192469, 52.64215748632492, -1, -1, -1, -1
450, 0, 146.0911461646101, 76.52175295763897, 93.90885383538989, 52.57060170461775, -1, -1, -1, -1
451, 0, 146.9183310011449, 76.56468642666327, 93.08166899885511, 52.49904592291058, -1, -1, -1, -1
452, 0, 147.7455158376797, 76.60761989568758, 92.25448416232032, 52.427490141203414, -1, -1, -1, -1
453, 0, 148.57270067421447, 76.65055336471187, 91.42729932578553, 52.355934359496246, -1, -1, -1, -1
454, 0, 149.39988551074927, 76.69348683373616, 90.60011448925073, 52.284378577789084, -1, -1, -1, -1
455, 0, 150.22707034728407, 76.73642030276046, 89.77292965271593, 52.21282279608192, -1, -1, -1, -1
456, 0, 151.05425518381887, 76.77935377178477, 88.94574481618113, 52.14126701437476, -1, -1, -1, -1
457, 0, 151.88144002035366, 76.82228724080906, 88.11855997964634, 52.0697112326676, -1, -1, -1, -1
458, 0, 152.70862485688843, 76.86522070983335, 87.29137514311154, 51.99815545096044, -1, -1, -1, -1
459, 0, 153.53580969342323, 76.90815417885766, 86.46419030657675, 51.92659966925328, -1, -1, -1, -1
460, 0, 154.36299452995803, 76.95108764788196, 85.63700547004197, 51.85504388754612, -1, -1, -1, -1
461, 0, 155.19017936649283, 76.99402111690625, 84.80982063350717, 51.783488105838956, -1, -1, -1, -1
462, 0, 156.01736420302763, 77.03695458593054, 83.98263579697237, 51.711932324131794, -1, -1, -1, -1
463, 0, 156.84454903956242, 77.07988805495484, 83.15545096043759, 51.640376542424626, -1, -1, -1, -1
464, 0, 157.67173387609722, 77.12282152397913, 82.32826612390281, 51.56882076071746, -1, -1, -1, -1
465, 0, 158.498918712632, 77.16575499300343, 81.50108128736801, 51.497264979010296, -1, -1, -1, -1
466, 0, 159.32610354916676, 77.20868846202774, 80.67389645083321, 51.425709197303135, -1, -1, -1, -1
467, 0, 160.15328838570156, 77.25162193105203, 79.84671161429843, 51.354153415595974, -1, -1, -1, -1
468, 0, 160.98047322223636, 77.29455540007632, 79.01952677776364, 51.28259763388881, -1, -1, -1, -1
469, 0, 161.80765805877115, 77.33748886910062, 78.19234194122885, 51.21104185218165, -1, -1, -1, -1
470, 0, 162.63484289530595, 77.38042233812493, 77.36515710469405, 51.13948607047449, -1, -1, -1, -1
471, 0, 163.46202773184075, 77.42335580714922, 76.53797226815927, 51.06793028876733, -1, -1, -1, -1
472, 0, 164.28921256837555, 77.46628927617351, 75.71078743162448, 50.99637450706017, -1, -1, -1, -1
473, 0, 165.11639740491032, 77.50922274519782, 74.88360259508968, 50.924818725353006, -1, -1, -1, -1
474, 0, 165.94358224144509, 77.55215621422212, 74.05641775855489, 50.853262943645845, -1, -1, -1, -1
475, 0, 166.77076707797988, 77.59508968324641, 73.2292329220201, 50.78170716193869, -1, -1, -1, -1
476, 0, 167.59795191451468, 77.6380231522707, 72.40204808548532, 50.71015138023154, -1, -1, -1, -1
477, 0, 168.42513675104948, 77.680956621295, 71.57486324895052, 50.638595598524375, -1, -1, -1, -1
478, 0, 169.25232158758428, 77.72389009031929, 70.74767841241572, 50.567039816817214, -1, -1, -1, -1
479, 0, 170.07950642411907, 77.76682355934359, 69.92049357588093, 50.49548403511005, -1, -1, -1, -1
480, 0, 170.90669126065387, 77.8097570283679, 69.09330873934613, 50.42392825340289, -1, -1, -1, -1
481, 0, 171.73387609718867, 77.85269049739219, 68.26612390281133, 50.35237247169573, -1, -1, -1, -1
482, 0, 172.56106093372347, 77.89562396641648, 67.43893906627655, 50.28081668998856, -1, -1, -1, -1
483, 0, 173.38824577025824, 77.93855743544079, 66.61175422974176, 50.209260908281394, -1, -1, -1, -1
484, 0, 174.215430606793, 77.98149090446509, 65.78456939320698, 50.137705126574225, -1, -1, -1, -1
485, 0, 175.0426154433278, 78.02442437348938, 64.9573845566722, 50.06614934486706, -1, -1, -1, -1
486, 0, 175.8698002798626, 78.06735784251367, 64.1301997201374, 49.994593563159896, -1, -1, -1, -1
487, 0, 176.6969851163974, 78.11029131153798, 63.3030148836026, 49.923037781452734, -1, -1, -1, -1
488, 0, 177.5241699529322, 78.15322478056228, 62.4758300470678, 49.85148199974557, -1, -1, -1, -1
489, 0, 178.351354789467, 78.19615824958657, 61.648645210533005, 49.77992621803841, -1, -1, -1, -1
490, 0, 179.1785396260018, 78.23909171861087, 60.821460373998214, 49.70837043633125, -1, -1, -1, -1
491, 0, 180.0057244625366, 78.28202518763516, 59.99427553746342, 49.6368146546241, -1, -1, -1, -1
492, 0, 180.8329092990714, 78.32495865665945, 59.16709070092863, 49.56525887291694, -1, -1, -1, -1
493, 0, 181.66009413560616, 78.36789212568375, 58.33990586439384, 49.49370309120978, -1, -1, -1, -1
494, 0, 182.48727897214093, 78.41082559470806, 57.512721027859044, 49.42214730950262, -1, -1, -1, -1
495, 0, 183.31446380867573, 78.45375906373235, 56.68553619132425, 49.35059152779545, -1, -1, -1, -1
496, 0, 184.14164864521052, 78.49669253275664, 55.85835135478946, 49.27903574608828, -1, -1, -1, -1
497, 0, 184.96883348174532, 78.53962600178095, 55.031166518254665, 49.20747996438112, -1, -1, -1, -1
498, 0, 185.84149599287622, 78.57079252003561, 54.15850400712377, 49.149599287622436, -1, -1, -1, -1
499, 0, 186.71415850400712, 78.60195903829029, 53.28584149599288, 49.09171861086376, -1, -1, -1, -1
500, 0, 187.586821015138, 78.63312555654497, 52.413178984861986, 49.03383793410508, -1, -1, -1, -1
501, 0, 188.4594835262689, 78.66429207479965, 51.54051647373109, 48.975957257346394, -1, -1, -1, -1
502, 0, 189.3321460373998, 78.69545859305433, 50.66785396260019, 48.91807658058771, -1, -1, -1, -1
503, 0, 190.2048085485307, 78.726625111309, 49.79519145146929, 48.86019590382903, -1, -1, -1, -1
504, 0, 191.0774710596616, 78.75779162956368, 48.922528940338395, 48.80231522707035, -1, -1, -1, -1
505, 0, 191.9501335707925, 78.78895814781835, 48.0498664292075, 48.74443455031167, -1, -1, -1, -1
506, 0, 192.8227960819234, 78.82012466607301, 47.17720391807659, 48.68655387355298, -1, -1, -1, -1
507, 0, 193.6954585930543, 78.85129118432769, 46.30454140694569, 48.6286731967943, -1, -1, -1, -1
508, 0, 194.5681211041852, 78.88245770258237, 45.43187889581478, 48.570792520035624, -1, -1, -1, -1
509, 0, 195.44078361531612, 78.91362422083705, 44.55921638468388, 48.51291184327694, -1, -1, -1, -1
510, 0, 196.31344612644702, 78.94479073909173, 43.68655387355298, 48.45503116651825, -1, -1, -1, -1
511, 0, 197.18610863757792, 78.97595725734641, 42.81389136242208, 48.397150489759575, -1, -1, -1, -1
512, 0, 198.05877114870881, 79.00712377560109, 41.941228851291186, 48.3392698130009, -1, -1, -1, -1
513, 0, 198.9314336598397, 79.03829029385575, 41.06856634016029, 48.28138913624221, -1, -1, -1, -1
514, 0, 199.8040961709706, 79.06945681211042, 40.19590382902938, 48.223508459483526, -1, -1, -1, -1
515, 0, 200.6767586821015, 79.1006233303651, 39.32324131789848, 48.16562778272485, -1, -1, -1, -1
516, 0, 201.5494211932324, 79.13178984861977, 38.450578806767574, 48.10774710596617, -1, -1, -1, -1
517, 0, 202.4220837043633, 79.16295636687444, 37.57791629563667, 48.04986642920748, -1, -1, -1, -1
518, 0, 203.2947462154942, 79.1941228851291, 36.70525378450577, 47.9919857524488, -1, -1, -1, -1
519, 0, 204.1674087266251, 79.22528940338378, 35.832591273374874, 47.93410507569012, -1, -1, -1, -1
520, 0, 205.040071237756, 79.25645592163846, 34.959928762243976, 47.87622439893144, -1, -1, -1, -1
521, 0, 205.9127337488869, 79.28762243989314, 34.08726625111308, 47.818343722172756, -1, -1, -1, -1
522, 0, 206.78539626001782, 79.31878895814782, 33.214603739982174, 47.76046304541407, -1, -1, -1, -1
523, 0, 207.65805877114872, 79.3499554764025, 32.34194122885127, 47.70258236865539, -1, -1, -1, -1
524, 0, 208.53072128227961, 79.38112199465718, 31.469278717720364, 47.644701691896714, -1, -1, -1, -1
525, 0, 209.4033837934105, 79.41228851291184, 30.59661620658946, 47.58682101513803, -1, -1, -1, -1
526, 0, 210.2760463045414, 79.44345503116651, 29.72395369545856, 47.52894033837934, -1, -1, -1, -1
527, 0, 211.1487088156723, 79.47462154942119, 28.851291184327664, 47.471059661620664, -1, -1, -1, -1
528, 0, 212.0213713268032, 79.50578806767587, 27.978628673196766, 47.413178984861986, -1, -1, -1, -1
529, 0, 212.8940338379341, 79.53695458593054, 27.10596616206587, 47.3552983081033, -1, -1, -1, -1
530, 0, 213.766696349065, 79.56812110418522, 26.23330365093497, 47.297417631344615, -1, -1, -1, -1
531, 0, 214.6393588601959, 79.5992876224399, 25.360641139804077, 47.23953695458593, -1, -1, -1, -1
532, 0, 215.5120213713268, 79.63045414069458, 24.487978628673183, 47.181656277827244, -1, -1, -1, -1
533, 0, 216.3846838824577, 79.66162065894925, 23.615316117542285, 47.123775601068566, -1, -1, -1, -1
534, 0, 217.24220837043632, 79.8058771148709, 22.757791629563656, 46.52270703472841, -1, -1, -1, -1
535, 0, 218.09973285841494, 79.95013357079253, 21.900267141585022, 45.92163846838825, -1, -1, -1, -1
536, 0, 218.9572573463936, 80.09439002671417, 21.04274265360639, 45.32056990204809, -1, -1, -1, -1
537, 0, 219.8147818343722, 80.2386464826358, 20.18521816562776, 44.71950133570793, -1, -1, -1, -1
538, 0, 220.67230632235083, 80.38290293855744, 19.32769367764913, 44.11843276936777, -1, -1, -1, -1
539, 0, 221.52983081032949, 80.52715939447907, 18.4701691896705, 43.51736420302761, -1, -1, -1, -1
540, 0, 222.3873552983081, 80.6714158504007, 17.61264470169187, 42.91629563668745, -1, -1, -1, -1
541, 0, 223.24487978628673, 80.81567230632236, 16.75512021371324, 42.31522707034729, -1, -1, -1, -1
542, 0, 224.10240427426535, 80.959928762244, 15.897595725734618, 41.71415850400713, -1, -1, -1, -1
543, 0, 224.95992876224398, 81.10418521816564, 15.040071237755996, 41.11308993766696, -1, -1, -1, -1
544, 0, 225.81745325022263, 81.24844167408727, 14.182546749777373, 40.512021371326796, -1, -1, -1, -1
545, 0, 226.67497773820125, 81.39269813000891, 13.32502226179875, 39.910952804986636, -1, -1, -1, -1
546, 0, 227.53250222617987, 81.53695458593054, 12.46749777382012, 39.309884238646475, -1, -1, -1, -1
547, 0, 228.39002671415852, 81.68121104185218, 11.609973285841491, 38.708815672306315, -1, -1, -1, -1
548, 0, 229.24755120213715, 81.82546749777381, 10.752448797862861, 38.107747105966155, -1, -1, -1, -1
549, 0, 230.10507569011577, 81.96972395369546, 9.894924309884232, 37.506678539625995, -1, -1, -1, -1
550, 0, 230.9626001780944, 82.11398040961711, 9.037399821905602, 36.905609973285834, -1, -1, -1, -1
551, 0, 231.820124666073, 82.25823686553875, 8.179875333926972, 36.304541406945674, -1, -1, -1, -1
552, 0, 232.67764915405166, 82.40249332146038, 7.322350845948343, 35.703472840605514, -1, -1, -1, -1
553, 0, 233.5351736420303, 82.54674977738202, 6.464826357969712, 35.10240427426536, -1, -1, -1, -1
554, 0, 234.3766696349065, 83.30810329474622, 5.623330365093487, 34.62154942119324, -1, -1, -1, -1
555, 0, 235.21816562778272, 84.06945681211042, 4.781834372217263, 34.140694568121106, -1, -1, -1, -1
556, 0, 236.05966162065894, 84.83081032947462, 3.9403383793410383, 33.659839715048975, -1, -1, -1, -1
557, 0, 236.90115761353516, 85.59216384683883, 3.098842386464814, 33.17898486197685, -1, -1, -1, -1
558, 0, 236.90115761353516, 85.59216384683883, 3.098842386464814, 33.17898486197685, -1, -1, -1, -1
559, 0, 236.90115761353516, 85.59216384683883, 3.098842386464814, 33.17898486197685, -1, -1, -1, -1
560, 0, 236.90115761353516, 85.59216384683883, 3.098842386464814, 33.17898486197685, -1, -1, -1, -1
