1, 1603472052643934727
2, 1603472052654701312
3, 1603472052665468160
4, 1603472052676235008
5, 1603472052687001727
6, 1603472052697768448
7, 1603472052708535552
8, 1603472052719302656
9, 1603472052730069727
10, 1603472052740836608
11, 1603472052751603200
12, 1603472052762370048
13, 1603472052773136727
14, 1603472052783903232
15, 1603472052794670080
16, 1603472052805436928
17, 1603472052816203727, 0, 0.0, 85.43187889581478, 4.808548530721282, 25.966162065894924
18, 1603472052826970624, 0, 0.0, 84.85084594836064, 6.731563183032465, 29.187241965513543
19, 1603472052837737216, 0, 0.0, 84.26981300090652, 8.654577835343648, 32.408321865132166
20, 1603472052848504064, 0, 0.0, 83.6887800534524, 10.577592487654833, 35.62940176475079
21, 1603472052859270727, 0, 0.0, 83.10774710599827, 12.500607139966016, 38.85048166436941
22, 1603472052870037248, 0, 0.0, 82.5267141585281, 14.50457378774388, 38.995385736255685
23, 1603472052880804096, 0, 0.0, 81.94568121105792, 16.508540435521745, 39.14028980814196
24, 1603472052891570944, 0, 0.0, 81.36464826358772, 18.51250708329961, 39.28519388002823
25, 1603472052902337727, 0, 0.0, 80.78361531611755, 20.516473731077472, 39.43009795191451
26, 1603472052913104896, 0, 0.0, 80.29031409374028, 22.520035618880172, 40.29405812353748
27, 1603472052923871744, 0, 0.0, 79.79701287136302, 24.52359750668287, 41.15801829516046
28, 1603472052934638848, 0, 0.0, 79.30371164898577, 26.527159394485565, 42.02197846678343
29, 1603472052945405727, 0, 0.0, 78.81041042660851, 28.530721282288262, 42.8859386384064
30, 1603472052956172288, 0, 0.0, 78.31710920423126, 30.534283170090962, 43.74989881002938
31, 1603472052966939136, 0, 0.0, 77.82380798185399, 32.53784505789366, 44.613858981652356
32, 1603472052977705984, 0, 0.0, 77.33050675947672, 34.54140694569636, 45.477819153275334
33, 1603472052988472727, 0, 0.0, 76.83720553709946, 36.544968833499055, 46.341779324898305
34, 1603472052999239680, 0, 0.0, 76.82961628752659, 38.548530721297425, 46.720027523711664
35, 1603472053010006272, 0, 0.0, 76.82202703795372, 40.552092609095794, 47.09827572252502
36, 1603472053020773120, 0, 0.0, 76.81443778838084, 42.555654496894164, 47.47652392133838
37, 1603472053031539727, 0, 0.0, 76.80684853880797, 44.55921638469253, 47.854772120151736
38, 1603472053042306304, 0, 0.0, 76.7992592892351, 46.5627782724909, 48.233020318965096
39, 1603472053053073152, 0, 0.0, 76.79167003966222, 48.56634016028927, 48.611268517778456
40, 1603472053063840000, 0, 0.0, 76.78408079008935, 50.56990204808764, 48.98951671659181
41, 1603472053074606727, 0, 0.0, 76.77649154051647, 52.57346393588602, 49.36776491540517
42, 1603472053085373696, 0, 0.0, 76.54631803340187, 54.47016918967525, 49.744866294292024
43, 1603472053096140288, 0, 0.0, 76.31614452628727, 56.36687444346448, 50.12196767317889
44, 1603472053106906880, 0, 0.0, 76.08597101917269, 58.26357969725371, 50.49906905206574
45, 1603472053117673727, 0, 0.0, 75.85579751205809, 60.16028495104294, 50.8761704309526
46, 1603472053128440832, 0, 0.0, 75.62562400494349, 62.056990204832175, 51.25327180983946
47, 1603472053139207680, 0, 0.0, 75.3954504978289, 63.953695458621404, 51.630373188726324
48, 1603472053149974784, 0, 0.0, 75.1652769907143, 65.85040071241063, 52.00747456761319
49, 1603472053160741727, 0, 0.0, 74.9351034835997, 67.74710596619987, 52.38457594650005
50, 1603472053171508224, 0, 0.0, 75.06921395609814, 69.6438112199743, 52.39739334577242
51, 1603472053182275072, 0, 0.0, 75.20332442859657, 71.54051647374872, 52.41021074504479
52, 1603472053193041920, 0, 0.0, 75.33743490109501, 73.43722172752315, 52.423028144317165
53, 1603472053203808727, 0, 0.0, 75.47154537359344, 75.33392698129758, 52.43584554358954
54, 1603472053214575616, 0, 0.0, 75.51836261097448, 77.11797404139224, 52.32089371002371
55, 1603472053225342208, 0, 0.0, 75.56517984835551, 78.90202110148692, 52.205941876457885
56, 1603472053236109056, 0, 0.0, 75.61199708573653, 80.6860681615816, 52.09099004289206
57, 1603472053246875727, 0, 0.0, 75.65881432311757, 82.47011522167627, 51.976038209326234
58, 1603472053257642240, 0, 0.0, 75.7056315604986, 84.25416228177093, 51.86108637576041
59, 1603472053268409088, 0, 0.0, 75.75244879787962, 86.03820934186561, 51.74613454219458
60, 1603472053279175936, 0, 0.0, 75.79926603526064, 87.82225640196027, 51.63118270862876
61, 1603472053289942727, 0, 0.0, 75.84608327264168, 89.60630346205494, 51.51623087506293
62, 1603472053300709632, 0, 0.0, 75.89290051002271, 91.39035052214962, 51.401279041497105
63, 1603472053311476224, 0, 0.0, 75.93971774740373, 93.17439758224428, 51.28632720793128
64, 1603472053322243072, 0, 0.0, 75.98653498478477, 94.95844464233895, 51.171375374365454
65, 1603472053333009727, 0, 0.0, 76.0333522221658, 96.74249170243363, 51.05642354079963
66, 1603472053343776512, 0, 0.0, 76.0396934617992, 98.3376507731001, 51.251787689874654
67, 1603472053354543616, 0, 0.0, 76.0460347014326, 99.93280984376656, 51.44715183894968
68, 1603472053365310720, 0, 0.0, 76.052375941066, 101.52796891443305, 51.642515988024705
69, 1603472053376077727, 0, 0.0, 76.05871718069942, 103.12312798509952, 51.83788013709973
70, 1603472053386844672, 0, 0.0, 76.04482042148277, 104.71828705577448, 52.05348228501637
71, 1603472053397611264, 0, 0.0, 76.03092366226613, 106.31344612644943, 52.26908443293301
72, 1603472053408378112, 0, 0.0, 76.0170269030495, 107.90860519712439, 52.484686580849655
73, 1603472053419144727, 0, 0.0, 76.00313014383285, 109.50376426779935, 52.7002887287663
74, 1603472053429911296, 0, 1.0017809439002208, 76.39399336194245, 110.0971423945675, 52.51113089936331
75, 1603472053440678144, 0, 2.0035618878004415, 76.78485658005206, 110.69052052133563, 52.32197306996031
76, 1603472053451444992, 0, 3.0053428317006623, 77.17571979816168, 111.28389864810376, 52.132815240557306
77, 1603472053462211727, 0, 4.007123775600883, 77.5665830162713, 111.87727677487189, 51.94365741115431
78, 1603472053472978688, 0, 5.193070509188249, 77.33290158935819, 112.04732093868785, 52.12350576107664
79, 1603472053483745280, 0, 6.379017242775615, 77.09922016244509, 112.2173651025038, 52.30335411099898
80, 1603472053494512128, 0, 7.56496397636298, 76.865538735532, 112.38740926631976, 52.48320246092132
81, 1603472053505278727, 0, 8.750910709950347, 76.63185730861889, 112.55745343013574, 52.66305081084366
82, 1603472053516045312, 0, 9.936857443537713, 76.39817588170578, 112.72749759395171, 52.842899160765995
83, 1603472053526812160, 0, 11.12280417712508, 76.16449445479269, 112.89754175776767, 53.02274751068834
84, 1603472053537579008, 0, 12.308750910712446, 75.9308130278796, 113.06758592158363, 53.202595860610685
85, 1603472053548345727, 0, 13.494697644299812, 75.69713160096649, 113.23763008539959, 53.38244421053302
86, 1603472053559112448, 0, 14.680644377874867, 75.70630616045807, 113.40767424919949, 53.319436574066216
87, 1603472053569879552, 0, 15.866591111449921, 75.71548071994965, 113.57771841299939, 53.256428937599416
88, 1603472053580646656, 0, 17.052537845024975, 75.72465527944124, 113.74776257679929, 53.19342130113262
89, 1603472053591413727, 0, 18.23848457860003, 75.73382983893283, 113.9178067405992, 53.13041366466581
90, 1603472053602180608, 0, 19.303003318991742, 75.75649639766343, 113.92594691347426, 53.121374025174205
91, 1603472053612947200, 0, 20.367522059383457, 75.779162956394, 113.93408708634931, 53.11233438568261
92, 1603472053623714048, 0, 21.432040799775173, 75.80182951512458, 113.94222725922437, 53.10329474619101
93, 1603472053634480727, 0, 22.496559540166885, 75.82449607385517, 113.95036743209943, 53.09425510669941
94, 1603472053645247232, 0, 23.561078280558597, 75.84716263258576, 113.9585076049745, 53.0852154672078
95, 1603472053656014080, 0, 24.625597020950313, 75.86982919131634, 113.96664777784956, 53.0761758277162
96, 1603472053666780928, 0, 25.690115761342028, 75.89249575004692, 113.97478795072462, 53.067136188224595
97, 1603472053677547727, 0, 26.75463450173374, 75.91516230877751, 113.98292812359969, 53.05809654873299
98, 1603472053688314624, 0, 27.819153242125456, 75.9378288675081, 113.99106829647475, 53.04905690924139
99, 1603472053699081216, 0, 28.88367198251717, 75.96049542623868, 113.99920846934981, 53.0400172697498
100, 1603472053709848064, 0, 29.948190722908883, 75.98316198496926, 114.00734864222485, 53.0309776302582
101, 1603472053720614727, 0, 31.0127094633006, 76.00582854369985, 114.01548881509991, 53.0219379907666
102, 1603472053731381248, 0, 31.83437221728645, 76.00151110393944, 114.1045809834468, 53.02639035051766
103, 1603472053742148096, 0, 32.6560349712723, 75.99719366417902, 114.19367315179369, 53.030842710268715
104, 1603472053752914944, 0, 33.477697725258146, 75.99287622441861, 114.28276532014057, 53.03529507001977
105, 1603472053763681727, 0, 34.299360479243994, 75.9885587846582, 114.37185748848745, 53.03974742977083
106, 1603472053774448896, 0, 35.12102323322985, 75.98424134489778, 114.46094965683433, 53.04419978952187
107, 1603472053785215744, 0, 35.9426859872157, 75.97992390513738, 114.55004182518121, 53.04865214927292
108, 1603472053795982848, 0, 36.764348741201545, 75.97560646537697, 114.63913399352809, 53.05310450902397
109, 1603472053806749727, 0, 37.58601149518739, 75.97128902561656, 114.72822616187497, 53.05755686877501
110, 1603472053817516288, 0, 38.40767424917324, 75.96697158585614, 114.81731833022187, 53.062009228526065
111, 1603472053828283136, 0, 39.22933700315909, 75.96265414609573, 114.90641049856875, 53.06646158827712
112, 1603472053839049984, 0, 40.050999757144936, 75.95833670633532, 114.99550266691563, 53.07091394802818
113, 1603472053849816727, 0, 40.872662511130784, 75.9540192665749, 115.08459483526252, 53.07536630777923
114, 1603472053860583680, 0, 41.46761999546227, 75.98001914276398, 115.10751536103986, 53.089151956418036
115, 1603472053871350272, 0, 42.06257747979375, 76.00601901895305, 115.1304358868172, 53.10293760505684
116, 1603472053882117120, 0, 42.65753496412523, 76.03201889514213, 115.15335641259455, 53.11672325369564
117, 1603472053892883727, 0, 43.25249244845672, 76.0580187713312, 115.17627693837188, 53.13050890233444
118, 1603472053903650304, 0, 43.84744993278821, 76.08401864752028, 115.19919746414922, 53.144294550973235
119, 1603472053914417152, 0, 44.44240741711969, 76.11001852370936, 115.22211798992657, 53.15808019961203
120, 1603472053925184000, 0, 45.03736490145117, 76.13601839989843, 115.24503851570391, 53.171865848250825
121, 1603472053935950727, 0, 45.63232238578266, 76.16201827608751, 115.26795904148125, 53.18565149688962
122, 1603472053946717696, 0, 46.227279870114145, 76.18801815227658, 115.2908795672586, 53.199437145528414
123, 1603472053957484288, 0, 46.82223735444563, 76.21401802846566, 115.31380009303594, 53.21322279416721
124, 1603472053968250880, 0, 47.41719483877712, 76.24001790465474, 115.33672061881327, 53.227008442806
125, 1603472053979017727, 0, 48.0121523231086, 76.26601778084381, 115.35964114459063, 53.2407940914448
126, 1603472053989784832, 0, 48.60710980744008, 76.29201765703289, 115.38256167036798, 53.2545797400836
127, 1603472054000551680, 0, 49.20206729177157, 76.31801753322196, 115.40548219614531, 53.2683653887224
128, 1603472054011318784, 0, 49.79702477610306, 76.34401740941104, 115.42840272192265, 53.2821510373612
129, 1603472054022085727, 0, 50.39198226043454, 76.37001728560011, 115.4513232477, 53.295936686
130, 1603472054032852224, 0, 50.700234760819995, 76.33530316519386, 115.44725977498126, 53.30972233464375
131, 1603472054043619072, 0, 51.00848726120546, 76.3005890447876, 115.4431963022625, 53.3235079832875
132, 1603472054054385920, 0, 51.316739761590924, 76.26587492438134, 115.43913282954375, 53.337293631931246
133, 1603472054065152727, 0, 51.62499226197639, 76.23116080397509, 115.43506935682501, 53.35107928057499
134, 1603472054075919616, 0, 51.93324476236185, 76.19644668356884, 115.43100588410626, 53.36486492921874
135, 1603472054086686208, 0, 52.24149726274731, 76.16173256316257, 115.4269424113875, 53.37865057786249
136, 1603472054097453056, 0, 52.549749763132766, 76.12701844275631, 115.42287893866876, 53.392436226506234
137, 1603472054108219727, 0, 52.85800226351823, 76.09230432235006, 115.41881546595, 53.40622187514998
138, 1603472054118986240, 0, 53.166254763903694, 76.0575902019438, 115.41475199323125, 53.42000752379374
139, 1603472054129753088, 0, 53.47450726428916, 76.02287608153753, 115.41068852051251, 53.4337931724375
140, 1603472054140519936, 0, 53.78275976467462, 75.98816196113128, 115.40662504779375, 53.44757882108125
141, 1603472054151286727, 0, 54.09101226506008, 75.95344784072502, 115.402561575075, 53.46136446972501
142, 1603472054162053632, 0, 54.39926476544554, 75.91873372031876, 115.39849810235626, 53.47515011836876
143, 1603472054172820224, 0, 54.707517265831, 75.8840195999125, 115.3944346296375, 53.48893576701251
144, 1603472054183587072, 0, 55.015769766216465, 75.84930547950626, 115.39037115691875, 53.502721415656254
145, 1603472054194353727, 0, 55.32402226660193, 75.81459135909999, 115.3863076842, 53.5165070643
146, 1603472054205120512, 0, 55.355688782474765, 75.81023423698747, 115.43621220846458, 53.53029271293748
147, 1603472054215887616, 0, 55.3873552983476, 75.80587711487493, 115.48611673272917, 53.54407836157496
148, 1603472054226654720, 0, 55.41902181422044, 75.8015199927624, 115.53602125699376, 53.55786401021244
149, 1603472054237421727, 0, 55.45068833009328, 75.79716287064987, 115.58592578125834, 53.57164965884992
150, 1603472054248188672, 0, 55.482354845966114, 75.79280574853735, 115.63583030552293, 53.58543530748739
151, 1603472054258955264, 0, 55.51402136183896, 75.78844862642481, 115.68573482978752, 53.59922095612486
152, 1603472054269722112, 0, 55.54568787771179, 75.78409150431229, 115.7356393540521, 53.61300660476233
153, 1603472054280488727, 0, 55.57735439358463, 75.77973438219976, 115.78554387831669, 53.6267922533998
154, 1603472054291255296, 0, 55.60902090945747, 75.77537726008723, 115.83544840258128, 53.64057790203727
155, 1603472054302022144, 0, 55.640687425330306, 75.7710201379747, 115.88535292684585, 53.654363550674745
156, 1603472054312788992, 0, 55.67235394120314, 75.76666301586218, 115.93525745111043, 53.66814919931222
157, 1603472054323555727, 0, 55.704020457075984, 75.76230589374964, 115.98516197537501, 53.68193484794969
158, 1603472054334322688, 0, 55.73568697294882, 75.7579487716371, 116.03506649963958, 53.69572049658717
159, 1603472054345089280, 0, 55.767353488821655, 75.75359164952458, 116.08497102390417, 53.70950614522465
160, 1603472054355856128, 0, 55.7990200046945, 75.74923452741206, 116.13487554816876, 53.72329179386213
161, 1603472054366622727, 0, 55.83068652056733, 75.74487740529952, 116.18478007243334, 53.737077442499604
162, 1603472054377389312, 0, 55.84413883745971, 75.7405202831929, 116.1618278007796, 53.7508630911388
163, 1603472054388156160, 0, 55.85759115435208, 75.73616316108625, 116.13887552912587, 53.76464873977798
164, 1603472054398923008, 0, 55.87104347124445, 75.73180603897961, 116.11592325747213, 53.77843438841717
165, 1603472054409689727, 0, 55.88449578813682, 75.72744891687299, 116.09297098581838, 53.79222003705635
166, 1603472054420456448, 0, 55.89794810502919, 75.72309179476636, 116.07001871416465, 53.80600568569554
167, 1603472054431223552, 0, 55.911400421921556, 75.71873467265972, 116.04706644251091, 53.819791334334724
168, 1603472054441990656, 0, 55.924852738813925, 75.71437755055308, 116.02411417085717, 53.83357698297391
169, 1603472054452757727, 0, 55.938305055706294, 75.71002042844646, 116.00116189920344, 53.847362631613095
170, 1603472054463524608, 0, 55.951757372598664, 75.70566330633982, 115.97820962754969, 53.861148280252294
171, 1603472054474291200, 0, 55.96520968949103, 75.70130618423318, 115.95525735589595, 53.87493392889149
172, 1603472054485058048, 0, 55.9786620063834, 75.69694906212655, 115.9323050842422, 53.88871957753068
173, 1603472054495824727, 0, 55.99211432327578, 75.69259194001991, 115.90935281258845, 53.90250522616988
174, 1603472054506591232, 0, 56.00556664016815, 75.68823481791327, 115.88640054093472, 53.916290874809064
175, 1603472054517358080, 0, 56.01901895706052, 75.68387769580664, 115.86344826928098, 53.93007652344825
176, 1603472054528124928, 0, 56.032471273952886, 75.67952057370002, 115.84049599762724, 53.943862172087435
177, 1603472054538891727, 0, 56.045923590845256, 75.67516345159338, 115.81754372597351, 53.95764782072662
178, 1603472054549658624, 0, 56.05937590773763, 75.67080632948674, 115.79459145431977, 53.971433469365806
179, 1603472054560425216, 0, 56.07282822463, 75.66644920738011, 115.77163918266604, 53.98521911800499
180, 1603472054571192064, 0, 56.08628054152237, 75.66209208527349, 115.7486869110123, 53.99900476664418
181, 1603472054581958727, 0, 56.09973285841474, 75.65773496316685, 115.72573463935856, 54.01279041528337
182, 1603472054592725248, 0, 56.08750910709745, 75.65768099516822, 115.75131546992695, 54.00750155157989
183, 1603472054603492096, 0, 56.07528535578017, 75.65762702716961, 115.77689630049534, 54.00221268787642
184, 1603472054614258944, 0, 56.06306160446288, 75.65757305917099, 115.80247713106372, 53.996923824172946
185, 1603472054625025727, 0, 56.050837853145595, 75.65751909117236, 115.82805796163211, 53.99163496046947
186, 1603472054635792896, 0, 56.03861410182831, 75.65746512317374, 115.85363879220051, 53.986346096766
187, 1603472054646559744, 0, 56.02639035051102, 75.65741115517511, 115.8792196227689, 53.98105723306252
188, 1603472054657326848, 0, 56.01416659919373, 75.6573571871765, 115.90480045333729, 53.975768369359045
189, 1603472054668093727, 0, 56.00194284787644, 75.65730321917788, 115.93038128390569, 53.970479505655575
190, 1603472054678860288, 0, 55.989719096559156, 75.65724925117925, 115.95596211447408, 53.96519064195209
191, 1603472054689627136, 0, 55.97749534524186, 75.65719528318064, 115.98154294504246, 53.959901778248614
192, 1603472054700393984, 0, 55.96527159392458, 75.65714131518202, 116.00712377561086, 53.95461291454514
193, 1603472054711160727, 0, 55.95304784260729, 75.65708734718339, 116.03270460617925, 53.94932405084165
194, 1603472054721927680, 0, 55.940824091290004, 75.65703337918477, 116.05828543674764, 53.944035187138184
195, 1603472054732694272, 0, 55.92860033997272, 75.65697941118614, 116.08386626731603, 53.93874632343471
196, 1603472054743461120, 0, 55.91637658865543, 75.65692544318753, 116.10944709788441, 53.93345745973123
197, 1603472054754227727, 0, 55.904152837338145, 75.65687147518891, 116.1350279284528, 53.92816859602776
198, 1603472054764994304, 0, 55.89192908602086, 75.65681750719028, 116.16060875902119, 53.92287973232429
199, 1603472054775761152, 0, 55.87970533470357, 75.65676353919167, 116.18618958958959, 53.91759086862081
200, 1603472054786528000, 0, 55.86748158338629, 75.65670957119305, 116.21177042015799, 53.912302004917336
201, 1603472054797294727, 0, 55.855257832069, 75.65665560319442, 116.23735125072638, 53.90701314121387
202, 1603472054808061696, 0, 55.843034080751714, 75.6566016351958, 116.26293208129476, 53.90172427751039
203, 1603472054818828288, 0, 55.83081032943443, 75.65654766719717, 116.28851291186317, 53.89643541380691
204, 1603472054829594880, 0, 55.818586578117134, 75.65649369919856, 116.31409374243155, 53.891146550103436
205, 1603472054840361727, 0, 55.80636282679985, 75.65643973119994, 116.33967457299994, 53.88585768639996
206, 1603472054851128832, 0, 55.827869073596716, 75.65638576320406, 116.3315254054557, 53.88056882269592
207, 1603472054861895680, 0, 55.849375320393584, 75.65633179520817, 116.32337623791145, 53.875279958991875
208, 1603472054872662784, 0, 55.87088156719045, 75.65627782721229, 116.3152270703672, 53.86999109528783
209, 1603472054883429727, 0, 55.89238781398732, 75.65622385921641, 116.30707790282295, 53.86470223158379
210, 1603472054894196224, 0, 55.91389406078419, 75.65616989122053, 116.29892873527871, 53.859413367879746
211, 1603472054904963072, 0, 55.935400307581055, 75.65611592322465, 116.29077956773445, 53.8541245041757
212, 1603472054915729920, 0, 55.95690655437792, 75.65606195522876, 116.28263040019019, 53.848835640471655
213, 1603472054926496727, 0, 55.97841280117479, 75.65600798723288, 116.27448123264594, 53.84354677676761
214, 1603472054937263616, 0, 55.99991904797166, 75.655954019237, 116.2663320651017, 53.838257913063565
215, 1603472054948030208, 0, 56.02142529476853, 75.65590005124112, 116.25818289755745, 53.83296904935952
216, 1603472054958797056, 0, 56.042931541565395, 75.65584608324524, 116.2500337300132, 53.827680185655474
217, 1603472054969563727, 0, 56.06443778836226, 75.65579211524935, 116.24188456246895, 53.82239132195143
218, 1603472054980330240, 0, 56.08594403515913, 75.65573814725347, 116.23373539492471, 53.81710245824738
219, 1603472054991097088, 0, 56.107450281956, 75.65568417925759, 116.22558622738045, 53.81181359454334
220, 1603472055001863936, 0, 56.128956528752866, 75.65563021126171, 116.21743705983619, 53.80652473083929
221, 1603472055012630727, 0, 56.150462775549734, 75.65557624326583, 116.20928789229194, 53.80123586713525
222, 1603472055023397632, 0, 56.1719690223466, 75.65552227526993, 116.2011387247477, 53.795947003431195
223, 1603472055034164224, 0, 56.19347526914347, 75.65546830727405, 116.19298955720345, 53.79065813972715
224, 1603472055044931072, 0, 56.21498151594034, 75.65541433927817, 116.1848403896592, 53.785369276023104
225, 1603472055055697727, 0, 56.236487762737205, 75.65536037128228, 116.17669122211495, 53.78008041231905
226, 1603472055066464512, 0, 56.25799400953407, 75.6553064032864, 116.16854205457071, 53.774791548615006
227, 1603472055077231616, 0, 56.27950025633094, 75.65525243529052, 116.16039288702645, 53.76950268491096
228, 1603472055087998720, 0, 56.30100650312781, 75.65519846729464, 116.15224371948219, 53.764213821206916
229, 1603472055098765727, 0, 56.32251274992468, 75.65514449929876, 116.14409455193794, 53.75892495750287
230, 1603472055109532672, 0, 56.344018996721545, 75.65509053130287, 116.1359453843937, 53.753636093798825
231, 1603472055120299264, 0, 56.36552524351841, 75.655036563307, 116.12779621684945, 53.74834723009478
232, 1603472055131066112, 0, 56.38703149031528, 75.65498259531111, 116.1196470493052, 53.743058366390734
233, 1603472055141832727, 0, 56.40853773711215, 75.65492862731523, 116.11149788176095, 53.73776950268669
234, 1603472055152599296, 0, 56.430043983909016, 75.65487465931935, 116.10334871421671, 53.73248063898264
235, 1603472055163366144, 0, 56.451550230705884, 75.65482069132347, 116.09519954667245, 53.7271917752786
236, 1603472055174132992, 0, 56.47305647750275, 75.65476672332758, 116.08705037912819, 53.72190291157455
237, 1603472055184899727, 0, 56.49456272429962, 75.6547127553317, 116.07890121158394, 53.71661404787051
238, 1603472055195666688, 0, 56.51606897109649, 75.65465878733582, 116.0707520440397, 53.71132518416646
239, 1603472055206433280, 0, 56.537575217893355, 75.65460481933994, 116.06260287649545, 53.70603632046242
240, 1603472055217200128, 0, 56.55908146469022, 75.65455085134406, 116.0544537089512, 53.700747456758364
241, 1603472055227966727, 0, 56.58058771148709, 75.65449688334817, 116.04630454140694, 53.69545859305432
242, 1603472055238733312, 0, 56.63320650853939, 75.6464016837991, 116.04646644539659, 53.70347284060661
243, 1603472055249500160, 0, 56.68582530559168, 75.63830648425002, 116.04662834938625, 53.71148708815889
244, 1603472055260267008, 0, 56.738444102643975, 75.63021128470095, 116.0467902533759, 53.71950133571118
245, 1603472055271033727, 0, 56.79106289969627, 75.62211608515186, 116.04695215736555, 53.72751558326347
246, 1603472055281800448, 0, 56.84368169674857, 75.61402088560277, 116.0471140613552, 53.73552983081575
247, 1603472055292567552, 0, 56.896300493800865, 75.6059256860537, 116.04727596534485, 53.74354407836804
248, 1603472055303334656, 0, 56.948919290853155, 75.59783048650462, 116.0474378693345, 53.75155832592033
249, 1603472055314101727, 0, 57.00153808790545, 75.58973528695554, 116.04759977332415, 53.75957257347261
250, 1603472055324868608, 0, 57.05415688495775, 75.58164008740647, 116.04776167731382, 53.767586821024885
251, 1603472055335635200, 0, 57.10677568201004, 75.5735448878574, 116.04792358130348, 53.77560106857716
252, 1603472055346402048, 0, 57.159394479062335, 75.56544968830832, 116.04808548529314, 53.783615316129435
253, 1603472055357168727, 0, 57.21201327611463, 75.55735448875924, 116.04824738928279, 53.79162956368171
254, 1603472055367935232, 0, 57.26463207316693, 75.54925928921017, 116.04840929327244, 53.79964381123399
255, 1603472055378702080, 0, 57.317250870219226, 75.5411640896611, 116.0485711972621, 53.80765805878628
256, 1603472055389468928, 0, 57.369869667271516, 75.53306889011202, 116.04873310125176, 53.81567230633857
257, 1603472055400235727, 0, 57.42248846432381, 75.52497369056293, 116.0488950052414, 53.82368655389085
258, 1603472055411002624, 0, 57.47510726137611, 75.51687849101384, 116.04905690923106, 53.83170080144314
259, 1603472055421769216, 0, 57.5277260584284, 75.50878329146477, 116.0492188132207, 53.83971504899543
260, 1603472055432536064, 0, 57.580344855480696, 75.50068809191569, 116.04938071721035, 53.84772929654771
261, 1603472055443302727, 0, 57.63296365253299, 75.49259289236662, 116.0495426212, 53.8557435441
262, 1603472055454069248, 0, 57.71526484792467, 75.4966404921444, 116.1171645214139, 53.86375779165
263, 1603472055464836096, 0, 57.79756604331635, 75.50068809192217, 116.18478642162779, 53.871772039199996
264, 1603472055475602944, 0, 57.87986723870803, 75.50473569169995, 116.25240832184168, 53.87978628674999
265, 1603472055486369727, 0, 57.9621684340997, 75.50878329147771, 116.32003022205558, 53.887800534299984
266, 1603472055497136896, 0, 58.04446962949138, 75.51283089125549, 116.38765212226947, 53.89581478184997
267, 1603472055507903744, 0, 58.12677082488306, 75.51687849103327, 116.45527402248337, 53.90382902939996
268, 1603472055518670848, 0, 58.20907202027474, 75.52092609081105, 116.52289592269726, 53.911843276949945
269, 1603472055529437727, 0, 58.29137321566642, 75.52497369058882, 116.59051782291115, 53.91985752449993
270, 1603472055540204288, 0, 58.37367441105809, 75.52902129036659, 116.65813972312506, 53.927871772049926
271, 1603472055550971136, 0, 58.45597560644977, 75.53306889014436, 116.72576162333895, 53.93588601959993
272, 1603472055561737984, 0, 58.53827680184145, 75.53711648992214, 116.79338352355285, 53.94390026714993
273, 1603472055572504727, 0, 58.62057799723313, 75.54116408969992, 116.86100542376676, 53.95191451469992
274, 1603472055583271680, 0, 58.79925061579941, 75.54521168947306, 116.83225590080588, 53.95992876225087
275, 1603472055594038272, 0, 58.97792323436569, 75.54925928924621, 116.803506377845, 53.96794300980181
276, 1603472055604805120, 0, 59.15659585293197, 75.55330688901935, 116.77475685488412, 53.975957257352746
277, 1603472055615571727, 0, 59.335268471498246, 75.55735448879248, 116.74600733192324, 53.98397150490369
278, 1603472055626338304, 0, 59.51394109006453, 75.56140208856563, 116.71725780896236, 53.991985752454625
279, 1603472055637105152, 0, 59.69261370863081, 75.56544968833877, 116.68850828600148, 54.000000000005556
280, 1603472055647872000, 0, 59.87128632719709, 75.56949728811192, 116.6597587630406, 54.00801424755649
281, 1603472055658638727, 0, 60.04995894576337, 75.57354488788506, 116.63100924007972, 54.01602849510742
282, 1603472055669405696, 0, 60.228631564329646, 75.5775924876582, 116.60225971711884, 54.02404274265837
283, 1603472055680172288, 0, 60.40730418289593, 75.58164008743134, 116.57351019415796, 54.032056990209306
284, 1603472055690938880, 0, 60.58597680146221, 75.58568768720448, 116.54476067119708, 54.040071237760245
285, 1603472055701705727, 0, 60.76464942002849, 75.58973528697763, 116.5160111482362, 54.04808548531119
286, 1603472055712472832, 0, 60.94332203859477, 75.59378288675077, 116.48726162527532, 54.05609973286212
287, 1603472055723239680, 0, 61.12199465716105, 75.59783048652392, 116.45851210231446, 54.06411398041306
288, 1603472055734006784, 0, 61.300667275727335, 75.60187808629706, 116.42976257935359, 54.072128227964
289, 1603472055744773727, 0, 61.47933989429361, 75.6059256860702, 116.40101305639271, 54.08014247551493
290, 1603472055755540224, 0, 61.658012512859884, 75.60997328584332, 116.37226353343183, 54.08815672306588
291, 1603472055766307072, 0, 61.836685131426165, 75.61402088561647, 116.34351401047095, 54.09617097061682
292, 1603472055777073920, 0, 62.01535774999245, 75.61806848538961, 116.31476448751008, 54.10418521816776
293, 1603472055787840727, 0, 62.19403036855873, 75.62211608516276, 116.28601496454921, 54.1121994657187
294, 1603472055798607616, 0, 62.37270298712501, 75.6261636849359, 116.25726544158833, 54.120213713269635
295, 1603472055809374208, 0, 62.55137560569129, 75.63021128470905, 116.22851591862745, 54.12822796082057
296, 1603472055820141056, 0, 62.73004822425757, 75.6342588844822, 116.19976639566657, 54.1362422083715
297, 1603472055830907727, 0, 62.908720842823854, 75.63830648425534, 116.17101687270569, 54.14425645592243
298, 1603472055841674240, 0, 63.087393461390135, 75.64235408402848, 116.14226734974481, 54.15227070347337
299, 1603472055852441088, 0, 63.26606607995642, 75.64640168380163, 116.11351782678393, 54.16028495102431
300, 1603472055863207936, 0, 63.4447386985227, 75.65044928357477, 116.08476830382305, 54.168299198575255
301, 1603472055873974727, 0, 63.62341131708897, 75.6544968833479, 116.05601878086217, 54.176313446126194
302, 1603472055884741632, 0, 63.947985451769085, 75.66031964473666, 116.03393912409922, 54.16249667518477
303, 1603472055895508224, 0, 64.2725595864492, 75.6661424061254, 116.01185946733625, 54.14867990424335
304, 1603472055906275072, 0, 64.59713372112932, 75.67196516751414, 115.98977981057328, 54.13486313330193
305, 1603472055917041727, 0, 64.92170785580944, 75.6777879289029, 115.96770015381031, 54.1210463623605
306, 1603472055927808512, 0, 65.24628199048956, 75.68361069029166, 115.94562049704734, 54.10722959141907
307, 1603472055938575616, 0, 65.57085612516968, 75.6894334516804, 115.92354084028437, 54.09341282047763
308, 1603472055949342720, 0, 65.8954302598498, 75.69525621306916, 115.9014611835214, 54.07959604953619
309, 1603472055960109727, 0, 66.22000439452992, 75.70107897445791, 115.87938152675844, 54.06577927859476
310, 1603472055970876672, 0, 66.54457852921004, 75.70690173584666, 115.85730186999547, 54.051962507653336
311, 1603472055981643264, 0, 66.86915266389016, 75.71272449723541, 115.8352222132325, 54.03814573671191
312, 1603472055992410112, 0, 67.19372679857028, 75.71854725862417, 115.81314255646953, 54.024328965770486
313, 1603472056003176727, 0, 67.51830093325039, 75.72437002001291, 115.79106289970657, 54.01051219482906
314, 1603472056013943296, 0, 67.8428750679305, 75.73019278140166, 115.7689832429436, 53.99669542388763
315, 1603472056024710144, 0, 68.16744920261063, 75.73601554279041, 115.74690358618064, 53.9828786529462
316, 1603472056035476992, 0, 68.49202333729075, 75.74183830417917, 115.72482392941767, 53.969061882004766
317, 1603472056046243727, 0, 68.81659747197087, 75.74766106556791, 115.7027442726547, 53.955245111063334
318, 1603472056057010688, 0, 69.14117160665099, 75.75348382695665, 115.68066461589173, 53.94142834012191
319, 1603472056067777280, 0, 69.4657457413311, 75.75930658834541, 115.65858495912876, 53.927611569180485
320, 1603472056078544128, 0, 69.79031987601122, 75.76512934973417, 115.63650530236579, 53.91379479823906
321, 1603472056089310727, 0, 70.11489401069134, 75.77095211112291, 115.61442564560282, 53.899978027297635
322, 1603472056100077312, 0, 70.43946814537145, 75.77677487251167, 115.59234598883987, 53.8861612563562
323, 1603472056110844160, 0, 70.76404228005157, 75.78259763390042, 115.5702663320769, 53.872344485414764
324, 1603472056121611008, 0, 71.08861641473169, 75.78842039528917, 115.54818667531393, 53.858527714473325
325, 1603472056132377727, 0, 71.41319054941181, 75.79424315667792, 115.52610701855096, 53.844710943531894
326, 1603472056143144448, 0, 71.73776468409193, 75.80006591806668, 115.50402736178799, 53.83089417259047
327, 1603472056153911552, 0, 72.06233881877205, 75.80588867945542, 115.48194770502502, 53.817077401649044
328, 1603472056164678656, 0, 72.38691295345217, 75.81171144084416, 115.45986804826205, 53.80326063070762
329, 1603472056175445727, 0, 72.71148708813229, 75.81753420223292, 115.43778839149908, 53.789443859766195
330, 1603472056186212608, 0, 73.12657622873508, 75.84144513843293, 115.45618473246995, 53.757538914016195
331, 1603472056196979200, 0, 73.54166536933788, 75.86535607463296, 115.47458107344082, 53.725633968266195
332, 1603472056207746048, 0, 73.95675450994068, 75.88926701083298, 115.49297741441168, 53.693729022516195
333, 1603472056218512727, 0, 74.37184365054347, 75.91317794703299, 115.51137375538255, 53.661824076766194
334, 1603472056229279232, 0, 74.78693279114627, 75.937088883233, 115.52977009635342, 53.629919131016194
335, 1603472056240046080, 0, 75.20202193174907, 75.96099981943303, 115.54816643732428, 53.598014185266194
336, 1603472056250812928, 0, 75.61711107235186, 75.98491075563305, 115.56656277829515, 53.566109239516194
337, 1603472056261579727, 0, 76.03220021295466, 76.00882169183306, 115.58495911926603, 53.534204293766194
338, 1603472056272346624, 0, 76.44728935355747, 76.03273262803307, 115.6033554602369, 53.502299348016194
339, 1603472056283113216, 0, 76.86237849416025, 76.0566435642331, 115.62175180120776, 53.47039440226619
340, 1603472056293880064, 0, 77.27746763476304, 76.08055450043312, 115.64014814217863, 53.43848945651618
341, 1603472056304646727, 0, 77.69255677536584, 76.10446543663315, 115.6585444831495, 53.40658451076618
342, 1603472056315413248, 0, 78.10764591596865, 76.12837637283317, 115.67694082412036, 53.37467956501619
343, 1603472056326180096, 0, 78.52273505657143, 76.15228730903318, 115.69533716509123, 53.342774619266194
344, 1603472056336946944, 0, 78.93782419717422, 76.1761982452332, 115.7137335060621, 53.3108696735162
345, 1603472056347713727, 0, 79.35291333777703, 76.20010918143322, 115.73212984703297, 53.27896472776621
346, 1603472056358480896, 0, 79.76800247837983, 76.22402011763324, 115.75052618800385, 53.24705978201621
347, 1603472056369247744, 0, 80.18309161898262, 76.24793105383326, 115.76892252897471, 53.21515483626621
348, 1603472056380014848, 0, 80.59818075958542, 76.27184199003327, 115.78731886994558, 53.18324989051621
349, 1603472056390781727, 0, 81.01326990018822, 76.29575292623329, 115.80571521091645, 53.15134494476621
350, 1603472056401548288, 0, 81.42835904079101, 76.31966386243332, 115.82411155188731, 53.11943999901621
351, 1603472056412315136, 0, 81.84344818139381, 76.34357479863333, 115.84250789285818, 53.08753505326621
352, 1603472056423081984, 0, 82.25853732199661, 76.36748573483334, 115.86090423382905, 53.05563010751621
353, 1603472056433848727, 0, 82.6736264625994, 76.39139667103336, 115.87930057479991, 53.02372516176621
354, 1603472056444615680, 0, 83.2014701683143, 76.36519446718096, 115.82252720569207, 53.04193335606459
355, 1603472056455382272, 0, 83.7293138740292, 76.33899226332855, 115.76575383658422, 53.060141550362964
356, 1603472056466149120, 0, 84.2571575797441, 76.31279005947616, 115.70898046747638, 53.07834974466134
357, 1603472056476915727, 0, 84.78500128545902, 76.28658785562375, 115.65220709836852, 53.09655793895972
358, 1603472056487682304, 0, 85.31284499117393, 76.26038565177134, 115.59543372926066, 53.1147661332581
359, 1603472056498449152, 0, 85.84068869688883, 76.23418344791895, 115.5386603601528, 53.13297432755648
360, 1603472056509216000, 0, 86.36853240260373, 76.20798124406656, 115.48188699104495, 53.151182521854864
361, 1603472056519982727, 0, 86.89637610831865, 76.18177904021415, 115.42511362193709, 53.169390716153245
362, 1603472056530749696, 0, 87.42421981403356, 76.15557683636175, 115.36834025282923, 53.18759891045163
363, 1603472056541516288, 0, 87.95206351974846, 76.12937463250935, 115.31156688372138, 53.20580710475
364, 1603472056552282880, 0, 88.47990722546336, 76.10317242865695, 115.25479351461354, 53.224015299048375
365, 1603472056563049727, 0, 89.00775093117826, 76.07697022480454, 115.1980201455057, 53.242223493346756
366, 1603472056573816832, 0, 89.53559463689317, 76.05076802095213, 115.14124677639784, 53.26043168764514
367, 1603472056584583680, 0, 90.06343834260808, 76.02456581709973, 115.08447340728998, 53.278639881943526
368, 1603472056595350784, 0, 90.591282048323, 75.99836361324734, 115.02770003818212, 53.296848076241915
369, 1603472056606117727, 0, 91.1191257540379, 75.97216140939493, 114.97092666907426, 53.315056270540296
370, 1603472056616884224, 0, 91.6469694597528, 75.94595920554252, 114.91415329996642, 53.33326446483868
371, 1603472056627651072, 0, 92.1748131654677, 75.91975700169013, 114.85737993085857, 53.35147265913705
372, 1603472056638417920, 0, 92.7026568711826, 75.89355479783772, 114.80060656175073, 53.369680853435426
373, 1603472056649184727, 0, 93.23050057689751, 75.86735259398532, 114.74383319264287, 53.38788904773381
374, 1603472056659951616, 0, 93.75834428261243, 75.84115039013292, 114.68705982353501, 53.40609724203219
375, 1603472056670718208, 0, 94.28618798832733, 75.81494818628052, 114.63028645442715, 53.42430543633057
376, 1603472056681485056, 0, 94.81403169404223, 75.78874598242811, 114.57351308531929, 53.44251363062895
377, 1603472056692251727, 0, 95.34187539975714, 75.76254377857572, 114.51673971621143, 53.46072182492733
378, 1603472056703018240, 0, 95.86971910547206, 75.73634157472331, 114.45996634710357, 53.478930019225714
379, 1603472056713785088, 0, 96.39756281118696, 75.7101393708709, 114.40319297799573, 53.49713821352409
380, 1603472056724551936, 0, 96.92540651690186, 75.68393716701851, 114.34641960888789, 53.51534640782246
381, 1603472056735318727, 0, 97.45325022261676, 75.6577349631661, 114.28964623978004, 53.533554602120844
382, 1603472056746085632, 0, 98.08763503242251, 75.66569524271779, 114.20896408429599, 53.528238754419746
383, 1603472056756852224, 0, 98.72201984222826, 75.67365552226948, 114.12828192881193, 53.52292290671864
384, 1603472056767619072, 0, 99.35640465203402, 75.68161580182118, 114.04759977332787, 53.517607059017536
385, 1603472056778385727, 0, 99.99078946183977, 75.68957608137288, 113.96691761784382, 53.51229121131644
386, 1603472056789152512, 0, 100.62517427164552, 75.69753636092457, 113.88623546235976, 53.50697536361533
387, 1603472056799919616, 0, 101.25955908145127, 75.70549664047626, 113.80555330687571, 53.50165951591423
388, 1603472056810686720, 0, 101.89394389125702, 75.71345692002794, 113.72487115139165, 53.49634366821312
389, 1603472056821453727, 0, 102.52832870106278, 75.72141719957963, 113.6441889959076, 53.491027820512016
390, 1603472056832220672, 0, 103.16271351086853, 75.72937747913133, 113.56350684042354, 53.48571197281092
391, 1603472056842987264, 0, 103.79709832067428, 75.73733775868303, 113.48282468493949, 53.48039612510981
392, 1603472056853754112, 0, 104.43148313048002, 75.74529803823472, 113.40214252945543, 53.47508027740871
393, 1603472056864520727, 0, 105.06586794028577, 75.7532583177864, 113.32146037397139, 53.46976442970761
394, 1603472056875287296, 0, 105.70025275009152, 75.76121859733809, 113.24077821848734, 53.464448582006504
395, 1603472056886054144, 0, 106.33463755989727, 75.76917887688978, 113.16009606300328, 53.4591327343054
396, 1603472056896820992, 0, 106.96902236970303, 75.77713915644148, 113.07941390751922, 53.453816886604294
397, 1603472056907587727, 0, 107.60340717950878, 75.78509943599316, 112.99873175203517, 53.44850103890319
398, 1603472056918354688, 0, 108.23779198931453, 75.79305971554484, 112.91804959655111, 53.44318519120209
399, 1603472056929121280, 0, 108.87217679912028, 75.80101999509654, 112.83736744106706, 53.43786934350099
400, 1603472056939888128, 0, 109.50656160892603, 75.80898027464823, 112.756685285583, 53.432553495799894
401, 1603472056950654727, 0, 110.14094641873179, 75.81694055419993, 112.67600313009895, 53.427237648098796
402, 1603472056961421312, 0, 110.81175962650056, 75.82490083375615, 112.59532097461783, 53.421921800392596
403, 1603472056972188160, 0, 111.48257283426935, 75.83286111331238, 112.51463881913674, 53.4166059526864
404, 1603472056982955008, 0, 112.15338604203814, 75.8408213928686, 112.43395666365562, 53.41129010498021
405, 1603472056993721727, 0, 112.82419924980692, 75.84878167242482, 112.35327450817451, 53.40597425727401
406, 1603472057004488448, 0, 113.49501245757571, 75.85674195198104, 112.2725923526934, 53.40065840956781
407, 1603472057015255552, 0, 114.16582566534449, 75.86470223153725, 112.19191019721228, 53.39534256186162
408, 1603472057026022656, 0, 114.83663887311326, 75.87266251109347, 112.11122804173117, 53.390026714155425
409, 1603472057036789727, 0, 115.50745208088205, 75.8806227906497, 112.03054588625005, 53.384710866449225
410, 1603472057047556608, 0, 116.17826528865083, 75.88858307020593, 111.94986373076894, 53.379395018743026
411, 1603472057058323200, 0, 116.84907849641962, 75.89654334976214, 111.86918157528783, 53.37407917103683
412, 1603472057069090048, 0, 117.51989170418841, 75.90450362931836, 111.7884994198067, 53.36876332333064
413, 1603472057079856727, 0, 118.19070491195718, 75.91246390887457, 111.70781726432558, 53.36344747562444
414, 1603472057090623232, 0, 118.86151811972596, 75.92042418843079, 111.62713510884447, 53.35813162791824
415, 1603472057101390080, 0, 119.53233132749475, 75.92838446798702, 111.54645295336336, 53.35281578021205
416, 1603472057112156928, 0, 120.20314453526353, 75.93634474754325, 111.46577079788224, 53.347499932505855
417, 1603472057122923727, 0, 120.87395774303232, 75.94430502709946, 111.38508864240113, 53.342184084799655
418, 1603472057133690624, 0, 121.58749561507399, 75.95226530665781, 111.26393048918729, 53.336868237099665
419, 1603472057144457216, 0, 122.30103348711566, 75.96022558621614, 111.14277233597343, 53.33155238939968
420, 1603472057155224064, 0, 123.01457135915734, 75.96818586577447, 111.02161418275958, 53.3262365416997
421, 1603472057165990727, 0, 123.72810923119901, 75.97614614533282, 110.90045602954574, 53.32092069399971
422, 1603472057176757248, 0, 124.44164710324068, 75.98410642489117, 110.77929787633188, 53.31560484629973
423, 1603472057187524096, 0, 125.15518497528235, 75.9920667044495, 110.65813972311803, 53.310288998599745
424, 1603472057198290944, 0, 125.86872284732402, 76.00002698400783, 110.53698156990417, 53.30497315089976
425, 1603472057209057727, 0, 126.58226071936569, 76.00798726356618, 110.41582341669032, 53.29965730319978
426, 1603472057219824896, 0, 127.29579859140736, 76.01594754312453, 110.29466526347647, 53.29434145549979
427, 1603472057230591744, 0, 128.00933646344905, 76.02390782268286, 110.17350711026262, 53.2890256077998
428, 1603472057241358848, 0, 128.7228743354907, 76.03186810224119, 110.05234895704876, 53.28370976009981
429, 1603472057252125727, 0, 129.43641220753238, 76.03982838179954, 109.93119080383491, 53.27839391239982
430, 1603472057262892288, 0, 130.20391807655443, 76.04778866135126, 109.21638468386558, 53.27307806469835
431, 1603472057273659136, 0, 130.97142394557648, 76.055748940903, 108.50157856389626, 53.267762216996886
432, 1603472057284425984, 0, 131.73892981459852, 76.06370922045474, 107.78677244392694, 53.26244636929542
433, 1603472057295192727, 0, 132.5064356836206, 76.07166950000646, 107.07196632395761, 53.25713052159395
434, 1603472057305959680, 0, 133.27394155264264, 76.07962977955819, 106.35716020398829, 53.25181467389248
435, 1603472057316726272, 0, 134.04144742166469, 76.08759005910991, 105.64235408401896, 53.24649882619101
436, 1603472057327493120, 0, 134.80895329068673, 76.09555033866164, 104.92754796404964, 53.24118297848953
437, 1603472057338259727, 0, 135.57645915970878, 76.10351061821338, 104.21274184408031, 53.235867130788066
438, 1603472057349026304, 0, 136.34396502873085, 76.11147089776512, 103.49793572411099, 53.2305512830866
439, 1603472057359793152, 0, 137.1114708977529, 76.11943117731684, 102.78312960414166, 53.22523543538513
440, 1603472057370560000, 0, 137.87897676677494, 76.12739145686857, 102.06832348417234, 53.21991958768366
441, 1603472057381326727, 0, 138.64648263579699, 76.1353517364203, 101.35351736420301, 53.21460373998219
442, 1603472057392093696, 0, 139.47366747233178, 76.17828520544461, 100.52633252766822, 53.143047958275034
443, 1603472057402860288, 0, 140.30085230886658, 76.2212186744689, 99.69914769113343, 53.07149217656787
444, 1603472057413626880, 0, 141.12803714540138, 76.26415214349319, 98.87196285459865, 52.99993639486071
445, 1603472057424393727, 0, 141.95522198193615, 76.3070856125175, 98.04477801806385, 52.92838061315355
446, 1603472057435160832, 0, 142.78240681847092, 76.3500190815418, 97.21759318152905, 52.85682483144639
447, 1603472057445927680, 0, 143.60959165500572, 76.3929525505661, 96.39040834499427, 52.785269049739235
448, 1603472057456694784, 0, 144.4367764915405, 76.43588601959038, 95.56322350845949, 52.71371326803208
449, 1603472057467461727, 0, 145.2639613280753, 76.47881948861468, 94.73603867192469, 52.64215748632492
450, 1603472057478228224, 0, 146.0911461646101, 76.52175295763897, 93.90885383538989, 52.57060170461775
451, 1603472057488995072, 0, 146.9183310011449, 76.56468642666327, 93.08166899885511, 52.49904592291058
452, 1603472057499761920, 0, 147.7455158376797, 76.60761989568758, 92.25448416232032, 52.427490141203414
453, 1603472057510528727, 0, 148.57270067421447, 76.65055336471187, 91.42729932578553, 52.355934359496246
454, 1603472057521295616, 0, 149.39988551074927, 76.69348683373616, 90.60011448925073, 52.284378577789084
455, 1603472057532062208, 0, 150.22707034728407, 76.73642030276046, 89.77292965271593, 52.21282279608192
456, 1603472057542829056, 0, 151.05425518381887, 76.77935377178477, 88.94574481618113, 52.14126701437476
457, 1603472057553595727, 0, 151.88144002035366, 76.82228724080906, 88.11855997964634, 52.0697112326676
458, 1603472057564362240, 0, 152.70862485688843, 76.86522070983335, 87.29137514311154, 51.99815545096044
459, 1603472057575129088, 0, 153.53580969342323, 76.90815417885766, 86.46419030657675, 51.92659966925328
460, 1603472057585895936, 0, 154.36299452995803, 76.95108764788196, 85.63700547004197, 51.85504388754612
461, 1603472057596662727, 0, 155.19017936649283, 76.99402111690625, 84.80982063350717, 51.783488105838956
462, 1603472057607429632, 0, 156.01736420302763, 77.03695458593054, 83.98263579697237, 51.711932324131794
463, 1603472057618196224, 0, 156.84454903956242, 77.07988805495484, 83.15545096043759, 51.640376542424626
464, 1603472057628963072, 0, 157.67173387609722, 77.12282152397913, 82.32826612390281, 51.56882076071746
465, 1603472057639729727, 0, 158.498918712632, 77.16575499300343, 81.50108128736801, 51.497264979010296
466, 1603472057650496512, 0, 159.32610354916676, 77.20868846202774, 80.67389645083321, 51.425709197303135
467, 1603472057661263616, 0, 160.15328838570156, 77.25162193105203, 79.84671161429843, 51.354153415595974
468, 1603472057672030720, 0, 160.98047322223636, 77.29455540007632, 79.01952677776364, 51.28259763388881
469, 1603472057682797727, 0, 161.80765805877115, 77.33748886910062, 78.19234194122885, 51.21104185218165
470, 1603472057693564672, 0, 162.63484289530595, 77.38042233812493, 77.36515710469405, 51.13948607047449
471, 1603472057704331264, 0, 163.46202773184075, 77.42335580714922, 76.53797226815927, 51.06793028876733
472, 1603472057715098112, 0, 164.28921256837555, 77.46628927617351, 75.71078743162448, 50.99637450706017
473, 1603472057725864727, 0, 165.11639740491032, 77.50922274519782, 74.88360259508968, 50.924818725353006
474, 1603472057736631296, 0, 165.94358224144509, 77.55215621422212, 74.05641775855489, 50.853262943645845
475, 1603472057747398144, 0, 166.77076707797988, 77.59508968324641, 73.2292329220201, 50.78170716193869
476, 1603472057758164992, 0, 167.59795191451468, 77.6380231522707, 72.40204808548532, 50.71015138023154
477, 1603472057768931727, 0, 168.42513675104948, 77.680956621295, 71.57486324895052, 50.638595598524375
478, 1603472057779698688, 0, 169.25232158758428, 77.72389009031929, 70.74767841241572, 50.567039816817214
479, 1603472057790465280, 0, 170.07950642411907, 77.76682355934359, 69.92049357588093, 50.49548403511005
480, 1603472057801232128, 0, 170.90669126065387, 77.8097570283679, 69.09330873934613, 50.42392825340289
481, 1603472057811998727, 0, 171.73387609718867, 77.85269049739219, 68.26612390281133, 50.35237247169573
482, 1603472057822765312, 0, 172.56106093372347, 77.89562396641648, 67.43893906627655, 50.28081668998856
483, 1603472057833532160, 0, 173.38824577025824, 77.93855743544079, 66.61175422974176, 50.209260908281394
484, 1603472057844299008, 0, 174.215430606793, 77.98149090446509, 65.78456939320698, 50.137705126574225
485, 1603472057855065727, 0, 175.0426154433278, 78.02442437348938, 64.9573845566722, 50.06614934486706
486, 1603472057865832448, 0, 175.8698002798626, 78.06735784251367, 64.1301997201374, 49.994593563159896
487, 1603472057876599552, 0, 176.6969851163974, 78.11029131153798, 63.3030148836026, 49.923037781452734
488, 1603472057887366656, 0, 177.5241699529322, 78.15322478056228, 62.4758300470678, 49.85148199974557
489, 1603472057898133727, 0, 178.351354789467, 78.19615824958657, 61.648645210533005, 49.77992621803841
490, 1603472057908900608, 0, 179.1785396260018, 78.23909171861087, 60.821460373998214, 49.70837043633125
491, 1603472057919667200, 0, 180.0057244625366, 78.28202518763516, 59.99427553746342, 49.6368146546241
492, 1603472057930434048, 0, 180.8329092990714, 78.32495865665945, 59.16709070092863, 49.56525887291694
493, 1603472057941200727, 0, 181.66009413560616, 78.36789212568375, 58.33990586439384, 49.49370309120978
494, 1603472057951967232, 0, 182.48727897214093, 78.41082559470806, 57.512721027859044, 49.42214730950262
495, 1603472057962734080, 0, 183.31446380867573, 78.45375906373235, 56.68553619132425, 49.35059152779545
496, 1603472057973500928, 0, 184.14164864521052, 78.49669253275664, 55.85835135478946, 49.27903574608828
497, 1603472057984267727, 0, 184.96883348174532, 78.53962600178095, 55.031166518254665, 49.20747996438112
498, 1603472057995034624, 0, 185.84149599287622, 78.57079252003561, 54.15850400712377, 49.149599287622436
499, 1603472058005801216, 0, 186.71415850400712, 78.60195903829029, 53.28584149599288, 49.09171861086376
500, 1603472058016568064, 0, 187.586821015138, 78.63312555654497, 52.413178984861986, 49.03383793410508
501, 1603472058027334727, 0, 188.4594835262689, 78.66429207479965, 51.54051647373109, 48.975957257346394
502, 1603472058038101248, 0, 189.3321460373998, 78.69545859305433, 50.66785396260019, 48.91807658058771
503, 1603472058048868096, 0, 190.2048085485307, 78.726625111309, 49.79519145146929, 48.86019590382903
504, 1603472058059634944, 0, 191.0774710596616, 78.75779162956368, 48.922528940338395, 48.80231522707035
505, 1603472058070401727, 0, 191.9501335707925, 78.78895814781835, 48.0498664292075, 48.74443455031167
506, 1603472058081168896, 0, 192.8227960819234, 78.82012466607301, 47.17720391807659, 48.68655387355298
507, 1603472058091935744, 0, 193.6954585930543, 78.85129118432769, 46.30454140694569, 48.6286731967943
508, 1603472058102702848, 0, 194.5681211041852, 78.88245770258237, 45.43187889581478, 48.570792520035624
509, 1603472058113469727, 0, 195.44078361531612, 78.91362422083705, 44.55921638468388, 48.51291184327694
510, 1603472058124236288, 0, 196.31344612644702, 78.94479073909173, 43.68655387355298, 48.45503116651825
511, 1603472058135003136, 0, 197.18610863757792, 78.97595725734641, 42.81389136242208, 48.397150489759575
512, 1603472058145769984, 0, 198.05877114870881, 79.00712377560109, 41.941228851291186, 48.3392698130009
513, 1603472058156536727, 0, 198.9314336598397, 79.03829029385575, 41.06856634016029, 48.28138913624221
514, 1603472058167303680, 0, 199.8040961709706, 79.06945681211042, 40.19590382902938, 48.223508459483526
515, 1603472058178070272, 0, 200.6767586821015, 79.1006233303651, 39.32324131789848, 48.16562778272485
516, 1603472058188837120, 0, 201.5494211932324, 79.13178984861977, 38.450578806767574, 48.10774710596617
517, 1603472058199603727, 0, 202.4220837043633, 79.16295636687444, 37.57791629563667, 48.04986642920748
518, 1603472058210370304, 0, 203.2947462154942, 79.1941228851291, 36.70525378450577, 47.9919857524488
519, 1603472058221137152, 0, 204.1674087266251, 79.22528940338378, 35.832591273374874, 47.93410507569012
520, 1603472058231904000, 0, 205.040071237756, 79.25645592163846, 34.959928762243976, 47.87622439893144
521, 1603472058242670727, 0, 205.9127337488869, 79.28762243989314, 34.08726625111308, 47.818343722172756
522, 1603472058253437696, 0, 206.78539626001782, 79.31878895814782, 33.214603739982174, 47.76046304541407
523, 1603472058264204288, 0, 207.65805877114872, 79.3499554764025, 32.34194122885127, 47.70258236865539
524, 1603472058274970880, 0, 208.53072128227961, 79.38112199465718, 31.469278717720364, 47.644701691896714
525, 1603472058285737727, 0, 209.4033837934105, 79.41228851291184, 30.59661620658946, 47.58682101513803
526, 1603472058296504832, 0, 210.2760463045414, 79.44345503116651, 29.72395369545856, 47.52894033837934
527, 1603472058307271680, 0, 211.1487088156723, 79.47462154942119, 28.851291184327664, 47.471059661620664
528, 1603472058318038784, 0, 212.0213713268032, 79.50578806767587, 27.978628673196766, 47.413178984861986
529, 1603472058328805727, 0, 212.8940338379341, 79.53695458593054, 27.10596616206587, 47.3552983081033
530, 1603472058339572224, 0, 213.766696349065, 79.56812110418522, 26.23330365093497, 47.297417631344615
531, 1603472058350339072, 0, 214.6393588601959, 79.5992876224399, 25.360641139804077, 47.23953695458593
532, 1603472058361105920, 0, 215.5120213713268, 79.63045414069458, 24.487978628673183, 47.181656277827244
533, 1603472058371872727, 0, 216.3846838824577, 79.66162065894925, 23.615316117542285, 47.123775601068566
534, 1603472058382639616, 0, 217.24220837043632, 79.8058771148709, 22.757791629563656, 46.52270703472841
535, 1603472058393406208, 0, 218.09973285841494, 79.95013357079253, 21.900267141585022, 45.92163846838825
536, 1603472058404173056, 0, 218.9572573463936, 80.09439002671417, 21.04274265360639, 45.32056990204809
537, 1603472058414939727, 0, 219.8147818343722, 80.2386464826358, 20.18521816562776, 44.71950133570793
538, 1603472058425706240, 0, 220.67230632235083, 80.38290293855744, 19.32769367764913, 44.11843276936777
539, 1603472058436473088, 0, 221.52983081032949, 80.52715939447907, 18.4701691896705, 43.51736420302761
540, 1603472058447239936, 0, 222.3873552983081, 80.6714158504007, 17.61264470169187, 42.91629563668745
541, 1603472058458006727, 0, 223.24487978628673, 80.81567230632236, 16.75512021371324, 42.31522707034729
542, 1603472058468773632, 0, 224.10240427426535, 80.959928762244, 15.897595725734618, 41.71415850400713
543, 1603472058479540224, 0, 224.95992876224398, 81.10418521816564, 15.040071237755996, 41.11308993766696
544, 1603472058490307072, 0, 225.81745325022263, 81.24844167408727, 14.182546749777373, 40.512021371326796
545, 1603472058501073727, 0, 226.67497773820125, 81.39269813000891, 13.32502226179875, 39.910952804986636
546, 1603472058511840512, 0, 227.53250222617987, 81.53695458593054, 12.46749777382012, 39.309884238646475
547, 1603472058522607616, 0, 228.39002671415852, 81.68121104185218, 11.609973285841491, 38.708815672306315
548, 1603472058533374720, 0, 229.24755120213715, 81.82546749777381, 10.752448797862861, 38.107747105966155
549, 1603472058544141727, 0, 230.10507569011577, 81.96972395369546, 9.894924309884232, 37.506678539625995
550, 1603472058554908672, 0, 230.9626001780944, 82.11398040961711, 9.037399821905602, 36.905609973285834
551, 1603472058565675264, 0, 231.820124666073, 82.25823686553875, 8.179875333926972, 36.304541406945674
552, 1603472058576442112, 0, 232.67764915405166, 82.40249332146038, 7.322350845948343, 35.703472840605514
553, 1603472058587208727, 0, 233.5351736420303, 82.54674977738202, 6.464826357969712, 35.10240427426536
554, 1603472058597975296, 0, 234.3766696349065, 83.30810329474622, 5.623330365093487, 34.62154942119324
555, 1603472058608742144, 0, 235.21816562778272, 84.06945681211042, 4.781834372217263, 34.140694568121106
556, 1603472058619508992, 0, 236.05966162065894, 84.83081032947462, 3.9403383793410383, 33.659839715048975
557, 1603472058630275727, 0, 236.90115761353516, 85.59216384683883, 3.098842386464814, 33.17898486197685
558, 1603472058641042688, 0, 236.90115761353516, 85.59216384683883, 3.098842386464814, 33.17898486197685
559, 1603472058651809280, 0, 236.90115761353516, 85.59216384683883, 3.098842386464814, 33.17898486197685
560, 1603472058662576128, 0, 236.90115761353516, 85.59216384683883, 3.098842386464814, 33.17898486197685
561, 1603472058673342727
562, 1603472058684109312
563, 1603472058694876160
564, 1603472058705643008
565, 1603472058716409727
566, 1603472058727176448
567, 1603472058737943552
568, 1603472058748710656
569, 1603472058759477727
570, 1603472058770244608
571, 1603472058781011200
572, 1603472058791778048
573, 1603472058802544727
574, 1603472058813311232
575, 1603472058824078080
576, 1603472058834844928
577, 1603472058845611727
578, 1603472058856378624
579, 1603472058867145216
580, 1603472058877912064
581, 1603472058888678727
