1, 1603471594816373364
2, 1603471594827140096
3, 1603471594837907200
4, 1603471594848674304
5, 1603471594859441364
6, 1603471594870208256
7, 1603471594880974848
8, 1603471594891741696
9, 1603471594902508364
10, 1603471594913274880
11, 1603471594924041728
12, 1603471594934808576
13, 1603471594945575364
14, 1603471594956342272
15, 1603471594967108864
16, 1603471594977875712
17, 1603471594988642364
18, 1603471594999408896
19, 1603471595010175744
20, 1603471595020942592
21, 1603471595031709364
22, 1603471595042476544
23, 1603471595053243392
24, 1603471595064010496
25, 1603471595074777364
26, 1603471595085543936
27, 1603471595096310784
28, 1603471595107077632
29, 1603471595117844364
30, 1603471595128611328
31, 1603471595139377920
32, 1603471595150144768
33, 1603471595160911364
34, 1603471595171677952
35, 1603471595182444800
36, 1603471595193211648
37, 1603471595203978364, 0, 0.0, 85.82474226804125, 10.20618556701031, 38.04123711340206
38, 1603471595214744832, 0, 7.72577877960804e-17, 85.40431701031105, 12.75773195875901, 38.975580266576785
39, 1603471595225511680, 0, 1.545155755921608e-16, 84.98389175258086, 15.309278350507707, 39.909923419751514
40, 1603471595236278528, 0, 2.317733633882412e-16, 84.56346649485066, 17.860824742256405, 40.844266572926244
41, 1603471595247045364, 0, 3.090311511843216e-16, 84.14304123712046, 20.412371134005106, 41.77860972610097
42, 1603471595257812480, 0, 3.86288938980402e-16, 83.72261597939026, 22.963917525753807, 42.7129528792757
43, 1603471595268579328, 0, 4.635467267764824e-16, 83.30219072166005, 25.515463917502505, 43.64729603245043
44, 1603471595279346432, 0, 5.408045145725628e-16, 82.88176546392987, 28.067010309251202, 44.58163918562516
45, 1603471595290113364, 0, 6.180623023686432e-16, 82.46134020619967, 30.618556700999903, 45.51598233879989
46, 1603471595300879872, 0, 4.635467267764824e-16, 81.53797708525289, 33.17010309274991, 46.62130385297175
47, 1603471595311646720, 0, 3.090311511843216e-16, 80.6146139643061, 35.72164948449992, 47.726625367143605
48, 1603471595322413568, 0, 1.545155755921608e-16, 79.69125084335931, 38.27319587624993, 48.83194688131546
49, 1603471595333180364, 0, 0.0, 78.76788772241252, 40.82474226799994, 49.93726839548732
50, 1603471595343947264, 0, 0.0, 78.85040032789186, 43.37628865976284, 50.036714183213434
51, 1603471595354713856, 0, 0.0, 78.93291293337121, 45.92783505152575, 50.13615997093954
52, 1603471595365480704, 0, 0.0, 79.01542553885056, 48.479381443288645, 50.23560575866564
53, 1603471595376247364, 0, 0.0, 79.0979381443299, 51.03092783505155, 50.33505154639175
54, 1603471595387013888, 0, 3.8488223544658635e-15, 79.06894329896907, 53.471987990028154, 50.49935567010078
55, 1603471595397780736, 0, 7.697644708931727e-15, 79.03994845360825, 55.91304814500476, 50.663659793809806
56, 1603471595408547584, 0, 1.154646706339759e-14, 79.01095360824743, 58.35410829998136, 50.82796391751883
57, 1603471595419314364, 0, 1.5395289417863454e-14, 78.9819587628866, 60.79516845495797, 50.99226804122786
58, 1603471595430081280, 0, 1.9244111772329315e-14, 78.95296391752578, 63.23622860993457, 51.156572164936875
59, 1603471595440847872, 0, 2.309293412679518e-14, 78.92396907216497, 65.67728876491118, 51.32087628864589
60, 1603471595451614720, 0, 2.6941756481261044e-14, 78.89497422680415, 68.11834891988778, 51.48518041235491
61, 1603471595462381364, 0, 3.079057883572691e-14, 78.86597938144332, 70.55940907486439, 51.64948453606392
62, 1603471595473148160, 0, 3.4639401190192766e-14, 78.8369845360825, 73.000469229841, 51.813788659772946
63, 1603471595483915264, 0, 3.848822354465863e-14, 78.80798969072168, 75.4415293848176, 51.97809278348197
64, 1603471595494682368, 0, 4.2337045899124495e-14, 78.77899484536086, 77.8825895397942, 52.14239690719099
65, 1603471595505449364, 0, 4.618586825359036e-14, 78.75000000000003, 80.32364969477081, 52.306701030900015
66, 1603471595516216320, 0, 4.2337045899124495e-14, 78.7210051546392, 82.6764039727839, 52.47100515461368
67, 1603471595526982912, 0, 3.848822354465863e-14, 78.69201030927837, 85.02915825079698, 52.635309278327334
68, 1603471595537749760, 0, 3.4639401190192766e-14, 78.66301546391755, 87.38191252881006, 52.79961340204099
69, 1603471595548516364, 0, 3.07905788357269e-14, 78.63402061855672, 89.73466680682316, 52.96391752575465
70, 1603471595559282944, 0, 2.6941756481261038e-14, 78.60502577319589, 92.08742108483624, 53.128221649468315
71, 1603471595570049792, 0, 2.3092934126795176e-14, 78.57603092783506, 94.44017536284932, 53.29252577318197
72, 1603471595580816640, 0, 1.9244111772329315e-14, 78.54703608247425, 96.79292964086241, 53.45682989689563
73, 1603471595591583364, 0, 1.539528941786345e-14, 78.51804123711342, 99.14568391887549, 53.62113402060929
74, 1603471595602350336, 0, 1.1546467063397588e-14, 78.4890463917526, 101.49843819688857, 53.785438144322946
75, 1603471595613116928, 0, 7.697644708931725e-15, 78.46005154639177, 103.85119247490167, 53.9497422680366
76, 1603471595623883520, 0, 3.848822354465863e-15, 78.43105670103094, 106.20394675291476, 54.114046391750264
77, 1603471595634650364, 0, 0.0, 78.40206185567011, 108.55670103092784, 54.27835051546392
78, 1603471595645417216, 0, 0.9556799978629406, 78.41863033872758, 109.65622207645796, 54.27835051547294
79, 1603471595656183808, 0, 1.9113599957258811, 78.43519882178506, 110.75574312198808, 54.27835051548195
80, 1603471595666950656, 0, 2.8670399935888216, 78.45176730484253, 111.85526416751819, 54.278350515490956
81, 1603471595677717364, 0, 3.8227199914517622, 78.4683357879, 112.9547852130483, 54.27835051549997
82, 1603471595688484096, 0, 5.661458758924332, 78.4849042709625, 113.17124748895073, 54.27835051549998
83, 1603471595699251200, 0, 7.500197526396901, 78.501472754025, 113.38770976485316, 54.27835051549998
84, 1603471595710018304, 0, 9.33893629386947, 78.5180412370875, 113.60417204075557, 54.27835051549999
85, 1603471595720785364, 0, 11.17767506134204, 78.53460972015, 113.820634316658, 54.278350515499994
86, 1603471595731552256, 0, 13.01641382881461, 78.5511782032125, 114.03709659256043, 54.278350515499994
87, 1603471595742318848, 0, 14.855152596287178, 78.567746686275, 114.25355886846286, 54.278350515499994
88, 1603471595753085696, 0, 16.693891363759747, 78.58431516933751, 114.47002114436529, 54.278350515499994
89, 1603471595763852364, 0, 18.532630131232317, 78.60088365240001, 114.68648342026772, 54.2783505155
90, 1603471595774618880, 0, 20.460591891499185, 78.6174521354751, 114.8137227033781, 54.278350515500065
91, 1603471595785385728, 0, 22.388553651766053, 78.63402061855021, 114.94096198648849, 54.27835051550014
92, 1603471595796152576, 0, 24.31651541203292, 78.6505891016253, 115.06820126959887, 54.2783505155002
93, 1603471595806919364, 0, 26.244477172299785, 78.66715758470039, 115.19544055270926, 54.278350515500264
94, 1603471595817686272, 0, 27.884756995570335, 78.68372606776231, 115.3767483417017, 54.27835051549724
95, 1603471595828452864, 0, 29.52503681884089, 78.70029455082421, 115.55805613069415, 54.2783505154942
96, 1603471595839219712, 0, 31.16531664211144, 78.71686303388611, 115.7393639196866, 54.27835051549117
97, 1603471595849986364, 0, 32.80559646538199, 78.73343151694803, 115.92067170867904, 54.27835051548814
98, 1603471595860752896, 0, 34.44587628865254, 78.75000000000993, 116.10197949767148, 54.278350515485116
99, 1603471595871519744, 0, 36.08615611192309, 78.76656848307184, 116.28328728666392, 54.27835051548208
100, 1603471595882286592, 0, 37.72643593519364, 78.78313696613375, 116.46459507565635, 54.27835051547905
101, 1603471595893053364, 0, 39.366715758464196, 78.79970544919566, 116.64590286464879, 54.27835051547602
102, 1603471595903820544, 0, 41.00699558173474, 78.81627393225756, 116.82721065364123, 54.278350515472994
103, 1603471595914587392, 0, 42.647275405005296, 78.83284241531948, 117.00851844263369, 54.27835051546997
104, 1603471595925354496, 0, 44.28755522827585, 78.8494108983814, 117.18982623162613, 54.27835051546694
105, 1603471595936121364, 0, 45.927835051546396, 78.8659793814433, 117.37113402061857, 54.27835051546392
106, 1603471595946887936, 0, 47.33837241587746, 78.86256003874058, 117.39503699421115, 54.29361096039118
107, 1603471595957654784, 0, 48.74890978020852, 78.85914069603788, 117.41893996780375, 54.30887140531843
108, 1603471595968421632, 0, 50.159447144539584, 78.85572135333518, 117.44284294139635, 54.324131850245685
109, 1603471595979188364, 0, 51.56998450887065, 78.85230201063247, 117.46674591498893, 54.33939229517294
110, 1603471595989955328, 0, 52.98052187320171, 78.84888266792976, 117.49064888858152, 54.3546527401002
111, 1603471596000721920, 0, 54.39105923753277, 78.84546332522706, 117.5145518621741, 54.36991318502746
112, 1603471596011488768, 0, 55.801596601863835, 78.84204398252436, 117.53845483576669, 54.385173629954714
113, 1603471596022255364, 0, 57.2121339661949, 78.83862463982165, 117.56235780935927, 54.40043407488197
114, 1603471596033021952, 0, 58.62267133052596, 78.83520529711893, 117.58626078295185, 54.41569451980922
115, 1603471596043788800, 0, 60.033208694857024, 78.83178595441623, 117.61016375654445, 54.43095496473647
116, 1603471596054555648, 0, 61.443746059188086, 78.82836661171353, 117.63406673013705, 54.44621540966372
117, 1603471596065322364, 0, 62.85428342351915, 78.82494726901082, 117.65796970372963, 54.46147585459097
118, 1603471596076088832, 0, 64.26482078785021, 78.82152792630811, 117.68187267732222, 54.47673629951823
119, 1603471596086855680, 0, 65.67535815218127, 78.81810858360541, 117.70577565091482, 54.49199674444549
120, 1603471596097622528, 0, 67.08589551651234, 78.81468924090271, 117.72967862450741, 54.507257189372744
121, 1603471596108389364, 0, 68.4964328808434, 78.8112698982, 117.7535815981, 54.5225176343
122, 1603471596119156480, 0, 69.6872132099723, 78.80785055549165, 117.77748457169167, 54.537778079225
123, 1603471596129923328, 0, 70.87799353910121, 78.80443121278333, 117.80138754528333, 54.55303852415
124, 1603471596140690432, 0, 72.06877386823012, 78.801011870075, 117.825290518875, 54.568298969074995
125, 1603471596151457364, 0, 73.25955419735902, 78.79759252736666, 117.84919349246667, 54.58355941399999
126, 1603471596162223872, 0, 74.45033452648792, 78.79417318465832, 117.87309646605834, 54.598819858925
127, 1603471596172990720, 0, 75.64111485561682, 78.79075384194999, 117.89699943965002, 54.614080303849995
128, 1603471596183757568, 0, 76.83189518474572, 78.78733449924167, 117.92090241324169, 54.62934074877499
129, 1603471596194524364, 0, 78.02267551387463, 78.78391515653334, 117.94480538683335, 54.6446011937
130, 1603471596205291264, 0, 79.21345584300354, 78.78049581382501, 117.96870836042501, 54.659861638625
131, 1603471596216057856, 0, 80.40423617213244, 78.77707647111667, 117.99261133401669, 54.67512208355
132, 1603471596226824704, 0, 81.59501650126134, 78.77365712840833, 118.01651430760835, 54.690382528475
133, 1603471596237591364, 0, 82.78579683039025, 78.7702377857, 118.0404172812, 54.7056429734
134, 1603471596248357888, 0, 83.75247341578401, 78.76681844298085, 118.06432025480275, 54.72090341832497
135, 1603471596259124736, 0, 84.71915000117777, 78.7633991002617, 118.0882232284055, 54.73616386324994
136, 1603471596269891584, 0, 85.68582658657152, 78.75997975754254, 118.11212620200824, 54.75142430817492
137, 1603471596280658364, 0, 86.65250317196528, 78.7565604148234, 118.13602917561099, 54.76668475309989
138, 1603471596291425280, 0, 87.44626437058335, 78.74323183932222, 118.04099248084131, 54.781945198024886
139, 1603471596302191872, 0, 88.2400255692014, 78.72990326382106, 117.94595578607164, 54.79720564294989
140, 1603471596312958720, 0, 89.03378676781946, 78.7165746883199, 117.85091909130196, 54.812466087874895
141, 1603471596323725364, 0, 89.82754796643754, 78.70324611281872, 117.75588239653227, 54.8277265327999
142, 1603471596334492160, 0, 90.6213091650556, 78.68991753731754, 117.66084570176258, 54.842986977724905
143, 1603471596345259264, 0, 91.41507036367366, 78.67658896181638, 117.56580900699288, 54.85824742264991
144, 1603471596356026368, 0, 92.20883156229173, 78.66326038631522, 117.47077231222319, 54.873507867574915
145, 1603471596366793364, 0, 93.0025927609098, 78.64993181081404, 117.3757356174535, 54.88876831249992
146, 1603471596377560320, 0, 93.79635395952786, 78.63660323531286, 117.28069892268383, 54.90402875742492
147, 1603471596388326912, 0, 94.59011515814593, 78.6232746598117, 117.18566222791414, 54.919289202349916
148, 1603471596399093760, 0, 95.383876356764, 78.60994608431054, 117.09062553314445, 54.93454964727491
149, 1603471596409860364, 0, 96.17763755538206, 78.59661750880936, 116.99558883837477, 54.94981009219991
150, 1603471596420626944, 0, 96.97139875400013, 78.58328893330818, 116.90055214360508, 54.965070537124916
151, 1603471596431393792, 0, 97.7651599526182, 78.56996035780702, 116.8055154488354, 54.98033098204992
152, 1603471596442160640, 0, 98.55892115123626, 78.55663178230586, 116.71047875406569, 54.995591426974926
153, 1603471596452927364, 0, 99.35268234985433, 78.54330320680468, 116.615442059296, 55.01085187189993
154, 1603471596463694336, 0, 100.1464435484724, 78.5299746313035, 116.52040536452631, 55.026112316824936
155, 1603471596474460928, 0, 100.94020474709046, 78.51664605580234, 116.42536866975664, 55.04137276174994
156, 1603471596485227520, 0, 101.73396594570852, 78.50331748030118, 116.33033197498696, 55.056633206674945
157, 1603471596495994364, 0, 102.52772714432659, 78.4899889048, 116.23529528021727, 55.07189365159996
158, 1603471596506761216, 0, 102.83692408032329, 78.4766603292993, 116.19563735831818, 55.08715409652899
159, 1603471596517527808, 0, 103.14612101632, 78.46333175379863, 116.1559794364191, 55.10241454145803
160, 1603471596528294656, 0, 103.4553179523167, 78.45000317829795, 116.11632151452002, 55.11767498638707
161, 1603471596539061364, 0, 103.7645148883134, 78.43667460279725, 116.07666359262093, 55.13293543131611
162, 1603471596549828096, 0, 104.0737118243101, 78.42334602729656, 116.03700567072184, 55.148195876245154
163, 1603471596560595200, 0, 104.3829087603068, 78.41001745179588, 115.99734774882275, 55.163456321174195
164, 1603471596571362304, 0, 104.69210569630351, 78.3966888762952, 115.95768982692366, 55.178716766103236
165, 1603471596582129364, 0, 105.00130263230021, 78.38336030079451, 115.91803190502456, 55.193977211032276
166, 1603471596592896256, 0, 105.3104995682969, 78.37003172529381, 115.87837398312547, 55.20923765596132
167, 1603471596603662848, 0, 105.61969650429361, 78.35670314979313, 115.83871606122639, 55.22449810089035
168, 1603471596614429696, 0, 105.92889344029031, 78.34337457429244, 115.79905813932731, 55.239758545819384
169, 1603471596625196364, 0, 106.238090376287, 78.33004599879175, 115.75940021742824, 55.255018990748425
170, 1603471596635962880, 0, 106.54728731228371, 78.31671742329107, 115.71974229552916, 55.270279435677466
171, 1603471596646729728, 0, 106.85648424828041, 78.30338884779037, 115.68008437363007, 55.28553988060651
172, 1603471596657496576, 0, 107.1656811842771, 78.29006027228968, 115.64042645173097, 55.30080032553555
173, 1603471596668263364, 0, 107.47487812027381, 78.276731696789, 115.6007685298319, 55.31606077046459
174, 1603471596679030272, 0, 107.78407505627052, 78.26340312128832, 115.5611106079328, 55.33132121539363
175, 1603471596689796864, 0, 108.09327199226722, 78.25007454578763, 115.52145268603371, 55.34658166032267
176, 1603471596700563712, 0, 108.40246892826391, 78.23674597028693, 115.48179476413462, 55.36184210525171
177, 1603471596711330364, 0, 108.71166586426062, 78.22341739478625, 115.44213684223553, 55.37710255018075
178, 1603471596722096896, 0, 109.02086280025733, 78.21008881928557, 115.40247892033645, 55.39236299510979
179, 1603471596732863744, 0, 109.33005973625403, 78.19676024378488, 115.36282099843736, 55.40762344003883
180, 1603471596743630592, 0, 109.63925667225072, 78.18343166828419, 115.32316307653826, 55.422883884967874
181, 1603471596754397364, 0, 109.94845360824743, 78.1701030927835, 115.28350515463919, 55.43814432989691
182, 1603471596765164544, 0, 109.95328608247424, 78.1701030927835, 115.27867268041238, 55.43693621134021
183, 1603471596775931392, 0, 109.95811855670104, 78.1701030927835, 115.27384020618558, 55.435728092783506
184, 1603471596786698496, 0, 109.96295103092785, 78.1701030927835, 115.26900773195877, 55.4345199742268
185, 1603471596797465364, 0, 109.96778350515466, 78.1701030927835, 115.26417525773196, 55.4333118556701
186, 1603471596808231936, 0, 109.97261597938146, 78.1701030927835, 115.25934278350516, 55.4321037371134
187, 1603471596818998784, 0, 109.97744845360826, 78.1701030927835, 115.25451030927836, 55.430895618556704
188, 1603471596829765632, 0, 109.98228092783506, 78.1701030927835, 115.24967783505156, 55.42968750000001
189, 1603471596840532364, 0, 109.98711340206187, 78.1701030927835, 115.24484536082475, 55.42847938144331
190, 1603471596851299328, 0, 109.99194587628867, 78.1701030927835, 115.24001288659795, 55.427271262886606
191, 1603471596862065920, 0, 109.99677835051548, 78.1701030927835, 115.23518041237114, 55.4260631443299
192, 1603471596872832768, 0, 110.00161082474229, 78.1701030927835, 115.23034793814433, 55.4248550257732
193, 1603471596883599364, 0, 110.00644329896909, 78.1701030927835, 115.22551546391753, 55.423646907216494
194, 1603471596894365952, 0, 110.01127577319589, 78.1701030927835, 115.22068298969073, 55.4224387886598
195, 1603471596905132800, 0, 110.0161082474227, 78.1701030927835, 115.21585051546393, 55.4212306701031
196, 1603471596915899648, 0, 110.0209407216495, 78.1701030927835, 115.21101804123712, 55.4200225515464
197, 1603471596926666364, 0, 110.0257731958763, 78.1701030927835, 115.20618556701032, 55.418814432989706
198, 1603471596937432832, 0, 110.0306056701031, 78.1701030927835, 115.20135309278352, 55.417606314433
199, 1603471596948199680, 0, 110.0354381443299, 78.1701030927835, 115.19652061855672, 55.4163981958763
200, 1603471596958966528, 0, 110.04027061855672, 78.1701030927835, 115.1916881443299, 55.41519007731959
201, 1603471596969733364, 0, 110.04510309278352, 78.1701030927835, 115.1868556701031, 55.41398195876289
202, 1603471596980500480, 0, 110.04993556701032, 78.1701030927835, 115.1820231958763, 55.41277384020619
203, 1603471596991267328, 0, 110.05476804123712, 78.1701030927835, 115.1771907216495, 55.411565721649495
204, 1603471597002034432, 0, 110.05960051546393, 78.1701030927835, 115.1723582474227, 55.4103576030928
205, 1603471597012801364, 0, 110.06443298969073, 78.1701030927835, 115.16752577319589, 55.4091494845361
206, 1603471597023567872, 0, 110.06926546391753, 78.1701030927835, 115.16269329896909, 55.4079413659794
207, 1603471597034334720, 0, 110.07409793814435, 78.1701030927835, 115.15786082474227, 55.40673324742269
208, 1603471597045101568, 0, 110.07893041237115, 78.1701030927835, 115.15302835051547, 55.40552512886599
209, 1603471597055868364, 0, 110.08376288659795, 78.1701030927835, 115.14819587628867, 55.404317010309285
210, 1603471597066635264, 0, 110.08859536082475, 78.1701030927835, 115.14336340206187, 55.40310889175258
211, 1603471597077401856, 0, 110.09342783505156, 78.1701030927835, 115.13853092783506, 55.40190077319588
212, 1603471597088168704, 0, 110.09826030927836, 78.1701030927835, 115.13369845360826, 55.40069265463917
213, 1603471597098935364, 0, 110.10309278350516, 78.1701030927835, 115.12886597938146, 55.39948453608247
214, 1603471597109701888, 0, 110.10792525773196, 78.1701030927835, 115.12403350515466, 55.39827641752577
215, 1603471597120468736, 0, 110.11275773195877, 78.1701030927835, 115.11920103092785, 55.397068298969074
216, 1603471597131235584, 0, 110.11759020618558, 78.1701030927835, 115.11436855670104, 55.39586018041238
217, 1603471597142002364, 0, 110.12242268041238, 78.1701030927835, 115.10953608247424, 55.39465206185568
218, 1603471597152769280, 0, 110.12725515463919, 78.1701030927835, 115.10470360824743, 55.393443943298976
219, 1603471597163535872, 0, 110.13208762886599, 78.1701030927835, 115.09987113402063, 55.39223582474227
220, 1603471597174302720, 0, 110.13692010309279, 78.1701030927835, 115.09503865979383, 55.39102770618557
221, 1603471597185069364, 0, 110.1417525773196, 78.1701030927835, 115.09020618556703, 55.389819587628864
222, 1603471597195836160, 0, 110.1465850515464, 78.1701030927835, 115.08537371134022, 55.38861146907217
223, 1603471597206603264, 0, 110.15141752577321, 78.1701030927835, 115.08054123711341, 55.38740335051547
224, 1603471597217370368, 0, 110.15625000000001, 78.1701030927835, 115.0757087628866, 55.38619523195877
225, 1603471597228137364, 0, 110.16108247422682, 78.1701030927835, 115.0708762886598, 55.384987113402076
226, 1603471597238904320, 0, 110.16591494845362, 78.1701030927835, 115.066043814433, 55.38377899484537
227, 1603471597249670912, 0, 110.17074742268042, 78.1701030927835, 115.0612113402062, 55.38257087628867
228, 1603471597260437760, 0, 110.17557989690722, 78.1701030927835, 115.0563788659794, 55.381362757731964
229, 1603471597271204364, 0, 110.18041237113403, 78.1701030927835, 115.0515463917526, 55.38015463917526
230, 1603471597281970944, 0, 110.18524484536083, 78.1701030927835, 115.04671391752579, 55.37894652061856
231, 1603471597292737792, 0, 110.19007731958763, 78.1701030927835, 115.04188144329899, 55.377738402061865
232, 1603471597303504640, 0, 110.19490979381445, 78.1701030927835, 115.03704896907217, 55.37653028350517
233, 1603471597314271364, 0, 110.19974226804125, 78.1701030927835, 115.03221649484537, 55.37532216494847
234, 1603471597325038336, 0, 110.20457474226805, 78.1701030927835, 115.02738402061857, 55.37411404639177
235, 1603471597335804928, 0, 110.20940721649485, 78.1701030927835, 115.02255154639177, 55.37290592783506
236, 1603471597346571520, 0, 110.21423969072166, 78.1701030927835, 115.01771907216497, 55.37169780927836
237, 1603471597357338364, 0, 110.21907216494846, 78.1701030927835, 115.01288659793816, 55.370489690721655
238, 1603471597368105216, 0, 110.22390463917526, 78.1701030927835, 115.00805412371136, 55.36928157216496
239, 1603471597378871808, 0, 110.22873711340208, 78.1701030927835, 115.00322164948454, 55.36807345360826
240, 1603471597389638656, 0, 110.23356958762888, 78.1701030927835, 114.99838917525774, 55.366865335051564
241, 1603471597400405364, 0, 110.23840206185568, 78.1701030927835, 114.99355670103094, 55.36565721649487
242, 1603471597411172096, 0, 110.24323453608248, 78.1701030927835, 114.98872422680414, 55.36444909793816
243, 1603471597421939200, 0, 110.24806701030928, 78.1701030927835, 114.98389175257734, 55.36324097938146
244, 1603471597432706304, 0, 110.25289948453609, 78.1701030927835, 114.97905927835053, 55.362032860824755
245, 1603471597443473364, 0, 110.25773195876289, 78.1701030927835, 114.97422680412373, 55.36082474226805
246, 1603471597454240256, 0, 110.26256443298969, 78.1701030927835, 114.96939432989693, 55.35961662371135
247, 1603471597465006848, 0, 110.2673969072165, 78.1701030927835, 114.96456185567013, 55.35840850515464
248, 1603471597475773696, 0, 110.27222938144331, 78.1701030927835, 114.95972938144331, 55.35720038659794
249, 1603471597486540364, 0, 110.27706185567011, 78.1701030927835, 114.95489690721651, 55.355992268041234
250, 1603471597497306880, 0, 110.28189432989691, 78.1701030927835, 114.9500644329897, 55.35478414948454
251, 1603471597508073728, 0, 110.28672680412372, 78.1701030927835, 114.9452319587629, 55.35357603092784
252, 1603471597518840576, 0, 110.29155927835052, 78.1701030927835, 114.9403994845361, 55.35236791237114
253, 1603471597529607364, 0, 110.29639175257732, 78.1701030927835, 114.9355670103093, 55.351159793814446
254, 1603471597540374272, 0, 110.30122422680412, 78.1701030927835, 114.9307345360825, 55.34995167525774
255, 1603471597551140864, 0, 110.30605670103094, 78.1701030927835, 114.92590206185568, 55.34874355670104
256, 1603471597561907712, 0, 110.31088917525774, 78.1701030927835, 114.92106958762888, 55.347535438144334
257, 1603471597572674364, 0, 110.31572164948454, 78.1701030927835, 114.91623711340208, 55.34632731958763
258, 1603471597583440896, 0, 110.32055412371135, 78.1701030927835, 114.91140463917527, 55.34511920103093
259, 1603471597594207744, 0, 110.32538659793815, 78.1701030927835, 114.90657216494847, 55.343911082474236
260, 1603471597604974592, 0, 110.33021907216495, 78.1701030927835, 114.90173969072167, 55.34270296391754
261, 1603471597615741364, 0, 110.33505154639175, 78.1701030927835, 114.89690721649487, 55.34149484536084
262, 1603471597626508544, 0, 110.33988402061856, 78.1701030927835, 114.89207474226806, 55.34028672680414
263, 1603471597637275392, 0, 110.34471649484536, 78.1701030927835, 114.88724226804126, 55.33907860824743
264, 1603471597648042496, 0, 110.34954896907217, 78.1701030927835, 114.88240979381445, 55.33787048969073
265, 1603471597658809364, 0, 110.35438144329898, 78.1701030927835, 114.87757731958764, 55.336662371134025
266, 1603471597669575936, 0, 110.35921391752578, 78.1701030927835, 114.87274484536084, 55.33545425257733
267, 1603471597680342784, 0, 110.36404639175258, 78.1701030927835, 114.86791237113404, 55.33424613402063
268, 1603471597691109632, 0, 110.36887886597938, 78.1701030927835, 114.86307989690724, 55.333038015463934
269, 1603471597701876364, 0, 110.37371134020619, 78.1701030927835, 114.85824742268044, 55.33182989690724
270, 1603471597712643328, 0, 110.37854381443299, 78.1701030927835, 114.85341494845363, 55.33062177835053
271, 1603471597723409920, 0, 110.3833762886598, 78.1701030927835, 114.84858247422682, 55.32941365979383
272, 1603471597734176768, 0, 110.3882087628866, 78.1701030927835, 114.84375000000001, 55.328205541237125
273, 1603471597744943364, 0, 110.39304123711341, 78.1701030927835, 114.83891752577321, 55.32699742268042
274, 1603471597755709952, 0, 110.39787371134021, 78.1701030927835, 114.83408505154641, 55.325789304123724
275, 1603471597766476800, 0, 110.40270618556701, 78.1701030927835, 114.82925257731961, 55.32458118556703
276, 1603471597777243648, 0, 110.40753865979381, 78.1701030927835, 114.8244201030928, 55.32337306701033
277, 1603471597788010364, 0, 110.41237113402062, 78.1701030927835, 114.819587628866, 55.32216494845363
278, 1603471597798776832, 0, 110.41720360824742, 78.1701030927835, 114.8147551546392, 55.32095682989693
279, 1603471597809543680, 0, 110.42203608247422, 78.1701030927835, 114.8099226804124, 55.319748711340225
280, 1603471597820310528, 0, 110.42686855670104, 78.1701030927835, 114.80509020618558, 55.31854059278352
281, 1603471597831077364, 0, 110.43170103092784, 78.1701030927835, 114.80025773195878, 55.317332474226816
282, 1603471597841844480, 0, 110.43653350515464, 78.1701030927835, 114.79542525773198, 55.31612435567011
283, 1603471597852611328, 0, 110.44136597938146, 78.1701030927835, 114.79059278350516, 55.31491623711341
284, 1603471597863378432, 0, 110.44619845360826, 78.1701030927835, 114.78576030927836, 55.313708118556704
285, 1603471597874145364, 0, 110.45103092783506, 78.1701030927835, 114.78092783505156, 55.3125
286, 1603471597884911872, 0, 110.45586340206187, 78.1701030927835, 114.77609536082475, 55.3112918814433
287, 1603471597895678720, 0, 110.46069587628867, 78.1701030927835, 114.77126288659795, 55.310083762886606
288, 1603471597906445568, 0, 110.46552835051547, 78.1701030927835, 114.76643041237115, 55.30887564432991
289, 1603471597917212364, 0, 110.47036082474227, 78.1701030927835, 114.76159793814435, 55.30766752577321
290, 1603471597927979264, 0, 110.47519329896907, 78.1701030927835, 114.75676546391755, 55.30645940721651
291, 1603471597938745856, 0, 110.48002577319588, 78.1701030927835, 114.75193298969074, 55.305251288659804
292, 1603471597949512704, 0, 110.4848582474227, 78.1701030927835, 114.74710051546393, 55.3040431701031
293, 1603471597960279364, 0, 110.4896907216495, 78.1701030927835, 114.74226804123712, 55.302835051546396
294, 1603471597971045888, 0, 110.4945231958763, 78.1701030927835, 114.73743556701032, 55.3016269329897
295, 1603471597981812736, 0, 110.4993556701031, 78.1701030927835, 114.73260309278352, 55.300418814433
296, 1603471597992579584, 0, 110.5041881443299, 78.1701030927835, 114.72777061855672, 55.299210695876305
297, 1603471598003346364, 0, 110.5090206185567, 78.1701030927835, 114.72293814432992, 55.29800257731961
298, 1603471598014113280, 0, 110.5138530927835, 78.1701030927835, 114.71810567010311, 55.2967944587629
299, 1603471598024879872, 0, 110.51868556701032, 78.1701030927835, 114.7132731958763, 55.2955863402062
300, 1603471598035646720, 0, 110.52351804123712, 78.1701030927835, 114.7084407216495, 55.294378221649495
301, 1603471598046413364, 0, 110.52835051546393, 78.1701030927835, 114.7036082474227, 55.29317010309279
302, 1603471598057180160, 0, 110.53318298969073, 78.1701030927835, 114.69877577319589, 55.291961984536094
303, 1603471598067947264, 0, 110.53801546391753, 78.1701030927835, 114.69394329896909, 55.2907538659794
304, 1603471598078714368, 0, 110.54284793814433, 78.1701030927835, 114.68911082474229, 55.2895457474227
305, 1603471598089481364, 0, 110.54768041237114, 78.1701030927835, 114.68427835051548, 55.288337628866
306, 1603471598100248320, 0, 110.55251288659794, 78.1701030927835, 114.67944587628868, 55.2871295103093
307, 1603471598111014912, 0, 110.55734536082474, 78.1701030927835, 114.67461340206188, 55.285921391752595
308, 1603471598121781760, 0, 110.56217783505156, 78.1701030927835, 114.66978092783506, 55.28471327319589
309, 1603471598132548364, 0, 110.56701030927836, 78.1701030927835, 114.66494845360826, 55.28350515463919
310, 1603471598143314944, 0, 110.57184278350516, 78.1701030927835, 114.66011597938146, 55.28229703608248
311, 1603471598154081792, 0, 110.57667525773196, 78.1701030927835, 114.65528350515466, 55.28108891752578
312, 1603471598164848640, 0, 110.58150773195877, 78.1701030927835, 114.65045103092785, 55.279880798969074
313, 1603471598175615364, 0, 110.58634020618557, 78.1701030927835, 114.64561855670105, 55.27867268041237
314, 1603471598186382336, 0, 110.59117268041237, 78.1701030927835, 114.64078608247425, 55.27746456185567
315, 1603471598197148928, 0, 110.59600515463919, 78.1701030927835, 114.63595360824743, 55.276256443298976
316, 1603471598207915520, 0, 110.60083762886599, 78.1701030927835, 114.63112113402063, 55.27504832474228
317, 1603471598218682364, 0, 110.60567010309279, 78.1701030927835, 114.62628865979383, 55.27384020618558
318, 1603471598229449216, 0, 110.6105025773196, 78.1701030927835, 114.62145618556703, 55.27263208762888
319, 1603471598240215808, 0, 110.6153350515464, 78.1701030927835, 114.61662371134022, 55.271423969072174
320, 1603471598250982656, 0, 110.6201675257732, 78.1701030927835, 114.61179123711342, 55.27021585051547
321, 1603471598261749364, 0, 110.625, 78.1701030927835, 114.60695876288662, 55.269007731958766
322, 1603471598272516096, 0, 110.6298324742268, 78.1701030927835, 114.60212628865982, 55.26779961340207
323, 1603471598283283200, 0, 110.6346649484536, 78.1701030927835, 114.59729381443302, 55.26659149484537
324, 1603471598294050304, 0, 110.63949742268042, 78.1701030927835, 114.5924613402062, 55.265383376288675
325, 1603471598304817364, 0, 110.64432989690722, 78.1701030927835, 114.5876288659794, 55.26417525773198
326, 1603471598315584256, 0, 110.64916237113403, 78.1701030927835, 114.5827963917526, 55.262967139175274
327, 1603471598326350848, 0, 110.65399484536083, 78.1701030927835, 114.57796391752579, 55.26175902061857
328, 1603471598337117696, 0, 110.65882731958763, 78.1701030927835, 114.57313144329899, 55.260550902061865
329, 1603471598347884364, 0, 110.66365979381443, 78.1701030927835, 114.56829896907219, 55.25934278350516
330, 1603471598358650880, 0, 110.66849226804123, 78.1701030927835, 114.56346649484539, 55.258134664948464
331, 1603471598369417728, 0, 110.67332474226805, 78.1701030927835, 114.55863402061857, 55.25692654639177
332, 1603471598380184576, 0, 110.67815721649485, 78.1701030927835, 114.55380154639177, 55.25571842783507
333, 1603471598390951364, 0, 110.68298969072166, 78.1701030927835, 114.54896907216497, 55.25451030927837
334, 1603471598401718272, 0, 110.68782216494846, 78.1701030927835, 114.54413659793816, 55.25330219072167
335, 1603471598412484864, 0, 110.69265463917526, 78.1701030927835, 114.53930412371136, 55.252094072164965
336, 1603471598423251712, 0, 110.69748711340206, 78.1701030927835, 114.53447164948456, 55.25088595360826
337, 1603471598434018364, 0, 110.70231958762886, 78.1701030927835, 114.52963917525776, 55.24967783505156
338, 1603471598444784896, 0, 110.70715206185567, 78.1701030927835, 114.52480670103095, 55.24846971649485
339, 1603471598455551744, 0, 110.71198453608247, 78.1701030927835, 114.51997422680415, 55.24726159793815
340, 1603471598466318592, 0, 110.71681701030928, 78.1701030927835, 114.51514175257734, 55.246053479381445
341, 1603471598477085364, 0, 110.72164948453609, 78.1701030927835, 114.51030927835053, 55.24484536082474
342, 1603471598487852544, 0, 110.72648195876289, 78.1701030927835, 114.50547680412373, 55.24363724226804
343, 1603471598498619392, 0, 110.73131443298969, 78.1701030927835, 114.50064432989693, 55.24242912371135
344, 1603471598509386496, 0, 110.7361469072165, 78.1701030927835, 114.49581185567013, 55.24122100515465
345, 1603471598520153364, 0, 110.7409793814433, 78.1701030927835, 114.49097938144332, 55.24001288659795
346, 1603471598530919936, 0, 110.7458118556701, 78.1701030927835, 114.48614690721652, 55.23880476804125
347, 1603471598541686784, 0, 110.75064432989691, 78.1701030927835, 114.4813144329897, 55.237596649484544
348, 1603471598552453632, 0, 110.75547680412372, 78.1701030927835, 114.4764819587629, 55.23638853092784
349, 1603471598563220364, 0, 110.76030927835052, 78.1701030927835, 114.4716494845361, 55.235180412371136
350, 1603471598573987328, 0, 110.76514175257732, 78.1701030927835, 114.4668170103093, 55.23397229381444
351, 1603471598584753920, 0, 110.76997422680412, 78.1701030927835, 114.4619845360825, 55.23276417525774
352, 1603471598595520768, 0, 110.77480670103093, 78.1701030927835, 114.4571520618557, 55.231556056701045
353, 1603471598606287364, 0, 110.77963917525773, 78.1701030927835, 114.45231958762889, 55.23034793814435
354, 1603471598617053952, 0, 110.78447164948453, 78.1701030927835, 114.44748711340209, 55.229139819587644
355, 1603471598627820800, 0, 110.78930412371133, 78.1701030927835, 114.44265463917529, 55.22793170103094
356, 1603471598638587648, 0, 110.79413659793815, 78.1701030927835, 114.43782216494847, 55.226723582474236
357, 1603471598649354364, 0, 110.79896907216495, 78.1701030927835, 114.43298969072167, 55.22551546391753
358, 1603471598660120832, 0, 110.80380154639175, 78.1701030927835, 114.42815721649487, 55.224307345360835
359, 1603471598670887680, 0, 110.80863402061856, 78.1701030927835, 114.42332474226806, 55.22309922680414
360, 1603471598681654528, 0, 110.81346649484536, 78.1701030927835, 114.41849226804126, 55.22189110824744
361, 1603471598692421364, 0, 110.81829896907216, 78.1701030927835, 114.41365979381446, 55.220682989690744
362, 1603471598703188480, 0, 110.82313144329896, 78.1701030927835, 114.40882731958766, 55.21947487113404
363, 1603471598713955328, 0, 110.82796391752578, 78.1701030927835, 114.40399484536084, 55.218266752577335
364, 1603471598724722432, 0, 110.83279639175258, 78.1701030927835, 114.39916237113404, 55.21705863402063
365, 1603471598735489364, 0, 110.83762886597938, 78.1701030927835, 114.39432989690724, 55.21585051546393
366, 1603471598746255872, 0, 110.84246134020619, 78.1701030927835, 114.38949742268044, 55.21464239690723
367, 1603471598757022720, 0, 110.84729381443299, 78.1701030927835, 114.38466494845363, 55.21343427835053
368, 1603471598767789568, 0, 110.85212628865979, 78.1701030927835, 114.37983247422683, 55.212226159793836
369, 1603471598778556364, 0, 110.85695876288659, 78.1701030927835, 114.37500000000003, 55.21101804123714
370, 1603471598789323264, 0, 110.8617912371134, 78.1701030927835, 114.37016752577321, 55.209809922680435
371, 1603471598800089856, 0, 110.8666237113402, 78.1701030927835, 114.36533505154641, 55.208601804123724
372, 1603471598810856704, 0, 110.87145618556701, 78.1701030927835, 114.36050257731961, 55.20739368556701
373, 1603471598821623364, 0, 110.87628865979381, 78.1701030927835, 114.35567010309279, 55.20618556701031
374, 1603471598832389888, 0, 110.95844072164948, 78.17493556701031, 114.37983247422682, 55.21585051546392
375, 1603471598843156736, 0, 111.04059278350516, 78.17976804123711, 114.40399484536084, 55.22551546391753
376, 1603471598853923584, 0, 111.12274484536083, 78.18460051546393, 114.42815721649487, 55.23518041237114
377, 1603471598864690364, 0, 111.2048969072165, 78.18943298969073, 114.45231958762889, 55.244845360824755
378, 1603471598875457280, 0, 111.28704896907216, 78.19426546391753, 114.47648195876292, 55.254510309278366
379, 1603471598886223872, 0, 111.36920103092783, 78.19909793814433, 114.50064432989694, 55.26417525773198
380, 1603471598896990720, 0, 111.4513530927835, 78.20393041237114, 114.52480670103097, 55.27384020618559
381, 1603471598907757364, 0, 111.53350515463917, 78.20876288659794, 114.54896907216498, 55.2835051546392
382, 1603471598918524160, 0, 111.61565721649484, 78.21359536082474, 114.57313144329899, 55.293170103092805
383, 1603471598929291264, 0, 111.69780927835052, 78.21842783505156, 114.59729381443302, 55.3028350515464
384, 1603471598940058368, 0, 111.77996134020619, 78.22326030927836, 114.62145618556704, 55.3125
385, 1603471598950825364, 0, 111.86211340206185, 78.22809278350516, 114.64561855670107, 55.322164948453604
386, 1603471598961592320, 0, 111.94426546391753, 78.23292525773196, 114.66978092783508, 55.331829896907216
387, 1603471598972358912, 0, 112.0264175257732, 78.23775773195877, 114.69394329896909, 55.34149484536083
388, 1603471598983125760, 0, 112.10856958762886, 78.24259020618557, 114.7181056701031, 55.35115979381444
389, 1603471598993892364, 0, 112.19072164948454, 78.24742268041237, 114.74226804123711, 55.36082474226805
390, 1603471599004658944, 0, 112.27287371134021, 78.25225515463917, 114.76643041237114, 55.370489690721655
391, 1603471599015425792, 0, 112.35502577319588, 78.25708762886597, 114.79059278350516, 55.38015463917527
392, 1603471599026192640, 0, 112.43717783505156, 78.26192010309279, 114.81475515463919, 55.38981958762888
393, 1603471599036959364, 0, 112.51932989690722, 78.2667525773196, 114.8389175257732, 55.39948453608248
394, 1603471599047726336, 0, 112.60148195876289, 78.2715850515464, 114.86307989690721, 55.40914948453609
395, 1603471599058492928, 0, 112.68363402061857, 78.27641752577321, 114.88724226804123, 55.4188144329897
396, 1603471599069259520, 0, 112.76578608247424, 78.28125000000001, 114.91140463917526, 55.42847938144331
397, 1603471599080026364, 0, 112.8479381443299, 78.28608247422682, 114.93556701030928, 55.438144329896915
398, 1603471599090793216, 0, 112.93009020618557, 78.29091494845362, 114.95972938144331, 55.447809278350526
399, 1603471599101559808, 0, 113.01224226804123, 78.29574742268042, 114.98389175257734, 55.45747422680414
400, 1603471599112326656, 0, 113.09439432989691, 78.30057989690722, 115.00805412371136, 55.46713917525775
401, 1603471599123093364, 0, 113.17654639175258, 78.30541237113403, 115.03221649484537, 55.47680412371136
402, 1603471599133860096, 0, 113.25869845360825, 78.31024484536083, 115.05637886597938, 55.486469072164965
403, 1603471599144627200, 0, 113.34085051546393, 78.31507731958763, 115.08054123711341, 55.49613402061858
404, 1603471599155394304, 0, 113.4230025773196, 78.31990979381445, 115.10470360824743, 55.50579896907219
405, 1603471599166161364, 0, 113.50515463917526, 78.32474226804125, 115.12886597938146, 55.51546391752579
406, 1603471599176928256, 0, 113.58730670103094, 78.32957474226805, 115.15302835051547, 55.525128865979404
407, 1603471599187694848, 0, 113.6694587628866, 78.33440721649485, 115.17719072164948, 55.534793814433016
408, 1603471599198461696, 0, 113.75161082474227, 78.33923969072166, 115.20135309278349, 55.54445876288663
409, 1603471599209228364, 0, 113.83376288659795, 78.34407216494846, 115.2255154639175, 55.55412371134024
410, 1603471599219994880, 0, 113.91591494845362, 78.34890463917526, 115.24967783505153, 55.56378865979384
411, 1603471599230761728, 0, 113.99806701030928, 78.35373711340208, 115.27384020618555, 55.57345360824744
412, 1603471599241528576, 0, 114.08021907216497, 78.35856958762888, 115.29800257731958, 55.58311855670104
413, 1603471599252295364, 0, 114.16237113402063, 78.36340206185568, 115.32216494845359, 55.59278350515464
414, 1603471599263062272, 0, 114.2445231958763, 78.36823453608248, 115.3463273195876, 55.602448453608254
415, 1603471599273828864, 0, 114.32667525773198, 78.37306701030928, 115.37048969072163, 55.612113402061865
416, 1603471599284595712, 0, 114.40882731958764, 78.37789948453609, 115.39465206185565, 55.62177835051548
417, 1603471599295362364, 0, 114.49097938144331, 78.38273195876289, 115.41881443298968, 55.63144329896909
418, 1603471599306128896, 0, 114.57313144329898, 78.38756443298969, 115.4429768041237, 55.64110824742269
419, 1603471599316895744, 0, 114.65528350515464, 78.3923969072165, 115.46713917525773, 55.6507731958763
420, 1603471599327662592, 0, 114.73743556701032, 78.39722938144331, 115.49130154639175, 55.6604381443299
421, 1603471599338429364, 0, 114.81958762886599, 78.40206185567011, 115.51546391752578, 55.670103092783506
422, 1603471599349196544, 0, 115.14577963917526, 78.3875644329897, 115.4212306701031, 55.670103092783506
423, 1603471599359963392, 0, 115.47197164948454, 78.37306701030928, 115.32699742268042, 55.67010309278351
424, 1603471599370730496, 0, 115.79816365979383, 78.35856958762886, 115.23276417525773, 55.67010309278352
425, 1603471599381497364, 0, 116.1243556701031, 78.34407216494846, 115.13853092783505, 55.67010309278352
426, 1603471599392263936, 0, 116.45054768041237, 78.32957474226805, 115.04429768041237, 55.67010309278352
427, 1603471599403030784, 0, 116.77673969072166, 78.31507731958763, 114.95006443298969, 55.67010309278351
428, 1603471599413797632, 0, 117.10293170103094, 78.30057989690722, 114.85583118556701, 55.670103092783506
429, 1603471599424564364, 0, 117.42912371134021, 78.28608247422682, 114.76159793814433, 55.670103092783506
430, 1603471599435331328, 0, 117.75531572164948, 78.2715850515464, 114.66736469072166, 55.670103092783506
431, 1603471599446097920, 0, 118.08150773195877, 78.25708762886599, 114.57313144329898, 55.670103092783506
432, 1603471599456864768, 0, 118.40769974226805, 78.24259020618558, 114.4788981958763, 55.670103092783506
433, 1603471599467631364, 0, 118.73389175257732, 78.22809278350516, 114.38466494845362, 55.670103092783506
434, 1603471599478397952, 0, 119.06008376288659, 78.21359536082474, 114.29043170103094, 55.670103092783506
435, 1603471599489164800, 0, 119.38627577319588, 78.19909793814433, 114.19619845360825, 55.670103092783506
436, 1603471599499931648, 0, 119.71246778350516, 78.18460051546393, 114.10196520618557, 55.670103092783506
437, 1603471599510698364, 0, 120.03865979381445, 78.1701030927835, 114.00773195876289, 55.670103092783506
438, 1603471599521464832, 0, 120.36485180412373, 78.1556056701031, 113.9134987113402, 55.670103092783506
439, 1603471599532231680, 0, 120.691043814433, 78.1411082474227, 113.81926546391752, 55.67010309278351
440, 1603471599542998528, 0, 121.01723582474227, 78.12661082474227, 113.72503221649484, 55.67010309278352
441, 1603471599553765364, 0, 121.34342783505156, 78.11211340206187, 113.63079896907215, 55.67010309278352
442, 1603471599564532480, 0, 121.66961984536084, 78.09761597938146, 113.53656572164947, 55.67010309278352
443, 1603471599575299328, 0, 121.99581185567011, 78.08311855670104, 113.44233247422679, 55.67010309278352
444, 1603471599586066432, 0, 122.32200386597938, 78.06862113402062, 113.34809922680411, 55.67010309278352
445, 1603471599596833364, 0, 122.64819587628867, 78.05412371134021, 113.25386597938143, 55.67010309278352
446, 1603471599607599872, 0, 122.97438788659795, 78.0396262886598, 113.15963273195875, 55.67010309278352
447, 1603471599618366720, 0, 123.30057989690722, 78.02512886597938, 113.06539948453607, 55.67010309278351
448, 1603471599629133568, 0, 123.6267719072165, 78.01063144329898, 112.9711662371134, 55.670103092783506
449, 1603471599639900364, 0, 123.95296391752578, 77.99613402061857, 112.87693298969072, 55.670103092783506
450, 1603471599650667264, 0, 124.27915592783506, 77.98163659793815, 112.78269974226804, 55.670103092783506
451, 1603471599661433856, 0, 124.60534793814433, 77.96713917525774, 112.68846649484536, 55.670103092783506
452, 1603471599672200704, 0, 124.9315399484536, 77.95264175257734, 112.59423324742268, 55.670103092783506
453, 1603471599682967364, 0, 125.25773195876289, 77.93814432989691, 112.5, 55.670103092783506
454, 1603471599693733888, 0, 125.63071981504096, 77.97243661804717, 112.31386781382501, 55.61493667805988
455, 1603471599704500736, 0, 126.00370767131903, 78.00672890619742, 112.12773562765003, 55.55977026333625
456, 1603471599715267584, 0, 126.37669552759712, 78.04102119434768, 111.94160344147505, 55.50460384861262
457, 1603471599726034364, 0, 126.7496833838752, 78.07531348249793, 111.75547125530007, 55.44943743388899
458, 1603471599736801280, 0, 127.12267124015327, 78.10960577064819, 111.56933906912508, 55.39427101916536
459, 1603471599747567872, 0, 127.49565909643135, 78.14389805879844, 111.3832068829501, 55.33910460444174
460, 1603471599758334720, 0, 127.86864695270943, 78.1781903469487, 111.19707469677512, 55.283938189718114
461, 1603471599769101364, 0, 128.2416348089875, 78.21248263509897, 111.01094251060013, 55.228771774994485
462, 1603471599779868160, 0, 128.61462266526559, 78.24677492324922, 110.82481032442514, 55.173605360270855
463, 1603471599790635264, 0, 128.98761052154367, 78.28106721139947, 110.63867813825016, 55.118438945547226
464, 1603471599801402368, 0, 129.36059837782176, 78.31535949954973, 110.45254595207516, 55.063272530823596
465, 1603471599812169364, 0, 129.73358623409982, 78.34965178769998, 110.26641376590017, 55.008106116099974
466, 1603471599822936320, 0, 130.10657409036355, 78.38394407585517, 109.89342590963645, 54.952939701374966
467, 1603471599833702912, 0, 130.47956194662726, 78.41823636401037, 109.52043805337271, 54.89777328664996
468, 1603471599844469760, 0, 130.852549802891, 78.45252865216557, 109.14745019710898, 54.84260687192495
469, 1603471599855236364, 0, 131.22553765915472, 78.48682094032075, 108.77446234084525, 54.78744045719994
470, 1603471599866002944, 0, 131.75270505353788, 78.49908758017375, 108.24729494646209, 54.73227404247517
471, 1603471599876769792, 0, 132.27987244792104, 78.51135422002675, 107.72012755207894, 54.67710762775039
472, 1603471599887536640, 0, 132.8070398423042, 78.52362085987974, 107.19296015769578, 54.621941213025615
473, 1603471599898303364, 0, 133.33420723668735, 78.53588749973274, 106.66579276331262, 54.56677479830084
474, 1603471599909070336, 0, 133.8613746310705, 78.54815413958573, 106.13862536892947, 54.51160838357607
475, 1603471599919836928, 0, 134.38854202545366, 78.56042077943873, 105.6114579745463, 54.456441968851294
476, 1603471599930603520, 0, 134.91570941983682, 78.57268741929173, 105.08429058016313, 54.40127555412652
477, 1603471599941370364, 0, 135.44287681421997, 78.58495405914472, 104.55712318577997, 54.34610913940175
478, 1603471599952137216, 0, 135.97004420860313, 78.59722069899772, 104.02995579139682, 54.290942724676974
479, 1603471599962903808, 0, 136.49721160298628, 78.60948733885071, 103.50278839701366, 54.2357763099522
480, 1603471599973670656, 0, 137.02437899736944, 78.62175397870371, 102.9756210026305, 54.18060989522742
481, 1603471599984437364, 0, 137.5515463917526, 78.6340206185567, 102.44845360824735, 54.125443480502646
482, 1603471599995204096, 0, 138.08634020618558, 78.64046391752578, 101.91365979381436, 54.097474403295095
483, 1603471600005971200, 0, 138.62113402061857, 78.64690721649484, 101.37886597938137, 54.06950532608755
484, 1603471600016738304, 0, 139.15592783505156, 78.65335051546391, 100.84407216494839, 54.04153624888001
485, 1603471600027505364, 0, 139.69072164948454, 78.65979381443299, 100.3092783505154, 54.01356717167246
486, 1603471600038272256, 0, 140.22551546391753, 78.66623711340206, 99.77448453608241, 53.98559809446491
487, 1603471600049038848, 0, 140.76030927835052, 78.67268041237114, 99.23969072164941, 53.95762901725736
488, 1603471600059805696, 0, 141.2951030927835, 78.67912371134021, 98.70489690721641, 53.92965994004981
489, 1603471600070572364, 0, 141.82989690721652, 78.68556701030928, 98.17010309278342, 53.90169086284226
490, 1603471600081338880, 0, 142.3646907216495, 78.69201030927836, 97.63530927835043, 53.873721785634714
491, 1603471600092105728, 0, 142.8994845360825, 78.69845360824743, 97.10051546391746, 53.84575270842716
492, 1603471600102872576, 0, 143.43427835051548, 78.7048969072165, 96.56572164948449, 53.81778363121961
493, 1603471600113639364, 0, 143.96907216494847, 78.71134020618557, 96.0309278350515, 53.78981455401207
494, 1603471600124406272, 0, 144.50386597938146, 78.71778350515464, 95.49613402061851, 53.761845476804524
495, 1603471600135172864, 0, 145.03865979381445, 78.7242268041237, 94.96134020618553, 53.73387639959697
496, 1603471600145939712, 0, 145.57345360824743, 78.73067010309278, 94.42654639175254, 53.70590732238942
497, 1603471600156706364, 0, 146.10824742268042, 78.73711340206185, 93.89175257731955, 53.67793824518188
498, 1603471600167472896, 0, 146.64304123711344, 78.74355670103093, 93.35695876288656, 53.649969167974334
499, 1603471600178239744, 0, 147.17783505154642, 78.75, 92.82216494845356, 53.62200009076679
500, 1603471600189006592, 0, 147.7126288659794, 78.75644329896907, 92.28737113402056, 53.594031013559245
501, 1603471600199773364, 0, 148.2474226804124, 78.76288659793815, 91.75257731958757, 53.5660619363517
502, 1603471600210540544, 0, 148.7822164948454, 78.76932989690722, 91.21778350515459, 53.53809285914416
503, 1603471600221307392, 0, 149.31701030927837, 78.7757731958763, 90.6829896907216, 53.510123781936606
504, 1603471600232074496, 0, 149.85180412371136, 78.78221649484536, 90.14819587628861, 53.482154704729055
505, 1603471600242841364, 0, 150.38659793814435, 78.78865979381443, 89.61340206185562, 53.45418562752151
506, 1603471600253607936, 0, 150.92139175257734, 78.7951030927835, 89.07860824742264, 53.42621655031397
507, 1603471600264374784, 0, 151.45618556701032, 78.80154639175257, 88.54381443298966, 53.398247473106416
508, 1603471600275141632, 0, 151.9909793814433, 78.80798969072164, 88.00902061855669, 53.370278395898865
509, 1603471600285908364, 0, 152.5257731958763, 78.81443298969072, 87.4742268041237, 53.34230931869132
510, 1603471600296675328, 0, 153.06056701030928, 78.82087628865979, 86.93943298969072, 53.31434024148377
511, 1603471600307441920, 0, 153.59536082474227, 78.82731958762886, 86.40463917525771, 53.28637116427622
512, 1603471600318208768, 0, 154.13015463917526, 78.83376288659794, 85.86984536082471, 53.25840208706867
513, 1603471600328975364, 0, 154.66494845360828, 78.84020618556701, 85.33505154639172, 53.230433009861116
514, 1603471600339741952, 0, 155.19974226804126, 78.84664948453609, 84.80025773195874, 53.20246393265357
515, 1603471600350508800, 0, 155.73453608247425, 78.85309278350516, 84.26546391752575, 53.17449485544603
516, 1603471600361275648, 0, 156.26932989690724, 78.85953608247422, 83.73067010309276, 53.146525778238484
517, 1603471600372042364, 0, 156.80412371134022, 78.8659793814433, 83.19587628865976, 53.11855670103093
518, 1603471600382808832, 0, 157.43234536082474, 78.83698453608247, 82.56765463917523, 53.17654639175258
519, 1603471600393575680, 0, 158.06056701030928, 78.80798969072166, 81.93943298969069, 53.234536082474236
520, 1603471600404342528, 0, 158.68878865979383, 78.77899484536083, 81.31121134020616, 53.292525773195884
521, 1603471600415109364, 0, 159.31701030927837, 78.75, 80.68298969072163, 53.35051546391753
522, 1603471600425876480, 0, 159.94523195876292, 78.72100515463917, 80.05476804123708, 53.40850515463917
523, 1603471600436643328, 0, 160.57345360824746, 78.69201030927834, 79.42654639175255, 53.46649484536082
524, 1603471600447410432, 0, 161.201675257732, 78.66301546391753, 78.79832474226802, 53.52448453608247
525, 1603471600458177364, 0, 161.82989690721652, 78.6340206185567, 78.17010309278348, 53.58247422680411
526, 1603471600468943872, 0, 162.45811855670104, 78.60502577319588, 77.54188144329893, 53.640463917525764
527, 1603471600479710720, 0, 163.08634020618558, 78.57603092783506, 76.9136597938144, 53.69845360824741
528, 1603471600490477568, 0, 163.71456185567013, 78.54703608247424, 76.28543814432987, 53.75644329896906
529, 1603471600501244364, 0, 164.34278350515467, 78.51804123711341, 75.65721649484533, 53.814432989690715
530, 1603471600512011264, 0, 164.97100515463922, 78.48904639175258, 75.0289948453608, 53.87242268041237
531, 1603471600522777856, 0, 165.59922680412373, 78.46005154639175, 74.40077319587627, 53.930412371134025
532, 1603471600533544704, 0, 166.22744845360825, 78.43105670103093, 73.77255154639174, 53.98840206185568
533, 1603471600544311364, 0, 166.8556701030928, 78.4020618556701, 73.14432989690721, 54.046391752577335
534, 1603471600555077888, 0, 167.48389175257734, 78.37306701030927, 72.51610824742266, 54.104381443298976
535, 1603471600565844736, 0, 168.11211340206188, 78.34407216494844, 71.88788659793813, 54.162371134020624
536, 1603471600576611584, 0, 168.74033505154642, 78.31507731958763, 71.2596649484536, 54.22036082474227
537, 1603471600587378364, 0, 169.36855670103094, 78.2860824742268, 70.63144329896906, 54.27835051546391
538, 1603471600598145280, 0, 169.99677835051546, 78.25708762886597, 70.00322164948452, 54.33634020618557
539, 1603471600608911872, 0, 170.625, 78.22809278350516, 69.37499999999997, 54.394329896907216
540, 1603471600619678720, 0, 171.25322164948454, 78.19909793814433, 68.74677835051543, 54.452319587628864
541, 1603471600630445364, 0, 171.8814432989691, 78.1701030927835, 68.1185567010309, 54.51030927835052
542, 1603471600641212160, 0, 172.56282216494847, 78.29333118556701, 67.43717783505153, 54.34358891752578
543, 1603471600651979264, 0, 173.24420103092785, 78.41655927835052, 66.75579896907215, 54.17686855670104
544, 1603471600662746368, 0, 173.92557989690724, 78.53978737113403, 66.07442010309276, 54.0101481958763
545, 1603471600673513364, 0, 174.60695876288662, 78.66301546391753, 65.39304123711338, 53.84342783505156
546, 1603471600684280320, 0, 175.288337628866, 78.78624355670104, 64.711662371134, 53.67670747422681
547, 1603471600695046912, 0, 175.9697164948454, 78.90947164948454, 64.03028350515461, 53.50998711340206
548, 1603471600705813760, 0, 176.65109536082477, 79.03269974226805, 63.34890463917523, 53.343266752577314
549, 1603471600716580364, 0, 177.33247422680415, 79.15592783505156, 62.66752577319585, 53.17654639175257
550, 1603471600727346944, 0, 178.01385309278353, 79.27915592783506, 61.98614690721647, 53.009826030927826
551, 1603471600738113792, 0, 178.69523195876292, 79.40238402061857, 61.3047680412371, 52.84310567010309
552, 1603471600748880640, 0, 179.37661082474227, 79.52561211340208, 60.62338917525772, 52.67638530927836
553, 1603471600759647364, 0, 180.05798969072166, 79.64884020618557, 59.942010309278345, 52.50966494845362
554, 1603471600770414336, 0, 180.73936855670104, 79.77206829896907, 59.26063144329896, 52.34294458762887
555, 1603471600781180928, 0, 181.42074742268042, 79.89529639175258, 58.57925257731958, 52.17622422680412
556, 1603471600791947520, 0, 182.1021262886598, 80.01852448453609, 57.897873711340196, 52.009503865979376
557, 1603471600802714364, 0, 182.7835051546392, 80.1417525773196, 57.21649484536081, 51.84278350515463
558, 1603471600813481216, 0, 183.46488402061857, 80.2649806701031, 56.53511597938142, 51.67606314432989
559, 1603471600824247808, 0, 184.14626288659795, 80.3882087628866, 55.85373711340203, 51.50934278350515
560, 1603471600835014656, 0, 184.82764175257734, 80.51143685567011, 55.17235824742264, 51.34262242268041
561, 1603471600845781364, 0, 185.50902061855672, 80.63466494845362, 54.49097938144325, 51.175902061855666
562, 1603471600856548096, 0, 186.1903994845361, 80.75789304123711, 53.80960051546388, 51.009181701030926
563, 1603471600867315200, 0, 186.87177835051546, 80.88112113402062, 53.1282216494845, 50.84246134020619
564, 1603471600878082304, 0, 187.55315721649484, 81.00434922680412, 52.446842783505126, 50.67574097938146
565, 1603471600888849364, 0, 188.23453608247422, 81.12757731958763, 51.76546391752575, 50.50902061855672
566, 1603471600899616256, 0, 188.9159149484536, 81.25080541237114, 51.08408505154637, 50.34230025773197
567, 1603471600910382848, 0, 189.597293814433, 81.37403350515464, 50.402706185566984, 50.17557989690722
568, 1603471600921149696, 0, 190.27867268041237, 81.49726159793815, 49.7213273195876, 50.008859536082475
569, 1603471600931916364, 0, 190.96005154639175, 81.62048969072166, 49.03994845360822, 49.84213917525773
570, 1603471600942682880, 0, 191.64143041237114, 81.74371778350516, 48.358569587628836, 49.67541881443299
571, 1603471600953449728, 0, 192.32280927835052, 81.86694587628867, 47.67719072164945, 49.50869845360825
572, 1603471600964216576, 0, 193.0041881443299, 81.99017396907217, 46.99581185567007, 49.341978092783506
573, 1603471600974983364, 0, 193.68556701030928, 82.11340206185568, 46.31443298969069, 49.175257731958766
574, 1603471600985750272, 0, 194.36984536082474, 82.09020618556701, 45.630154639175224, 49.152061855670105
575, 1603471600996516864, 0, 195.0541237113402, 82.06701030927836, 44.94587628865976, 49.128865979381445
576, 1603471601007283712, 0, 195.73840206185565, 82.0438144329897, 44.2615979381443, 49.105670103092784
577, 1603471601018050364, 0, 196.42268041237114, 82.02061855670104, 43.577319587628836, 49.08247422680412
578, 1603471601028816896, 0, 197.10695876288662, 81.99742268041237, 42.89304123711337, 49.05927835051546
579, 1603471601039583744, 0, 197.79123711340208, 81.97422680412372, 42.20876288659791, 49.0360824742268
580, 1603471601050350592, 0, 198.47551546391753, 81.95103092783506, 41.52448453608245, 49.01288659793814
581, 1603471601061117364, 0, 199.159793814433, 81.9278350515464, 40.840206185566984, 48.98969072164948
582, 1603471601071884544, 0, 199.84407216494844, 81.90463917525774, 40.155927835051514, 48.96649484536083
583, 1603471601082651392, 0, 200.52835051546393, 81.88144329896909, 39.471649484536044, 48.94329896907217
584, 1603471601093418496, 0, 201.2126288659794, 81.85824742268042, 38.787371134020574, 48.920103092783506
585, 1603471601104185364, 0, 201.89690721649487, 81.83505154639177, 38.103092783505105, 48.89690721649485
586, 1603471601114951936, 0, 202.58118556701032, 81.81185567010311, 37.41881443298964, 48.87371134020619
587, 1603471601125718784, 0, 203.26546391752578, 81.78865979381445, 36.73453608247418, 48.85051546391753
588, 1603471601136485632, 0, 203.94974226804123, 81.76546391752578, 36.050257731958716, 48.82731958762887
589, 1603471601147252364, 0, 204.63402061855672, 81.74226804123712, 35.36597938144325, 48.80412371134021
590, 1603471601158019328, 0, 205.3182989690722, 81.71907216494847, 34.68170103092779, 48.78092783505155
591, 1603471601168785920, 0, 206.00257731958766, 81.6958762886598, 33.99742268041233, 48.75773195876289
592, 1603471601179552768, 0, 206.6868556701031, 81.67268041237114, 33.31314432989687, 48.73453608247423
593, 1603471601190319364, 0, 207.37113402061857, 81.64948453608248, 32.62886597938141, 48.71134020618557
594, 1603471601201085952, 0, 207.9800257731959, 81.70747422680412, 32.01997422680409, 48.740335051546396
595, 1603471601211852800, 0, 208.5889175257732, 81.76546391752578, 31.411082474226763, 48.769329896907216
596, 1603471601222619648, 0, 209.19780927835052, 81.82345360824743, 30.80219072164944, 48.798324742268036
597, 1603471601233386364, 0, 209.80670103092785, 81.88144329896909, 30.193298969072117, 48.827319587628864
598, 1603471601244152832, 0, 210.41559278350516, 81.93943298969074, 29.584407216494803, 48.85631443298969
599, 1603471601254919680, 0, 211.02448453608247, 81.99742268041238, 28.975515463917485, 48.88530927835052
600, 1603471601265686528, 0, 211.6333762886598, 82.05541237113403, 28.366623711340168, 48.91430412371135
601, 1603471601276453364, 0, 212.2422680412371, 82.11340206185568, 27.757731958762854, 48.94329896907217
602, 1603471601287220480, 0, 213.01063144330007, 82.2003865979394, 26.989368556699894, 48.45008683858559
603, 1603471601297987328, 0, 213.77899484536303, 82.28737113402313, 26.221005154636938, 47.95687470809901
604, 1603471601308754432, 0, 214.547358247426, 82.37435567010687, 25.45264175257398, 47.463662577612425
605, 1603471601319521364, 0, 215.31572164948895, 82.46134020619058, 24.684278350511022, 46.97045044712584
606, 1603471601330287872, 0, 216.0840850515519, 82.5483247422743, 23.915914948448062, 46.47723831663926
607, 1603471601341054720, 0, 216.85244845361487, 82.63530927835804, 23.147551546385102, 45.98402618615268
608, 1603471601351821568, 0, 217.62081185567783, 82.72229381444177, 22.379188144322143, 45.49081405566611
609, 1603471601362588364, 0, 218.3891752577408, 82.80927835052549, 21.610824742259183, 44.997601925179524
610, 1603471601373355264, 0, 219.15753865980375, 82.89626288660921, 20.842461340196223, 44.50438979469294
611, 1603471601384121856, 0, 219.9259020618667, 82.98324742269294, 20.074097938133264, 44.01117766420636
612, 1603471601394888704, 0, 220.69426546392967, 83.07023195877667, 19.305734536070304, 43.517965533719774
613, 1603471601405655364, 0, 221.46262886599263, 83.15721649486039, 18.537371134007344, 43.02475340323319
614, 1603471601416421888, 0, 222.2309922680556, 83.24420103094413, 17.769007731944384, 42.53154127274661
615, 1603471601427188736, 0, 222.99935567011855, 83.33118556702786, 17.000644329881425, 42.03832914226002
616, 1603471601437955584, 0, 223.7677190721815, 83.41817010311158, 16.232280927818465, 41.54511701177343
617, 1603471601448722364, 0, 224.53608247424447, 83.50515463919531, 15.463917525755505, 41.051904881286845
618, 1603471601459489280, 0, 225.30444587630743, 83.59213917527904, 14.695554123692546, 40.55869275080026
619, 1603471601470255872, 0, 226.07280927837039, 83.67912371136276, 13.927190721629586, 40.06548062031368
620, 1603471601481022720, 0, 226.84117268043335, 83.76610824744648, 13.158827319566626, 39.572268489827096
621, 1603471601491789364, 0, 227.6095360824963, 83.85309278353022, 12.390463917503666, 39.07905635934051
622, 1603471601502556160, 0, 228.37789948455926, 83.94007731961395, 11.622100515440707, 38.58584422885393
623, 1603471601513323264, 0, 229.14626288662222, 84.02706185569767, 10.853737113377747, 38.09263209836735
624, 1603471601524090368, 0, 229.91462628868518, 84.11404639178139, 10.085373711314787, 37.59941996788078
625, 1603471601534857364, 0, 230.68298969074814, 84.20103092786512, 9.317010309251827, 37.106207837394194
626, 1603471601545624320, 0, 231.4513530928111, 84.28801546394885, 8.548646907188871, 36.61299570690761
627, 1603471601556390912, 0, 232.21971649487406, 84.37500000003257, 7.780283505125913, 36.11978357642103
628, 1603471601567157760, 0, 232.98807989693702, 84.46198453611629, 7.011920103062957, 35.626571445934445
629, 1603471601577924364, 0, 233.75644329899998, 84.54896907220002, 6.243556701, 35.13335931544787
630, 1603471601588690944, 0, 234.5248067010541, 84.63595360827372, 5.475193298945868, 34.178627734008586
631, 1603471601599457792, 0, 235.29317010310825, 84.72293814434744, 4.706829896891735, 33.223896152569296
632, 1603471601610224640, 0, 236.06153350516237, 84.80992268042115, 3.9384664948376025, 32.269164571130005
633, 1603471601620991364, 0, 236.8298969072165, 84.89690721649485, 3.17010309278347, 31.314432989690722
