1, 1603471437405757364
2, 1603471437427291392
3, 1603471437448825364
4, 1603471437470358784
5, 1603471437491892364
6, 1603471437513425920
7, 1603471437534959364
8, 1603471437556492800
9, 1603471437578026364
10, 1603471437599559680
11, 1603471437621093364
12, 1603471437642627328
13, 1603471437664161364, 0, 234.74226804123714, 32.70618556701031, 5.257731958762852, 27.835051546391753
14, 1603471437685694720, 0, 229.75515463917526, 31.77835051546392, 10.244845360824709, 31.54639175257732
15, 1603471437707228364, 0, 224.7680412371134, 30.850515463917528, 15.231958762886563, 35.25773195876289
16, 1603471437728761856, 0, 219.87957664804998, 29.59433935310633, 20.120423351950024, 37.10660251199792
17, 1603471437750295364, 0, 214.99111205898652, 28.338163242295135, 25.008887941013484, 38.95547306523295
18, 1603471437771828736, 0, 210.10264746992306, 27.081987131483938, 29.897352530076923, 40.804343618467996
19, 1603471437793362364, 0, 205.21418288085962, 25.82581102067274, 34.78581711914036, 42.653214171703034
20, 1603471437814895872, 0, 199.60651344930452, 25.8642036263293, 40.39348655069548, 42.77599310300408
21, 1603471437836429364, 0, 193.9988440177494, 25.902596231985854, 46.001155982250594, 42.898772034305125
22, 1603471437857963264, 0, 188.3911745861943, 25.94098883764241, 51.60882541380569, 43.02155096560617
23, 1603471437879497364, 0, 182.7835051546392, 25.97938144329897, 57.21649484536079, 43.144329896907216
24, 1603471437901030912, 0, 176.75498034846953, 25.863402061849126, 63.24501965153043, 43.26030927835599
25, 1603471437922564364, 0, 170.7264555422999, 25.747422680399282, 69.27354445770007, 43.37628865980476
26, 1603471437944097792, 0, 164.69793073613027, 25.631443298949435, 75.30206926386971, 43.49226804125354
27, 1603471437965631364, 0, 158.66940592996065, 25.51546391749959, 81.33059407003935, 43.60824742270232
28, 1603471437987164928, 0, 152.64088112379102, 25.399484536049748, 87.35911887620901, 43.72422680415109
29, 1603471438008698364, 0, 146.61235631762136, 25.283505154599904, 93.38764368237865, 43.84020618559986
30, 1603471438030231808, 0, 140.19242751556072, 25.167525773149954, 95.93285686267367, 43.9561855670498
31, 1603471438051765364, 0, 133.77249871350006, 25.051546391700008, 98.4780700429687, 44.07216494849975
32, 1603471438073299200, 0, 127.3525699114137, 24.93556701026985, 98.91009892397909, 44.18814432993151
33, 1603471438094833364, 0, 120.93264110932735, 24.819587628839695, 99.34212780498949, 44.304123711363275
34, 1603471438116366848, 0, 114.512712307241, 24.70360824740954, 99.7741566859999, 44.420103092795046
35, 1603471438137900364, 0, 108.09278350515464, 24.587628865979383, 100.20618556701031, 44.53608247422681
36, 1603471438159433728, 0, 101.38917525772885, 24.58762886598282, 100.59687569863792, 44.721649484538986
37, 1603471438180967364, 0, 94.68556701030305, 24.587628865986254, 100.98756583026552, 44.90721649485116
38, 1603471438202500864, 0, 87.98195876287726, 24.587628865989693, 101.37825596189312, 45.09278350516334
39, 1603471438224034364, 0, 81.27835051545146, 24.58762886599313, 101.76894609352071, 45.27835051547552
40, 1603471438245567744, 0, 74.57474226802566, 24.587628865996564, 102.15963622514832, 45.46391752578769
41, 1603471438267101364, 0, 67.87113402059987, 24.587628866, 102.55032635677593, 45.64948453609986
42, 1603471438288635392, 0, 61.167525773181865, 24.587628865994844, 102.37021899438608, 45.8350515464048
43, 1603471438310169364, 0, 54.463917525763854, 24.587628865989693, 102.19011163199622, 46.02061855670973
44, 1603471438331702784, 0, 47.760309278345844, 24.587628865984538, 102.01000426960636, 46.20618556701466
45, 1603471438353236364, 0, 41.05670103092784, 24.587628865979383, 101.8298969072165, 46.39175257731959
46, 1603471438374769920, 0, 35.052600915959076, 25.022551546384506, 100.8462392902241, 45.92783505153966
47, 1603471438396303364, 0, 29.04850080099031, 25.45747422678963, 99.86258167323173, 45.463917525759726
48, 1603471438417836800, 0, 23.044400686021547, 25.89239690719475, 98.87892405623933, 44.99999999997979
49, 1603471438439370364, 0, 17.04030057105278, 26.327319587599874, 97.89526643924692, 44.53608247419986
50, 1603471438460903680, 0, 10.822711679113066, 26.6648850386495, 97.22245482858708, 44.07216494844985
51, 1603471438482437364, 0, 4.605122787173353, 27.002450489699125, 96.54964321792724, 43.60824742269985
52, 1603471438503971328, 0, 2.3025613935866764, 27.534730399488737, 91.76708965020075, 43.144329896916936
53, 1603471438525505364, 0, 0, 28.067010309278352, 86.98453608247424, 42.680412371134025
54, 1603471438547038720, 0, 0.0, 27.995099959158036, 80.45103092783711, 42.75232272124815
55, 1603471438568572364, 0, 0, 27.92318960903772, 73.91752577319998, 42.82423307136227
56, 1603471438590105856, 0, 0.0, 28.191103546984476, 67.38402061855979, 42.55631913341861
57, 1603471438611639364, 0, 0.0, 28.45901748493123, 60.85051546391958, 42.288405195474944
58, 1603471438633172736, 0, 0.0, 28.72693142287799, 54.31701030927938, 42.02049125753129
59, 1603471438654706364, 0, 0, 28.994845360824744, 47.78350515463918, 41.75257731958763
60, 1603471438676239872, 0, 1.648166139649717e-15, 29.80670103091237, 41.32731958761959, 40.960449112027796
61, 1603471438697773364, 0, 3.296332279299434e-15, 30.618556700999996, 34.8711340206, 40.16832090446796
62, 1603471438719307264, 0, 1.648166139649717e-15, 31.430412371100015, 28.414948453599997, 39.11872196465391
63, 1603471438740841364, 0, 0, 32.242268041200035, 21.958762886599988, 38.069123024839854
64, 1603471438762374912, 0, 0.0, 33.054123711321665, 15.502577319588653, 35.15569553303848
65, 1603471438783908364, 0, 0, 33.8659793814433, 9.04639175257732, 32.24226804123712
66, 1603471438805441792, 0, 0.0, 33.8659793814433, 9.04639175257732, 32.24226804123712
67, 1603471438826975364
68, 1603471438848508928
69, 1603471438870042364
70, 1603471438891575808
71, 1603471438913109364
72, 1603471438934643200
73, 1603471438956177364
74, 1603471438977710848
75, 1603471438999244364
76, 1603471439020777728
77, 1603471439042311364
78, 1603471439063844864
79, 1603471439085378364
80, 1603471439106911744
81, 1603471439128445364
