1, 1603471437405757364
2, 1603471437408449280
3, 1603471437411141120
4, 1603471437413832704
5, 1603471437416524544
6, 1603471437419216384
7, 1603471437421907968
8, 1603471437424599552
9, 1603471437427291392
10, 1603471437429983232
11, 1603471437432674816
12, 1603471437435366656
13, 1603471437438058496
14, 1603471437440750080
15, 1603471437443441920
16, 1603471437446133760
17, 1603471437448825364
18, 1603471437451516928
19, 1603471437454208512
20, 1603471437456900096
21, 1603471437459591936
22, 1603471437462283776
23, 1603471437464975360
24, 1603471437467666944
25, 1603471437470358784
26, 1603471437473050624
27, 1603471437475742208
28, 1603471437478433792
29, 1603471437481125632
30, 1603471437483817472
31, 1603471437486509056
32, 1603471437489200640
33, 1603471437491892364
34, 1603471437494584320
35, 1603471437497275904
36, 1603471437499967488
37, 1603471437502659328
38, 1603471437505351168
39, 1603471437508042752
40, 1603471437510734336
41, 1603471437513425920
42, 1603471437516117504
43, 1603471437518809344
44, 1603471437521501184
45, 1603471437524192768
46, 1603471437526884352
47, 1603471437529576192
48, 1603471437532267776
49, 1603471437534959364
50, 1603471437537650944
51, 1603471437540342528
52, 1603471437543034368
53, 1603471437545725952
54, 1603471437548417536
55, 1603471437551109376
56, 1603471437553801216
57, 1603471437556492800
58, 1603471437559184384
59, 1603471437561876224
60, 1603471437564568064
61, 1603471437567259648
62, 1603471437569951232
63, 1603471437572643072
64, 1603471437575334656
65, 1603471437578026364
66, 1603471437580717824
67, 1603471437583409408
68, 1603471437586101248
69, 1603471437588792832
70, 1603471437591484416
71, 1603471437594176256
72, 1603471437596868096
73, 1603471437599559680
74, 1603471437602251264
75, 1603471437604943104
76, 1603471437607634944
77, 1603471437610326528
78, 1603471437613018112
79, 1603471437615709952
80, 1603471437618401536
81, 1603471437621093364
82, 1603471437623785216
83, 1603471437626477056
84, 1603471437629168640
85, 1603471437631860480
86, 1603471437634552320
87, 1603471437637243904
88, 1603471437639935488
89, 1603471437642627328
90, 1603471437645319168
91, 1603471437648010752
92, 1603471437650702592
93, 1603471437653394432
94, 1603471437656086016
95, 1603471437658777856
96, 1603471437661469696
97, 1603471437664161364, 0, 234.74226804123714, 32.70618556701031, 5.257731958762852, 27.835051546391753
98, 1603471437666852864, 0, 234.1188788659794, 32.59020618556701, 5.881121134020584, 28.29896907216495
99, 1603471437669544448, 0, 233.49548969072168, 32.47422680412371, 6.5045103092783165, 28.762886597938145
100, 1603471437672236032, 0, 232.87210051546396, 32.35824742268041, 7.127899484536048, 29.22680412371134
101, 1603471437674927872, 0, 232.2487113402062, 32.24226804123711, 7.75128865979378, 29.690721649484537
102, 1603471437677619712, 0, 231.62532216494844, 32.126288659793815, 8.374677835051513, 30.154639175257735
103, 1603471437680311296, 0, 231.00193298969072, 32.01030927835052, 8.998067010309244, 30.61855670103093
104, 1603471437683002880, 0, 230.378543814433, 31.89432989690722, 9.621456185566977, 31.082474226804123
105, 1603471437685694720, 0, 229.75515463917526, 31.77835051546392, 10.244845360824709, 31.54639175257732
106, 1603471437688386560, 0, 229.13176546391753, 31.66237113402062, 10.86823453608244, 32.01030927835052
107, 1603471437691078144, 0, 228.5083762886598, 31.54639175257732, 11.491623711340171, 32.47422680412372
108, 1603471437693769728, 0, 227.88498711340208, 31.43041237113402, 12.115012886597903, 32.938144329896915
109, 1603471437696461568, 0, 227.26159793814435, 31.314432989690722, 12.738402061855636, 33.402061855670105
110, 1603471437699153408, 0, 226.63820876288662, 31.198453608247423, 13.36179123711337, 33.865979381443296
111, 1603471437701844992, 0, 226.0148195876289, 31.082474226804123, 13.9851804123711, 34.329896907216494
112, 1603471437704536576, 0, 225.39143041237116, 30.966494845360828, 14.608569587628832, 34.79381443298969
113, 1603471437707228364, 0, 224.7680412371134, 30.850515463917528, 15.231958762886563, 35.25773195876289
114, 1603471437709920256, 0, 224.1569831634805, 30.69349345006613, 15.843016836519496, 35.48884077791727
115, 1603471437712611840, 0, 223.54592508984757, 30.53647143621473, 16.45407491015243, 35.71994959707165
116, 1603471437715303424, 0, 222.93486701621464, 30.37944942236333, 17.06513298378536, 35.951058416226026
117, 1603471437717995264, 0, 222.3238089425817, 30.22242740851193, 17.676191057418293, 36.182167235380405
118, 1603471437720687104, 0, 221.71275086894877, 30.06540539466053, 18.287249131051226, 36.413276054534784
119, 1603471437723378688, 0, 221.10169279531584, 29.90838338080913, 18.89830720468416, 36.64438487368916
120, 1603471437726070272, 0, 220.4906347216829, 29.75136136695773, 19.50936527831709, 36.87549369284354
121, 1603471437728761856, 0, 219.87957664804998, 29.59433935310633, 20.120423351950024, 37.10660251199792
122, 1603471437731453440, 0, 219.26851857441704, 29.437317339254932, 20.731481425582956, 37.3377113311523
123, 1603471437734145280, 0, 218.6574605007841, 29.280295325403532, 21.34253949921589, 37.56882015030668
124, 1603471437736837120, 0, 218.04640242715118, 29.123273311552133, 21.95359757284882, 37.79992896946106
125, 1603471437739528704, 0, 217.43534435351825, 28.966251297700733, 22.564655646481754, 38.031037788615436
126, 1603471437742220288, 0, 216.8242862798853, 28.809229283849334, 23.175713720114686, 38.262146607769814
127, 1603471437744912128, 0, 216.21322820625238, 28.652207269997934, 23.78677179374762, 38.49325542692419
128, 1603471437747603712, 0, 215.60217013261945, 28.495185256146534, 24.39782986738055, 38.72436424607857
129, 1603471437750295364, 0, 214.99111205898652, 28.338163242295135, 25.008887941013484, 38.95547306523295
130, 1603471437752986880, 0, 214.38005398535358, 28.181141228443735, 25.619946014646413, 39.18658188438733
131, 1603471437755678464, 0, 213.76899591172065, 28.024119214592336, 26.23100408827934, 39.41769070354171
132, 1603471437758370304, 0, 213.15793783808772, 27.867097200740936, 26.842062161912274, 39.648799522696095
133, 1603471437761061888, 0, 212.5468797644548, 27.710075186889537, 27.453120235545203, 39.879908341850474
134, 1603471437763753472, 0, 211.93582169082185, 27.553053173038137, 28.064178309178132, 40.11101716100485
135, 1603471437766445312, 0, 211.32476361718892, 27.396031159186737, 28.675236382811065, 40.34212598015924
136, 1603471437769137152, 0, 210.713705543556, 27.239009145335338, 29.286294456443994, 40.57323479931362
137, 1603471437771828736, 0, 210.10264746992306, 27.081987131483938, 29.897352530076923, 40.804343618467996
138, 1603471437774520320, 0, 209.49158939629012, 26.92496511763254, 30.508410603709855, 41.035452437622375
139, 1603471437777212160, 0, 208.8805313226572, 26.76794310378114, 31.119468677342784, 41.266561256776754
140, 1603471437779904000, 0, 208.26947324902426, 26.61092108992974, 31.730526750975713, 41.49767007593113
141, 1603471437782595584, 0, 207.65841517539133, 26.45389907607834, 32.341584824608645, 41.72877889508551
142, 1603471437785287168, 0, 207.0473571017584, 26.29687706222694, 32.95264289824158, 41.95988771423989
143, 1603471437787979008, 0, 206.43629902812546, 26.13985504837554, 33.5637009718745, 42.19099653339427
144, 1603471437790670592, 0, 205.82524095449253, 25.98283303452414, 34.17475904550743, 42.422105352548655
145, 1603471437793362364, 0, 205.21418288085962, 25.82581102067274, 34.78581711914036, 42.653214171703034
146, 1603471437796054272, 0, 204.51322420191525, 25.830610096379814, 35.48677579808475, 42.66856153811567
147, 1603471437798745856, 0, 203.81226552297085, 25.835409172086884, 36.18773447702914, 42.683908904528295
148, 1603471437801437696, 0, 203.11130684402644, 25.840208247793953, 36.88869315597353, 42.69925627094093
149, 1603471437804129280, 0, 202.41034816508207, 25.845007323501022, 37.589651834917916, 42.71460363735356
150, 1603471437806820864, 0, 201.7093894861377, 25.84980639920809, 38.290610513862305, 42.72995100376619
151, 1603471437809512448, 0, 201.0084308071933, 25.85460547491516, 38.99156919280669, 42.74529837017882
152, 1603471437812204032, 0, 200.3074721282489, 25.85940455062223, 39.69252787175108, 42.76064573659146
153, 1603471437814895872, 0, 199.60651344930452, 25.8642036263293, 40.39348655069548, 42.77599310300408
154, 1603471437817587712, 0, 198.90555477036014, 25.86900270203637, 41.094445229639874, 42.79134046941671
155, 1603471437820279296, 0, 198.20459609141574, 25.873801777743438, 41.79540390858426, 42.806687835829344
156, 1603471437822970880, 0, 197.50363741247133, 25.878600853450507, 42.49636258752865, 42.82203520224198
157, 1603471437825662720, 0, 196.80267873352696, 25.883399929157576, 43.19732126647304, 42.837382568654604
158, 1603471437828354560, 0, 196.1017200545826, 25.888199004864646, 43.89827994541743, 42.85272993506723
159, 1603471437831046144, 0, 195.40076137563818, 25.892998080571715, 44.59923862436182, 42.868077301479865
160, 1603471437833737728, 0, 194.69980269669378, 25.897797156278784, 45.300197303306206, 42.8834246678925
161, 1603471437836429364, 0, 193.9988440177494, 25.902596231985854, 46.001155982250594, 42.898772034305125
162, 1603471437839120896, 0, 193.29788533880503, 25.907395307692923, 46.70211466119498, 42.91411940071775
163, 1603471437841812736, 0, 192.59692665986063, 25.912194383399992, 47.40307334013937, 42.929466767130386
164, 1603471437844504576, 0, 191.89596798091623, 25.91699345910706, 48.10403201908376, 42.94481413354302
165, 1603471437847196160, 0, 191.19500930197185, 25.92179253481413, 48.80499069802814, 42.960161499955646
166, 1603471437849888000, 0, 190.49405062302748, 25.9265916105212, 49.505949376972524, 42.97550886636827
167, 1603471437852579840, 0, 189.79309194408307, 25.93139068622827, 50.20690805591691, 42.99085623278091
168, 1603471437855271424, 0, 189.09213326513867, 25.93618976193534, 50.9078667348613, 43.00620359919354
169, 1603471437857963264, 0, 188.3911745861943, 25.94098883764241, 51.60882541380569, 43.02155096560617
170, 1603471437860655104, 0, 187.69021590724992, 25.945787913349484, 52.30978409275008, 43.036898332018794
171, 1603471437863346688, 0, 186.98925722830552, 25.950586989056553, 53.01074277169447, 43.05224569843143
172, 1603471437866038528, 0, 186.28829854936112, 25.955386064763623, 53.711701450638856, 43.06759306484406
173, 1603471437868730368, 0, 185.58733987041674, 25.960185140470692, 54.412660129583244, 43.08294043125669
174, 1603471437871421952, 0, 184.88638119147237, 25.96498421617776, 55.11361880852763, 43.09828779766932
175, 1603471437874113792, 0, 184.18542251252796, 25.96978329188483, 55.81457748747202, 43.113635164081956
176, 1603471437876805632, 0, 183.48446383358356, 25.9745823675919, 56.51553616641641, 43.12898253049458
177, 1603471437879497364, 0, 182.7835051546392, 25.97938144329897, 57.21649484536079, 43.144329896907216
178, 1603471437882189312, 0, 182.02993955386796, 25.96488402061774, 57.970060446131995, 43.15882731958831
179, 1603471437884880896, 0, 181.27637395309677, 25.950386597936507, 58.723626046903206, 43.173324742269415
180, 1603471437887572480, 0, 180.52280835232557, 25.935889175255276, 59.47719164767441, 43.18782216495051
181, 1603471437890264320, 0, 179.76924275155437, 25.921391752574046, 60.23075724844561, 43.20231958763161
182, 1603471437892956160, 0, 179.01567715078318, 25.906894329892815, 60.98432284921682, 43.2168170103127
183, 1603471437895647744, 0, 178.26211155001195, 25.892396907211584, 61.73788844998802, 43.2313144329938
184, 1603471437898339328, 0, 177.50854594924073, 25.877899484530353, 62.49145405075922, 43.245811855674894
185, 1603471437901030912, 0, 176.75498034846953, 25.863402061849126, 63.24501965153043, 43.26030927835599
186, 1603471437903722496, 0, 176.00141474769833, 25.8489046391679, 63.99858525230163, 43.274806701037086
187, 1603471437906414336, 0, 175.24784914692714, 25.834407216486667, 64.75215085307283, 43.28930412371818
188, 1603471437909106176, 0, 174.49428354615594, 25.819909793805436, 65.50571645384404, 43.30380154639928
189, 1603471437911797760, 0, 173.74071794538472, 25.805412371124206, 66.25928205461526, 43.318298969080374
190, 1603471437914489344, 0, 172.9871523446135, 25.790914948442975, 67.01284765538645, 43.33279639176147
191, 1603471437917181184, 0, 172.2335867438423, 25.776417525761744, 67.76641325615766, 43.347293814442565
192, 1603471437919872768, 0, 171.4800211430711, 25.761920103080513, 68.51997885692887, 43.36179123712366
193, 1603471437922564364, 0, 170.7264555422999, 25.747422680399282, 69.27354445770007, 43.37628865980476
194, 1603471437925255936, 0, 169.9728899415287, 25.73292525771805, 70.02711005847127, 43.39078608248585
195, 1603471437927947520, 0, 169.2193243407575, 25.71842783503682, 70.78067565924248, 43.40528350516695
196, 1603471437930639360, 0, 168.4657587399863, 25.70393041235559, 71.53424126001369, 43.41978092784805
197, 1603471437933330944, 0, 167.7121931392151, 25.68943298967436, 72.28780686078488, 43.43427835052915
198, 1603471437936022528, 0, 166.95862753844386, 25.674935566993128, 73.0413724615561, 43.448775773210244
199, 1603471437938714368, 0, 166.20506193767267, 25.660438144311897, 73.7949380623273, 43.46327319589135
200, 1603471437941406208, 0, 165.45149633690147, 25.645940721630666, 74.5485036630985, 43.47777061857244
201, 1603471437944097792, 0, 164.69793073613027, 25.631443298949435, 75.30206926386971, 43.49226804125354
202, 1603471437946789376, 0, 163.94436513535908, 25.616945876268204, 76.05563486464092, 43.506765463934634
203, 1603471437949481216, 0, 163.19079953458788, 25.602448453586973, 76.80920046541212, 43.52126288661573
204, 1603471437952173056, 0, 162.43723393381669, 25.587951030905742, 77.56276606618333, 43.53576030929683
205, 1603471437954864640, 0, 161.68366833304546, 25.57345360822451, 78.31633166695454, 43.55025773197793
206, 1603471437957556224, 0, 160.93010273227424, 25.55895618554328, 79.06989726772574, 43.564755154659025
207, 1603471437960248064, 0, 160.17653713150304, 25.54445876286205, 79.82346286849695, 43.57925257734013
208, 1603471437962939648, 0, 159.42297153073184, 25.52996134018082, 80.57702846926816, 43.593750000021224
209, 1603471437965631364, 0, 158.66940592996065, 25.51546391749959, 81.33059407003935, 43.60824742270232
210, 1603471437968323328, 0, 157.91584032918945, 25.500966494818364, 82.08415967081056, 43.622744845383416
211, 1603471437971014912, 0, 157.16227472841825, 25.486469072137133, 82.83772527158177, 43.63724226806451
212, 1603471437973706752, 0, 156.40870912764706, 25.471971649455902, 83.59129087235297, 43.65173969074561
213, 1603471437976398336, 0, 155.65514352687583, 25.45747422677467, 84.34485647312418, 43.6662371134267
214, 1603471437979089920, 0, 154.9015779261046, 25.44297680409344, 85.09842207389539, 43.6807345361078
215, 1603471437981781504, 0, 154.1480123253334, 25.42847938141221, 85.85198767466659, 43.695231958788895
216, 1603471437984473088, 0, 153.39444672456221, 25.41398195873098, 86.6055532754378, 43.70972938146999
217, 1603471437987164928, 0, 152.64088112379102, 25.399484536049748, 87.35911887620901, 43.72422680415109
218, 1603471437989856768, 0, 151.88731552301982, 25.384987113368517, 88.1126844769802, 43.73872422683218
219, 1603471437992548352, 0, 151.1337499222486, 25.370489690687286, 88.86625007775142, 43.75322164951328
220, 1603471437995239936, 0, 150.38018432147737, 25.355992268006055, 89.61981567852263, 43.767719072194375
221, 1603471437997931520, 0, 149.62661872070618, 25.341494845324824, 90.37338127929382, 43.78221649487547
222, 1603471438000623104, 0, 148.87305311993498, 25.326997422643593, 91.12694688006503, 43.796713917556566
223, 1603471438003314944, 0, 148.11948751916378, 25.312499999962363, 91.88051248083625, 43.81121134023766
224, 1603471438006006528, 0, 147.3659219183926, 25.29800257728113, 92.63407808160744, 43.825708762918765
225, 1603471438008698364, 0, 146.61235631762136, 25.283505154599904, 93.38764368237865, 43.84020618559986
226, 1603471438011390208, 0, 145.80986521736378, 25.269007731918663, 93.70579532991553, 43.8547036082811
227, 1603471438014081792, 0, 145.00737411710622, 25.254510309237418, 94.0239469774524, 43.869201030962344
228, 1603471438016773632, 0, 144.20488301684864, 25.240012886556173, 94.34209862498928, 43.88369845364359
229, 1603471438019465216, 0, 143.40239191659106, 25.225515463874927, 94.66025027252616, 43.898195876324834
230, 1603471438022156800, 0, 142.59990081633347, 25.211018041193682, 94.97840192006304, 43.91269329900608
231, 1603471438024848384, 0, 141.7974097160759, 25.19652061851244, 95.29655356759991, 43.92719072168732
232, 1603471438027539968, 0, 140.9949186158183, 25.1820231958312, 95.6147052151368, 43.941688144368555
233, 1603471438030231808, 0, 140.19242751556072, 25.167525773149954, 95.93285686267367, 43.9561855670498
234, 1603471438032923648, 0, 139.38993641530314, 25.15302835046871, 96.25100851021055, 43.970682989731046
235, 1603471438035615232, 0, 138.58744531504556, 25.138530927787468, 96.56916015774743, 43.98518041241229
236, 1603471438038306816, 0, 137.78495421478797, 25.124033505106226, 96.88731180528431, 43.999677835093536
237, 1603471438040998656, 0, 136.9824631145304, 25.10953608242498, 97.20546345282119, 44.014175257774774
238, 1603471438043690496, 0, 136.1799720142728, 25.095038659743736, 97.52361510035807, 44.02867268045601
239, 1603471438046382080, 0, 135.37748091401522, 25.080541237062494, 97.84176674789495, 44.04317010313726
240, 1603471438049073664, 0, 134.57498981375764, 25.066043814381253, 98.15991839543182, 44.0576675258185
241, 1603471438051765364, 0, 133.77249871350006, 25.051546391700008, 98.4780700429687, 44.07216494849975
242, 1603471438054456832, 0, 132.97000761323926, 25.03704896902124, 98.53207365309498, 44.08666237117872
243, 1603471438057148672, 0, 132.16751651297847, 25.02255154634247, 98.58607726322128, 44.10115979385769
244, 1603471438059840512, 0, 131.36502541271767, 25.008054123663698, 98.64008087334759, 44.11565721653666
245, 1603471438062532096, 0, 130.56253431245688, 24.99355670098493, 98.69408448347389, 44.13015463921563
246, 1603471438065223936, 0, 129.76004321219608, 24.97905927830616, 98.74808809360019, 44.144652061894604
247, 1603471438067915776, 0, 128.95755211193529, 24.964561855627387, 98.80209170372649, 44.159149484573575
248, 1603471438070607360, 0, 128.1550610116745, 24.95006443294862, 98.85609531385279, 44.17364690725255
249, 1603471438073299200, 0, 127.3525699114137, 24.93556701026985, 98.91009892397909, 44.18814432993151
250, 1603471438075991040, 0, 126.5500788111529, 24.92106958759108, 98.9641025341054, 44.202641752610475
251, 1603471438078682624, 0, 125.7475877108921, 24.906572164912312, 99.0181061442317, 44.21713917528945
252, 1603471438081374464, 0, 124.94509661063131, 24.892074742233543, 99.072109754358, 44.23163659796842
253, 1603471438084066304, 0, 124.14260551037052, 24.877577319554774, 99.1261133644843, 44.24613402064739
254, 1603471438086757888, 0, 123.34011441010972, 24.863079896876005, 99.1801169746106, 44.26063144332636
255, 1603471438089449728, 0, 122.53762330984893, 24.848582474197237, 99.2341205847369, 44.27512886600533
256, 1603471438092141568, 0, 121.73513220958813, 24.834085051518464, 99.2881241948632, 44.2896262886843
257, 1603471438094833364, 0, 120.93264110932735, 24.819587628839695, 99.34212780498949, 44.304123711363275
258, 1603471438097525248, 0, 120.13015000906657, 24.805090206160926, 99.39613141511579, 44.318621134042246
259, 1603471438100216832, 0, 119.32765890880577, 24.790592783482154, 99.45013502524209, 44.33311855672122
260, 1603471438102908416, 0, 118.52516780854498, 24.776095360803385, 99.50413863536839, 44.34761597940019
261, 1603471438105600256, 0, 117.72267670828418, 24.761597938124616, 99.5581422454947, 44.36211340207916
262, 1603471438108292096, 0, 116.92018560802339, 24.747100515445847, 99.612145855621, 44.37661082475813
263, 1603471438110983680, 0, 116.1176945077626, 24.73260309276708, 99.6661494657473, 44.3911082474371
264, 1603471438113675264, 0, 115.3152034075018, 24.71810567008831, 99.7201530758736, 44.405605670116074
265, 1603471438116366848, 0, 114.512712307241, 24.70360824740954, 99.7741566859999, 44.420103092795046
266, 1603471438119058432, 0, 113.71022120698021, 24.689110824730772, 99.8281602961262, 44.43460051547402
267, 1603471438121750272, 0, 112.90773010671941, 24.674613402052003, 99.8821639062525, 44.44909793815299
268, 1603471438124442112, 0, 112.10523900645862, 24.66011597937323, 99.9361675163788, 44.46359536083196
269, 1603471438127133696, 0, 111.30274790619782, 24.645618556694462, 99.9901711265051, 44.47809278351093
270, 1603471438129825280, 0, 110.50025680593703, 24.631121134015693, 100.0441747366314, 44.4925902061899
271, 1603471438132517120, 0, 109.69776570567623, 24.61662371133692, 100.0981783467577, 44.507087628868874
272, 1603471438135208704, 0, 108.89527460541544, 24.60212628865815, 100.15218195688401, 44.521585051547845
273, 1603471438137900364, 0, 108.09278350515464, 24.587628865979383, 100.20618556701031, 44.53608247422681
274, 1603471438140591872, 0, 107.25483247422642, 24.587628865979813, 100.25502183346376, 44.559278350515825
275, 1603471438143283456, 0, 106.4168814432982, 24.587628865980243, 100.30385809991722, 44.58247422680485
276, 1603471438145975296, 0, 105.57893041236997, 24.587628865980673, 100.35269436637067, 44.60567010309387
277, 1603471438148666880, 0, 104.74097938144175, 24.587628865981102, 100.40153063282412, 44.628865979382894
278, 1603471438151358464, 0, 103.90302835051352, 24.587628865981532, 100.45036689927757, 44.65206185567192
279, 1603471438154050304, 0, 103.0650773195853, 24.587628865981962, 100.49920316573102, 44.67525773196094
280, 1603471438156742144, 0, 102.22712628865708, 24.58762886598239, 100.54803943218447, 44.69845360824996
281, 1603471438159433728, 0, 101.38917525772885, 24.58762886598282, 100.59687569863792, 44.721649484538986
282, 1603471438162125312, 0, 100.55122422680063, 24.58762886598325, 100.64571196509137, 44.74484536082801
283, 1603471438164817152, 0, 99.7132731958724, 24.587628865983675, 100.69454823154481, 44.76804123711703
284, 1603471438167508992, 0, 98.87532216494418, 24.587628865984104, 100.74338449799826, 44.791237113406055
285, 1603471438170200576, 0, 98.03737113401596, 24.587628865984534, 100.79222076445171, 44.81443298969508
286, 1603471438172892160, 0, 97.19942010308773, 24.587628865984964, 100.84105703090516, 44.8376288659841
287, 1603471438175584000, 0, 96.36146907215951, 24.587628865985394, 100.88989329735861, 44.860824742273124
288, 1603471438178275584, 0, 95.52351804123128, 24.587628865985824, 100.93872956381207, 44.88402061856215
289, 1603471438180967364, 0, 94.68556701030305, 24.587628865986254, 100.98756583026552, 44.90721649485116
290, 1603471438183659264, 0, 93.84761597937482, 24.587628865986684, 101.03640209671897, 44.93041237114018
291, 1603471438186350848, 0, 93.0096649484466, 24.587628865987114, 101.08523836317242, 44.9536082474292
292, 1603471438189042688, 0, 92.17171391751837, 24.587628865987543, 101.13407462962587, 44.976804123718225
293, 1603471438191734272, 0, 91.33376288659015, 24.587628865987973, 101.18291089607932, 45.00000000000725
294, 1603471438194425856, 0, 90.49581185566193, 24.587628865988403, 101.23174716253277, 45.02319587629627
295, 1603471438197117440, 0, 89.6578608247337, 24.587628865988833, 101.28058342898622, 45.04639175258529
296, 1603471438199809024, 0, 88.81990979380548, 24.587628865989263, 101.32941969543967, 45.06958762887432
297, 1603471438202500864, 0, 87.98195876287726, 24.587628865989693, 101.37825596189312, 45.09278350516334
298, 1603471438205192704, 0, 87.14400773194903, 24.587628865990123, 101.42709222834657, 45.11597938145236
299, 1603471438207884288, 0, 86.30605670102081, 24.587628865990553, 101.47592849480002, 45.139175257741385
300, 1603471438210575872, 0, 85.46810567009258, 24.587628865990983, 101.52476476125346, 45.16237113403041
301, 1603471438213267712, 0, 84.63015463916436, 24.587628865991412, 101.57360102770691, 45.18556701031943
302, 1603471438215959552, 0, 83.79220360823614, 24.587628865991842, 101.62243729416036, 45.208762886608454
303, 1603471438218651136, 0, 82.95425257730791, 24.587628865992272, 101.67127356061381, 45.23195876289748
304, 1603471438221342720, 0, 82.11630154637969, 24.5876288659927, 101.72010982706726, 45.2551546391865
305, 1603471438224034364, 0, 81.27835051545146, 24.58762886599313, 101.76894609352071, 45.27835051547552
306, 1603471438226725888, 0, 80.44039948452323, 24.58762886599356, 101.81778235997416, 45.301546391764546
307, 1603471438229417472, 0, 79.602448453595, 24.587628865993985, 101.86661862642762, 45.32474226805357
308, 1603471438232109056, 0, 78.76449742266678, 24.587628865994414, 101.91545489288107, 45.34793814434259
309, 1603471438234800896, 0, 77.92654639173855, 24.587628865994844, 101.96429115933452, 45.37113402063161
310, 1603471438237492736, 0, 77.08859536081033, 24.587628865995274, 102.01312742578797, 45.394329896920624
311, 1603471438240184320, 0, 76.2506443298821, 24.587628865995704, 102.06196369224142, 45.41752577320965
312, 1603471438242875904, 0, 75.41269329895388, 24.587628865996134, 102.11079995869487, 45.44072164949867
313, 1603471438245567744, 0, 74.57474226802566, 24.587628865996564, 102.15963622514832, 45.46391752578769
314, 1603471438248259584, 0, 73.73679123709744, 24.587628865996994, 102.20847249160177, 45.487113402076716
315, 1603471438250951168, 0, 72.89884020616921, 24.587628865997424, 102.25730875805522, 45.51030927836574
316, 1603471438253642752, 0, 72.06088917524099, 24.587628865997853, 102.30614502450867, 45.53350515465476
317, 1603471438256334592, 0, 71.22293814431276, 24.587628865998283, 102.35498129096212, 45.55670103094378
318, 1603471438259026432, 0, 70.38498711338454, 24.587628865998713, 102.40381755741556, 45.57989690723279
319, 1603471438261718016, 0, 69.54703608245632, 24.587628865999143, 102.45265382386901, 45.60309278352182
320, 1603471438264409600, 0, 68.70908505152809, 24.58762886599957, 102.50149009032248, 45.62628865981084
321, 1603471438267101364, 0, 67.87113402059987, 24.587628866, 102.55032635677593, 45.64948453609986
322, 1603471438269793280, 0, 67.03318298967261, 24.587628865999356, 102.5278129364772, 45.672680412387976
323, 1603471438272485120, 0, 66.19523195874537, 24.58762886599871, 102.50529951617847, 45.6958762886761
324, 1603471438275176960, 0, 65.35728092781812, 24.587628865998067, 102.48278609587973, 45.71907216496422
325, 1603471438277868544, 0, 64.51932989689087, 24.587628865997424, 102.460272675581, 45.74226804125233
326, 1603471438280560128, 0, 63.681378865963616, 24.587628865996777, 102.43775925528226, 45.765463917540444
327, 1603471438283251968, 0, 62.843427835036366, 24.587628865996134, 102.41524583498354, 45.788659793828565
328, 1603471438285943808, 0, 62.005476804109115, 24.58762886599549, 102.39273241468482, 45.811855670116685
329, 1603471438288635392, 0, 61.167525773181865, 24.587628865994844, 102.37021899438608, 45.8350515464048
330, 1603471438291327232, 0, 60.329574742254614, 24.5876288659942, 102.34770557408734, 45.85824742269291
331, 1603471438294019072, 0, 59.491623711327364, 24.58762886599356, 102.3251921537886, 45.88144329898103
332, 1603471438296710656, 0, 58.65367268040011, 24.58762886599291, 102.30267873348987, 45.90463917526915
333, 1603471438299402496, 0, 57.81572164947286, 24.58762886599227, 102.28016531319115, 45.92783505155727
334, 1603471438302094336, 0, 56.97777061854561, 24.587628865991626, 102.25765189289243, 45.95103092784538
335, 1603471438304785920, 0, 56.13981958761836, 24.58762886599098, 102.23513847259369, 45.974226804133494
336, 1603471438307477760, 0, 55.301868556691105, 24.587628865990336, 102.21262505229495, 45.99742268042161
337, 1603471438310169364, 0, 54.463917525763854, 24.587628865989693, 102.19011163199622, 46.02061855670973
338, 1603471438312860928, 0, 53.625966494836604, 24.587628865989046, 102.16759821169748, 46.04381443299785
339, 1603471438315552512, 0, 52.788015463909346, 24.587628865988403, 102.14508479139874, 46.06701030928596
340, 1603471438318244352, 0, 51.950064432982096, 24.58762886598776, 102.12257137110001, 46.090206185574075
341, 1603471438320935936, 0, 51.112113402054845, 24.587628865987114, 102.10005795080129, 46.11340206186219
342, 1603471438323627520, 0, 50.274162371127595, 24.58762886598647, 102.07754453050256, 46.1365979381503
343, 1603471438326319360, 0, 49.436211340200344, 24.587628865985828, 102.05503111020383, 46.15979381443842
344, 1603471438329011200, 0, 48.598260309273094, 24.58762886598518, 102.03251768990509, 46.182989690726544
345, 1603471438331702784, 0, 47.760309278345844, 24.587628865984538, 102.01000426960636, 46.20618556701466
346, 1603471438334394368, 0, 46.92235824741859, 24.587628865983895, 101.98749084930762, 46.22938144330277
347, 1603471438337086208, 0, 46.08440721649134, 24.58762886598325, 101.96497742900888, 46.25257731959089
348, 1603471438339778048, 0, 45.24645618556409, 24.587628865982605, 101.94246400871015, 46.27577319587901
349, 1603471438342469632, 0, 44.40850515463684, 24.587628865981962, 101.91995058841142, 46.298969072167125
350, 1603471438345161216, 0, 43.57055412370959, 24.587628865981316, 101.8974371681127, 46.32216494845524
351, 1603471438347853056, 0, 42.73260309278234, 24.587628865980673, 101.87492374781397, 46.34536082474336
352, 1603471438350544640, 0, 41.89465206185509, 24.58762886598003, 101.85241032751523, 46.36855670103148
353, 1603471438353236364, 0, 41.05670103092784, 24.587628865979383, 101.8298969072165, 46.39175257731959
354, 1603471438355928320, 0, 40.306188516556745, 24.641994201030023, 101.70693970509245, 46.3337628865971
355, 1603471438358619904, 0, 39.55567600218565, 24.696359536080664, 101.5839825029684, 46.275773195874606
356, 1603471438361311744, 0, 38.80516348781455, 24.750724871131304, 101.46102530084434, 46.21778350515211
357, 1603471438364003328, 0, 38.05465097344346, 24.805090206181944, 101.3380680987203, 46.15979381442963
358, 1603471438366694912, 0, 37.30413845907236, 24.859455541232585, 101.21511089659626, 46.10180412370714
359, 1603471438369386496, 0, 36.55362594470127, 24.913820876283225, 101.0921536944722, 46.04381443298465
360, 1603471438372078080, 0, 35.80311343033017, 24.968186211333865, 100.96919649234815, 45.98582474226215
361, 1603471438374769920, 0, 35.052600915959076, 25.022551546384506, 100.8462392902241, 45.92783505153966
362, 1603471438377461760, 0, 34.30208840158798, 25.076916881435146, 100.72328208810006, 45.869845360817166
363, 1603471438380153344, 0, 33.551575887216885, 25.131282216485786, 100.60032488597601, 45.81185567009467
364, 1603471438382844928, 0, 32.80106337284579, 25.185647551536427, 100.47736768385195, 45.75386597937218
365, 1603471438385536768, 0, 32.05055085847469, 25.240012886587067, 100.35441048172791, 45.69587628864969
366, 1603471438388228608, 0, 31.300038344103598, 25.294378221637707, 100.23145327960387, 45.637886597927206
367, 1603471438390920192, 0, 30.549525829732502, 25.348743556688348, 100.10849607747983, 45.57989690720471
368, 1603471438393611776, 0, 29.799013315361407, 25.403108891738988, 99.98553887535579, 45.52190721648222
369, 1603471438396303364, 0, 29.04850080099031, 25.45747422678963, 99.86258167323173, 45.463917525759726
370, 1603471438398994944, 0, 28.297988286619216, 25.51183956184027, 99.73962447110767, 45.40592783503723
371, 1603471438401686528, 0, 27.54747577224812, 25.56620489689091, 99.61666726898363, 45.34793814431474
372, 1603471438404378112, 0, 26.796963257877024, 25.62057023194155, 99.49371006685958, 45.289948453592245
373, 1603471438407069952, 0, 26.04645074350593, 25.67493556699219, 99.37075286473552, 45.23195876286976
374, 1603471438409761792, 0, 25.295938229134833, 25.72930090204283, 99.24779566261148, 45.17396907214727
375, 1603471438412453376, 0, 24.545425714763738, 25.78366623709347, 99.12483846048742, 45.11597938142478
376, 1603471438415144960, 0, 23.794913200392642, 25.83803157214411, 99.00188125836337, 45.057989690702286
377, 1603471438417836800, 0, 23.044400686021547, 25.89239690719475, 98.87892405623933, 44.99999999997979
378, 1603471438420528640, 0, 22.29388817165045, 25.94676224224539, 98.75596685411529, 44.9420103092573
379, 1603471438423220224, 0, 21.543375657279356, 26.00112757729603, 98.63300965199123, 44.884020618534805
380, 1603471438425911808, 0, 20.79286314290826, 26.055492912346672, 98.51005244986717, 44.82603092781231
381, 1603471438428603648, 0, 20.042350628537164, 26.109858247397312, 98.38709524774313, 44.768041237089825
382, 1603471438431295488, 0, 19.29183811416607, 26.164223582447953, 98.26413804561908, 44.71005154636734
383, 1603471438433987072, 0, 18.541325599794973, 26.218588917498593, 98.14118084349502, 44.652061855644845
384, 1603471438436678656, 0, 17.790813085423878, 26.272954252549233, 98.01822364137098, 44.59407216492235
385, 1603471438439370364, 0, 17.04030057105278, 26.327319587599874, 97.89526643924692, 44.53608247419986
386, 1603471438442061824, 0, 16.263101959560316, 26.369515268981075, 97.81116498791445, 44.47809278348111
387, 1603471438444753408, 0, 15.48590334806785, 26.41171095036228, 97.72706353658197, 44.42010309276236
388, 1603471438447444992, 0, 14.708704736575386, 26.453906631743486, 97.64296208524948, 44.362113402043605
389, 1603471438450136832, 0, 13.931506125082922, 26.496102313124688, 97.55886063391699, 44.304123711324856
390, 1603471438452828672, 0, 13.154307513590458, 26.53829799450589, 97.4747591825845, 44.24613402060611
391, 1603471438455520256, 0, 12.377108902097994, 26.580493675887094, 97.39065773125203, 44.18814432988735
392, 1603471438458211840, 0, 11.59991029060553, 26.6226893572683, 97.30655627991956, 44.1301546391686
393, 1603471438460903680, 0, 10.822711679113066, 26.6648850386495, 97.22245482858708, 44.07216494844985
394, 1603471438463595520, 0, 10.045513067620602, 26.707080720030703, 97.13835337725459, 44.014175257731104
395, 1603471438466287104, 0, 9.268314456128138, 26.749276401411908, 97.05425192592212, 43.956185567012355
396, 1603471438468978688, 0, 8.491115844635674, 26.791472082793113, 96.97015047458964, 43.8981958762936
397, 1603471438471670528, 0, 7.71391723314321, 26.833667764174315, 96.88604902325716, 43.84020618557485
398, 1603471438474362368, 0, 6.936718621650746, 26.875863445555517, 96.80194757192467, 43.7822164948561
399, 1603471438477053952, 0, 6.159520010158282, 26.91805912693672, 96.7178461205922, 43.724226804137345
400, 1603471438479745536, 0, 5.382321398665818, 26.96025480831792, 96.63374466925973, 43.666237113418596
401, 1603471438482437364, 0, 4.605122787173353, 27.002450489699125, 96.54964321792724, 43.60824742269985
402, 1603471438485129216, 0, 4.317302612975018, 27.068985478422825, 95.95182402196143, 43.550257731976984
403, 1603471438487821056, 0, 4.029482438776684, 27.135520467146527, 95.35400482599562, 43.49226804125412
404, 1603471438490512896, 0, 3.7416622645783493, 27.20205545587023, 94.7561856300298, 43.43427835053126
405, 1603471438493204480, 0, 3.4538420903800144, 27.268590444593933, 94.15836643406399, 43.376288659808395
406, 1603471438495896064, 0, 3.16602191618168, 27.335125433317636, 93.56054723809818, 43.31829896908553
407, 1603471438498587904, 0, 2.8782017419833457, 27.401660422041335, 92.96272804213237, 43.26030927836267
408, 1603471438501279744, 0, 2.590381567785011, 27.468195410765034, 92.36490884616656, 43.202319587639806
409, 1603471438503971328, 0, 2.3025613935866764, 27.534730399488737, 91.76708965020075, 43.144329896916936
410, 1603471438506663168, 0, 2.014741219388342, 27.60126538821244, 91.16927045423493, 43.086340206194066
411, 1603471438509355008, 0, 1.7269210451900072, 27.667800376936142, 90.57145125826912, 43.0283505154712
412, 1603471438512046592, 0, 1.4391008709916728, 27.734335365659845, 89.97363206230331, 42.97036082474834
413, 1603471438514738432, 0, 1.1512806967933382, 27.800870354383544, 89.3758128663375, 42.91237113402548
414, 1603471438517430272, 0, 0.8634605225950036, 27.867405343107244, 88.77799367037169, 42.854381443302614
415, 1603471438520121856, 0, 0.5756403483966691, 27.933940331830946, 88.18017447440587, 42.79639175257975
416, 1603471438522813696, 0, 0.28782017419833456, 28.00047532055465, 87.58235527844005, 42.73840206185689
417, 1603471438525505364, 0, 0.0, 28.067010309278352, 86.98453608247424, 42.680412371134025
418, 1603471438528196864, 0, 0.0, 28.05802151551331, 86.1678479381446, 42.68940116489829
419, 1603471438530888448, 0, 0.0, 28.049032721748272, 85.35115979381496, 42.69838995866256
420, 1603471438533580288, 0, 0.0, 28.040043927983234, 84.53447164948531, 42.70737875242682
421, 1603471438536271872, 0, 0.0, 28.031055134218192, 83.71778350515567, 42.71636754619109
422, 1603471438538963456, 0, 0.0, 28.022066340453154, 82.90109536082602, 42.725356339955354
423, 1603471438541655296, 0, 0.0, 28.013077546688116, 82.08440721649639, 42.734345133719614
424, 1603471438544347136, 0, 0.0, 28.004088752923074, 81.26771907216676, 42.74333392748388
425, 1603471438547038720, 0, 0.0, 27.995099959158036, 80.45103092783711, 42.75232272124815
426, 1603471438549730304, 0, 0.0, 27.986111165392998, 79.63434278350746, 42.761311515012416
427, 1603471438552422144, 0, 0.0, 27.977122371627956, 78.81765463917783, 42.77030030877668
428, 1603471438555113984, 0, 0.0, 27.96813357786292, 78.0009664948482, 42.77928910254094
429, 1603471438557805568, 0, 0.0, 27.95914478409788, 77.18427835051855, 42.78827789630521
430, 1603471438560497152, 0, 0.0, 27.95015599033284, 76.36759020618891, 42.79726669006948
431, 1603471438563188992, 0, 0.0, 27.9411671965678, 75.55090206185926, 42.80625548383374
432, 1603471438565880576, 0, 0.0, 27.932178402802762, 74.73421391752962, 42.815244277598005
433, 1603471438568572364, 0, 0.0, 27.92318960903772, 73.91752577319998, 42.82423307136227
434, 1603471438571264256, 0, 0.0, 27.956678851281065, 73.10083762886995, 42.790743829119315
435, 1603471438573955840, 0, 0.0, 27.99016809352441, 72.28414948453994, 42.75725458687636
436, 1603471438576647680, 0, 0.0, 28.023657335767755, 71.46746134020991, 42.7237653446334
437, 1603471438579339264, 0, 0.0, 28.0571465780111, 70.65077319587988, 42.69027610239044
438, 1603471438582030848, 0, 0.0, 28.090635820254445, 69.83408505154986, 42.656786860147484
439, 1603471438584722432, 0, 0.0, 28.12412506249779, 69.01739690721983, 42.62329761790453
440, 1603471438587414016, 0, 0.0, 28.15761430474113, 68.2007087628898, 42.58980837566157
441, 1603471438590105856, 0, 0.0, 28.191103546984476, 67.38402061855979, 42.55631913341861
442, 1603471438592797696, 0, 0.0, 28.22459278922782, 66.56733247422976, 42.522829891175654
443, 1603471438595489280, 0, 0.0, 28.25808203147116, 65.75064432989973, 42.489340648932696
444, 1603471438598180864, 0, 0.0, 28.291571273714506, 64.93395618556971, 42.45585140668974
445, 1603471438600872704, 0, 0.0, 28.32506051595785, 64.11726804123968, 42.42236216444678
446, 1603471438603564544, 0, 0.0, 28.358549758201196, 63.30057989690965, 42.388872922203824
447, 1603471438606256128, 0, 0.0, 28.39203900044454, 62.48389175257963, 42.355383679960866
448, 1603471438608947712, 0, 0.0, 28.425528242687886, 61.66720360824961, 42.3218944377179
449, 1603471438611639364, 0, 0.0, 28.45901748493123, 60.85051546391958, 42.288405195474944
450, 1603471438614330880, 0, 0.0, 28.492506727174575, 60.033827319589555, 42.254915953231986
451, 1603471438617022464, 0, 0.0, 28.52599596941792, 59.21713917525953, 42.221426710989036
452, 1603471438619714048, 0, 0.0, 28.559485211661265, 58.4004510309295, 42.18793746874608
453, 1603471438622405888, 0, 0.0, 28.59297445390461, 57.58376288659948, 42.15444822650312
454, 1603471438625097728, 0, 0.0, 28.626463696147955, 56.76707474226946, 42.12095898426016
455, 1603471438627789312, 0, 0.0, 28.6599529383913, 55.95038659793943, 42.087469742017205
456, 1603471438630480896, 0, 0.0, 28.693442180634644, 55.133698453609405, 42.05398049977425
457, 1603471438633172736, 0, 0.0, 28.72693142287799, 54.31701030927938, 42.02049125753129
458, 1603471438635864576, 0, 0.0, 28.760420665121334, 53.50032216494935, 41.98700201528833
459, 1603471438638556160, 0, 0.0, 28.79390990736468, 52.68363402061933, 41.953512773045375
460, 1603471438641247744, 0, 0.0, 28.827399149608024, 51.86694587628931, 41.92002353080242
461, 1603471438643939584, 0, 0.0, 28.86088839185137, 51.05025773195928, 41.88653428855946
462, 1603471438646631424, 0, 0.0, 28.894377634094713, 50.233569587629255, 41.8530450463165
463, 1603471438649323008, 0, 0.0, 28.927866876338058, 49.41688144329923, 41.819555804073545
464, 1603471438652014592, 0, 0.0, 28.9613561185814, 48.6001932989692, 41.78606656183059
465, 1603471438654706364, 0, 0.0, 28.994845360824744, 47.78350515463918, 41.75257731958763
466, 1603471438657398272, 0, 2.0602076745621462e-16, 29.096327319585697, 46.97648195876173, 41.65356129364265
467, 1603471438660089856, 0, 4.1204153491242925e-16, 29.197809278346654, 46.16945876288428, 41.55454526769767
468, 1603471438662781440, 0, 6.180623023686438e-16, 29.299291237107607, 45.362435567006834, 41.455529241752686
469, 1603471438665473280, 0, 8.240830698248585e-16, 29.40077319586856, 44.555412371129385, 41.35651321580771
470, 1603471438668165120, 0, 1.030103837281073e-15, 29.502255154629513, 43.74838917525194, 41.25749718986273
471, 1603471438670856704, 0, 1.2361246047372876e-15, 29.603737113390466, 42.94136597937449, 41.158481163917756
472, 1603471438673548288, 0, 1.4421453721935023e-15, 29.70521907215142, 42.13434278349704, 41.05946513797278
473, 1603471438676239872, 0, 1.648166139649717e-15, 29.80670103091237, 41.32731958761959, 40.960449112027796
474, 1603471438678931456, 0, 1.8541869071059313e-15, 29.908182989673325, 40.52029639174214, 40.86143308608281
475, 1603471438681623296, 0, 2.060207674562146e-15, 30.009664948434278, 39.713273195864694, 40.762417060137835
476, 1603471438684315136, 0, 2.2662284420183606e-15, 30.11114690719523, 38.906249999987246, 40.66340103419286
477, 1603471438687006720, 0, 2.4722492094745753e-15, 30.212628865956184, 38.0992268041098, 40.56438500824788
478, 1603471438689698304, 0, 2.67826997693079e-15, 30.314110824717137, 37.29220360823235, 40.465368982302905
479, 1603471438692390144, 0, 2.8842907443870046e-15, 30.41559278347809, 36.4851804123549, 40.36635295635792
480, 1603471438695081728, 0, 3.0903115118432193e-15, 30.517074742239043, 35.67815721647745, 40.26733693041294
481, 1603471438697773364, 0, 3.296332279299434e-15, 30.618556700999996, 34.8711340206, 40.16832090446796
482, 1603471438700464896, 0, 3.0903115118432193e-15, 30.720038659762498, 34.064110824725006, 40.03712103699121
483, 1603471438703156736, 0, 2.8842907443870046e-15, 30.821520618525, 33.25708762885, 39.90592116951445
484, 1603471438705848320, 0, 2.67826997693079e-15, 30.9230025772875, 32.450064432975, 39.77472130203769
485, 1603471438708540160, 0, 2.4722492094745753e-15, 31.024484536050004, 31.6430412371, 39.64352143456094
486, 1603471438711232000, 0, 2.2662284420183606e-15, 31.125966494812506, 30.836018041225, 39.51232156708418
487, 1603471438713923584, 0, 2.060207674562146e-15, 31.227448453575008, 30.02899484535, 39.38112169960742
488, 1603471438716615424, 0, 1.8541869071059313e-15, 31.328930412337513, 29.221971649474998, 39.24992183213067
489, 1603471438719307264, 0, 1.648166139649717e-15, 31.430412371100015, 28.414948453599997, 39.11872196465391
490, 1603471438721999104, 0, 1.4421453721935023e-15, 31.531894329862517, 27.607925257724997, 38.98752209717715
491, 1603471438724690944, 0, 1.2361246047372876e-15, 31.633376288625023, 26.800902061849996, 38.856322229700396
492, 1603471438727382528, 0, 1.030103837281073e-15, 31.734858247387525, 25.993878865974995, 38.72512236222364
493, 1603471438730074368, 0, 8.240830698248585e-16, 31.836340206150027, 25.186855670099995, 38.59392249474688
494, 1603471438732766208, 0, 6.180623023686438e-16, 31.93782216491253, 24.379832474224994, 38.462722627270125
495, 1603471438735457792, 0, 4.1204153491242925e-16, 32.03930412367503, 23.572809278349993, 38.331522759793366
496, 1603471438738149632, 0, 2.0602076745621462e-16, 32.14078608243753, 22.76578608247499, 38.200322892316606
497, 1603471438740841364, 0, 0.0, 32.242268041200035, 21.958762886599988, 38.069123024839854
498, 1603471438743533312, 0, 0.0, 32.34374999996524, 21.151739690723574, 37.70494458836468
499, 1603471438746224896, 0, 0.0, 32.445231958730446, 20.344716494847155, 37.34076615188951
500, 1603471438748916736, 0, 0.0, 32.54671391749565, 19.537693298970737, 36.97658771541434
501, 1603471438751608320, 0, 0.0, 32.64819587626085, 18.73067010309432, 36.61240927893917
502, 1603471438754299904, 0, 0.0, 32.74967783502605, 17.9236469072179, 36.248230842464
503, 1603471438756991488, 0, 0.0, 32.851159793791254, 17.116623711341486, 35.884052405988825
504, 1603471438759683072, 0, 0.0, 32.95264175255646, 16.30960051546507, 35.519873969513654
505, 1603471438762374912, 0, 0.0, 33.054123711321665, 15.502577319588653, 35.15569553303848
506, 1603471438765066752, 0, 0.0, 33.15560567008687, 14.695554123712236, 34.79151709656331
507, 1603471438767758336, 0, 0.0, 33.25708762885208, 13.88853092783582, 34.42733866008814
508, 1603471438770449920, 0, 0.0, 33.35856958761728, 13.081507731959404, 34.06316022361297
509, 1603471438773141760, 0, 0.0, 33.46005154638249, 12.274484536082987, 33.6989817871378
510, 1603471438775833600, 0, 0.0, 33.56153350514769, 11.46746134020657, 33.334803350662625
511, 1603471438778525184, 0, 0.0, 33.6630154639129, 10.660438144330154, 32.970624914187454
512, 1603471438781216768, 0, 0.0, 33.764497422678104, 9.853414948453736, 32.60644647771228
513, 1603471438783908364, 0, 0.0, 33.8659793814433, 9.04639175257732, 32.24226804123712
514, 1603471438786599936, 0, 0.0, 33.8659793814433, 9.04639175257732, 32.24226804123712
515, 1603471438789291520, 0, 0.0, 33.8659793814433, 9.04639175257732, 32.24226804123712
516, 1603471438791983104, 0, 0.0, 33.8659793814433, 9.04639175257732, 32.24226804123712
517, 1603471438794674944, 0, 0.0, 33.8659793814433, 9.04639175257732, 32.24226804123712
518, 1603471438797366784, 0, 0.0, 33.8659793814433, 9.04639175257732, 32.24226804123712
519, 1603471438800058368, 0, 0.0, 33.8659793814433, 9.04639175257732, 32.24226804123712
520, 1603471438802749952, 0, 0.0, 33.8659793814433, 9.04639175257732, 32.24226804123712
521, 1603471438805441792, 0, 0.0, 33.8659793814433, 9.04639175257732, 32.24226804123712
522, 1603471438808133632, 0, 0.0, 33.8659793814433, 9.04639175257732, 32.24226804123712
523, 1603471438810825216, 0, 0.0, 33.8659793814433, 9.04639175257732, 32.24226804123712
524, 1603471438813516800, 0, 0.0, 33.8659793814433, 9.04639175257732, 32.24226804123712
525, 1603471438816208640, 0, 0.0, 33.8659793814433, 9.04639175257732, 32.24226804123712
526, 1603471438818900480, 0, 0.0, 33.8659793814433, 9.04639175257732, 32.24226804123712
527, 1603471438821592064, 0, 0.0, 33.8659793814433, 9.04639175257732, 32.24226804123712
528, 1603471438824283648, 0, 0.0, 33.8659793814433, 9.04639175257732, 32.24226804123712
529, 1603471438826975364
530, 1603471438829667328
531, 1603471438832358912
532, 1603471438835050496
533, 1603471438837742336
534, 1603471438840434176
535, 1603471438843125760
536, 1603471438845817344
537, 1603471438848508928
538, 1603471438851200512
539, 1603471438853892096
540, 1603471438856583680
541, 1603471438859275520
542, 1603471438861967360
543, 1603471438864658944
544, 1603471438867350528
545, 1603471438870042364
546, 1603471438872734208
547, 1603471438875425792
548, 1603471438878117376
549, 1603471438880809216
550, 1603471438883501056
551, 1603471438886192640
552, 1603471438888884224
553, 1603471438891575808
554, 1603471438894267392
555, 1603471438896959232
556, 1603471438899651072
557, 1603471438902342656
558, 1603471438905034240
559, 1603471438907726080
560, 1603471438910417664
561, 1603471438913109364
562, 1603471438915800832
563, 1603471438918492672
564, 1603471438921184256
565, 1603471438923876096
566, 1603471438926567936
567, 1603471438929259520
568, 1603471438931951360
569, 1603471438934643200
570, 1603471438937335040
571, 1603471438940026880
572, 1603471438942718464
573, 1603471438945410304
574, 1603471438948102144
575, 1603471438950793728
576, 1603471438953485568
577, 1603471438956177364
578, 1603471438958869248
579, 1603471438961560832
580, 1603471438964252672
581, 1603471438966944256
582, 1603471438969635840
583, 1603471438972327424
584, 1603471438975019008
585, 1603471438977710848
586, 1603471438980402688
587, 1603471438983094272
588, 1603471438985785856
589, 1603471438988477696
590, 1603471438991169536
591, 1603471438993861120
592, 1603471438996552704
593, 1603471438999244364
594, 1603471439001935872
595, 1603471439004627456
596, 1603471439007319040
597, 1603471439010010880
598, 1603471439012702720
599, 1603471439015394304
600, 1603471439018085888
601, 1603471439020777728
602, 1603471439023469568
603, 1603471439026161152
604, 1603471439028852736
605, 1603471439031544576
606, 1603471439034236416
607, 1603471439036928000
608, 1603471439039619584
609, 1603471439042311364
610, 1603471439045003264
611, 1603471439047694848
612, 1603471439050386432
613, 1603471439053078272
614, 1603471439055770112
615, 1603471439058461696
616, 1603471439061153280
617, 1603471439063844864
618, 1603471439066536448
619, 1603471439069228288
620, 1603471439071920128
621, 1603471439074611712
622, 1603471439077303296
623, 1603471439079995136
624, 1603471439082686720
625, 1603471439085378364
626, 1603471439088069888
627, 1603471439090761472
628, 1603471439093453312
629, 1603471439096144896
630, 1603471439098836480
631, 1603471439101528320
632, 1603471439104220160
633, 1603471439106911744
634, 1603471439109603328
635, 1603471439112295168
636, 1603471439114987008
637, 1603471439117678592
638, 1603471439120370176
639, 1603471439123062016
640, 1603471439125753600
641, 1603471439128445364
