33, 0, 236.1789234268385, 74.96588324488248, 3.821076573161486, 18.377558756633814, -1, -1, -1, -1
34, 0, 235.41623956677898, 74.20811386598447, 4.583760433220995, 19.35584705777206, -1, -1, -1, -1
35, 0, 234.6535557067195, 73.45034448708645, 5.346444293280504, 20.334135358910302, -1, -1, -1, -1
36, 0, 233.89087184666, 72.69257510818844, 6.109128153340013, 21.312423660048545, -1, -1, -1, -1
37, 0, 233.12818798660047, 71.93480572929043, 6.871812013399522, 22.290711961186787, -1, -1, -1, -1
38, 0, 232.59103484244173, 71.82856952966316, 7.408965157558262, 22.34181843025401, -1, -1, -1, -1
39, 0, 232.053881698283, 71.72233333003587, 7.946118301717001, 22.39292489932123, -1, -1, -1, -1
40, 0, 231.51672855412426, 71.61609713040859, 8.48327144587574, 22.44403136838845, -1, -1, -1, -1
41, 0, 230.97957540996552, 71.50986093078131, 9.02042459003448, 22.495137837455673, -1, -1, -1, -1
42, 0, 230.44242226580678, 71.40362473115404, 9.557577734193224, 22.54624430652289, -1, -1, -1, -1
43, 0, 229.90526912164802, 71.29738853152676, 10.094730878351967, 22.597350775590108, -1, -1, -1, -1
44, 0, 229.36811597748928, 71.19115233189949, 10.631884022510711, 22.648457244657326, -1, -1, -1, -1
45, 0, 228.83096283333055, 71.08491613227221, 11.169037166669455, 22.699563713724544, -1, -1, -1, -1
46, 0, 228.2938096891718, 70.97867993264494, 11.706190310828191, 22.750670182791765, -1, -1, -1, -1
47, 0, 227.75665654501307, 70.87244373301766, 12.243343454986928, 22.801776651858987, -1, -1, -1, -1
48, 0, 227.21950340085434, 70.76620753339037, 12.780496599145664, 22.852883120926208, -1, -1, -1, -1
49, 0, 226.6823502566956, 70.6599713337631, 13.3176497433044, 22.90398958999343, -1, -1, -1, -1
50, 0, 226.14519711253686, 70.55373513413582, 13.854802887463137, 22.95509605906065, -1, -1, -1, -1
51, 0, 225.60804396837813, 70.44749893450853, 14.391956031621874, 23.006202528127872, -1, -1, -1, -1
52, 0, 225.0708908242194, 70.34126273488125, 14.92910917578061, 23.057308997195094, -1, -1, -1, -1
53, 0, 224.53373768006065, 70.23502653525398, 15.466262319939347, 23.10841546626232, -1, -1, -1, -1
54, 0, 223.9423805913571, 69.9393479909022, 16.057619408642907, 23.381349507202422, -1, -1, -1, -1
55, 0, 223.35102350265353, 69.64366944655042, 16.648976497346467, 23.654283548142523, -1, -1, -1, -1
56, 0, 222.75966641394996, 69.34799090219863, 17.240333586050028, 23.927217589082627, -1, -1, -1, -1
57, 0, 222.1683093252464, 69.05231235784686, 17.831690674753588, 24.20015163002273, -1, -1, -1, -1
58, 0, 221.57695223654284, 68.75663381349507, 18.423047763457156, 24.47308567096284, -1, -1, -1, -1
59, 0, 220.98559514783926, 68.46095526914328, 19.014404852160723, 24.74601971190295, -1, -1, -1, -1
60, 0, 220.39423805913572, 68.16527672479151, 19.60576194086429, 25.01895375284306, -1, -1, -1, -1
61, 0, 219.80288097043214, 67.86959818043972, 20.197119029567855, 25.291887793783168, -1, -1, -1, -1
62, 0, 219.32524639878693, 67.710386656558, 20.674753601213048, 25.485216072782407, -1, -1, -1, -1
63, 0, 218.84761182714175, 67.55117513267626, 21.152388172858238, 25.67854435178165, -1, -1, -1, -1
64, 0, 218.36997725549656, 67.39196360879454, 21.630022744503428, 25.871872630780892, -1, -1, -1, -1
65, 0, 217.89234268385138, 67.23275208491282, 22.107657316148618, 26.06520090978013, -1, -1, -1, -1
66, 0, 217.4147081122062, 67.07354056103108, 22.5852918877938, 26.258529188779374, -1, -1, -1, -1
67, 0, 216.93707354056102, 66.91432903714936, 23.062926459438984, 26.451857467778616, -1, -1, -1, -1
68, 0, 216.45943896891583, 66.75511751326763, 23.540561031084167, 26.64518574677786, -1, -1, -1, -1
69, 0, 215.98180439727065, 66.5959059893859, 24.01819560272935, 26.8385140257771, -1, -1, -1, -1
70, 0, 215.50416982562547, 66.43669446550416, 24.495830174374532, 27.031842304776347, -1, -1, -1, -1
71, 0, 215.02653525398028, 66.27748294162244, 24.973464746019715, 27.225170583775594, -1, -1, -1, -1
72, 0, 214.5489006823351, 66.11827141774071, 25.451099317664898, 27.41849886277484, -1, -1, -1, -1
73, 0, 214.07126611068992, 65.95905989385898, 25.92873388931008, 27.611827141774086, -1, -1, -1, -1
74, 0, 213.59363153904474, 65.79984836997725, 26.406368460955267, 27.805155420773325, -1, -1, -1, -1
75, 0, 213.11599696739955, 65.64063684609553, 26.884003032600454, 27.998483699772564, -1, -1, -1, -1
76, 0, 212.63836239575437, 65.4814253222138, 27.36163760424564, 28.191811978771803, -1, -1, -1, -1
77, 0, 212.16072782410916, 65.32221379833207, 27.839272175890827, 28.385140257771038, -1, -1, -1, -1
78, 0, 211.68309325246673, 65.23652585114178, 28.316906747533256, 28.48599120723607, -1, -1, -1, -1
79, 0, 211.2054586808243, 65.1508379039515, 28.794541319175686, 28.586842156701103, -1, -1, -1, -1
80, 0, 210.72782410918188, 65.0651499567612, 29.272175890818115, 28.687693106166133, -1, -1, -1, -1
81, 0, 210.25018953753946, 64.97946200957091, 29.749810462460545, 28.788544055631164, -1, -1, -1, -1
82, 0, 209.77255496589703, 64.89377406238061, 30.22744503410297, 28.889395005096194, -1, -1, -1, -1
83, 0, 209.29492039425458, 64.80808611519032, 30.705079605745397, 28.990245954561225, -1, -1, -1, -1
84, 0, 208.81728582261215, 64.72239816800004, 31.182714177387822, 29.091096904026255, -1, -1, -1, -1
85, 0, 208.33965125096972, 64.63671022080975, 31.66034874903025, 29.191947853491286, -1, -1, -1, -1
86, 0, 207.8620166793273, 64.55102227361945, 32.137983320672674, 29.292798802956316, -1, -1, -1, -1
87, 0, 207.38438210768487, 64.46533432642917, 32.6156178923151, 29.393649752421346, -1, -1, -1, -1
88, 0, 206.90674753604245, 64.37964637923888, 33.093252463957526, 29.494500701886373, -1, -1, -1, -1
89, 0, 206.42911296440002, 64.29395843204858, 33.57088703559996, 29.595351651351404, -1, -1, -1, -1
90, 0, 205.95147839275208, 64.22801635649438, 34.04852160724789, 29.676456729179776, -1, -1, -1, -1
91, 0, 205.47384382110414, 64.16207428094016, 34.52615617889583, 29.757561807008152, -1, -1, -1, -1
92, 0, 204.9962092494562, 64.09613220538594, 35.00379075054377, 29.838666884836524, -1, -1, -1, -1
93, 0, 204.51857467780826, 64.03019012983174, 35.48142532219171, 29.919771962664896, -1, -1, -1, -1
94, 0, 204.04094010616032, 63.96424805427752, 35.959059893839665, 30.000877040493272, -1, -1, -1, -1
95, 0, 203.56330553451238, 63.89830597872331, 36.43669446548762, 30.081982118321648, -1, -1, -1, -1
96, 0, 203.0856709628644, 63.832363903169096, 36.91432903713557, 30.163087196150023, -1, -1, -1, -1
97, 0, 202.60803639121647, 63.76642182761488, 37.39196360878353, 30.2441922739784, -1, -1, -1, -1
98, 0, 202.13040181956853, 63.700479752060666, 37.86959818043147, 30.32529735180677, -1, -1, -1, -1
99, 0, 201.6527672479206, 63.634537676506454, 38.34723275207941, 30.406402429635143, -1, -1, -1, -1
100, 0, 201.17513267627265, 63.568595600952236, 38.82486732372735, 30.487507507463516, -1, -1, -1, -1
101, 0, 200.6974981046247, 63.502653525398024, 39.30250189537528, 30.568612585291888, -1, -1, -1, -1
102, 0, 200.30231235784686, 63.519711902956786, 39.69200151630022, 30.582827899924187, -1, -1, -1, -1
103, 0, 199.90712661106897, 63.53677028051554, 40.081501137225175, 30.597043214556486, -1, -1, -1, -1
104, 0, 199.51194086429112, 63.553828658074295, 40.47100075815012, 30.611258529188785, -1, -1, -1, -1
105, 0, 199.11675511751326, 63.57088703563305, 40.86050037907506, 30.625473843821084, -1, -1, -1, -1
106, 0, 198.7215693707354, 63.587945413191804, 41.25000000000001, 30.63968915845338, -1, -1, -1, -1
107, 0, 198.32638362395755, 63.60500379075056, 41.63949962092495, 30.653904473085678, -1, -1, -1, -1
108, 0, 197.93119787717967, 63.62206216830931, 42.028999241849895, 30.668119787717977, -1, -1, -1, -1
109, 0, 197.53601213040182, 63.639120545868074, 42.41849886277484, 30.682335102350272, -1, -1, -1, -1
110, 0, 197.14082638362396, 63.656178923426836, 42.807998483699784, 30.696550416982568, -1, -1, -1, -1
111, 0, 196.74564063684608, 63.67323730098559, 43.19749810462473, 30.710765731614863, -1, -1, -1, -1
112, 0, 196.35045489006822, 63.690295678544345, 43.58699772554967, 30.72498104624716, -1, -1, -1, -1
113, 0, 195.95526914329037, 63.70735405610311, 43.976497346474616, 30.739196360879454, -1, -1, -1, -1
114, 0, 195.5600833965125, 63.72441243366187, 44.36599696739956, 30.75341167551175, -1, -1, -1, -1
115, 0, 195.16489764973466, 63.74147081122062, 44.755496588324505, 30.76762699014405, -1, -1, -1, -1
116, 0, 194.76971190295677, 63.75852918877938, 45.14499620924945, 30.781842304776347, -1, -1, -1, -1
117, 0, 194.37452615617892, 63.77558756633813, 45.53449583017439, 30.796057619408643, -1, -1, -1, -1
118, 0, 193.97934040940106, 63.792645943896886, 45.92399545109933, 30.81027293404094, -1, -1, -1, -1
119, 0, 193.58415466262318, 63.80970432145564, 46.31349507202427, 30.824488248673237, -1, -1, -1, -1
120, 0, 193.18896891584532, 63.826762699014395, 46.702994692949204, 30.838703563305536, -1, -1, -1, -1
121, 0, 192.79378316906747, 63.84382107657316, 47.09249431387414, 30.85291887793783, -1, -1, -1, -1
122, 0, 192.3985974222896, 63.86087945413192, 47.481993934799085, 30.867134192570127, -1, -1, -1, -1
123, 0, 192.00341167551176, 63.87793783169067, 47.87149355572403, 30.881349507202426, -1, -1, -1, -1
124, 0, 191.60822592873387, 63.89499620924943, 48.260993176648974, 30.895564821834725, -1, -1, -1, -1
125, 0, 191.21304018195602, 63.91205458680818, 48.65049279757392, 30.90978013646702, -1, -1, -1, -1
126, 0, 190.81785443517816, 63.92911296436694, 49.03999241849886, 30.923995451099316, -1, -1, -1, -1
127, 0, 190.42266868840028, 63.94617134192569, 49.429492039423806, 30.938210765731615, -1, -1, -1, -1
128, 0, 190.02748294162242, 63.963229719484445, 49.81899166034875, 30.952426080363914, -1, -1, -1, -1
129, 0, 189.63229719484457, 63.98028809704321, 50.208491281273695, 30.96664139499621, -1, -1, -1, -1
130, 0, 189.2371114480667, 63.99734647460197, 50.59799090219863, 30.980856709628505, -1, -1, -1, -1
131, 0, 188.84192570128886, 64.01440485216072, 50.98749052312357, 30.995072024260804, -1, -1, -1, -1
132, 0, 188.446739954511, 64.03146322971948, 51.376990144048506, 31.009287338893103, -1, -1, -1, -1
133, 0, 188.05155420773315, 64.04852160727823, 51.76648976497344, 31.023502653525398, -1, -1, -1, -1
134, 0, 187.6563684609553, 64.065579984837, 52.15598938589839, 31.037717968157697, -1, -1, -1, -1
135, 0, 187.26118271417744, 64.08263836239576, 52.54548900682333, 31.051933282789996, -1, -1, -1, -1
136, 0, 186.86599696739955, 64.09969673995451, 52.934988627748275, 31.066148597422295, -1, -1, -1, -1
137, 0, 186.4708112206217, 64.11675511751326, 53.32448824867322, 31.080363912054594, -1, -1, -1, -1
138, 0, 186.07562547384384, 64.13381349507202, 53.713987869598164, 31.094579226686893, -1, -1, -1, -1
139, 0, 185.68043972706596, 64.15087187263077, 54.10348749052311, 31.10879454131919, -1, -1, -1, -1
140, 0, 185.2852539802881, 64.16793025018953, 54.49298711144805, 31.12300985595149, -1, -1, -1, -1
141, 0, 184.89006823351025, 64.18498862774828, 54.882486732372996, 31.13722517058379, -1, -1, -1, -1
142, 0, 184.4948824867324, 64.20204700530704, 55.27198635329794, 31.151440485216085, -1, -1, -1, -1
143, 0, 184.09969673995454, 64.21910538286579, 55.661485974222884, 31.16565579984838, -1, -1, -1, -1
144, 0, 183.70451099317665, 64.23616376042455, 56.05098559514783, 31.179871114480676, -1, -1, -1, -1
145, 0, 183.3093252463988, 64.25322213798331, 56.44048521607277, 31.19408642911297, -1, -1, -1, -1
146, 0, 182.91413949962094, 64.27028051554208, 56.82998483699771, 31.208301743745267, -1, -1, -1, -1
147, 0, 182.51895375284306, 64.28733889310084, 57.21948445792265, 31.222517058377562, -1, -1, -1, -1
148, 0, 182.1237680060652, 64.30439727065959, 57.608984078847584, 31.236732373009858, -1, -1, -1, -1
149, 0, 181.72858225928735, 64.32145564821835, 57.99848369977252, 31.250947687642153, -1, -1, -1, -1
150, 0, 181.3333965125095, 64.3385140257771, 58.387983320697465, 31.265163002274452, -1, -1, -1, -1
151, 0, 180.93821076573164, 64.35557240333586, 58.77748294162241, 31.27937831690675, -1, -1, -1, -1
152, 0, 180.54302501895376, 64.37263078089461, 59.16698256254735, 31.29359363153905, -1, -1, -1, -1
153, 0, 180.1478392721759, 64.38968915845336, 59.5564821834723, 31.30780894617135, -1, -1, -1, -1
154, 0, 179.75265352539805, 64.40674753601212, 59.94598180439724, 31.322024260803644, -1, -1, -1, -1
155, 0, 179.35746777862016, 64.42380591357087, 60.335481425322186, 31.33623957543594, -1, -1, -1, -1
156, 0, 178.9622820318423, 64.44086429112963, 60.72498104624713, 31.350454890068235, -1, -1, -1, -1
157, 0, 178.56709628506445, 64.4579226686884, 61.114480667172074, 31.36467020470053, -1, -1, -1, -1
158, 0, 178.1719105382866, 64.47498104624715, 61.50398028809702, 31.37888551933283, -1, -1, -1, -1
159, 0, 177.77672479150874, 64.4920394238059, 61.89347990902196, 31.39310083396513, -1, -1, -1, -1
160, 0, 177.38153904473086, 64.50909780136466, 62.28297952994691, 31.407316148597427, -1, -1, -1, -1
161, 0, 176.986353297953, 64.52615617892342, 62.67247915087185, 31.421531463229726, -1, -1, -1, -1
162, 0, 176.59116755117515, 64.54321455648218, 63.0619787717968, 31.435746777862022, -1, -1, -1, -1
163, 0, 176.19598180439726, 64.56027293404094, 63.45147839272175, 31.449962092494317, -1, -1, -1, -1
164, 0, 175.8007960576194, 64.57733131159969, 63.84097801364669, 31.464177407126613, -1, -1, -1, -1
165, 0, 175.40561031084155, 64.59438968915845, 64.23047763457164, 31.478392721758908, -1, -1, -1, -1
166, 0, 174.86581753277292, 64.60449835734383, 64.41141269216197, 31.478392721769175, -1, -1, -1, -1
167, 0, 174.3260247547043, 64.61460702552921, 64.59234774975232, 31.478392721779443, -1, -1, -1, -1
168, 0, 173.7862319766357, 64.62471569371459, 64.77328280734267, 31.47839272178971, -1, -1, -1, -1
169, 0, 173.24643919856706, 64.63482436189999, 64.95421786493301, 31.478392721799977, -1, -1, -1, -1
170, 0, 172.84196485003338, 64.64493303008265, 64.99983449296926, 31.478392721798695, -1, -1, -1, -1
171, 0, 172.43749050149967, 64.65504169826531, 65.04545112100548, 31.478392721797412, -1, -1, -1, -1
172, 0, 172.03301615296598, 64.66515036644797, 65.09106774904171, 31.47839272179613, -1, -1, -1, -1
173, 0, 171.6285418044323, 64.67525903463064, 65.13668437707796, 31.478392721794847, -1, -1, -1, -1
174, 0, 171.22406745589862, 64.68536770281331, 65.18230100511418, 31.47839272179356, -1, -1, -1, -1
175, 0, 170.81959310736494, 64.69547637099598, 65.22791763315041, 31.478392721792275, -1, -1, -1, -1
176, 0, 170.41511875883123, 64.70558503917864, 65.27353426118664, 31.47839272179099, -1, -1, -1, -1
177, 0, 170.01064441029754, 64.71569370736131, 65.31915088922287, 31.478392721789703, -1, -1, -1, -1
178, 0, 169.60617006176386, 64.72580237554398, 65.36476751725911, 31.47839272178842, -1, -1, -1, -1
179, 0, 169.20169571323015, 64.73591104372665, 65.41038414529534, 31.478392721787138, -1, -1, -1, -1
180, 0, 168.79722136469647, 64.7460197119093, 65.45600077333157, 31.478392721785855, -1, -1, -1, -1
181, 0, 168.3927470161628, 64.75612838009197, 65.50161740136781, 31.478392721784573, -1, -1, -1, -1
182, 0, 167.9882726676291, 64.76623704827463, 65.54723402940405, 31.47839272178329, -1, -1, -1, -1
183, 0, 167.58379831909542, 64.77634571645729, 65.59285065744028, 31.478392721782008, -1, -1, -1, -1
184, 0, 167.1793239705617, 64.78645438463995, 65.63846728547651, 31.478392721780725, -1, -1, -1, -1
185, 0, 166.77484962202803, 64.79656305282262, 65.68408391351275, 31.478392721779443, -1, -1, -1, -1
186, 0, 166.37037527349435, 64.80667172100529, 65.729700541549, 31.47839272177816, -1, -1, -1, -1
187, 0, 165.96590092496064, 64.81678038918795, 65.77531716958522, 31.478392721776878, -1, -1, -1, -1
188, 0, 165.56142657642695, 64.82688905737061, 65.82093379762145, 31.478392721775595, -1, -1, -1, -1
189, 0, 165.15695222789327, 64.83699772555327, 65.86655042565769, 31.478392721774313, -1, -1, -1, -1
190, 0, 164.7524778793596, 64.84710639373594, 65.91216705369393, 31.47839272177303, -1, -1, -1, -1
191, 0, 164.3480035308259, 64.8572150619186, 65.95778368173016, 31.478392721771748, -1, -1, -1, -1
192, 0, 163.9435291822922, 64.86732373010126, 66.00340030976639, 31.478392721770465, -1, -1, -1, -1
193, 0, 163.5390548337585, 64.87743239828393, 66.04901693780263, 31.478392721769183, -1, -1, -1, -1
194, 0, 163.13458048522483, 64.8875410664666, 66.09463356583886, 31.478392721767896, -1, -1, -1, -1
195, 0, 162.73010613669112, 64.89764973464926, 66.14025019387509, 31.47839272176661, -1, -1, -1, -1
196, 0, 162.32563178815744, 64.90775840283193, 66.18586682191132, 31.478392721765324, -1, -1, -1, -1
197, 0, 161.92115743962376, 64.9178670710146, 66.23148344994755, 31.47839272176404, -1, -1, -1, -1
198, 0, 161.51668309109007, 64.92797573919727, 66.27710007798379, 31.478392721762756, -1, -1, -1, -1
199, 0, 161.1122087425564, 64.93808440737993, 66.32271670602002, 31.478392721761473, -1, -1, -1, -1
200, 0, 160.70773439402268, 64.94819307556259, 66.36833333405625, 31.47839272176019, -1, -1, -1, -1
201, 0, 160.303260045489, 64.95830174374525, 66.41394996209249, 31.478392721758908, -1, -1, -1, -1
202, 0, 159.8353731181644, 64.97779703238291, 66.46520312045996, 31.468645077438943, -1, -1, -1, -1
203, 0, 159.36748619083977, 64.99729232102058, 66.51645627882743, 31.458897433118977, -1, -1, -1, -1
204, 0, 158.89959926351514, 65.01678760965825, 66.5677094371949, 31.449149788799012, -1, -1, -1, -1
205, 0, 158.43171233619051, 65.03628289829592, 66.61896259556238, 31.439402144479047, -1, -1, -1, -1
206, 0, 157.9638254088659, 65.0557781869336, 66.67021575392985, 31.429654500159085, -1, -1, -1, -1
207, 0, 157.49593848154126, 65.07527347557125, 66.72146891229734, 31.419906855839123, -1, -1, -1, -1
208, 0, 157.02805155421663, 65.09476876420891, 66.77272207066483, 31.41015921151916, -1, -1, -1, -1
209, 0, 156.56016462689203, 65.11426405284658, 66.8239752290323, 31.4004115671992, -1, -1, -1, -1
210, 0, 156.09227769956743, 65.13375934148425, 66.87522838739977, 31.390663922879234, -1, -1, -1, -1
211, 0, 155.6243907722428, 65.15325463012192, 66.92648154576725, 31.38091627855927, -1, -1, -1, -1
212, 0, 155.15650384491818, 65.17274991875959, 66.97773470413472, 31.371168634239304, -1, -1, -1, -1
213, 0, 154.68861691759355, 65.19224520739725, 67.02898786250219, 31.36142098991934, -1, -1, -1, -1
214, 0, 154.22072999026892, 65.2117404960349, 67.08024102086966, 31.35167334559938, -1, -1, -1, -1
215, 0, 153.75284306294432, 65.23123578467258, 67.13149417923714, 31.341925701279422, -1, -1, -1, -1
216, 0, 153.28495613561972, 65.25073107331025, 67.18274733760461, 31.332178056959464, -1, -1, -1, -1
217, 0, 152.8170692082951, 65.2702263619479, 67.23400049597208, 31.322430412639505, -1, -1, -1, -1
218, 0, 152.34918228097047, 65.28972165058556, 67.28525365433956, 31.31268276831954, -1, -1, -1, -1
219, 0, 151.88129535364584, 65.30921693922323, 67.33650681270703, 31.302935123999575, -1, -1, -1, -1
220, 0, 151.4134084263212, 65.3287122278609, 67.3877599710745, 31.29318747967961, -1, -1, -1, -1
221, 0, 150.9455214989966, 65.34820751649858, 67.43901312944197, 31.283439835359644, -1, -1, -1, -1
222, 0, 150.477634571672, 65.36770280513625, 67.49026628780945, 31.273692191039682, -1, -1, -1, -1
223, 0, 150.00974764434739, 65.3871980937739, 67.54151944617693, 31.26394454671972, -1, -1, -1, -1
224, 0, 149.54186071702276, 65.40669338241156, 67.59277260454442, 31.25419690239976, -1, -1, -1, -1
225, 0, 149.07397378969813, 65.42618867104923, 67.6440257629119, 31.244449258079797, -1, -1, -1, -1
226, 0, 148.6060868623735, 65.4456839596869, 67.69527892127937, 31.23470161375983, -1, -1, -1, -1
227, 0, 148.13819993504887, 65.46517924832457, 67.74653207964684, 31.224953969439863, -1, -1, -1, -1
228, 0, 147.67031300772425, 65.48467453696225, 67.79778523801431, 31.215206325119894, -1, -1, -1, -1
229, 0, 147.20242608039965, 65.5041698255999, 67.84903839638179, 31.20545868079993, -1, -1, -1, -1
230, 0, 146.7345391530705, 65.52366511423742, 67.86532254830054, 31.19571103648326, -1, -1, -1, -1
231, 0, 146.26665222574132, 65.54316040287492, 67.8816067002193, 31.185963392166595, -1, -1, -1, -1
232, 0, 145.79876529841218, 65.56265569151242, 67.89789085213805, 31.17621574784993, -1, -1, -1, -1
233, 0, 145.33087837108303, 65.58215098014992, 67.9141750040568, 31.166468103533262, -1, -1, -1, -1
234, 0, 144.86299144375388, 65.60164626878742, 67.93045915597557, 31.1567204592166, -1, -1, -1, -1
235, 0, 144.39510451642474, 65.62114155742492, 67.94674330789432, 31.14697281489994, -1, -1, -1, -1
236, 0, 143.92721758909556, 65.64063684606242, 67.96302745981308, 31.137225170583278, -1, -1, -1, -1
237, 0, 143.45933066176642, 65.66013213469992, 67.97931161173184, 31.127477526266617, -1, -1, -1, -1
238, 0, 142.99144373443727, 65.67962742333742, 67.99559576365061, 31.11772988194995, -1, -1, -1, -1
239, 0, 142.5235568071081, 65.69912271197492, 68.01187991556937, 31.10798223763328, -1, -1, -1, -1
240, 0, 142.05566987977895, 65.71861800061242, 68.02816406748812, 31.09823459331661, -1, -1, -1, -1
241, 0, 141.5877829524498, 65.73811328924994, 68.04444821940689, 31.088486948999943, -1, -1, -1, -1
242, 0, 141.11989602512062, 65.75760857788745, 68.06073237132566, 31.078739304683275, -1, -1, -1, -1
243, 0, 140.65200909779148, 65.77710386652495, 68.07701652324441, 31.068991660366606, -1, -1, -1, -1
244, 0, 140.18412217046233, 65.79659915516245, 68.09330067516316, 31.059244016049938, -1, -1, -1, -1
245, 0, 139.71623524313316, 65.81609444379995, 68.10958482708193, 31.04949637173327, -1, -1, -1, -1
246, 0, 139.248348315804, 65.83558973243746, 68.12586897900069, 31.039748727416608, -1, -1, -1, -1
247, 0, 138.78046138847486, 65.85508502107496, 68.14215313091944, 31.030001083099947, -1, -1, -1, -1
248, 0, 138.3125744611457, 65.87458030971246, 68.1584372828382, 31.020253438783286, -1, -1, -1, -1
249, 0, 137.84468753381654, 65.89407559834996, 68.17472143475695, 31.010505794466624, -1, -1, -1, -1
250, 0, 137.3768006064874, 65.91357088698746, 68.19100558667571, 31.000758150149956, -1, -1, -1, -1
251, 0, 136.90891367915822, 65.93306617562496, 68.20728973859447, 30.99101050583329, -1, -1, -1, -1
252, 0, 136.44102675182907, 65.95256146426246, 68.22357389051322, 30.981262861516626, -1, -1, -1, -1
253, 0, 135.97313982449992, 65.97205675289997, 68.23985804243199, 30.971515217199958, -1, -1, -1, -1
254, 0, 135.50525289718465, 65.9915520415514, 68.14729307693392, 30.96176757286964, -1, -1, -1, -1
255, 0, 135.03736596986937, 66.01104733020283, 68.05472811143585, 30.952019928539325, -1, -1, -1, -1
256, 0, 134.5694790425541, 66.03054261885426, 67.96216314593778, 30.94227228420901, -1, -1, -1, -1
257, 0, 134.10159211523882, 66.05003790750568, 67.86959818043972, 30.932524639878693, -1, -1, -1, -1
258, 0, 133.50837692272148, 66.05761940864241, 67.96606445038466, 30.947687642156325, -1, -1, -1, -1
259, 0, 132.91516173020412, 66.06520090977915, 68.06253072032962, 30.962850644433956, -1, -1, -1, -1
260, 0, 132.32194653768676, 66.07278241091589, 68.15899699027457, 30.978013646711588, -1, -1, -1, -1
261, 0, 131.72873134516942, 66.08036391205263, 68.25546326021953, 30.99317664898922, -1, -1, -1, -1
262, 0, 131.13551615265206, 66.08794541318937, 68.35192953016448, 31.00833965126686, -1, -1, -1, -1
263, 0, 130.5423009601347, 66.0955269143261, 68.44839580010944, 31.0235026535445, -1, -1, -1, -1
264, 0, 129.94908576761736, 66.10310841546283, 68.54486207005439, 31.038665655822143, -1, -1, -1, -1
265, 0, 129.3558705751, 66.11068991659957, 68.64132833999936, 31.053828658099782, -1, -1, -1, -1
266, 0, 128.7626553825875, 66.11827141773712, 68.73779460994976, 31.068991660374806, -1, -1, -1, -1
267, 0, 128.169440190075, 66.12585291887467, 68.83426087990016, 31.084154662649834, -1, -1, -1, -1
268, 0, 127.57622499756249, 66.13343442001224, 68.93072714985055, 31.09931766492486, -1, -1, -1, -1
269, 0, 126.98300980505, 66.14101592114979, 69.02719341980095, 31.114480667199885, -1, -1, -1, -1
270, 0, 126.38979461253751, 66.14859742228734, 69.12365968975135, 31.129643669474916, -1, -1, -1, -1
271, 0, 125.79657942002501, 66.1561789234249, 69.22012595970173, 31.144806671749947, -1, -1, -1, -1
272, 0, 125.20336422751251, 66.16376042456245, 69.31659222965213, 31.15996967402498, -1, -1, -1, -1
273, 0, 124.610149035, 66.1713419257, 69.41305849960253, 31.175132676300006, -1, -1, -1, -1
274, 0, 124.0169338424835, 66.17892342683334, 69.3876874385524, 31.190295678575005, -1, -1, -1, -1
275, 0, 123.42371864996697, 66.18650492796667, 69.3623163775023, 31.205458680850008, -1, -1, -1, -1
276, 0, 122.83050345745045, 66.1940864291, 69.33694531645219, 31.220621683125007, -1, -1, -1, -1
277, 0, 122.23728826493394, 66.20166793023334, 69.31157425540206, 31.235784685400006, -1, -1, -1, -1
278, 0, 121.64407307241743, 66.20924943136669, 69.28620319435194, 31.250947687675005, -1, -1, -1, -1
279, 0, 121.05085787990092, 66.21683093250002, 69.26083213330182, 31.266110689950004, -1, -1, -1, -1
280, 0, 120.4576426873844, 66.22441243363335, 69.2354610722517, 31.281273692225003, -1, -1, -1, -1
281, 0, 119.86442749486788, 66.23199393476668, 69.21009001120159, 31.296436694500002, -1, -1, -1, -1
282, 0, 119.27121230235136, 66.23957543590001, 69.18471895015148, 31.311599696775, -1, -1, -1, -1
283, 0, 118.67799710983485, 66.24715693703334, 69.15934788910135, 31.32676269905, -1, -1, -1, -1
284, 0, 118.08478191731834, 66.25473843816667, 69.13397682805123, 31.341925701325, -1, -1, -1, -1
285, 0, 117.49156672480181, 66.26231993930001, 69.10860576700112, 31.3570887036, -1, -1, -1, -1
286, 0, 116.8099246082451, 66.26990144044169, 69.20987257283718, 31.372251705874998, -1, -1, -1, -1
287, 0, 116.12828249168837, 66.27748294158334, 69.31113937867326, 31.387414708149997, -1, -1, -1, -1
288, 0, 115.44664037513164, 66.285064442725, 69.41240618450932, 31.402577710424996, -1, -1, -1, -1
289, 0, 114.7649982585749, 66.29264594386667, 69.51367299034538, 31.417740712699995, -1, -1, -1, -1
290, 0, 114.08335614201818, 66.30022744500835, 69.61493979618143, 31.432903714974994, -1, -1, -1, -1
291, 0, 113.40171402546146, 66.30780894615, 69.7162066020175, 31.448066717249993, -1, -1, -1, -1
292, 0, 112.72007190890474, 66.31539044729166, 69.81747340785356, 31.463229719524993, -1, -1, -1, -1
293, 0, 112.03842979234801, 66.32297194843333, 69.9187402136896, 31.47839272179999, -1, -1, -1, -1
294, 0, 111.35678767579128, 66.330553449575, 70.02000701952566, 31.49355572407499, -1, -1, -1, -1
295, 0, 110.67514555923455, 66.33813495071666, 70.12127382536173, 31.50871872634999, -1, -1, -1, -1
296, 0, 109.99350344267782, 66.34571645185832, 70.2225406311978, 31.523881728624985, -1, -1, -1, -1
297, 0, 109.3118613261211, 66.353297953, 70.32380743703386, 31.539044730899985, -1, -1, -1, -1
298, 0, 108.72596812206939, 66.36087945413655, 70.19898730725299, 31.55420773316903, -1, -1, -1, -1
299, 0, 108.14007491801766, 66.36846095527312, 70.07416717747213, 31.56937073543807, -1, -1, -1, -1
300, 0, 107.55418171396595, 66.37604245640968, 69.94934704769126, 31.584533737707112, -1, -1, -1, -1
301, 0, 106.96828850991423, 66.38362395754623, 69.82452691791039, 31.599696739976153, -1, -1, -1, -1
302, 0, 106.3823953058625, 66.3912054586828, 69.69970678812953, 31.614859742245194, -1, -1, -1, -1
303, 0, 105.79650210181079, 66.39878695981936, 69.57488665834867, 31.630022744514232, -1, -1, -1, -1
304, 0, 105.21060889775907, 66.40636846095592, 69.45006652856782, 31.64518574678327, -1, -1, -1, -1
305, 0, 104.62471569370734, 66.41394996209249, 69.32524639878696, 31.66034874905231, -1, -1, -1, -1
306, 0, 103.91879499196938, 66.43032600454922, 69.34598942011938, 31.64761182714279, -1, -1, -1, -1
307, 0, 103.21287429023143, 66.44670204700593, 69.3667324414518, 31.63487490523327, -1, -1, -1, -1
308, 0, 102.50695358849347, 66.46307808946264, 69.38747546278422, 31.622137983323753, -1, -1, -1, -1
309, 0, 101.80103288675551, 66.47945413191937, 69.40821848411665, 31.609401061414232, -1, -1, -1, -1
310, 0, 101.09511218501756, 66.4958301743761, 69.42896150544905, 31.596664139504714, -1, -1, -1, -1
311, 0, 100.3891914832796, 66.51220621683281, 69.44970452678146, 31.583927217595196, -1, -1, -1, -1
312, 0, 99.68327078154164, 66.52858225928952, 69.47044754811387, 31.57119029568568, -1, -1, -1, -1
313, 0, 98.97735007980368, 66.54495830174625, 69.49119056944629, 31.55845337377616, -1, -1, -1, -1
314, 0, 98.27142937806573, 66.56133434420298, 69.51193359077871, 31.545716451866635, -1, -1, -1, -1
315, 0, 97.56550867632777, 66.5777103866597, 69.53267661211112, 31.53297952995711, -1, -1, -1, -1
316, 0, 96.85958797458981, 66.59408642911643, 69.55341963344353, 31.520242608047585, -1, -1, -1, -1
317, 0, 96.15366727285186, 66.61046247157314, 69.57416265477593, 31.50750568613806, -1, -1, -1, -1
318, 0, 95.4477465711139, 66.62683851402986, 69.59490567610835, 31.494768764228542, -1, -1, -1, -1
319, 0, 94.74182586937594, 66.64321455648658, 69.61564869744078, 31.482031842319024, -1, -1, -1, -1
320, 0, 94.03590516763799, 66.65959059894331, 69.6363917187732, 31.46929492040951, -1, -1, -1, -1
321, 0, 93.32998446590003, 66.67596664140002, 69.65713474010562, 31.456557998499992, -1, -1, -1, -1
322, 0, 92.62406376416283, 66.69234268385628, 69.61864014651778, 31.44382107658749, -1, -1, -1, -1
323, 0, 91.91814306242564, 66.70871872631253, 69.58014555292992, 31.43108415467499, -1, -1, -1, -1
324, 0, 91.21222236068846, 66.72509476876877, 69.54165095934206, 31.418347232762493, -1, -1, -1, -1
325, 0, 90.50630165895126, 66.74147081122501, 69.50315636575422, 31.405610310849994, -1, -1, -1, -1
326, 0, 89.80038095721407, 66.75784685368126, 69.46466177216637, 31.392873388937492, -1, -1, -1, -1
327, 0, 89.09446025547689, 66.77422289613752, 69.42616717857851, 31.38013646702499, -1, -1, -1, -1
328, 0, 88.38853955373969, 66.79059893859377, 69.38767258499067, 31.367399545112487, -1, -1, -1, -1
329, 0, 87.6826188520025, 66.80697498105002, 69.34917799140281, 31.354662623199985, -1, -1, -1, -1
330, 0, 86.97669815026532, 66.82335102350626, 69.31068339781496, 31.341925701287487, -1, -1, -1, -1
331, 0, 86.27077744852812, 66.8397270659625, 69.27218880422711, 31.329188779374988, -1, -1, -1, -1
332, 0, 85.56485674679094, 66.85610310841875, 69.23369421063926, 31.31645185746249, -1, -1, -1, -1
333, 0, 84.85893604505375, 66.87247915087501, 69.1951996170514, 31.30371493554999, -1, -1, -1, -1
334, 0, 84.15301534331655, 66.88885519333127, 69.15670502346356, 31.290978013637492, -1, -1, -1, -1
335, 0, 83.44709464157937, 66.90523123578751, 69.1182104298757, 31.278241091724993, -1, -1, -1, -1
336, 0, 82.74117393984218, 66.92160727824375, 69.07971583628785, 31.265504169812495, -1, -1, -1, -1
337, 0, 82.03525323810499, 66.9379833207, 69.0412212427, 31.2527672479, -1, -1, -1, -1
338, 0, 81.21837353849186, 66.95435936314999, 69.1242378067257, 31.240030325987497, -1, -1, -1, -1
339, 0, 80.40149383887874, 66.9707354056, 69.2072543707514, 31.22729340407499, -1, -1, -1, -1
340, 0, 79.58461413926562, 66.98711144805, 69.29027093477711, 31.21455648216249, -1, -1, -1, -1
341, 0, 78.7677344396525, 67.00348749049999, 69.37328749880281, 31.201819560249987, -1, -1, -1, -1
342, 0, 77.95085474003938, 67.01986353294998, 69.45630406282851, 31.18908263833749, -1, -1, -1, -1
343, 0, 77.13397504042626, 67.03623957539999, 69.53932062685422, 31.176345716424986, -1, -1, -1, -1
344, 0, 76.31709534081314, 67.05261561785, 69.62233719087993, 31.163608794512484, -1, -1, -1, -1
345, 0, 75.50021564120001, 67.06899166029999, 69.70535375490564, 31.150871872599986, -1, -1, -1, -1
346, 0, 74.68333594159168, 67.08536770275832, 69.68964096071815, 31.138134950691658, -1, -1, -1, -1
347, 0, 73.86645624198336, 67.10174374521665, 69.67392816653067, 31.125398028783327, -1, -1, -1, -1
348, 0, 73.04957654237504, 67.11811978767498, 69.6582153723432, 31.112661106874995, -1, -1, -1, -1
349, 0, 72.2326968427667, 67.13449583013332, 69.6425025781557, 31.099924184966667, -1, -1, -1, -1
350, 0, 71.41581714315836, 67.15087187259165, 69.62678978396822, 31.08718726305833, -1, -1, -1, -1
351, 0, 70.59893744355003, 67.16724791504998, 69.61107698978074, 31.07445034114999, -1, -1, -1, -1
352, 0, 69.78205774394169, 67.18362395750833, 69.59536419559325, 31.061713419241652, -1, -1, -1, -1
353, 0, 68.96517804433337, 67.19999999996666, 69.57965140140577, 31.048976497333314, -1, -1, -1, -1
354, 0, 68.14829834472505, 67.216376042425, 69.56393860721829, 31.036239575424982, -1, -1, -1, -1
355, 0, 67.33141864511671, 67.23275208488333, 69.5482258130308, 31.02350265351665, -1, -1, -1, -1
356, 0, 66.51453894550838, 67.24912812734166, 69.53251301884332, 31.010765731608316, -1, -1, -1, -1
357, 0, 65.69765924590006, 67.2655041698, 69.51680022465584, 30.998028809699985, -1, -1, -1, -1
358, 0, 64.88077954628324, 67.28188021226248, 69.42628760045368, 30.985291887787476, -1, -1, -1, -1
359, 0, 64.06389984666642, 67.29825625472498, 69.33577497625151, 30.97255496587497, -1, -1, -1, -1
360, 0, 63.2470201470496, 67.31463229718746, 69.24526235204935, 30.95981804396246, -1, -1, -1, -1
361, 0, 62.43014044743277, 67.33100833964994, 69.15474972784719, 30.94708112204995, -1, -1, -1, -1
362, 0, 61.61326074781594, 67.34738438211242, 69.06423710364504, 30.934344200137446, -1, -1, -1, -1
363, 0, 60.79638104819912, 67.3637604245749, 68.97372447944288, 30.921607278224936, -1, -1, -1, -1
364, 0, 59.9795013485823, 67.38013646703739, 68.88321185524072, 30.908870356312427, -1, -1, -1, -1
365, 0, 59.162621648965484, 67.39651250949987, 68.79269923103857, 30.89613343439992, -1, -1, -1, -1
366, 0, 58.436301593440284, 67.4128885519624, 68.75434224128924, 30.88339651248743, -1, -1, -1, -1
367, 0, 57.709981537915084, 67.42926459442491, 68.7159852515399, 30.87065959057494, -1, -1, -1, -1
368, 0, 56.983661482389884, 67.44564063688742, 68.67762826179057, 30.857922668662454, -1, -1, -1, -1
369, 0, 56.257341426864684, 67.46201667934994, 68.63927127204124, 30.845185746749962, -1, -1, -1, -1
370, 0, 55.531021371339484, 67.47839272181247, 68.60091428229191, 30.832448824837464, -1, -1, -1, -1
371, 0, 54.804701315814285, 67.494768764275, 68.56255729254258, 30.81971190292497, -1, -1, -1, -1
372, 0, 54.07838126028909, 67.51114480673752, 68.52420030279325, 30.806974981012473, -1, -1, -1, -1
373, 0, 53.35206120476389, 67.52752084920003, 68.4858433130439, 30.794238059099975, -1, -1, -1, -1
374, 0, 52.49512220833357, 67.54389689165836, 68.5244458580164, 30.78150113719164, -1, -1, -1, -1
375, 0, 51.638183211903254, 67.56027293411668, 68.56304840298893, 30.76876421528331, -1, -1, -1, -1
376, 0, 50.78124421547293, 67.57664897657502, 68.60165094796145, 30.756027293374977, -1, -1, -1, -1
377, 0, 49.92430521904261, 67.59302501903335, 68.64025349293397, 30.743290371466642, -1, -1, -1, -1
378, 0, 49.067366222612286, 67.60940106149168, 68.67885603790648, 30.730553449558307, -1, -1, -1, -1
379, 0, 48.21042722618196, 67.62577710395001, 68.717458582879, 30.717816527649973, -1, -1, -1, -1
380, 0, 47.35348822975164, 67.64215314640835, 68.75606112785152, 30.705079605741638, -1, -1, -1, -1
381, 0, 46.49654923332132, 67.65852918886668, 68.79466367282404, 30.692342683833303, -1, -1, -1, -1
382, 0, 45.639610236890995, 67.67490523132501, 68.83326621779656, 30.679605761924968, -1, -1, -1, -1
383, 0, 44.78267124046067, 67.69128127378335, 68.87186876276907, 30.666868840016633, -1, -1, -1, -1
384, 0, 43.92573224403036, 67.70765731624167, 68.91047130774157, 30.6541319181083, -1, -1, -1, -1
385, 0, 43.068793247600034, 67.7240333587, 68.9490738527141, 30.64139499619996, -1, -1, -1, -1
386, 0, 42.21185425117038, 67.74040940115, 68.74085300216697, 30.628658074287465, -1, -1, -1, -1
387, 0, 41.35491525474072, 67.7567854436, 68.53263215161986, 30.615921152374973, -1, -1, -1, -1
388, 0, 40.497976258311056, 67.77316148604999, 68.32441130107276, 30.603184230462478, -1, -1, -1, -1
389, 0, 39.6410372618814, 67.78953752849998, 68.11619045052564, 30.590447308549983, -1, -1, -1, -1
390, 0, 38.784098265451746, 67.80591357094997, 67.90796959997851, 30.577710386637484, -1, -1, -1, -1
391, 0, 37.927159269022084, 67.82228961339997, 67.6997487494314, 30.564973464724986, -1, -1, -1, -1
392, 0, 37.07022027259242, 67.83866565584998, 67.49152789888427, 30.552236542812487, -1, -1, -1, -1
393, 0, 36.21328127616277, 67.85504169829997, 67.28330704833715, 30.539499620899985, -1, -1, -1, -1
394, 0, 35.38814590273829, 67.87141774075273, 67.30783590166968, 30.526762698991526, -1, -1, -1, -1
395, 0, 34.563010529313814, 67.8877937832055, 67.3323647550022, 30.51402577708307, -1, -1, -1, -1
396, 0, 33.737875155889334, 67.90416982565826, 67.35689360833473, 30.50128885517461, -1, -1, -1, -1
397, 0, 32.912739782464854, 67.92054586811102, 67.38142246166727, 30.48855193326615, -1, -1, -1, -1
398, 0, 32.087604409040374, 67.93692191056378, 67.40595131499981, 30.475815011357692, -1, -1, -1, -1
399, 0, 31.262469035615894, 67.95329795301654, 67.43048016833234, 30.463078089449233, -1, -1, -1, -1
400, 0, 30.437333662191413, 67.96967399546932, 67.45500902166486, 30.450341167540774, -1, -1, -1, -1
401, 0, 29.612198288766937, 67.98605003792208, 67.47953787499739, 30.437604245632315, -1, -1, -1, -1
402, 0, 28.78706291534246, 68.00242608037485, 67.50406672832992, 30.424867323723852, -1, -1, -1, -1
403, 0, 27.96192754191798, 68.01880212282761, 67.52859558166244, 30.412130401815393, -1, -1, -1, -1
404, 0, 27.1367921684935, 68.03517816528037, 67.55312443499497, 30.399393479906934, -1, -1, -1, -1
405, 0, 26.311656795069023, 68.05155420773313, 67.5776532883275, 30.38665655799847, -1, -1, -1, -1
406, 0, 25.466145600075237, 68.06520090977838, 67.49910235986427, 30.386656557998528, -1, -1, -1, -1
407, 0, 24.620634405081447, 68.07884761182362, 67.42055143140104, 30.386656557998588, -1, -1, -1, -1
408, 0, 23.775123210087656, 68.09249431386885, 67.34200050293782, 30.38665655799865, -1, -1, -1, -1
409, 0, 22.92961201509387, 68.1061410159141, 67.26344957447459, 30.386656557998705, -1, -1, -1, -1
410, 0, 22.084100820100083, 68.11978771795935, 67.18489864601136, 30.386656557998755, -1, -1, -1, -1
411, 0, 21.238589625106293, 68.13343442000459, 67.10634771754812, 30.386656557998805, -1, -1, -1, -1
412, 0, 20.393078430112503, 68.14708112204984, 67.02779678908489, 30.386656557998855, -1, -1, -1, -1
413, 0, 19.547567235118713, 68.16072782409509, 66.94924586062166, 30.386656557998904, -1, -1, -1, -1
414, 0, 18.702056040124923, 68.17437452614033, 66.87069493215843, 30.38665655799896, -1, -1, -1, -1
415, 0, 17.856544845131136, 68.18802122818558, 66.7921440036952, 30.386656557999018, -1, -1, -1, -1
416, 0, 17.01103365013735, 68.20166793023083, 66.71359307523198, 30.386656557999075, -1, -1, -1, -1
417, 0, 16.16552245514356, 68.21531463227606, 66.63504214676875, 30.38665655799913, -1, -1, -1, -1
418, 0, 15.320011260149771, 68.22896133432131, 66.55649121830552, 30.386656557999185, -1, -1, -1, -1
419, 0, 14.474500065155983, 68.24260803636656, 66.47794028984231, 30.38665655799924, -1, -1, -1, -1
420, 0, 13.628988870162194, 68.2562547384118, 66.39938936137908, 30.38665655799929, -1, -1, -1, -1
421, 0, 12.783477675168406, 68.26990144045705, 66.32083843291585, 30.386656557999345, -1, -1, -1, -1
422, 0, 11.937966480174618, 68.2835481425023, 66.24228750445262, 30.3866565579994, -1, -1, -1, -1
423, 0, 11.09245528518083, 68.29719484454753, 66.16373657598939, 30.38665655799946, -1, -1, -1, -1
424, 0, 10.246944090187041, 68.31084154659277, 66.08518564752615, 30.386656557999515, -1, -1, -1, -1
425, 0, 9.401432895193253, 68.32448824863802, 66.00663471906292, 30.386656557999572, -1, -1, -1, -1
426, 0, 8.555921700199463, 68.33813495068327, 65.92808379059969, 30.386656557999622, -1, -1, -1, -1
427, 0, 7.710410505205674, 68.3517816527285, 65.84953286213647, 30.38665655799967, -1, -1, -1, -1
428, 0, 6.864899310211885, 68.36542835477375, 65.77098193367324, 30.38665655799972, -1, -1, -1, -1
429, 0, 6.019388115218096, 68.379075056819, 65.69243100521001, 30.38665655799977, -1, -1, -1, -1
430, 0, 5.173876920224307, 68.39272175886424, 65.61388007674678, 30.386656557999828, -1, -1, -1, -1
431, 0, 4.328365725230519, 68.40636846090949, 65.53532914828355, 30.38665655799988, -1, -1, -1, -1
432, 0, 3.4828545302367306, 68.42001516295474, 65.45677821982032, 30.386656557999935, -1, -1, -1, -1
433, 0, 2.6373433352429423, 68.43366186499998, 65.37822729135709, 30.38665655799999, -1, -1, -1, -1
434, 0, 1.9780075014322067, 68.44730856704992, 65.11350100169277, 30.38665655799997, -1, -1, -1, -1
435, 0, 1.3186716676214711, 68.46095526909986, 64.84877471202844, 30.386656557999952, -1, -1, -1, -1
436, 0, 0.6593358338107356, 68.4746019711498, 64.58404842236413, 30.386656557999935, -1, -1, -1, -1
437, 0, 0.0, 68.48824867319973, 64.31932213269981, 30.386656557999913, -1, -1, -1, -1
438, 0, 0.0, 68.50189537524977, 63.39526000922482, 30.38665655799992, -1, -1, -1, -1
439, 0, 0.0, 68.51554207729981, 62.47119788574983, 30.386656557999924, -1, -1, -1, -1
440, 0, 0.0, 68.52918877934985, 61.54713576227484, 30.386656557999927, -1, -1, -1, -1
441, 0, 0.0, 68.54283548139989, 60.62307363879985, 30.386656557999935, -1, -1, -1, -1
442, 0, 1.9431696194632536e-15, 68.55648218345326, 59.69901151534164, 30.386656557999572, -1, -1, -1, -1
443, 0, 3.886339238926507e-15, 68.5701288855066, 58.774949391883425, 30.38665655799921, -1, -1, -1, -1
444, 0, 5.82950885838976e-15, 68.58377558755996, 57.85088726842521, 30.386656557998847, -1, -1, -1, -1
445, 0, 7.772678477853014e-15, 68.59742228961332, 56.92682514496699, 30.38665655799848, -1, -1, -1, -1
446, 0, 7.44881687460914e-15, 68.62016679302499, 55.980196311058364, 30.379075056861254, -1, -1, -1, -1
447, 0, 7.124955271365264e-15, 68.64291129643667, 55.03356747714974, 30.37149355572403, -1, -1, -1, -1
448, 0, 6.801093668121388e-15, 68.66565579984834, 54.08693864324111, 30.363912054586805, -1, -1, -1, -1
449, 0, 6.477232064877512e-15, 68.68840030326002, 53.140309809332486, 30.35633055344958, -1, -1, -1, -1
450, 0, 6.153370461633636e-15, 68.71114480667171, 52.19368097542386, 30.348749052312357, -1, -1, -1, -1
451, 0, 5.829508858389761e-15, 68.73388931008338, 51.24705214151523, 30.341167551175133, -1, -1, -1, -1
452, 0, 5.505647255145886e-15, 68.75663381349506, 50.30042330760661, 30.33358605003791, -1, -1, -1, -1
453, 0, 5.18178565190201e-15, 68.77937831690673, 49.35379447369798, 30.326004548900684, -1, -1, -1, -1
454, 0, 4.857924048658134e-15, 68.8021228203184, 48.407165639789355, 30.31842304776346, -1, -1, -1, -1
455, 0, 4.534062445414258e-15, 68.82486732373007, 47.46053680588073, 30.310841546626236, -1, -1, -1, -1
456, 0, 4.210200842170382e-15, 68.84761182714175, 46.5139079719721, 30.30326004548901, -1, -1, -1, -1
457, 0, 3.886339238926507e-15, 68.87035633055343, 45.567279138063476, 30.295678544351787, -1, -1, -1, -1
458, 0, 3.562477635682632e-15, 68.89310083396512, 44.62065030415485, 30.28809704321456, -1, -1, -1, -1
459, 0, 3.238616032438756e-15, 68.9158453373768, 43.67402147024623, 30.28051554207733, -1, -1, -1, -1
460, 0, 2.9147544291948805e-15, 68.93858984078847, 42.727392636337605, 30.272934040940104, -1, -1, -1, -1
461, 0, 2.590892825951005e-15, 68.96133434420014, 41.78076380242898, 30.265352539802876, -1, -1, -1, -1
462, 0, 2.2670312227071295e-15, 68.98407884761181, 40.83413496852035, 30.257771038665652, -1, -1, -1, -1
463, 0, 1.943169619463254e-15, 69.00682335102348, 39.887506134611726, 30.250189537528428, -1, -1, -1, -1
464, 0, 1.6193080162193784e-15, 69.02956785443516, 38.9408773007031, 30.242608036391204, -1, -1, -1, -1
465, 0, 1.295446412975503e-15, 69.05231235784684, 37.994248466794474, 30.23502653525398, -1, -1, -1, -1
466, 0, 9.715848097316272e-16, 69.07505686125853, 37.04761963288585, 30.227445034116755, -1, -1, -1, -1
467, 0, 6.477232064877515e-16, 69.0978013646702, 36.10099079897722, 30.21986353297953, -1, -1, -1, -1
468, 0, 3.2386160324387573e-16, 69.12054586808188, 35.154361965068595, 30.212282031842307, -1, -1, -1, -1
469, 0, 0.0, 69.14329037149355, 34.20773313115997, 30.20470053070508, -1, -1, -1, -1
470, 0, 0.0, 69.17740712661106, 33.29795299469295, 30.147839272175894, -1, -1, -1, -1
471, 0, 0.0, 69.21152388172857, 32.38817285822593, 30.090978013646705, -1, -1, -1, -1
472, 0, 0.0, 69.24564063684608, 31.478392721758908, 30.034116755117516, -1, -1, -1, -1
473, 0, 0.0, 69.2797573919636, 30.568612585291888, 29.977255496588327, -1, -1, -1, -1
474, 0, 0.0, 69.31387414708112, 29.658832448824867, 29.92039423805914, -1, -1, -1, -1
475, 0, 0.0, 69.34799090219863, 28.749052312357847, 29.86353297952995, -1, -1, -1, -1
476, 0, 0.0, 69.38210765731614, 27.839272175890827, 29.80667172100076, -1, -1, -1, -1
477, 0, 0.0, 69.41622441243365, 26.929492039423806, 29.749810462471572, -1, -1, -1, -1
478, 0, 0.0, 69.45034116755116, 26.019711902956786, 29.692949203942383, -1, -1, -1, -1
479, 0, 0.0, 69.48445792266868, 25.109931766489765, 29.636087945413195, -1, -1, -1, -1
480, 0, 0.0, 69.5185746777862, 24.200151630022745, 29.579226686884006, -1, -1, -1, -1
481, 0, 0.0, 69.55269143290371, 23.29037149355572, 29.522365428354817, -1, -1, -1, -1
482, 0, 0.0, 69.58680818802122, 22.3805913570887, 29.46550416982563, -1, -1, -1, -1
483, 0, 0.0, 69.62092494313873, 21.47081122062168, 29.40864291129644, -1, -1, -1, -1
484, 0, 0.0, 69.65504169825624, 20.56103108415466, 29.35178165276725, -1, -1, -1, -1
485, 0, 0.0, 69.68915845337376, 19.65125094768764, 29.29492039423806, -1, -1, -1, -1
486, 0, 0.0, 69.78013646702047, 18.69598180439727, 28.961334344200154, -1, -1, -1, -1
487, 0, 0.0, 69.87111448066716, 17.740712661106897, 28.627748294162252, -1, -1, -1, -1
488, 0, 0.0, 69.96209249431386, 16.785443517816525, 28.294162244124347, -1, -1, -1, -1
489, 0, 0.0, 70.05307050796057, 15.830174374526154, 27.960576194086443, -1, -1, -1, -1
490, 0, 0.0, 70.14404852160727, 14.874905231235783, 27.62699014404853, -1, -1, -1, -1
491, 0, 0.0, 70.23502653525398, 13.91963608794541, 27.29340409401062, -1, -1, -1, -1
492, 0, 0.0, 70.32600454890068, 12.964366944655039, 26.959818043972707, -1, -1, -1, -1
493, 0, 0.0, 70.41698256254739, 12.009097801364668, 26.626231993934795, -1, -1, -1, -1
494, 0, 0.0, 70.5079605761941, 11.053828658074297, 26.292645943896886, -1, -1, -1, -1
495, 0, 0.0, 70.5989385898408, 10.098559514783926, 25.95905989385898, -1, -1, -1, -1
496, 0, 0.0, 70.68991660348749, 9.143290371493555, 25.625473843821077, -1, -1, -1, -1
497, 0, 0.0, 70.7808946171342, 8.188021228203183, 25.291887793783168, -1, -1, -1, -1
498, 0, 0.0, 71.50871872630782, 7.232752084912812, 24.291129643669446, -1, -1, -1, -1
499, 0, 0.0, 72.23654283548143, 6.277482941622441, 23.290371493555725, -1, -1, -1, -1
500, 0, 0.0, 72.96436694465504, 5.32221379833207, 22.289613343442, -1, -1, -1, -1
501, 0, 0.0, 73.69219105382865, 4.366944655041698, 21.288855193328278, -1, -1, -1, -1
502, 0, 0.0, 73.69219105382865, 4.366944655041698, 21.288855193328278, -1, -1, -1, -1
503, 0, 0.0, 73.69219105382865, 4.366944655041698, 21.288855193328278, -1, -1, -1, -1
504, 0, 0.0, 73.69219105382865, 4.366944655041698, 21.288855193328278, -1, -1, -1, -1
