425, 0, 235.92857142857142, 74.78571428571428, 4.071428571428571, 17.142857142857142, -1, -1, -1, -1
426, 0, 235.56257363770249, 74.69635493372606, 4.437426362297497, 17.34057437407953, -1, -1, -1, -1
427, 0, 235.19657584683358, 74.60699558173783, 4.803424153166423, 17.538291605301914, -1, -1, -1, -1
428, 0, 234.83057805596465, 74.51763622974963, 5.169421944035349, 17.7360088365243, -1, -1, -1, -1
429, 0, 234.46458026509572, 74.4282768777614, 5.535419734904274, 17.933726067746683, -1, -1, -1, -1
430, 0, 234.0985824742268, 74.33891752577318, 5.9014175257732, 18.131443298969067, -1, -1, -1, -1
431, 0, 233.73258468335786, 74.24955817378498, 6.267415316642126, 18.329160530191455, -1, -1, -1, -1
432, 0, 233.36658689248895, 74.16019882179675, 6.633413107511052, 18.526877761413843, -1, -1, -1, -1
433, 0, 233.00058910162002, 74.07083946980853, 6.999410898379978, 18.724594992636227, -1, -1, -1, -1
434, 0, 232.6345913107511, 73.98148011782031, 7.365408689248902, 18.92231222385861, -1, -1, -1, -1
435, 0, 232.2685935198822, 73.89212076583209, 7.731406480117826, 19.120029455081, -1, -1, -1, -1
436, 0, 231.90259572901326, 73.80276141384388, 8.09740427098675, 19.317746686303387, -1, -1, -1, -1
437, 0, 231.53659793814433, 73.71340206185566, 8.463402061855675, 19.51546391752577, -1, -1, -1, -1
438, 0, 231.1706001472754, 73.62404270986744, 8.829399852724599, 19.713181148748156, -1, -1, -1, -1
439, 0, 230.80460235640646, 73.53468335787923, 9.195397643593523, 19.910898379970543, -1, -1, -1, -1
440, 0, 230.43860456553756, 73.44532400589101, 9.561395434462447, 20.10861561119293, -1, -1, -1, -1
441, 0, 230.07260677466863, 73.35596465390279, 9.927393225331372, 20.306332842415316, -1, -1, -1, -1
442, 0, 229.7066089837997, 73.26660530191458, 10.293391016200292, 20.5040500736377, -1, -1, -1, -1
443, 0, 229.3406111929308, 73.17724594992636, 10.659388807069213, 20.701767304860088, -1, -1, -1, -1
444, 0, 228.97461340206186, 73.08788659793814, 11.025386597938134, 20.899484536082475, -1, -1, -1, -1
445, 0, 228.60861561119293, 72.99852724594993, 11.391384388807055, 21.09720176730486, -1, -1, -1, -1
446, 0, 228.242617820324, 72.90916789396171, 11.757382179675975, 21.294918998527244, -1, -1, -1, -1
447, 0, 227.87662002945507, 72.81980854197349, 12.123379970544896, 21.492636229749632, -1, -1, -1, -1
448, 0, 227.51062223858617, 72.73044918998528, 12.489377761413817, 21.69035346097202, -1, -1, -1, -1
449, 0, 227.14462444771723, 72.64108983799706, 12.855375552282737, 21.888070692194404, -1, -1, -1, -1
450, 0, 226.7786266568483, 72.55173048600884, 13.221373343151662, 22.085787923416788, -1, -1, -1, -1
451, 0, 226.4126288659794, 72.46237113402063, 13.587371134020586, 22.283505154639176, -1, -1, -1, -1
452, 0, 226.04663107511047, 72.3730117820324, 13.95336892488951, 22.481222385861564, -1, -1, -1, -1
453, 0, 225.68063328424154, 72.28365243004419, 14.319366715758434, 22.678939617083948, -1, -1, -1, -1
454, 0, 225.3146354933726, 72.19429307805596, 14.685364506627359, 22.876656848306332, -1, -1, -1, -1
455, 0, 224.94863770250367, 72.10493372606774, 15.051362297496283, 23.07437407952872, -1, -1, -1, -1
456, 0, 224.58263991163477, 72.01557437407953, 15.417360088365207, 23.272091310751108, -1, -1, -1, -1
457, 0, 224.21664212076584, 71.92621502209131, 15.783357879234131, 23.469808541973492, -1, -1, -1, -1
458, 0, 223.8506443298969, 71.83685567010309, 16.149355670103056, 23.667525773195877, -1, -1, -1, -1
459, 0, 223.484646539028, 71.74749631811488, 16.51535346097198, 23.865243004418264, -1, -1, -1, -1
460, 0, 223.11864874815907, 71.65813696612666, 16.881351251840904, 24.062960235640652, -1, -1, -1, -1
461, 0, 222.75265095729014, 71.56877761413844, 17.247349042709832, 24.260677466863036, -1, -1, -1, -1
462, 0, 222.3866531664212, 71.47941826215022, 17.61334683357876, 24.45839469808542, -1, -1, -1, -1
463, 0, 222.02065537555228, 71.390058910162, 17.979344624447684, 24.656111929307805, -1, -1, -1, -1
464, 0, 221.65465758468338, 71.30069955817379, 18.34534241531661, 24.85382916053019, -1, -1, -1, -1
465, 0, 221.28865979381445, 71.21134020618557, 18.711340206185533, 25.051546391752577, -1, -1, -1, -1
466, 0, 220.93750000000102, 71.10268275538849, 19.062499999998934, 25.176312089972264, -1, -1, -1, -1
467, 0, 220.58634020618763, 70.99402530459142, 19.413659793812336, 25.301077788191954, -1, -1, -1, -1
468, 0, 220.2351804123742, 70.88536785379434, 19.764819587625738, 25.425843486411644, -1, -1, -1, -1
469, 0, 219.88402061856078, 70.77671040299725, 20.115979381439136, 25.550609184631334, -1, -1, -1, -1
470, 0, 219.53286082474736, 70.66805295220018, 20.467139175252534, 25.675374882851024, -1, -1, -1, -1
471, 0, 219.18170103093394, 70.5593955014031, 20.818298969065935, 25.80014058107071, -1, -1, -1, -1
472, 0, 218.8305412371205, 70.45073805060602, 21.169458762879337, 25.924906279290397, -1, -1, -1, -1
473, 0, 218.4793814433071, 70.34208059980895, 21.52061855669274, 26.049671977510087, -1, -1, -1, -1
474, 0, 218.12822164949367, 70.23342314901187, 21.871778350506144, 26.174437675729777, -1, -1, -1, -1
475, 0, 217.77706185568024, 70.12476569821479, 22.22293814431955, 26.299203373949467, -1, -1, -1, -1
476, 0, 217.42590206186682, 70.01610824741772, 22.574097938132955, 26.423969072169157, -1, -1, -1, -1
477, 0, 217.0747422680534, 69.90745079662064, 22.92525773194636, 26.548734770388847, -1, -1, -1, -1
478, 0, 216.72358247423998, 69.79879334582355, 23.276417525759765, 26.673500468608538, -1, -1, -1, -1
479, 0, 216.37242268042655, 69.69013589502649, 23.62757731957317, 26.798266166828228, -1, -1, -1, -1
480, 0, 216.02126288661316, 69.5814784442294, 23.978737113386575, 26.923031865047918, -1, -1, -1, -1
481, 0, 215.67010309279974, 69.47282099343232, 24.32989690719998, 27.04779756326761, -1, -1, -1, -1
482, 0, 215.318943298985, 69.45830265095019, 24.681056701014707, 27.078424153172442, -1, -1, -1, -1
483, 0, 214.9677835051703, 69.44378430846805, 25.032216494829434, 27.10905074307727, -1, -1, -1, -1
484, 0, 214.61662371135557, 69.42926596598593, 25.38337628864416, 27.1396773329821, -1, -1, -1, -1
485, 0, 214.26546391754084, 69.4147476235038, 25.734536082458888, 27.17030392288693, -1, -1, -1, -1
486, 0, 213.9143041237261, 69.40022928102167, 26.085695876273615, 27.20093051279176, -1, -1, -1, -1
487, 0, 213.56314432991138, 69.38571093853955, 26.43685567008834, 27.23155710269659, -1, -1, -1, -1
488, 0, 213.21198453609668, 69.37119259605741, 26.78801546390307, 27.262183692601422, -1, -1, -1, -1
489, 0, 212.86082474228195, 69.35667425357528, 27.139175257717795, 27.292810282506252, -1, -1, -1, -1
490, 0, 212.50966494846722, 69.34215591109314, 27.490335051532526, 27.323436872411087, -1, -1, -1, -1
491, 0, 212.15850515465252, 69.32763756861101, 27.841494845347256, 27.354063462315917, -1, -1, -1, -1
492, 0, 211.8073453608378, 69.31311922612888, 28.192654639161987, 27.384690052220748, -1, -1, -1, -1
493, 0, 211.45618556702306, 69.29860088364674, 28.543814432976717, 27.415316642125582, -1, -1, -1, -1
494, 0, 211.10502577320833, 69.28408254116461, 28.894974226791447, 27.445943232030416, -1, -1, -1, -1
495, 0, 210.7538659793936, 69.26956419868247, 29.246134020606178, 27.476569821935247, -1, -1, -1, -1
496, 0, 210.4027061855789, 69.25504585620035, 29.597293814420908, 27.507196411840077, -1, -1, -1, -1
497, 0, 210.05154639176416, 69.24052751371822, 29.94845360823564, 27.53782300174491, -1, -1, -1, -1
498, 0, 209.70038659794943, 69.22600917123609, 30.299613402050365, 27.568449591649742, -1, -1, -1, -1
499, 0, 209.34922680413473, 69.21149082875397, 30.650773195865092, 27.599076181554572, -1, -1, -1, -1
500, 0, 208.99806701032, 69.19697248627183, 31.00193298967982, 27.629702771459403, -1, -1, -1, -1
501, 0, 208.64690721650527, 69.1824541437897, 31.353092783494546, 27.660329361364234, -1, -1, -1, -1
502, 0, 208.29574742269054, 69.16793580130756, 31.704252577309273, 27.690955951269064, -1, -1, -1, -1
503, 0, 207.9445876288758, 69.15341745882543, 32.055412371124, 27.721582541173895, -1, -1, -1, -1
504, 0, 207.5934278350611, 69.13889911634331, 32.40657216493872, 27.752209131078725, -1, -1, -1, -1
505, 0, 207.24226804124638, 69.12438077386118, 32.75773195875345, 27.782835720983556, -1, -1, -1, -1
506, 0, 206.89110824743165, 69.10986243137904, 33.10889175256818, 27.813462310888386, -1, -1, -1, -1
507, 0, 206.53994845361694, 69.09534408889692, 33.4600515463829, 27.844088900793217, -1, -1, -1, -1
508, 0, 206.1887886598022, 69.08082574641479, 33.81121134019762, 27.874715490698048, -1, -1, -1, -1
509, 0, 205.83762886598748, 69.06630740393265, 34.162371134012346, 27.90534208060288, -1, -1, -1, -1
510, 0, 205.48646907217278, 69.05178906145052, 34.51353092782707, 27.93596867050771, -1, -1, -1, -1
511, 0, 205.13530927835805, 69.03727071896839, 34.86469072164179, 27.96659526041254, -1, -1, -1, -1
512, 0, 204.78414948454332, 69.02275237648627, 35.215850515456516, 27.99722185031737, -1, -1, -1, -1
513, 0, 204.43298969072862, 69.00823403400413, 35.56701030927124, 28.0278484402222, -1, -1, -1, -1
514, 0, 204.0818298969139, 68.993715691522, 35.91817010308597, 28.05847503012703, -1, -1, -1, -1
515, 0, 203.73067010309916, 68.97919734903988, 36.26932989690069, 28.08910162003186, -1, -1, -1, -1
516, 0, 203.37951030928446, 68.96467900655774, 36.62048969071542, 28.119728209936692, -1, -1, -1, -1
517, 0, 203.02835051546973, 68.95016066407561, 36.97164948453015, 28.150354799841523, -1, -1, -1, -1
518, 0, 202.677190721655, 68.93564232159348, 37.32280927834488, 28.180981389746353, -1, -1, -1, -1
519, 0, 202.3260309278403, 68.92112397911134, 37.6739690721596, 28.211607979651184, -1, -1, -1, -1
520, 0, 201.97487113402556, 68.90660563662922, 38.025128865974324, 28.242234569556015, -1, -1, -1, -1
521, 0, 201.62371134021083, 68.89208729414709, 38.376288659789054, 28.272861159460845, -1, -1, -1, -1
522, 0, 201.2725515463961, 68.87756895166495, 38.727448453603785, 28.30348774936568, -1, -1, -1, -1
523, 0, 200.92139175258137, 68.86305060918284, 39.078608247418515, 28.33411433927051, -1, -1, -1, -1
524, 0, 200.57023195876667, 68.8485322667007, 39.429768041233245, 28.36474092917534, -1, -1, -1, -1
525, 0, 200.21907216495194, 68.83401392421857, 39.780927835047976, 28.395367519080175, -1, -1, -1, -1
526, 0, 199.8679123711372, 68.81949558173643, 40.132087628862706, 28.42599410898501, -1, -1, -1, -1
527, 0, 199.5167525773225, 68.8049772392543, 40.48324742267744, 28.45662069888984, -1, -1, -1, -1
528, 0, 199.16559278350778, 68.79045889677217, 40.83440721649217, 28.48724728879467, -1, -1, -1, -1
529, 0, 198.81443298969305, 68.77594055429003, 41.1855670103069, 28.517873878699504, -1, -1, -1, -1
530, 0, 198.46327319587832, 68.7614222118079, 41.53672680412163, 28.548500468604335, -1, -1, -1, -1
531, 0, 198.11211340206358, 68.74690386932576, 41.88788659793635, 28.579127058509165, -1, -1, -1, -1
532, 0, 197.76095360824888, 68.73238552684364, 42.239046391751074, 28.609753648413996, -1, -1, -1, -1
533, 0, 197.40979381443415, 68.71786718436151, 42.590206185565805, 28.640380238318826, -1, -1, -1, -1
534, 0, 197.05863402061942, 68.70334884187938, 42.941365979380535, 28.671006828223657, -1, -1, -1, -1
535, 0, 196.70747422680472, 68.68883049939726, 43.29252577319526, 28.701633418128488, -1, -1, -1, -1
536, 0, 196.35631443299, 68.67431215691512, 43.64368556700998, 28.732260008033315, -1, -1, -1, -1
537, 0, 196.00515463917526, 68.65979381443299, 43.99484536082471, 28.762886597938145, -1, -1, -1, -1
538, 0, 195.7007087628866, 68.66462628865979, 44.29929123711337, 28.787048969072167, -1, -1, -1, -1
539, 0, 195.39626288659792, 68.66945876288659, 44.60373711340203, 28.811211340206185, -1, -1, -1, -1
540, 0, 195.09181701030928, 68.6742912371134, 44.908182989690694, 28.835373711340207, -1, -1, -1, -1
541, 0, 194.78737113402062, 68.6791237113402, 45.212628865979354, 28.85953608247423, -1, -1, -1, -1
542, 0, 194.48292525773195, 68.683956185567, 45.517074742268015, 28.883698453608247, -1, -1, -1, -1
543, 0, 194.1784793814433, 68.6887886597938, 45.821520618556676, 28.90786082474227, -1, -1, -1, -1
544, 0, 193.87403350515464, 68.69362113402062, 46.125966494845336, 28.93202319587629, -1, -1, -1, -1
545, 0, 193.56958762886597, 68.69845360824742, 46.430412371134, 28.95618556701031, -1, -1, -1, -1
546, 0, 193.26514175257734, 68.70328608247422, 46.73485824742265, 28.98034793814433, -1, -1, -1, -1
547, 0, 192.96069587628867, 68.70811855670104, 47.03930412371131, 29.004510309278352, -1, -1, -1, -1
548, 0, 192.65625, 68.71295103092784, 47.34374999999997, 29.028672680412374, -1, -1, -1, -1
549, 0, 192.35180412371136, 68.71778350515464, 47.648195876288625, 29.052835051546396, -1, -1, -1, -1
550, 0, 192.0473582474227, 68.72261597938144, 47.95264175257728, 29.076997422680417, -1, -1, -1, -1
551, 0, 191.74291237113403, 68.72744845360825, 48.25708762886594, 29.10115979381444, -1, -1, -1, -1
552, 0, 191.4384664948454, 68.73228092783505, 48.5615335051546, 29.12532216494846, -1, -1, -1, -1
553, 0, 191.13402061855672, 68.73711340206185, 48.86597938144325, 29.149484536082483, -1, -1, -1, -1
554, 0, 190.82957474226805, 68.74194587628865, 49.17042525773192, 29.1736469072165, -1, -1, -1, -1
555, 0, 190.5251288659794, 68.74677835051546, 49.47487113402058, 29.197809278350523, -1, -1, -1, -1
556, 0, 190.22068298969074, 68.75161082474227, 49.77931701030924, 29.221971649484544, -1, -1, -1, -1
557, 0, 189.91623711340208, 68.75644329896907, 50.08376288659791, 29.246134020618562, -1, -1, -1, -1
558, 0, 189.6117912371134, 68.76127577319588, 50.38820876288658, 29.27029639175258, -1, -1, -1, -1
559, 0, 189.30734536082474, 68.7661082474227, 50.69265463917524, 29.294458762886602, -1, -1, -1, -1
560, 0, 189.0028994845361, 68.7709407216495, 50.9971005154639, 29.318621134020624, -1, -1, -1, -1
561, 0, 188.69845360824743, 68.7757731958763, 51.30154639175257, 29.342783505154642, -1, -1, -1, -1
562, 0, 188.39400773195877, 68.7806056701031, 51.60599226804123, 29.36694587628866, -1, -1, -1, -1
563, 0, 188.08956185567013, 68.7854381443299, 51.91043814432989, 29.391108247422682, -1, -1, -1, -1
564, 0, 187.78511597938146, 68.7902706185567, 52.21488402061855, 29.415270618556704, -1, -1, -1, -1
565, 0, 187.4806701030928, 68.7951030927835, 52.51932989690721, 29.439432989690722, -1, -1, -1, -1
566, 0, 187.17622422680412, 68.79993556701031, 52.82377577319587, 29.46359536082474, -1, -1, -1, -1
567, 0, 186.87177835051546, 68.80476804123711, 53.12822164948453, 29.487757731958762, -1, -1, -1, -1
568, 0, 186.56733247422682, 68.80960051546393, 53.43266752577319, 29.511920103092784, -1, -1, -1, -1
569, 0, 186.26288659793815, 68.81443298969073, 53.73711340206185, 29.536082474226802, -1, -1, -1, -1
570, 0, 185.95844072164948, 68.81926546391753, 54.041559278350505, 29.56024484536082, -1, -1, -1, -1
571, 0, 185.65399484536084, 68.82409793814435, 54.346005154639165, 29.584407216494842, -1, -1, -1, -1
572, 0, 185.34954896907217, 68.82893041237115, 54.650451030927826, 29.608569587628864, -1, -1, -1, -1
573, 0, 185.0451030927835, 68.83376288659795, 54.95489690721648, 29.632731958762882, -1, -1, -1, -1
574, 0, 184.74065721649487, 68.83859536082475, 55.25934278350513, 29.6568943298969, -1, -1, -1, -1
575, 0, 184.4362113402062, 68.84342783505156, 55.563788659793794, 29.681056701030922, -1, -1, -1, -1
576, 0, 184.13176546391753, 68.84826030927836, 55.868234536082454, 29.705219072164944, -1, -1, -1, -1
577, 0, 183.8273195876289, 68.85309278350516, 56.17268041237111, 29.729381443298962, -1, -1, -1, -1
578, 0, 183.52287371134022, 68.85792525773196, 56.47712628865977, 29.753543814432984, -1, -1, -1, -1
579, 0, 183.21842783505156, 68.86275773195877, 56.78157216494843, 29.777706185567006, -1, -1, -1, -1
580, 0, 182.91398195876292, 68.86759020618557, 57.08601804123708, 29.801868556701027, -1, -1, -1, -1
581, 0, 182.60953608247425, 68.87242268041237, 57.39046391752574, 29.82603092783505, -1, -1, -1, -1
582, 0, 182.30509020618558, 68.87725515463917, 57.6949097938144, 29.85019329896907, -1, -1, -1, -1
583, 0, 182.00064432989694, 68.88208762886597, 57.99935567010306, 29.874355670103093, -1, -1, -1, -1
584, 0, 181.69619845360828, 68.88692010309279, 58.30380154639172, 29.898518041237114, -1, -1, -1, -1
585, 0, 181.3917525773196, 68.8917525773196, 58.60824742268038, 29.922680412371136, -1, -1, -1, -1
586, 0, 181.1050048533935, 68.90229615745139, 58.638999531396806, 29.923998359887722, -1, -1, -1, -1
587, 0, 180.8182571294674, 68.91283973758317, 58.66975164011323, 29.92531630740431, -1, -1, -1, -1
588, 0, 180.53150940554133, 68.92338331771496, 58.70050374882966, 29.926634254920895, -1, -1, -1, -1
589, 0, 180.24476168161522, 68.93392689784676, 58.73125585754608, 29.92795220243748, -1, -1, -1, -1
590, 0, 179.9580139576891, 68.94447047797856, 58.7620079662625, 29.929270149954068, -1, -1, -1, -1
591, 0, 179.67126623376302, 68.95501405811035, 58.79276007497893, 29.930588097470654, -1, -1, -1, -1
592, 0, 179.38451850983694, 68.96555763824215, 58.82351218369536, 29.93190604498724, -1, -1, -1, -1
593, 0, 179.09777078591082, 68.97610121837394, 58.854264292411784, 29.933223992503827, -1, -1, -1, -1
594, 0, 178.8110230619847, 68.98664479850574, 58.8850164011282, 29.934541940020416, -1, -1, -1, -1
595, 0, 178.52427533805863, 68.99718837863753, 58.91576850984462, 29.935859887537003, -1, -1, -1, -1
596, 0, 178.23752761413255, 69.00773195876931, 58.94652061856104, 29.93717783505359, -1, -1, -1, -1
597, 0, 177.95077989020643, 69.01827553890111, 58.97727272727745, 29.93849578257018, -1, -1, -1, -1
598, 0, 177.66403216628035, 69.0288191190329, 59.008024835993865, 29.93981373008677, -1, -1, -1, -1
599, 0, 177.37728444235427, 69.03936269916468, 59.038776944710285, 29.941131677603355, -1, -1, -1, -1
600, 0, 177.09053671842815, 69.04990627929648, 59.069529053426706, 29.94244962511994, -1, -1, -1, -1
601, 0, 176.80378899450207, 69.06044985942827, 59.10028116214312, 29.94376757263653, -1, -1, -1, -1
602, 0, 176.517041270576, 69.07099343956007, 59.13103327085955, 29.945085520153118, -1, -1, -1, -1
603, 0, 176.23029354664988, 69.08153701969186, 59.16178537957597, 29.946403467669704, -1, -1, -1, -1
604, 0, 175.94354582272376, 69.09208059982366, 59.19253748829239, 29.94772141518629, -1, -1, -1, -1
605, 0, 175.65679809879768, 69.10262417995546, 59.223289597008815, 29.949039362702877, -1, -1, -1, -1
606, 0, 175.3700503748716, 69.11316776008725, 59.25404170572524, 29.950357310219463, -1, -1, -1, -1
607, 0, 175.08330265094548, 69.12371134021905, 59.28479381444166, 29.95167525773605, -1, -1, -1, -1
608, 0, 174.79655492701937, 69.13425492035083, 59.31554592315808, 29.952993205252636, -1, -1, -1, -1
609, 0, 174.5098072030933, 69.14479850048262, 59.34629803187451, 29.954311152769222, -1, -1, -1, -1
610, 0, 174.2230594791672, 69.15534208061442, 59.37705014059093, 29.955629100285808, -1, -1, -1, -1
611, 0, 173.9363117552411, 69.1658856607462, 59.40780224930735, 29.956947047802394, -1, -1, -1, -1
612, 0, 173.64956403131498, 69.176429240878, 59.43855435802377, 29.95826499531898, -1, -1, -1, -1
613, 0, 173.3628163073889, 69.18697282100979, 59.46930646674019, 29.959582942835567, -1, -1, -1, -1
614, 0, 173.0760685834628, 69.19751640114158, 59.50005857545661, 29.960900890352153, -1, -1, -1, -1
615, 0, 172.7893208595367, 69.20805998127338, 59.530810684173034, 29.96221883786874, -1, -1, -1, -1
616, 0, 172.5025731356106, 69.21860356140517, 59.561562792889454, 29.963536785385326, -1, -1, -1, -1
617, 0, 172.2158254116845, 69.22914714153697, 59.592314901605874, 29.964854732901912, -1, -1, -1, -1
618, 0, 171.92907768775842, 69.23969072166877, 59.6230670103223, 29.9661726804185, -1, -1, -1, -1
619, 0, 171.6423299638323, 69.25023430180056, 59.65381911903872, 29.967490627935085, -1, -1, -1, -1
620, 0, 171.3555822399062, 69.26077788193236, 59.68457122775514, 29.96880857545167, -1, -1, -1, -1
621, 0, 171.06883451598011, 69.27132146206415, 59.71532333647157, 29.970126522968258, -1, -1, -1, -1
622, 0, 170.78208679205403, 69.28186504219595, 59.746075445188, 29.971444470484844, -1, -1, -1, -1
623, 0, 170.49533906812792, 69.29240862232774, 59.77682755390442, 29.97276241800143, -1, -1, -1, -1
624, 0, 170.2085913442018, 69.30295220245952, 59.80757966262084, 29.974080365518017, -1, -1, -1, -1
625, 0, 169.92184362027572, 69.31349578259132, 59.838331771337266, 29.975398313034603, -1, -1, -1, -1
626, 0, 169.63509589634964, 69.32403936272311, 59.86908388005369, 29.976716260551193, -1, -1, -1, -1
627, 0, 169.34834817242353, 69.3345829428549, 59.89983598877011, 29.97803420806778, -1, -1, -1, -1
628, 0, 169.06160044849744, 69.34512652298669, 59.93058809748653, 29.979352155584365, -1, -1, -1, -1
629, 0, 168.77485272457136, 69.35567010311848, 59.96134020620295, 29.980670103100955, -1, -1, -1, -1
630, 0, 168.48810500064525, 69.36621368325028, 59.99209231491937, 29.981988050617545, -1, -1, -1, -1
631, 0, 168.20135727671916, 69.37675726338207, 60.02284442363579, 29.98330599813413, -1, -1, -1, -1
632, 0, 167.91460955279308, 69.38730084351386, 60.05359653235221, 29.984623945650718, -1, -1, -1, -1
633, 0, 167.62786182886697, 69.39784442364565, 60.08434864106863, 29.985941893167308, -1, -1, -1, -1
634, 0, 167.34111410494086, 69.40838800377745, 60.11510074978505, 29.987259840683894, -1, -1, -1, -1
635, 0, 167.05436638101477, 69.41893158390923, 60.14585285850147, 29.98857778820048, -1, -1, -1, -1
636, 0, 166.7676186570887, 69.42947516404102, 60.1766049672179, 29.989895735717067, -1, -1, -1, -1
637, 0, 166.48087093316258, 69.44001874417282, 60.20735707593432, 29.991213683233653, -1, -1, -1, -1
638, 0, 166.19412320923647, 69.45056232430461, 60.23810918465074, 29.99253163075024, -1, -1, -1, -1
639, 0, 165.90737548531038, 69.46110590443641, 60.268861293367166, 29.993849578266826, -1, -1, -1, -1
640, 0, 165.6206277613843, 69.4716494845682, 60.29961340208359, 29.995167525783415, -1, -1, -1, -1
641, 0, 165.3338800374582, 69.4821930647, 60.33036551080001, 29.9964854733, -1, -1, -1, -1
642, 0, 165.10236059041063, 69.49273664483093, 60.361117619515845, 29.99780342081631, -1, -1, -1, -1
643, 0, 164.8708411433631, 69.50328022496187, 60.39186972823168, 29.999121368332624, -1, -1, -1, -1
644, 0, 164.63932169631556, 69.51382380509281, 60.42262183694753, 30.000439315848936, -1, -1, -1, -1
645, 0, 164.407802249268, 69.52436738522374, 60.453373945663365, 30.00175726336525, -1, -1, -1, -1
646, 0, 164.17628280222044, 69.53491096535468, 60.4841260543792, 30.003075210881562, -1, -1, -1, -1
647, 0, 163.9447633551729, 69.54545454548563, 60.51487816309505, 30.004393158397875, -1, -1, -1, -1
648, 0, 163.71324390812538, 69.55599812561655, 60.545630271810886, 30.005711105914187, -1, -1, -1, -1
649, 0, 163.48172446107782, 69.5665417057475, 60.576382380526724, 30.0070290534305, -1, -1, -1, -1
650, 0, 163.25020501403026, 69.57708528587844, 60.60713448924257, 30.008347000946817, -1, -1, -1, -1
651, 0, 163.01868556698273, 69.58762886600937, 60.637886597958406, 30.009664948463133, -1, -1, -1, -1
652, 0, 162.7871661199352, 69.5981724461403, 60.668638706674244, 30.01098289597945, -1, -1, -1, -1
653, 0, 162.55564667288763, 69.60871602627124, 60.69939081539009, 30.012300843495765, -1, -1, -1, -1
654, 0, 162.32412722584007, 69.61925960640218, 60.730142924105934, 30.01361879101208, -1, -1, -1, -1
655, 0, 162.09260777879254, 69.62980318653311, 60.76089503282177, 30.014936738528398, -1, -1, -1, -1
656, 0, 161.861088331745, 69.64034676666404, 60.79164714153761, 30.016254686044714, -1, -1, -1, -1
657, 0, 161.62956888469745, 69.65089034679498, 60.822399250253454, 30.01757263356103, -1, -1, -1, -1
658, 0, 161.3980494376499, 69.66143392692592, 60.8531513589693, 30.018890581077343, -1, -1, -1, -1
659, 0, 161.16652999060236, 69.67197750705685, 60.88390346768514, 30.020208528593656, -1, -1, -1, -1
660, 0, 160.93501054355482, 69.6825210871878, 60.914655576400975, 30.02152647610997, -1, -1, -1, -1
661, 0, 160.70349109650726, 69.69306466731874, 60.94540768511682, 30.02284442362628, -1, -1, -1, -1
662, 0, 160.4719716494597, 69.70360824744967, 60.976159793832664, 30.024162371142594, -1, -1, -1, -1
663, 0, 160.24045220241217, 69.71415182758061, 61.0069119025485, 30.025480318658907, -1, -1, -1, -1
664, 0, 160.00893275536464, 69.72469540771155, 61.03766401126434, 30.02679826617522, -1, -1, -1, -1
665, 0, 159.77741330831708, 69.73523898784248, 61.068416119980185, 30.028116213691533, -1, -1, -1, -1
666, 0, 159.54589386126952, 69.74578256797341, 61.09916822869603, 30.02943416120785, -1, -1, -1, -1
667, 0, 159.314374414222, 69.75632614810435, 61.129920337411875, 30.030752108724165, -1, -1, -1, -1
668, 0, 159.08285496717446, 69.76686972823529, 61.16067244612772, 30.03207005624048, -1, -1, -1, -1
669, 0, 158.8513355201269, 69.77741330836622, 61.191424554843564, 30.033388003756798, -1, -1, -1, -1
670, 0, 158.61981607307933, 69.78795688849715, 61.22217666355941, 30.034705951273114, -1, -1, -1, -1
671, 0, 158.38829662603177, 69.79850046862809, 61.252928772275254, 30.03602389878943, -1, -1, -1, -1
672, 0, 158.1567771789842, 69.80904404875903, 61.2836808809911, 30.037341846305747, -1, -1, -1, -1
673, 0, 157.92525773193668, 69.81958762888996, 61.314432989706944, 30.038659793822063, -1, -1, -1, -1
674, 0, 157.69373828488915, 69.83013120902089, 61.34518509842279, 30.039977741338376, -1, -1, -1, -1
675, 0, 157.4622188378416, 69.84067478915183, 61.37593720713863, 30.04129568885469, -1, -1, -1, -1
676, 0, 157.23069939079403, 69.85121836928278, 61.406689315854464, 30.042613636371, -1, -1, -1, -1
677, 0, 156.9991799437465, 69.8617619494137, 61.43744142457031, 30.043931583887314, -1, -1, -1, -1
678, 0, 156.76766049669897, 69.87230552954465, 61.468193533286154, 30.045249531403627, -1, -1, -1, -1
679, 0, 156.5361410496514, 69.88284910967559, 61.49894564200199, 30.04656747891994, -1, -1, -1, -1
680, 0, 156.30462160260385, 69.89339268980652, 61.52969775071783, 30.047885426436252, -1, -1, -1, -1
681, 0, 156.0731021555563, 69.90393626993746, 61.560449859433675, 30.049203373952565, -1, -1, -1, -1
682, 0, 155.84158270850878, 69.9144798500684, 61.59120196814952, 30.05052132146888, -1, -1, -1, -1
683, 0, 155.61006326146122, 69.92502343019933, 61.62195407686536, 30.051839268985198, -1, -1, -1, -1
684, 0, 155.37854381441366, 69.93556701033026, 61.652706185581195, 30.053157216501514, -1, -1, -1, -1
685, 0, 155.14702436736613, 69.9461105904612, 61.68345829429704, 30.05447516401783, -1, -1, -1, -1
686, 0, 154.9155049203186, 69.95665417059215, 61.714210403012885, 30.055793111534147, -1, -1, -1, -1
687, 0, 154.68398547327104, 69.96719775072307, 61.74496251172872, 30.057111059050463, -1, -1, -1, -1
688, 0, 154.45246602622348, 69.977741330854, 61.77571462044456, 30.05842900656678, -1, -1, -1, -1
689, 0, 154.22094657917594, 69.98828491098494, 61.806466729160405, 30.059746954083096, -1, -1, -1, -1
690, 0, 153.9894271321284, 69.99882849111589, 61.83721883787625, 30.06106490159941, -1, -1, -1, -1
691, 0, 153.75790768508085, 70.00937207124682, 61.867970946592095, 30.06238284911572, -1, -1, -1, -1
692, 0, 153.5263882380333, 70.01991565137776, 61.89872305530794, 30.063700796632034, -1, -1, -1, -1
693, 0, 153.29486879098576, 70.0304592315087, 61.929475164023785, 30.065018744148347, -1, -1, -1, -1
694, 0, 153.06334934393823, 70.04100281163963, 61.96022727273963, 30.06633669166466, -1, -1, -1, -1
695, 0, 152.83182989689067, 70.05154639177057, 61.990979381455475, 30.067654639180972, -1, -1, -1, -1
696, 0, 152.6003104498431, 70.06208997190151, 62.02173149017132, 30.068972586697285, -1, -1, -1, -1
697, 0, 152.36879100279558, 70.07263355203244, 62.052483598887164, 30.070290534213598, -1, -1, -1, -1
698, 0, 152.13727155574804, 70.08317713216337, 62.08323570760301, 30.071608481729914, -1, -1, -1, -1
699, 0, 151.90575210870048, 70.09372071229431, 62.11398781631885, 30.07292642924623, -1, -1, -1, -1
700, 0, 151.67423266165292, 70.10426429242526, 62.144739925034685, 30.074244376762547, -1, -1, -1, -1
701, 0, 151.4427132146054, 70.11480787255618, 62.17549203375053, 30.075562324278863, -1, -1, -1, -1
702, 0, 151.21119376755786, 70.12535145268711, 62.206244142466375, 30.07688027179518, -1, -1, -1, -1
703, 0, 150.9796743205103, 70.13589503281806, 62.23699625118221, 30.078198219311496, -1, -1, -1, -1
704, 0, 150.74815487346274, 70.146438612949, 62.26774835989805, 30.079516166827812, -1, -1, -1, -1
705, 0, 150.5166354264152, 70.15698219307993, 62.298500468613895, 30.08083411434413, -1, -1, -1, -1
706, 0, 150.28511597936767, 70.16752577321085, 62.32925257732974, 30.08215206186044, -1, -1, -1, -1
707, 0, 150.0535965323201, 70.1780693533418, 62.36000468604558, 30.083470009376754, -1, -1, -1, -1
708, 0, 149.82207708527255, 70.18861293347274, 62.390756794761415, 30.084787956893067, -1, -1, -1, -1
709, 0, 149.59055763822502, 70.19915651360367, 62.42150890347726, 30.08610590440938, -1, -1, -1, -1
710, 0, 149.3590381911775, 70.20970009373461, 62.452261012193105, 30.087423851925692, -1, -1, -1, -1
711, 0, 149.12751874412993, 70.22024367386555, 62.48301312090894, 30.088741799442005, -1, -1, -1, -1
712, 0, 148.89599929708237, 70.23078725399648, 62.51376522962478, 30.090059746958318, -1, -1, -1, -1
713, 0, 148.66447985003484, 70.24133083412742, 62.544517338340626, 30.09137769447463, -1, -1, -1, -1
714, 0, 148.4329604029873, 70.25187441425837, 62.57526944705647, 30.092695641990947, -1, -1, -1, -1
715, 0, 148.20144095593974, 70.2624179943893, 62.60602155577231, 30.094013589507263, -1, -1, -1, -1
716, 0, 147.96992150889218, 70.27296157452022, 62.636773664488146, 30.09533153702358, -1, -1, -1, -1
717, 0, 147.73840206184465, 70.28350515465117, 62.66752577320399, 30.096649484539896, -1, -1, -1, -1
718, 0, 147.50688261479712, 70.29404873478211, 62.698277881919836, 30.097967432056212, -1, -1, -1, -1
719, 0, 147.27536316774956, 70.30459231491304, 62.729029990635674, 30.099285379572528, -1, -1, -1, -1
720, 0, 147.043843720702, 70.31513589504397, 62.75978209935151, 30.100603327088844, -1, -1, -1, -1
721, 0, 146.81232427365447, 70.32567947517491, 62.790534208067356, 30.10192127460516, -1, -1, -1, -1
722, 0, 146.58080482660694, 70.33622305530585, 62.8212863167832, 30.103239222121474, -1, -1, -1, -1
723, 0, 146.34928537955938, 70.34676663543678, 62.852038425499046, 30.104557169637786, -1, -1, -1, -1
724, 0, 146.11776593251182, 70.35731021556772, 62.88279053421489, 30.1058751171541, -1, -1, -1, -1
725, 0, 145.88624648546426, 70.36785379569866, 62.913542642930736, 30.107193064670412, -1, -1, -1, -1
726, 0, 145.6547270384167, 70.37839737582959, 62.94429475164658, 30.108511012186725, -1, -1, -1, -1
727, 0, 145.42320759136916, 70.38894095596054, 62.975046860362426, 30.109828959703037, -1, -1, -1, -1
728, 0, 145.19168814432163, 70.39948453609148, 63.00579896907827, 30.11114690721935, -1, -1, -1, -1
729, 0, 144.96016869727407, 70.4100281162224, 63.036551077794115, 30.112464854735663, -1, -1, -1, -1
730, 0, 144.7286492502265, 70.42057169635333, 63.06730318650996, 30.11378280225198, -1, -1, -1, -1
731, 0, 144.49712980317898, 70.43111527648428, 63.0980552952258, 30.115100749768295, -1, -1, -1, -1
732, 0, 144.26561035613145, 70.44165885661522, 63.128807403941636, 30.11641869728461, -1, -1, -1, -1
733, 0, 144.0340909090839, 70.45220243674615, 63.15955951265748, 30.117736644800928, -1, -1, -1, -1
734, 0, 143.80257146203633, 70.46274601687708, 63.190311621373326, 30.119054592317244, -1, -1, -1, -1
735, 0, 143.5710520149888, 70.47328959700802, 63.22106373008916, 30.12037253983356, -1, -1, -1, -1
736, 0, 143.33953256794126, 70.48383317713896, 63.251815838805, 30.121690487349877, -1, -1, -1, -1
737, 0, 143.1080131208937, 70.49437675726989, 63.282567947520846, 30.123008434866193, -1, -1, -1, -1
738, 0, 142.87649367384614, 70.50492033740082, 63.31332005623669, 30.124326382382506, -1, -1, -1, -1
739, 0, 142.6449742267986, 70.51546391753176, 63.34407216495253, 30.12564432989882, -1, -1, -1, -1
740, 0, 142.41345477975108, 70.5260074976627, 63.37482427366837, 30.12696227741513, -1, -1, -1, -1
741, 0, 142.18193533270352, 70.53655107779363, 63.40557638238421, 30.128280224931444, -1, -1, -1, -1
742, 0, 141.95041588565596, 70.54709465792457, 63.436328491100056, 30.129598172447757, -1, -1, -1, -1
743, 0, 141.71889643860843, 70.55763823805552, 63.467080599815894, 30.13091611996407, -1, -1, -1, -1
744, 0, 141.4873769915609, 70.56818181818645, 63.49783270853173, 30.132234067480383, -1, -1, -1, -1
745, 0, 141.25585754451333, 70.57872539831739, 63.52858481724758, 30.133552014996695, -1, -1, -1, -1
746, 0, 141.02433809746577, 70.58926897844833, 63.55933692596342, 30.13486996251301, -1, -1, -1, -1
747, 0, 140.79281865041824, 70.59981255857926, 63.59008903467926, 30.136187910029328, -1, -1, -1, -1
748, 0, 140.5612992033707, 70.61035613871019, 63.6208411433951, 30.137505857545644, -1, -1, -1, -1
749, 0, 140.32977975632315, 70.62089971884113, 63.65159325211094, 30.13882380506196, -1, -1, -1, -1
750, 0, 140.0982603092756, 70.63144329897207, 63.68234536082679, 30.140141752578277, -1, -1, -1, -1
751, 0, 139.86674086222806, 70.641986879103, 63.713097469542625, 30.141459700094593, -1, -1, -1, -1
752, 0, 139.63522141518052, 70.65253045923393, 63.74384957825846, 30.14277764761091, -1, -1, -1, -1
753, 0, 139.40370196813296, 70.66307403936487, 63.77460168697431, 30.144095595127226, -1, -1, -1, -1
754, 0, 139.1721825210854, 70.67361761949581, 63.80535379569015, 30.14541354264354, -1, -1, -1, -1
755, 0, 138.94066307403787, 70.68416119962674, 63.83610590440599, 30.14673149015985, -1, -1, -1, -1
756, 0, 138.70914362699034, 70.69470477975769, 63.86685801312183, 30.148049437676164, -1, -1, -1, -1
757, 0, 138.47762417994278, 70.70524835988863, 63.89761012183767, 30.14936738519248, -1, -1, -1, -1
758, 0, 138.24610473289522, 70.71579194001956, 63.92836223055352, 30.150685332708797, -1, -1, -1, -1
759, 0, 138.0145852858477, 70.7263355201505, 63.959114339269355, 30.15200328022511, -1, -1, -1, -1
760, 0, 137.78306583880016, 70.73687910028144, 63.98986644798519, 30.153321227741422, -1, -1, -1, -1
761, 0, 137.5515463917526, 70.74742268041237, 64.02061855670104, 30.154639175257735, -1, -1, -1, -1
762, 0, 137.34738167760156, 70.7551546391746, 64.01530283505102, 30.151739690721115, -1, -1, -1, -1
763, 0, 137.14321696345053, 70.76288659793686, 64.009987113401, 30.148840206184495, -1, -1, -1, -1
764, 0, 136.9390522492995, 70.7706185566991, 64.00467139175097, 30.145940721647875, -1, -1, -1, -1
765, 0, 136.73488753514846, 70.77835051546134, 63.999355670100954, 30.14304123711125, -1, -1, -1, -1
766, 0, 136.53072282099743, 70.78608247422358, 63.99403994845093, 30.14014175257463, -1, -1, -1, -1
767, 0, 136.3265581068464, 70.79381443298583, 63.98872422680091, 30.13724226803801, -1, -1, -1, -1
768, 0, 136.12239339269536, 70.80154639174808, 63.98340850515089, 30.13434278350139, -1, -1, -1, -1
769, 0, 135.91822867854432, 70.80927835051031, 63.97809278350087, 30.13144329896477, -1, -1, -1, -1
770, 0, 135.7140639643933, 70.81701030927255, 63.97277706185085, 30.12854381442815, -1, -1, -1, -1
771, 0, 135.50989925024226, 70.8247422680348, 63.96746134020083, 30.125644329891532, -1, -1, -1, -1
772, 0, 135.30573453609122, 70.83247422679705, 63.96214561855081, 30.122744845354916, -1, -1, -1, -1
773, 0, 135.1015698219402, 70.84020618555928, 63.956829896900786, 30.119845360818296, -1, -1, -1, -1
774, 0, 134.89740510778915, 70.84793814432152, 63.951514175250765, 30.116945876281676, -1, -1, -1, -1
775, 0, 134.69324039363812, 70.85567010308375, 63.94619845360074, 30.11404639174506, -1, -1, -1, -1
776, 0, 134.4890756794871, 70.86340206184599, 63.94088273195072, 30.111146907208443, -1, -1, -1, -1
777, 0, 134.28491096533605, 70.87113402060824, 63.9355670103007, 30.108247422671823, -1, -1, -1, -1
778, 0, 134.08074625118502, 70.87886597937049, 63.93025128865068, 30.105347938135203, -1, -1, -1, -1
779, 0, 133.87658153703399, 70.88659793813272, 63.92493556700066, 30.102448453598583, -1, -1, -1, -1
780, 0, 133.67241682288295, 70.89432989689496, 63.91961984535064, 30.099548969061964, -1, -1, -1, -1
781, 0, 133.46825210873192, 70.90206185565721, 63.91430412370062, 30.096649484525344, -1, -1, -1, -1
782, 0, 133.26408739458088, 70.90979381441946, 63.908988402050596, 30.093749999988724, -1, -1, -1, -1
783, 0, 133.05992268042985, 70.9175257731817, 63.903672680400575, 30.090850515452104, -1, -1, -1, -1
784, 0, 132.85575796627882, 70.92525773194393, 63.898356958750554, 30.087951030915484, -1, -1, -1, -1
785, 0, 132.65159325212778, 70.93298969070618, 63.89304123710053, 30.085051546378864, -1, -1, -1, -1
786, 0, 132.44742853797675, 70.94072164946843, 63.88772551545051, 30.082152061842244, -1, -1, -1, -1
787, 0, 132.2432638238257, 70.94845360823066, 63.882409793800484, 30.079252577305624, -1, -1, -1, -1
788, 0, 132.03909910967468, 70.9561855669929, 63.877094072150456, 30.076353092769004, -1, -1, -1, -1
789, 0, 131.83493439552365, 70.96391752575515, 63.871778350500435, 30.073453608232384, -1, -1, -1, -1
790, 0, 131.6307696813726, 70.9716494845174, 63.866462628850414, 30.070554123695764, -1, -1, -1, -1
791, 0, 131.42660496722158, 70.97938144327964, 63.861146907200386, 30.067654639159144, -1, -1, -1, -1
792, 0, 131.22244025307054, 70.98711340204187, 63.85583118555036, 30.064755154622524, -1, -1, -1, -1
793, 0, 131.01827553891954, 70.99484536080412, 63.85051546390034, 30.061855670085905, -1, -1, -1, -1
794, 0, 130.8141108247685, 71.00257731956637, 63.845199742250315, 30.058956185549285, -1, -1, -1, -1
795, 0, 130.60994611061747, 71.0103092783286, 63.839884020600294, 30.05605670101267, -1, -1, -1, -1
796, 0, 130.40578139646644, 71.01804123709084, 63.83456829895027, 30.053157216476052, -1, -1, -1, -1
797, 0, 130.2016166823154, 71.02577319585308, 63.82925257730025, 30.050257731939432, -1, -1, -1, -1
798, 0, 129.99745196816437, 71.03350515461531, 63.82393685565023, 30.047358247402812, -1, -1, -1, -1
799, 0, 129.79328725401334, 71.04123711337756, 63.81862113400021, 30.044458762866196, -1, -1, -1, -1
800, 0, 129.5891225398623, 71.04896907213981, 63.81330541235019, 30.04155927832958, -1, -1, -1, -1
801, 0, 129.38495782571127, 71.05670103090205, 63.80798969070017, 30.03865979379296, -1, -1, -1, -1
802, 0, 129.18079311156023, 71.06443298966428, 63.80267396905015, 30.03576030925634, -1, -1, -1, -1
803, 0, 128.9766283974092, 71.07216494842653, 63.797358247400126, 30.03286082471972, -1, -1, -1, -1
804, 0, 128.77246368325817, 71.07989690718878, 63.792042525750105, 30.0299613401831, -1, -1, -1, -1
805, 0, 128.56829896910713, 71.08762886595102, 63.786726804100084, 30.02706185564648, -1, -1, -1, -1
806, 0, 128.3641342549561, 71.09536082471325, 63.78141108245006, 30.02416237110986, -1, -1, -1, -1
807, 0, 128.15996954080506, 71.1030927834755, 63.77609536080004, 30.02126288657324, -1, -1, -1, -1
808, 0, 127.95580482665403, 71.11082474223775, 63.77077963915002, 30.01836340203662, -1, -1, -1, -1
809, 0, 127.751640112503, 71.11855670099999, 63.76546391749999, 30.0154639175, -1, -1, -1, -1
810, 0, 127.54747539835071, 71.11978027696544, 63.76014819584999, 30.012564432963888, -1, -1, -1, -1
811, 0, 127.34331068419843, 71.1210038529309, 63.7548324742, 30.009664948427776, -1, -1, -1, -1
812, 0, 127.13914597004614, 71.12222742889637, 63.74951675255, 30.006765463891664, -1, -1, -1, -1
813, 0, 126.93498125589385, 71.12345100486182, 63.7442010309, 30.003865979355552, -1, -1, -1, -1
814, 0, 126.73081654174155, 71.12467458082727, 63.73888530925, 30.00096649481944, -1, -1, -1, -1
815, 0, 126.52665182758926, 71.12589815679274, 63.7335695876, 29.99806701028333, -1, -1, -1, -1
816, 0, 126.32248711343698, 71.1271217327582, 63.72825386595, 29.995167525747217, -1, -1, -1, -1
817, 0, 126.1183223992847, 71.12834530872365, 63.7229381443, 29.992268041211105, -1, -1, -1, -1
818, 0, 125.91415768513241, 71.1295688846891, 63.71762242265, 29.989368556674993, -1, -1, -1, -1
819, 0, 125.70999297098012, 71.13079246065456, 63.712306701, 29.98646907213888, -1, -1, -1, -1
820, 0, 125.50582825682784, 71.13201603662003, 63.706990979349996, 29.98356958760277, -1, -1, -1, -1
821, 0, 125.30166354267556, 71.13323961258548, 63.701675257699996, 29.980670103066657, -1, -1, -1, -1
822, 0, 125.09749882852327, 71.13446318855094, 63.69635953605, 29.977770618530545, -1, -1, -1, -1
823, 0, 124.89333411437099, 71.13568676451641, 63.69104381439999, 29.974871133994434, -1, -1, -1, -1
824, 0, 124.6891694002187, 71.13691034048186, 63.68572809274999, 29.97197164945832, -1, -1, -1, -1
825, 0, 124.4850046860664, 71.13813391644732, 63.68041237109999, 29.96907216492221, -1, -1, -1, -1
826, 0, 124.2808399719141, 71.13935749241277, 63.67509664944999, 29.9661726803861, -1, -1, -1, -1
827, 0, 124.07667525776182, 71.14058106837822, 63.66978092779999, 29.963273195849993, -1, -1, -1, -1
828, 0, 123.87251054360954, 71.14180464434368, 63.66446520614999, 29.960373711313885, -1, -1, -1, -1
829, 0, 123.66834582945725, 71.14302822030913, 63.65914948449999, 29.957474226777776, -1, -1, -1, -1
830, 0, 123.46418111530497, 71.14425179627459, 63.65383376284999, 29.954574742241668, -1, -1, -1, -1
831, 0, 123.26001640115268, 71.14547537224004, 63.64851804119999, 29.95167525770556, -1, -1, -1, -1
832, 0, 123.0558516870004, 71.14669894820551, 63.64320231954999, 29.94877577316945, -1, -1, -1, -1
833, 0, 122.8516869728481, 71.14792252417097, 63.63788659789999, 29.945876288633343, -1, -1, -1, -1
834, 0, 122.6475222586958, 71.14914610013642, 63.63257087624999, 29.94297680409723, -1, -1, -1, -1
835, 0, 122.44335754454352, 71.15036967610189, 63.62725515459999, 29.94007731956112, -1, -1, -1, -1
836, 0, 122.23919283039123, 71.15159325206734, 63.621939432949986, 29.937177835025008, -1, -1, -1, -1
837, 0, 122.03502811623895, 71.1528168280328, 63.61662371129999, 29.934278350488896, -1, -1, -1, -1
838, 0, 121.83086340208666, 71.15404040399825, 63.61130798964999, 29.931378865952784, -1, -1, -1, -1
839, 0, 121.62669868793438, 71.1552639799637, 63.60599226799998, 29.928479381416672, -1, -1, -1, -1
840, 0, 121.4225339737821, 71.15648755592917, 63.60067654634998, 29.92557989688056, -1, -1, -1, -1
841, 0, 121.21836925962981, 71.15771113189463, 63.59536082469998, 29.922680412344448, -1, -1, -1, -1
842, 0, 121.01420454547753, 71.15893470786008, 63.59004510304999, 29.919780927808336, -1, -1, -1, -1
843, 0, 120.81003983132524, 71.16015828382555, 63.58472938139999, 29.916881443272224, -1, -1, -1, -1
844, 0, 120.60587511717296, 71.161381859791, 63.57941365974999, 29.913981958736112, -1, -1, -1, -1
845, 0, 120.40171040302066, 71.16260543575646, 63.574097938099996, 29.9110824742, -1, -1, -1, -1
846, 0, 120.19754568886836, 71.16382901172192, 63.56878221645, 29.90818298966389, -1, -1, -1, -1
847, 0, 119.99338097471608, 71.16505258768737, 63.563466494800004, 29.905283505127777, -1, -1, -1, -1
848, 0, 119.78921626056379, 71.16627616365284, 63.558150773150004, 29.902384020591665, -1, -1, -1, -1
849, 0, 119.5850515464115, 71.1674997396183, 63.55283505150001, 29.899484536055553, -1, -1, -1, -1
850, 0, 119.38088683225922, 71.16872331558375, 63.54751932985001, 29.89658505151944, -1, -1, -1, -1
851, 0, 119.17672211810694, 71.16994689154922, 63.54220360820001, 29.89368556698333, -1, -1, -1, -1
852, 0, 118.97255740395465, 71.17117046751467, 63.536887886550005, 29.890786082447217, -1, -1, -1, -1
853, 0, 118.76839268980237, 71.17239404348012, 63.531572164900005, 29.887886597911105, -1, -1, -1, -1
854, 0, 118.56422797565008, 71.17361761944558, 63.526256443250006, 29.884987113374994, -1, -1, -1, -1
855, 0, 118.3600632614978, 71.17484119541103, 63.5209407216, 29.88208762883888, -1, -1, -1, -1
856, 0, 118.15589854734552, 71.1760647713765, 63.51562499995, 29.87918814430277, -1, -1, -1, -1
857, 0, 117.95173383319322, 71.17728834734196, 63.5103092783, 29.876288659766658, -1, -1, -1, -1
858, 0, 117.74756911904092, 71.17851192330741, 63.50499355665, 29.87338917523055, -1, -1, -1, -1
859, 0, 117.54340440488863, 71.17973549927288, 63.499677835, 29.87048969069444, -1, -1, -1, -1
860, 0, 117.33923969073635, 71.18095907523833, 63.49436211335, 29.867590206158333, -1, -1, -1, -1
861, 0, 117.13507497658406, 71.18218265120379, 63.4890463917, 29.864690721622225, -1, -1, -1, -1
862, 0, 116.93091026243178, 71.18340622716924, 63.48373067005, 29.861791237086116, -1, -1, -1, -1
863, 0, 116.7267455482795, 71.1846298031347, 63.4784149484, 29.858891752550008, -1, -1, -1, -1
864, 0, 116.52258083412721, 71.18585337910015, 63.47309922675, 29.8559922680139, -1, -1, -1, -1
865, 0, 116.31841611997491, 71.1870769550656, 63.4677835051, 29.85309278347779, -1, -1, -1, -1
866, 0, 116.11425140582261, 71.18830053103106, 63.46246778345, 29.85019329894168, -1, -1, -1, -1
867, 0, 115.91008669167033, 71.18952410699652, 63.4571520618, 29.847293814405568, -1, -1, -1, -1
868, 0, 115.70592197751805, 71.19074768296198, 63.451836340149995, 29.844394329869456, -1, -1, -1, -1
869, 0, 115.50175726336576, 71.19197125892744, 63.446520618499996, 29.841494845333344, -1, -1, -1, -1
870, 0, 115.29759254921348, 71.19319483489289, 63.441204896849996, 29.838595360797232, -1, -1, -1, -1
871, 0, 115.09342783506119, 71.19441841085836, 63.43588917519999, 29.83569587626112, -1, -1, -1, -1
872, 0, 114.88926312090891, 71.19564198682382, 63.43057345354999, 29.832796391725008, -1, -1, -1, -1
873, 0, 114.68509840675662, 71.19686556278927, 63.42525773189999, 29.829896907188896, -1, -1, -1, -1
874, 0, 114.48093369260434, 71.19808913875472, 63.41994201024999, 29.826997422652784, -1, -1, -1, -1
875, 0, 114.27676897845205, 71.19931271472018, 63.41462628859999, 29.824097938116672, -1, -1, -1, -1
876, 0, 114.07260426429977, 71.20053629068565, 63.40931056694999, 29.82119845358056, -1, -1, -1, -1
877, 0, 113.86843955014747, 71.2017598666511, 63.40399484529999, 29.81829896904445, -1, -1, -1, -1
878, 0, 113.66427483599517, 71.20298344261656, 63.39867912364999, 29.815399484508337, -1, -1, -1, -1
879, 0, 113.46011012184289, 71.20420701858203, 63.39336340199999, 29.812499999972225, -1, -1, -1, -1
880, 0, 113.2559454076906, 71.20543059454748, 63.38804768035, 29.809600515436113, -1, -1, -1, -1
881, 0, 113.05178069353832, 71.20665417051293, 63.3827319587, 29.8067010309, -1, -1, -1, -1
882, 0, 112.81222664792784, 71.21422341970649, 63.39498887060313, 29.803801546364063, -1, -1, -1, -1
883, 0, 112.57267260231737, 71.22179266890004, 63.40724578250625, 29.800902061828126, -1, -1, -1, -1
884, 0, 112.33311855670689, 71.22936191809359, 63.419502694409374, 29.798002577292188, -1, -1, -1, -1
885, 0, 112.0935645110964, 71.23693116728712, 63.4317596063125, 29.79510309275625, -1, -1, -1, -1
886, 0, 111.85401046548591, 71.24450041648066, 63.44401651821562, 29.792203608220312, -1, -1, -1, -1
887, 0, 111.61445641987544, 71.25206966567421, 63.45627343011875, 29.789304123684374, -1, -1, -1, -1
888, 0, 111.37490237426496, 71.25963891486776, 63.46853034202188, 29.786404639148437, -1, -1, -1, -1
889, 0, 111.13534832865449, 71.26720816406132, 63.480787253925, 29.7835051546125, -1, -1, -1, -1
890, 0, 110.89579428304401, 71.27477741325487, 63.493044165828124, 29.78060567007656, -1, -1, -1, -1
891, 0, 110.65624023743354, 71.28234666244842, 63.505301077731254, 29.777706185540623, -1, -1, -1, -1
892, 0, 110.41668619182306, 71.28991591164197, 63.51755798963438, 29.774806701004685, -1, -1, -1, -1
893, 0, 110.17713214621257, 71.2974851608355, 63.529814901537506, 29.771907216468747, -1, -1, -1, -1
894, 0, 109.93757810060208, 71.30505441002904, 63.54207181344063, 29.76900773193281, -1, -1, -1, -1
895, 0, 109.6980240549916, 71.3126236592226, 63.55432872534376, 29.766108247396872, -1, -1, -1, -1
896, 0, 109.45847000938113, 71.32019290841615, 63.56658563724689, 29.763208762860934, -1, -1, -1, -1
897, 0, 109.21891596377066, 71.3277621576097, 63.57884254915001, 29.760309278324996, -1, -1, -1, -1
898, 0, 108.97936191816018, 71.33533140680325, 63.59109946105313, 29.75740979378906, -1, -1, -1, -1
899, 0, 108.7398078725497, 71.3429006559968, 63.603356372956256, 29.754510309253124, -1, -1, -1, -1
900, 0, 108.50025382693923, 71.35046990519035, 63.61561328485938, 29.75161082471719, -1, -1, -1, -1
901, 0, 108.26069978132875, 71.35803915438389, 63.627870196762494, 29.748711340181252, -1, -1, -1, -1
902, 0, 108.02114573571828, 71.36560840357743, 63.64012710866561, 29.745811855645314, -1, -1, -1, -1
903, 0, 107.7815916901078, 71.37317765277098, 63.65238402056873, 29.74291237110938, -1, -1, -1, -1
904, 0, 107.54203764449733, 71.38074690196453, 63.664640932471855, 29.740012886573446, -1, -1, -1, -1
905, 0, 107.30248359888684, 71.38831615115808, 63.67689784437498, 29.737113402037508, -1, -1, -1, -1
906, 0, 107.06292955327635, 71.39588540035163, 63.6891547562781, 29.73421391750157, -1, -1, -1, -1
907, 0, 106.82337550766587, 71.40345464954518, 63.70141166818123, 29.731314432965632, -1, -1, -1, -1
908, 0, 106.5838214620554, 71.41102389873873, 63.71366858008436, 29.728414948429695, -1, -1, -1, -1
909, 0, 106.34426741644492, 71.41859314793227, 63.72592549198748, 29.725515463893757, -1, -1, -1, -1
910, 0, 106.10471337083445, 71.42616239712581, 63.738182403890605, 29.72261597935782, -1, -1, -1, -1
911, 0, 105.86515932522397, 71.43373164631936, 63.750439315793734, 29.71971649482188, -1, -1, -1, -1
912, 0, 105.6256052796135, 71.44130089551291, 63.762696227696864, 29.716817010285943, -1, -1, -1, -1
913, 0, 105.386051234003, 71.44887014470646, 63.77495313959999, 29.713917525750006, -1, -1, -1, -1
914, 0, 105.14649718839252, 71.45643939390001, 63.78721005150311, 29.711018041214068, -1, -1, -1, -1
915, 0, 104.90694314278204, 71.46400864309356, 63.79946696340624, 29.708118556678127, -1, -1, -1, -1
916, 0, 104.66738909717157, 71.47157789228712, 63.81172387530937, 29.705219072142185, -1, -1, -1, -1
917, 0, 104.42783505156109, 71.47914714148067, 63.82398078721249, 29.702319587606247, -1, -1, -1, -1
918, 0, 104.18828100595061, 71.48671639067422, 63.836237699115614, 29.69942010307031, -1, -1, -1, -1
919, 0, 103.94872696034014, 71.49428563986777, 63.848494611018744, 29.696520618534368, -1, -1, -1, -1
920, 0, 103.70917291472966, 71.50185488906132, 63.86075152292187, 29.693621133998427, -1, -1, -1, -1
921, 0, 103.46961886911917, 71.50942413825486, 63.873008434824996, 29.69072164946249, -1, -1, -1, -1
922, 0, 103.23006482350868, 71.5169933874484, 63.88526534672812, 29.68782216492655, -1, -1, -1, -1
923, 0, 102.99051077789821, 71.52456263664195, 63.89752225863124, 29.684922680390617, -1, -1, -1, -1
924, 0, 102.75095673228773, 71.5321318858355, 63.909779170534364, 29.682023195854683, -1, -1, -1, -1
925, 0, 102.51140268667726, 71.53970113502905, 63.92203608243748, 29.679123711318745, -1, -1, -1, -1
926, 0, 102.27184864106678, 71.5472703842226, 63.934292994340595, 29.676224226782807, -1, -1, -1, -1
927, 0, 102.0322945954563, 71.55483963341615, 63.94654990624372, 29.673324742246873, -1, -1, -1, -1
928, 0, 101.79274054984583, 71.5624088826097, 63.95880681814684, 29.67042525771094, -1, -1, -1, -1
929, 0, 101.55318650423536, 71.56997813180324, 63.97106373004996, 29.667525773175, -1, -1, -1, -1
930, 0, 101.31363245862488, 71.57754738099678, 63.983320641953085, 29.664626288639063, -1, -1, -1, -1
931, 0, 101.0740784130144, 71.58511663019033, 63.995577553856215, 29.661726804103125, -1, -1, -1, -1
932, 0, 100.83452436740393, 71.59268587938388, 64.00783446575934, 29.658827319567187, -1, -1, -1, -1
933, 0, 100.59497032179344, 71.60025512857743, 64.02009137766247, 29.65592783503125, -1, -1, -1, -1
934, 0, 100.35541627618295, 71.60782437777098, 64.03234828956559, 29.653028350495312, -1, -1, -1, -1
935, 0, 100.11586223057247, 71.61539362696453, 64.04460520146873, 29.650128865959374, -1, -1, -1, -1
936, 0, 99.876308184962, 71.62296287615808, 64.05686211337185, 29.647229381423436, -1, -1, -1, -1
937, 0, 99.63675413935152, 71.63053212535162, 64.06911902527497, 29.6443298968875, -1, -1, -1, -1
938, 0, 99.39720009374105, 71.63810137454516, 64.08137593717811, 29.64143041235156, -1, -1, -1, -1
939, 0, 99.15764604813057, 71.64567062373871, 64.09363284908123, 29.638530927815623, -1, -1, -1, -1
940, 0, 98.9180920025201, 71.65323987293226, 64.10588976098435, 29.635631443279685, -1, -1, -1, -1
941, 0, 98.67853795690961, 71.66080912212581, 64.11814667288749, 29.632731958743747, -1, -1, -1, -1
942, 0, 98.43898391129912, 71.66837837131936, 64.13040358479061, 29.62983247420781, -1, -1, -1, -1
943, 0, 98.19942986568864, 71.67594762051291, 64.14266049669374, 29.62693298967187, -1, -1, -1, -1
944, 0, 97.95987582007817, 71.68351686970647, 64.15491740859687, 29.624033505135934, -1, -1, -1, -1
945, 0, 97.72032177446769, 71.6910861189, 64.1671743205, 29.6211340206, -1, -1, -1, -1
946, 0, 97.45025968449517, 71.69865536809277, 64.17943123240232, 29.61823453606354, -1, -1, -1, -1
947, 0, 97.18019759452265, 71.70622461728556, 64.19168814430463, 29.615335051527083, -1, -1, -1, -1
948, 0, 96.91013550455014, 71.71379386647833, 64.20394505620695, 29.612435566990623, -1, -1, -1, -1
949, 0, 96.64007341457761, 71.7213631156711, 64.21620196810927, 29.609536082454163, -1, -1, -1, -1
950, 0, 96.37001132460509, 71.72893236486387, 64.2284588800116, 29.606636597917706, -1, -1, -1, -1
951, 0, 96.09994923463256, 71.73650161405664, 64.24071579191391, 29.603737113381246, -1, -1, -1, -1
952, 0, 95.82988714466003, 71.74407086324942, 64.25297270381623, 29.600837628844786, -1, -1, -1, -1
953, 0, 95.55982505468752, 71.75164011244219, 64.26522961571855, 29.59793814430833, -1, -1, -1, -1
954, 0, 95.28976296471501, 71.75920936163496, 64.27748652762088, 29.595038659771873, -1, -1, -1, -1
955, 0, 95.01970087474248, 71.76677861082774, 64.28974343952319, 29.592139175235413, -1, -1, -1, -1
956, 0, 94.74963878476996, 71.77434786002051, 64.3020003514255, 29.589239690698953, -1, -1, -1, -1
957, 0, 94.47957669479743, 71.78191710921328, 64.31425726332782, 29.586340206162497, -1, -1, -1, -1
958, 0, 94.2095146048249, 71.78948635840605, 64.32651417523013, 29.58344072162604, -1, -1, -1, -1
959, 0, 93.93945251485239, 71.79705560759882, 64.33877108713246, 29.58054123708958, -1, -1, -1, -1
960, 0, 93.66939042487988, 71.8046248567916, 64.35102799903478, 29.57764175255312, -1, -1, -1, -1
961, 0, 93.39932833490735, 71.81219410598437, 64.3632849109371, 29.574742268016664, -1, -1, -1, -1
962, 0, 93.12926624493483, 71.81976335517714, 64.37554182283941, 29.571842783480204, -1, -1, -1, -1
963, 0, 92.85920415496231, 71.82733260436993, 64.38779873474174, 29.568943298943744, -1, -1, -1, -1
964, 0, 92.5891420649898, 71.8349018535627, 64.40005564664406, 29.566043814407283, -1, -1, -1, -1
965, 0, 92.31907997501727, 71.84247110275547, 64.41231255854638, 29.563144329870823, -1, -1, -1, -1
966, 0, 92.04901788504475, 71.85004035194824, 64.4245694704487, 29.560244845334363, -1, -1, -1, -1
967, 0, 91.77895579507222, 71.85760960114101, 64.43682638235103, 29.557345360797903, -1, -1, -1, -1
968, 0, 91.5088937050997, 71.86517885033379, 64.44908329425334, 29.554445876261443, -1, -1, -1, -1
969, 0, 91.23883161512718, 71.87274809952656, 64.46134020615567, 29.551546391724983, -1, -1, -1, -1
970, 0, 90.96876952515467, 71.88031734871933, 64.473597118058, 29.548646907188527, -1, -1, -1, -1
971, 0, 90.69870743518214, 71.88788659791211, 64.48585402996031, 29.545747422652067, -1, -1, -1, -1
972, 0, 90.42864534520962, 71.89545584710488, 64.49811094186263, 29.542847938115607, -1, -1, -1, -1
973, 0, 90.15858325523709, 71.90302509629765, 64.51036785376496, 29.53994845357915, -1, -1, -1, -1
974, 0, 89.88852116526456, 71.91059434549042, 64.52262476566727, 29.537048969042694, -1, -1, -1, -1
975, 0, 89.61845907529205, 71.9181635946832, 64.5348816775696, 29.534149484506234, -1, -1, -1, -1
976, 0, 89.34839698531954, 71.92573284387598, 64.54713858947193, 29.531249999969774, -1, -1, -1, -1
977, 0, 89.07833489534701, 71.93330209306875, 64.55939550137424, 29.528350515433317, -1, -1, -1, -1
978, 0, 88.80827280537449, 71.94087134226152, 64.57165241327655, 29.52545103089686, -1, -1, -1, -1
979, 0, 88.53821071540196, 71.9484405914543, 64.58390932517888, 29.5225515463604, -1, -1, -1, -1
980, 0, 88.26814862542943, 71.95600984064707, 64.5961662370812, 29.51965206182394, -1, -1, -1, -1
981, 0, 87.99808653545692, 71.96357908983984, 64.60842314898352, 29.516752577287484, -1, -1, -1, -1
982, 0, 87.72802444548441, 71.97114833903261, 64.62068006088583, 29.513853092751027, -1, -1, -1, -1
983, 0, 87.45796235551188, 71.97871758822538, 64.63293697278816, 29.510953608214567, -1, -1, -1, -1
984, 0, 87.18790026553935, 71.98628683741816, 64.64519388469049, 29.508054123678107, -1, -1, -1, -1
985, 0, 86.91783817556683, 71.99385608661093, 64.6574507965928, 29.50515463914165, -1, -1, -1, -1
986, 0, 86.6477760855943, 72.0014253358037, 64.66970770849511, 29.50225515460519, -1, -1, -1, -1
987, 0, 86.37771399562179, 72.00899458499649, 64.68196462039744, 29.49935567006873, -1, -1, -1, -1
988, 0, 86.10765190564928, 72.01656383418926, 64.69422153229976, 29.49645618553227, -1, -1, -1, -1
989, 0, 85.83758981567675, 72.02413308338203, 64.70647844420208, 29.49355670099581, -1, -1, -1, -1
990, 0, 85.56752772570422, 72.03170233257481, 64.71873535610439, 29.49065721645935, -1, -1, -1, -1
991, 0, 85.29746563573171, 72.03927158176758, 64.73099226800672, 29.48775773192289, -1, -1, -1, -1
992, 0, 85.0274035457592, 72.04684083096035, 64.74324917990904, 29.48485824738643, -1, -1, -1, -1
993, 0, 84.75734145578667, 72.05441008015313, 64.75550609181136, 29.48195876284997, -1, -1, -1, -1
994, 0, 84.48727936581415, 72.0619793293459, 64.76776300371368, 29.479059278313514, -1, -1, -1, -1
995, 0, 84.21721727584162, 72.06954857853867, 64.78001991561601, 29.476159793777054, -1, -1, -1, -1
996, 0, 83.9471551858691, 72.07711782773146, 64.79227682751832, 29.473260309240594, -1, -1, -1, -1
997, 0, 83.67709309589658, 72.08468707692423, 64.80453373942065, 29.470360824704137, -1, -1, -1, -1
998, 0, 83.40703100592407, 72.092256326117, 64.81679065132298, 29.46746134016768, -1, -1, -1, -1
999, 0, 83.13696891595154, 72.09982557530978, 64.82904756322529, 29.46456185563122, -1, -1, -1, -1
1000, 0, 82.86690682597902, 72.10739482450255, 64.84130447512761, 29.46166237109476, -1, -1, -1, -1
1001, 0, 82.59684473600649, 72.11496407369532, 64.85356138702994, 29.458762886558304, -1, -1, -1, -1
1002, 0, 82.32678264603396, 72.12253332288809, 64.86581829893225, 29.455863402021848, -1, -1, -1, -1
1003, 0, 82.05672055606145, 72.13010257208086, 64.87807521083458, 29.452963917485388, -1, -1, -1, -1
1004, 0, 81.78665846608894, 72.13767182127364, 64.89033212273691, 29.450064432948928, -1, -1, -1, -1
1005, 0, 81.51659637611641, 72.14524107046641, 64.90258903463922, 29.44716494841247, -1, -1, -1, -1
1006, 0, 81.24653428614388, 72.15281031965918, 64.91484594654153, 29.444265463876015, -1, -1, -1, -1
1007, 0, 80.97647219617136, 72.16037956885197, 64.92710285844385, 29.441365979339555, -1, -1, -1, -1
1008, 0, 80.70641010619883, 72.16794881804474, 64.93935977034616, 29.438466494803095, -1, -1, -1, -1
1009, 0, 80.43634801622632, 72.1755180672375, 64.95161668224848, 29.435567010266638, -1, -1, -1, -1
1010, 0, 80.1662859262538, 72.18308731643027, 64.96387359415081, 29.43266752573018, -1, -1, -1, -1
1011, 0, 79.89622383628128, 72.19065656562304, 64.97613050605312, 29.42976804119372, -1, -1, -1, -1
1012, 0, 79.62616174630875, 72.19822581481583, 64.98838741795545, 29.42686855665726, -1, -1, -1, -1
1013, 0, 79.35609965633623, 72.2057950640086, 65.00064432985778, 29.423969072120805, -1, -1, -1, -1
1014, 0, 79.0860375663637, 72.21336431320137, 65.01290124176009, 29.42106958758435, -1, -1, -1, -1
1015, 0, 78.81597547639119, 72.22093356239415, 65.02515815366242, 29.41817010304789, -1, -1, -1, -1
1016, 0, 78.54591338641868, 72.22850281158692, 65.03741506556474, 29.41527061851143, -1, -1, -1, -1
1017, 0, 78.27585129644615, 72.23607206077969, 65.04967197746706, 29.412371133974972, -1, -1, -1, -1
1018, 0, 78.00578920647362, 72.24364130997246, 65.06192888936937, 29.40947164943851, -1, -1, -1, -1
1019, 0, 77.73572711650111, 72.25121055916523, 65.0741858012717, 29.40657216490205, -1, -1, -1, -1
1020, 0, 77.4656650265286, 72.25877980835801, 65.08644271317402, 29.40367268036559, -1, -1, -1, -1
1021, 0, 77.19560293655607, 72.26634905755078, 65.09869962507634, 29.40077319582913, -1, -1, -1, -1
1022, 0, 76.92554084658354, 72.27391830674355, 65.11095653697866, 29.39787371129267, -1, -1, -1, -1
1023, 0, 76.65547875661102, 72.28148755593634, 65.12321344888099, 29.39497422675621, -1, -1, -1, -1
1024, 0, 76.38541666663849, 72.2890568051291, 65.1354703607833, 29.39207474221975, -1, -1, -1, -1
1025, 0, 76.11535457666598, 72.29662605432188, 65.14772727268563, 29.38917525768329, -1, -1, -1, -1
1026, 0, 75.84529248669347, 72.30419530351465, 65.15998418458796, 29.386275773146835, -1, -1, -1, -1
1027, 0, 75.57523039672094, 72.31176455270742, 65.17224109649027, 29.383376288610375, -1, -1, -1, -1
1028, 0, 75.30516830674841, 72.3193338019002, 65.18449800839258, 29.380476804073915, -1, -1, -1, -1
1029, 0, 75.03510621677589, 72.32690305109297, 65.1967549202949, 29.37757731953746, -1, -1, -1, -1
1030, 0, 74.76504412680336, 72.33447230028574, 65.2090118321972, 29.374677835001002, -1, -1, -1, -1
1031, 0, 74.49498203683085, 72.34204154947852, 65.22126874409953, 29.37177835046454, -1, -1, -1, -1
1032, 0, 74.22491994685834, 72.34961079867129, 65.23352565600186, 29.36887886592808, -1, -1, -1, -1
1033, 0, 73.95485785688581, 72.35718004786406, 65.24578256790417, 29.365979381391625, -1, -1, -1, -1
1034, 0, 73.68479576691328, 72.36474929705683, 65.25803947980648, 29.363079896855165, -1, -1, -1, -1
1035, 0, 73.41473367694077, 72.3723185462496, 65.27029639170881, 29.360180412318705, -1, -1, -1, -1
1036, 0, 73.14467158696826, 72.37988779544239, 65.28255330361114, 29.35728092778225, -1, -1, -1, -1
1037, 0, 72.87460949699573, 72.38745704463516, 65.29481021551345, 29.35438144324579, -1, -1, -1, -1
1038, 0, 72.6045474070232, 72.39502629382793, 65.30706712741578, 29.35148195870933, -1, -1, -1, -1
1039, 0, 72.33448531705068, 72.40259554302071, 65.3193240393181, 29.348582474172872, -1, -1, -1, -1
1040, 0, 72.06442322707815, 72.41016479221348, 65.33158095122042, 29.345682989636412, -1, -1, -1, -1
1041, 0, 71.79436113710564, 72.41773404140625, 65.34383786312274, 29.342783505099952, -1, -1, -1, -1
1042, 0, 71.47369637088707, 72.42793918563255, 65.32446403463214, 29.339884020563844, -1, -1, -1, -1
1043, 0, 71.15303160466848, 72.43814432985886, 65.30509020614156, 29.336984536027735, -1, -1, -1, -1
1044, 0, 70.8323668384499, 72.44834947408515, 65.28571637765096, 29.334085051491627, -1, -1, -1, -1
1045, 0, 70.51170207223132, 72.45855461831145, 65.26634254916036, 29.331185566955515, -1, -1, -1, -1
1046, 0, 70.19103730601273, 72.46875976253776, 65.24696872066977, 29.328286082419403, -1, -1, -1, -1
1047, 0, 69.87037253979415, 72.47896490676405, 65.22759489217917, 29.325386597883295, -1, -1, -1, -1
1048, 0, 69.54970777357556, 72.48917005099035, 65.20822106368857, 29.322487113347186, -1, -1, -1, -1
1049, 0, 69.22904300735698, 72.49937519521666, 65.18884723519798, 29.319587628811078, -1, -1, -1, -1
1050, 0, 68.9083782411384, 72.50958033944296, 65.1694734067074, 29.316688144274966, -1, -1, -1, -1
1051, 0, 68.58771347491981, 72.51978548366927, 65.1500995782168, 29.313788659738854, -1, -1, -1, -1
1052, 0, 68.26704870870122, 72.52999062789557, 65.1307257497262, 29.310889175202743, -1, -1, -1, -1
1053, 0, 67.94638394248264, 72.54019577212188, 65.11135192123561, 29.30798969066663, -1, -1, -1, -1
1054, 0, 67.62571917626406, 72.55040091634818, 65.09197809274502, 29.30509020613052, -1, -1, -1, -1
1055, 0, 67.30505441004547, 72.56060606057449, 65.07260426425444, 29.302190721594407, -1, -1, -1, -1
1056, 0, 66.98438964382689, 72.57081120480078, 65.05323043576385, 29.299291237058295, -1, -1, -1, -1
1057, 0, 66.66372487760832, 72.58101634902708, 65.03385660727325, 29.296391752522183, -1, -1, -1, -1
1058, 0, 66.34306011138973, 72.59122149325339, 65.01448277878265, 29.293492267986075, -1, -1, -1, -1
1059, 0, 66.02239534517115, 72.60142663747968, 64.99510895029206, 29.290592783449966, -1, -1, -1, -1
1060, 0, 65.70173057895256, 72.61163178170598, 64.97573512180148, 29.287693298913858, -1, -1, -1, -1
1061, 0, 65.38106581273398, 72.62183692593229, 64.95636129331088, 29.28479381437775, -1, -1, -1, -1
1062, 0, 65.0604010465154, 72.63204207015859, 64.93698746482028, 29.28189432984164, -1, -1, -1, -1
1063, 0, 64.73973628029681, 72.6422472143849, 64.91761363632969, 29.278994845305533, -1, -1, -1, -1
1064, 0, 64.41907151407823, 72.65245235861119, 64.8982398078391, 29.276095360769425, -1, -1, -1, -1
1065, 0, 64.09840674785964, 72.66265750283749, 64.8788659793485, 29.273195876233316, -1, -1, -1, -1
1066, 0, 63.77774198164106, 72.6728626470638, 64.8594921508579, 29.270296391697205, -1, -1, -1, -1
1067, 0, 63.45707721542247, 72.68306779129009, 64.84011832236732, 29.267396907161093, -1, -1, -1, -1
1068, 0, 63.13641244920389, 72.69327293551639, 64.82074449387673, 29.26449742262498, -1, -1, -1, -1
1069, 0, 62.81574768298531, 72.7034780797427, 64.80137066538613, 29.26159793808887, -1, -1, -1, -1
1070, 0, 62.495082916766734, 72.713683223969, 64.78199683689553, 29.258698453552757, -1, -1, -1, -1
1071, 0, 62.17441815054815, 72.7238883681953, 64.76262300840494, 29.255798969016645, -1, -1, -1, -1
1072, 0, 61.853753384329565, 72.73409351242161, 64.74324917991436, 29.252899484480533, -1, -1, -1, -1
1073, 0, 61.53308861811098, 72.74429865664791, 64.72387535142376, 29.24999999994442, -1, -1, -1, -1
1074, 0, 61.212423851892396, 72.75450380087422, 64.70450152293316, 29.247100515408313, -1, -1, -1, -1
1075, 0, 60.89175908567381, 72.76470894510052, 64.68512769444257, 29.2442010308722, -1, -1, -1, -1
1076, 0, 60.57109431945523, 72.77491408932681, 64.66575386595197, 29.24130154633609, -1, -1, -1, -1
1077, 0, 60.25042955323665, 72.78511923355312, 64.64638003746137, 29.23840206179998, -1, -1, -1, -1
1078, 0, 59.92976478701807, 72.79532437777942, 64.62700620897078, 29.235502577263873, -1, -1, -1, -1
1079, 0, 59.60910002079949, 72.80552952200571, 64.60763238048018, 29.23260309272776, -1, -1, -1, -1
1080, 0, 59.288435254580904, 72.81573466623202, 64.58825855198958, 29.22970360819165, -1, -1, -1, -1
1081, 0, 58.96777048836232, 72.82593981045832, 64.568884723499, 29.22680412365554, -1, -1, -1, -1
1082, 0, 58.647105722143735, 72.83614495468463, 64.54951089500841, 29.22390463911943, -1, -1, -1, -1
1083, 0, 58.32644095592515, 72.84635009891093, 64.53013706651781, 29.221005154583317, -1, -1, -1, -1
1084, 0, 58.005776189706566, 72.85655524313724, 64.51076323802721, 29.218105670047205, -1, -1, -1, -1
1085, 0, 57.68511142348799, 72.86676038736354, 64.49138940953662, 29.215206185511093, -1, -1, -1, -1
1086, 0, 57.36444665726941, 72.87696553158985, 64.47201558104604, 29.21230670097498, -1, -1, -1, -1
1087, 0, 57.04378189105083, 72.88717067581615, 64.45264175255544, 29.20940721643887, -1, -1, -1, -1
1088, 0, 56.72311712483224, 72.89737582004244, 64.43326792406484, 29.206507731902757, -1, -1, -1, -1
1089, 0, 56.40245235861366, 72.90758096426875, 64.41389409557425, 29.203608247366645, -1, -1, -1, -1
1090, 0, 56.081787592395074, 72.91778610849505, 64.39452026708366, 29.200708762830537, -1, -1, -1, -1
1091, 0, 55.76112282617649, 72.92799125272134, 64.37514643859306, 29.19780927829443, -1, -1, -1, -1
1092, 0, 55.440458059957905, 72.93819639694765, 64.35577261010246, 29.19490979375832, -1, -1, -1, -1
1093, 0, 55.11979329373932, 72.94840154117395, 64.33639878161188, 29.192010309222212, -1, -1, -1, -1
1094, 0, 54.799128527520736, 72.95860668540026, 64.31702495312129, 29.189110824686104, -1, -1, -1, -1
1095, 0, 54.47846376130215, 72.96881182962656, 64.29765112463069, 29.186211340149995, -1, -1, -1, -1
1096, 0, 54.15779899508357, 72.97901697385285, 64.27827729614009, 29.183311855613887, -1, -1, -1, -1
1097, 0, 53.83713422886499, 72.98922211807916, 64.2589034676495, 29.18041237107778, -1, -1, -1, -1
1098, 0, 53.51646946264641, 72.99942726230546, 64.23952963915892, 29.177512886541667, -1, -1, -1, -1
1099, 0, 53.19580469642783, 73.00963240653175, 64.22015581066832, 29.174613402005555, -1, -1, -1, -1
1100, 0, 52.875139930209244, 73.01983755075806, 64.20078198217772, 29.171713917469443, -1, -1, -1, -1
1101, 0, 52.55447516399066, 73.03004269498436, 64.18140815368713, 29.16881443293333, -1, -1, -1, -1
1102, 0, 52.233810397772075, 73.04024783921066, 64.16203432519654, 29.16591494839722, -1, -1, -1, -1
1103, 0, 51.91314563155349, 73.05045298343697, 64.14266049670594, 29.163015463861107, -1, -1, -1, -1
1104, 0, 51.592480865334906, 73.06065812766327, 64.12328666821534, 29.160115979324996, -1, -1, -1, -1
1105, 0, 51.27181609911632, 73.07086327188958, 64.10391283972476, 29.157216494788884, -1, -1, -1, -1
1106, 0, 50.95115133289774, 73.08106841611588, 64.08453901123417, 29.154317010252775, -1, -1, -1, -1
1107, 0, 50.63048656667915, 73.09127356034219, 64.06516518274357, 29.151417525716663, -1, -1, -1, -1
1108, 0, 50.30982180046057, 73.10147870456848, 64.04579135425297, 29.14851804118055, -1, -1, -1, -1
1109, 0, 49.98915703424199, 73.11168384879478, 64.02641752576238, 29.145618556644443, -1, -1, -1, -1
1110, 0, 49.668492268023414, 73.12188899302109, 64.0070436972718, 29.14271907210833, -1, -1, -1, -1
1111, 0, 49.34782750180483, 73.13209413724738, 63.9876698687812, 29.13981958757222, -1, -1, -1, -1
1112, 0, 49.027162735586245, 73.14229928147368, 63.968296040290596, 29.13692010303611, -1, -1, -1, -1
1113, 0, 48.70649796936766, 73.15250442569999, 63.9489222118, 29.1340206185, -1, -1, -1, -1
1114, 0, 48.38969755543516, 73.16856711444233, 63.94126347234469, 29.131121133964996, -1, -1, -1, -1
1115, 0, 48.07289714150266, 73.18462980318466, 63.933604732889364, 29.128221649429996, -1, -1, -1, -1
1116, 0, 47.75609672757015, 73.20069249192699, 63.92594599343404, 29.125322164894996, -1, -1, -1, -1
1117, 0, 47.439296313637655, 73.21675518066932, 63.91828725397872, 29.122422680359996, -1, -1, -1, -1
1118, 0, 47.12249589970515, 73.23281786941166, 63.910628514523395, 29.119523195824996, -1, -1, -1, -1
1119, 0, 46.805695485772645, 73.24888055815399, 63.90296977506807, 29.116623711289993, -1, -1, -1, -1
1120, 0, 46.48889507184015, 73.26494324689632, 63.89531103561275, 29.11372422675499, -1, -1, -1, -1
1121, 0, 46.17209465790764, 73.28100593563866, 63.887652296157434, 29.11082474221999, -1, -1, -1, -1
1122, 0, 45.85529424397514, 73.297068624381, 63.87999355670212, 29.10792525768499, -1, -1, -1, -1
1123, 0, 45.53849383004264, 73.31313131312334, 63.872334817246795, 29.105025773149986, -1, -1, -1, -1
1124, 0, 45.221693416110135, 73.32919400186566, 63.86467607779147, 29.102126288614983, -1, -1, -1, -1
1125, 0, 44.90489300217763, 73.345256690608, 63.85701733833615, 29.099226804079983, -1, -1, -1, -1
1126, 0, 44.58809258824513, 73.36131937935033, 63.849358598880826, 29.096327319544983, -1, -1, -1, -1
1127, 0, 44.27129217431263, 73.37738206809266, 63.8416998594255, 29.09342783500998, -1, -1, -1, -1
1128, 0, 43.95449176038012, 73.393444756835, 63.83404111997018, 29.090528350474976, -1, -1, -1, -1
1129, 0, 43.637691346447625, 73.40950744557733, 63.82638238051486, 29.087628865939976, -1, -1, -1, -1
1130, 0, 43.32089093251513, 73.42557013431967, 63.818723641059535, 29.084729381404973, -1, -1, -1, -1
1131, 0, 43.00409051858262, 73.44163282306201, 63.81106490160421, 29.08182989686997, -1, -1, -1, -1
1132, 0, 42.68729010465012, 73.45769551180433, 63.80340616214889, 29.078930412334966, -1, -1, -1, -1
1133, 0, 42.37048969071762, 73.47375820054667, 63.795747422693566, 29.076030927799962, -1, -1, -1, -1
1134, 0, 42.053689276785114, 73.489820889289, 63.78808868323824, 29.07313144326496, -1, -1, -1, -1
1135, 0, 41.73688886285261, 73.50588357803133, 63.78042994378292, 29.070231958729956, -1, -1, -1, -1
1136, 0, 41.42008844892011, 73.52194626677367, 63.7727712043276, 29.067332474194952, -1, -1, -1, -1
1137, 0, 41.10328803498761, 73.538008955516, 63.76511246487228, 29.06443298965995, -1, -1, -1, -1
1138, 0, 40.7864876210551, 73.55407164425834, 63.757453725416966, 29.06153350512495, -1, -1, -1, -1
1139, 0, 40.469687207122604, 73.57013433300068, 63.74979498596164, 29.058634020589945, -1, -1, -1, -1
1140, 0, 40.1528867931901, 73.586197021743, 63.74213624650632, 29.055734536054942, -1, -1, -1, -1
1141, 0, 39.836086379257594, 73.60225971048534, 63.734477507051, 29.052835051519942, -1, -1, -1, -1
1142, 0, 39.519285965325096, 73.61832239922768, 63.726818767595674, 29.049935566984942, -1, -1, -1, -1
1143, 0, 39.20248555139259, 73.63438508797, 63.71916002814035, 29.04703608244994, -1, -1, -1, -1
1144, 0, 38.88568513746009, 73.65044777671234, 63.71150128868503, 29.044136597914935, -1, -1, -1, -1
1145, 0, 38.56888472352759, 73.66651046545468, 63.703842549229705, 29.041237113379935, -1, -1, -1, -1
1146, 0, 38.25208430959509, 73.68257315419702, 63.69618380977438, 29.038337628844936, -1, -1, -1, -1
1147, 0, 37.935283895662586, 73.69863584293935, 63.68852507031906, 29.035438144309932, -1, -1, -1, -1
1148, 0, 37.61848348173008, 73.71469853168168, 63.680866330863736, 29.03253865977493, -1, -1, -1, -1
1149, 0, 37.30168306779758, 73.73076122042401, 63.67320759140841, 29.02963917523993, -1, -1, -1, -1
1150, 0, 36.98488265386508, 73.74682390916635, 63.66554885195309, 29.026739690704925, -1, -1, -1, -1
1151, 0, 36.66808223993257, 73.76288659790868, 63.65789011249777, 29.023840206169922, -1, -1, -1, -1
1152, 0, 36.351281826000076, 73.77894928665101, 63.650231373042445, 29.020940721634922, -1, -1, -1, -1
1153, 0, 36.03448141206757, 73.79501197539335, 63.64257263358712, 29.01804123709992, -1, -1, -1, -1
1154, 0, 35.67508067437187, 73.80255459938431, 63.617873764625315, 29.01514175256399, -1, -1, -1, -1
1155, 0, 35.31567993667616, 73.81009722337527, 63.593174895663516, 29.01224226802806, -1, -1, -1, -1
1156, 0, 34.956279198980454, 73.81763984736622, 63.56847602670172, 29.009342783492134, -1, -1, -1, -1
1157, 0, 34.596878461284746, 73.8251824713572, 63.54377715773991, 29.006443298956206, -1, -1, -1, -1
1158, 0, 34.23747772358904, 73.83272509534817, 63.519078288778104, 29.003543814420276, -1, -1, -1, -1
1159, 0, 33.87807698589333, 73.84026771933912, 63.494379419816305, 29.00064432988435, -1, -1, -1, -1
1160, 0, 33.51867624819762, 73.84781034333008, 63.469680550854505, 28.99774484534842, -1, -1, -1, -1
1161, 0, 33.159275510501914, 73.85535296732104, 63.4449816818927, 28.99484536081249, -1, -1, -1, -1
1162, 0, 32.799874772806206, 73.862895591312, 63.42028281293089, 28.99194587627656, -1, -1, -1, -1
1163, 0, 32.4404740351105, 73.87043821530295, 63.39558394396909, 28.989046391740633, -1, -1, -1, -1
1164, 0, 32.08107329741479, 73.87798083929391, 63.370885075007294, 28.986146907204706, -1, -1, -1, -1
1165, 0, 31.72167255971909, 73.88552346328488, 63.34618620604549, 28.983247422668775, -1, -1, -1, -1
1166, 0, 31.36227182202338, 73.89306608727586, 63.32148733708368, 28.980347938132844, -1, -1, -1, -1
1167, 0, 31.002871084327673, 73.90060871126681, 63.29678846812188, 28.977448453596917, -1, -1, -1, -1
1168, 0, 30.643470346631965, 73.90815133525777, 63.27208959916008, 28.97454896906099, -1, -1, -1, -1
1169, 0, 30.28406960893626, 73.91569395924873, 63.247390730198276, 28.97164948452506, -1, -1, -1, -1
1170, 0, 29.924668871240556, 73.92323658323969, 63.22269186123647, 28.96874999998913, -1, -1, -1, -1
1171, 0, 29.565268133544848, 73.93077920723064, 63.19799299227467, 28.9658505154532, -1, -1, -1, -1
1172, 0, 29.20586739584914, 73.9383218312216, 63.17329412331287, 28.962951030917274, -1, -1, -1, -1
1173, 0, 28.84646665815343, 73.94586445521257, 63.148595254351065, 28.960051546381344, -1, -1, -1, -1
1174, 0, 28.487065920457724, 73.95340707920354, 63.12389638538926, 28.957152061845413, -1, -1, -1, -1
1175, 0, 28.12766518276202, 73.9609497031945, 63.09919751642745, 28.954252577309486, -1, -1, -1, -1
1176, 0, 27.768264445066315, 73.96849232718546, 63.074498647465646, 28.95135309277356, -1, -1, -1, -1
1177, 0, 27.408863707370607, 73.97603495117642, 63.049799778503846, 28.948453608237628, -1, -1, -1, -1
1178, 0, 27.0494629696749, 73.98357757516737, 63.02510090954205, 28.945554123701697, -1, -1, -1, -1
1179, 0, 26.69006223197919, 73.99112019915833, 63.00040204058024, 28.94265463916577, -1, -1, -1, -1
1180, 0, 26.330661494283483, 73.99866282314929, 62.97570317161844, 28.939755154629843, -1, -1, -1, -1
1181, 0, 25.971260756587778, 74.00620544714026, 62.95100430265664, 28.936855670093912, -1, -1, -1, -1
1182, 0, 25.611860018892074, 74.01374807113123, 62.926305433694836, 28.93395618555798, -1, -1, -1, -1
1183, 0, 25.252459281196366, 74.02129069512219, 62.90160656473304, 28.931056701022055, -1, -1, -1, -1
1184, 0, 24.893058543500658, 74.02883331911315, 62.87690769577124, 28.928157216486127, -1, -1, -1, -1
1185, 0, 24.53365780580495, 74.0363759431041, 62.85220882680943, 28.925257731950197, -1, -1, -1, -1
1186, 0, 24.17425706810924, 74.04391856709506, 62.827509957847624, 28.922358247414266, -1, -1, -1, -1
1187, 0, 23.814856330413534, 74.05146119108602, 62.802811088885825, 28.91945876287834, -1, -1, -1, -1
1188, 0, 23.455455592717826, 74.05900381507698, 62.778112219924026, 28.91655927834241, -1, -1, -1, -1
1189, 0, 23.09605485502212, 74.06654643906795, 62.75341335096222, 28.91365979380648, -1, -1, -1, -1
1190, 0, 22.736654117326417, 74.07408906305892, 62.72871448200041, 28.91076030927055, -1, -1, -1, -1
1191, 0, 22.37725337963071, 74.08163168704988, 62.70401561303861, 28.907860824734623, -1, -1, -1, -1
1192, 0, 22.017852641935, 74.08917431104084, 62.6793167440768, 28.904961340198696, -1, -1, -1, -1
1193, 0, 21.658451904239293, 74.0967169350318, 62.654617875115, 28.902061855662765, -1, -1, -1, -1
1194, 0, 21.299051166543585, 74.10425955902275, 62.6299190061532, 28.899162371126835, -1, -1, -1, -1
1195, 0, 20.93965042884788, 74.11180218301372, 62.605220137191395, 28.8962628865909, -1, -1, -1, -1
1196, 0, 20.580249691152176, 74.1193448070047, 62.580521268229596, 28.893363402054966, -1, -1, -1, -1
1197, 0, 20.220848953456468, 74.12688743099565, 62.5558223992678, 28.890463917519035, -1, -1, -1, -1
1198, 0, 19.86144821576076, 74.13443005498661, 62.53112353030599, 28.887564432983105, -1, -1, -1, -1
1199, 0, 19.50204747806505, 74.14197267897757, 62.50642466134419, 28.88466494844717, -1, -1, -1, -1
1200, 0, 19.142646740369344, 74.14951530296852, 62.48172579238239, 28.881765463911236, -1, -1, -1, -1
1201, 0, 18.78324600267364, 74.1570579269595, 62.457026923420585, 28.878865979375306, -1, -1, -1, -1
1202, 0, 18.423845264977935, 74.16460055095047, 62.43232805445878, 28.875966494839375, -1, -1, -1, -1
1203, 0, 18.064444527282227, 74.17214317494143, 62.40762918549697, 28.873067010303448, -1, -1, -1, -1
1204, 0, 17.70504378958652, 74.17968579893238, 62.382930316535166, 28.87016752576752, -1, -1, -1, -1
1205, 0, 17.34564305189081, 74.18722842292334, 62.35823144757337, 28.86726804123159, -1, -1, -1, -1
1206, 0, 16.986242314195103, 74.1947710469143, 62.33353257861157, 28.86436855669566, -1, -1, -1, -1
1207, 0, 16.626841576499398, 74.20231367090526, 62.30883370964976, 28.861469072159732, -1, -1, -1, -1
1208, 0, 16.267440838803694, 74.20985629489621, 62.284134840687955, 28.858569587623805, -1, -1, -1, -1
1209, 0, 15.908040101107986, 74.21739891888718, 62.25943597172615, 28.855670103087874, -1, -1, -1, -1
1210, 0, 15.548639363412278, 74.22494154287816, 62.23473710276434, 28.852770618551943, -1, -1, -1, -1
1211, 0, 15.189238625716571, 74.23248416686911, 62.21003823380254, 28.849871134016016, -1, -1, -1, -1
1212, 0, 14.829837888020865, 74.24002679086007, 62.18533936484074, 28.84697164948009, -1, -1, -1, -1
1213, 0, 14.470437150325157, 74.24756941485103, 62.16064049587894, 28.84407216494416, -1, -1, -1, -1
1214, 0, 14.11103641262945, 74.25511203884199, 62.13594162691714, 28.841172680408228, -1, -1, -1, -1
1215, 0, 13.751635674933743, 74.26265466283294, 62.11124275795534, 28.8382731958723, -1, -1, -1, -1
1216, 0, 13.392234937238037, 74.2701972868239, 62.08654388899353, 28.835373711336374, -1, -1, -1, -1
1217, 0, 13.032834199542329, 74.27773991081487, 62.06184502003173, 28.832474226800443, -1, -1, -1, -1
1218, 0, 12.67343346184662, 74.28528253480584, 62.03714615106993, 28.829574742264512, -1, -1, -1, -1
1219, 0, 12.314032724150914, 74.2928251587968, 62.01244728210813, 28.826675257728585, -1, -1, -1, -1
1220, 0, 11.954631986455208, 74.30036778278776, 61.98774841314632, 28.823775773192658, -1, -1, -1, -1
1221, 0, 11.5952312487595, 74.30791040677872, 61.963049544184514, 28.820876288656727, -1, -1, -1, -1
1222, 0, 11.235830511063792, 74.31545303076967, 61.93835067522271, 28.817976804120796, -1, -1, -1, -1
1223, 0, 10.876429773368086, 74.32299565476063, 61.91365180626091, 28.81507731958487, -1, -1, -1, -1
1224, 0, 10.51702903567238, 74.33053827875159, 61.88895293729911, 28.812177835048942, -1, -1, -1, -1
1225, 0, 10.157628297976672, 74.33808090274256, 61.8642540683373, 28.80927835051301, -1, -1, -1, -1
1226, 0, 9.798227560280965, 74.34562352673353, 61.839555199375496, 28.80637886597708, -1, -1, -1, -1
1227, 0, 9.43882682258526, 74.35316615072449, 61.8148563304137, 28.803479381441154, -1, -1, -1, -1
1228, 0, 9.079426084889551, 74.36070877471545, 61.7901574614519, 28.800579896905226, -1, -1, -1, -1
1229, 0, 8.720025347193845, 74.3682513987064, 61.76545859249009, 28.797680412369296, -1, -1, -1, -1
1230, 0, 8.360624609498139, 74.37579402269736, 61.740759723528285, 28.794780927833365, -1, -1, -1, -1
1231, 0, 8.00122387180243, 74.38333664668832, 61.716060854566486, 28.791881443297438, -1, -1, -1, -1
1232, 0, 7.641823134106724, 74.39087927067928, 61.691361985604686, 28.78898195876151, -1, -1, -1, -1
1233, 0, 7.282422396411018, 74.39842189467025, 61.66666311664288, 28.78608247422558, -1, -1, -1, -1
1234, 0, 6.923021658715311, 74.40596451866122, 61.641964247681074, 28.78318298968965, -1, -1, -1, -1
1235, 0, 6.563620921019604, 74.41350714265218, 61.617265378719274, 28.780283505153722, -1, -1, -1, -1
1236, 0, 6.204220183323897, 74.42104976664314, 61.592566509757475, 28.777384020617795, -1, -1, -1, -1
1237, 0, 5.84481944562819, 74.4285923906341, 61.56786764079567, 28.774484536081864, -1, -1, -1, -1
1238, 0, 5.4854187079324825, 74.43613501462505, 61.54316877183386, 28.771585051545934, -1, -1, -1, -1
1239, 0, 5.126017970236775, 74.44367763861601, 61.51846990287206, 28.768685567010003, -1, -1, -1, -1
1240, 0, 4.766617232541068, 74.45122026260697, 61.493771033910264, 28.765786082474072, -1, -1, -1, -1
1241, 0, 4.407216494845361, 74.45876288659794, 61.46907216494846, 28.762886597938145, -1, -1, -1, -1
1242, 0, 4.004752333035348, 74.47688466494819, 61.46560849170925, 28.75926224227087, -1, -1, -1, -1
1243, 0, 3.602288171225334, 74.49500644329845, 61.46214481847003, 28.7556378866036, -1, -1, -1, -1
1244, 0, 3.1998240094153205, 74.51312822164871, 61.45868114523081, 28.75201353093633, -1, -1, -1, -1
1245, 0, 2.797359847605307, 74.53124999999896, 61.4552174719916, 28.74838917526906, -1, -1, -1, -1
1246, 0, 2.3948956857952934, 74.54937177834921, 61.45175379875239, 28.74476481960179, -1, -1, -1, -1
1247, 0, 1.99243152398528, 74.56749355669947, 61.448290125513175, 28.74114046393452, -1, -1, -1, -1
1248, 0, 1.5899673621752664, 74.58561533504974, 61.44482645227396, 28.73751610826725, -1, -1, -1, -1
1249, 0, 1.187503200365253, 74.60373711339999, 61.44136277903475, 28.733891752599977, -1, -1, -1, -1
1250, 0, 1.0390653003195964, 74.62185889174998, 61.18387284401789, 28.749792545324972, -1, -1, -1, -1
1251, 0, 0.8906274002739398, 74.63998067009996, 60.926382909001035, 28.76569333804997, -1, -1, -1, -1
1252, 0, 0.7421895002282832, 74.65810244844995, 60.66889297398418, 28.781594130774966, -1, -1, -1, -1
1253, 0, 0.5937516001826265, 74.67622422679995, 60.41140303896732, 28.79749492349996, -1, -1, -1, -1
1254, 0, 0.4453137001369699, 74.69434600514994, 60.153913103950465, 28.81339571622496, -1, -1, -1, -1
1255, 0, 0.29687580009131326, 74.71246778349993, 59.89642316893361, 28.829296508949955, -1, -1, -1, -1
1256, 0, 0.14843790004565663, 74.73058956184992, 59.63893323391676, 28.84519730167495, -1, -1, -1, -1
1257, 0, 0.0, 74.74871134019992, 59.3814432988999, 28.86109809439995, -1, -1, -1, -1
1258, 0, 0.0, 74.7668331185499, 58.97551546384989, 28.876998887117892, -1, -1, -1, -1
1259, 0, 0.0, 74.78495489689988, 58.56958762879988, 28.892899679835832, -1, -1, -1, -1
1260, 0, 0.0, 74.80307667524986, 58.163659793749865, 28.90880047255377, -1, -1, -1, -1
1261, 0, 0.0, 74.82119845359983, 57.75773195869985, 28.924701265271715, -1, -1, -1, -1
1262, 0, 0.0, 74.83932023194981, 57.35180412364984, 28.940602057989658, -1, -1, -1, -1
1263, 0, 0.0, 74.85744201029979, 56.94587628859983, 28.956502850707597, -1, -1, -1, -1
1264, 0, 0.0, 74.87556378864977, 56.53994845354981, 28.972403643425537, -1, -1, -1, -1
1265, 0, 0.0, 74.89368556699976, 56.134020618499804, 28.98830443614348, -1, -1, -1, -1
1266, 0, 0.0, 74.91180734534976, 55.728092783449796, 29.00420522886142, -1, -1, -1, -1
1267, 0, 0.0, 74.92992912369974, 55.32216494839978, 29.02010602157936, -1, -1, -1, -1
1268, 0, 0.0, 74.94805090204972, 54.916237113349766, 29.0360068142973, -1, -1, -1, -1
1269, 0, 0.0, 74.9661726803997, 54.51030927829976, 29.051907607015238, -1, -1, -1, -1
1270, 0, 0.0, 74.98429445874967, 54.10438144324975, 29.067808399733178, -1, -1, -1, -1
1271, 0, 0.0, 75.00241623709965, 53.698453608199735, 29.083709192451117, -1, -1, -1, -1
1272, 0, 0.0, 75.02053801544963, 53.29252577314972, 29.099609985169053, -1, -1, -1, -1
1273, 0, 0.0, 75.03865979379961, 52.88659793809971, 29.115510777886993, -1, -1, -1, -1
1274, 0, 0.0, 75.05678157215058, 52.48067010304956, 29.097242560923384, -1, -1, -1, -1
1275, 0, 0.0, 75.07490335050157, 52.07474226799941, 29.07897434395978, -1, -1, -1, -1
1276, 0, 0.0, 75.09302512885256, 51.66881443294926, 29.06070612699617, -1, -1, -1, -1
1277, 0, 0.0, 75.11114690720353, 51.262886597899104, 29.04243791003256, -1, -1, -1, -1
1278, 0, 0.0, 75.1292686855545, 50.85695876284895, 29.024169693068952, -1, -1, -1, -1
1279, 0, 0.0, 75.14739046390548, 50.4510309277988, 29.005901476105343, -1, -1, -1, -1
1280, 0, 0.0, 75.16551224225645, 50.04510309274865, 28.987633259141734, -1, -1, -1, -1
1281, 0, 0.0, 75.18363402060744, 49.6391752576985, 28.969365042178126, -1, -1, -1, -1
1282, 0, 0.0, 75.20175579895843, 49.23324742264835, 28.95109682521452, -1, -1, -1, -1
1283, 0, 0.0, 75.2198775773094, 48.8273195875982, 28.93282860825091, -1, -1, -1, -1
1284, 0, 0.0, 75.23799935566038, 48.42139175254805, 28.914560391287303, -1, -1, -1, -1
1285, 0, 0.0, 75.25612113401135, 48.01546391749789, 28.896292174323698, -1, -1, -1, -1
1286, 0, 0.0, 75.27424291236233, 47.60953608244773, 28.878023957360092, -1, -1, -1, -1
1287, 0, 0.0, 75.29236469071331, 47.20360824739758, 28.859755740396484, -1, -1, -1, -1
1288, 0, 0.0, 75.3104864690643, 46.79768041234743, 28.841487523432875, -1, -1, -1, -1
1289, 0, 0.0, 75.32860824741527, 46.39175257729728, 28.82321930646927, -1, -1, -1, -1
1290, 0, 0.0, 75.34673002576625, 45.98582474224713, 28.804951089505664, -1, -1, -1, -1
1291, 0, 0.0, 75.36485180411722, 45.579896907196975, 28.786682872542055, -1, -1, -1, -1
1292, 0, 0.0, 75.3829735824682, 45.17396907214682, 28.768414655578447, -1, -1, -1, -1
1293, 0, 0.0, 75.40109536081918, 44.76804123709667, 28.75014643861484, -1, -1, -1, -1
1294, 0, 0.0, 75.41921713917017, 44.36211340204652, 28.731878221651236, -1, -1, -1, -1
1295, 0, 0.0, 75.43733891752115, 43.95618556699637, 28.713610004687627, -1, -1, -1, -1
1296, 0, 0.0, 75.45546069587212, 43.55025773194622, 28.69534178772402, -1, -1, -1, -1
1297, 0, 0.0, 75.4735824742231, 43.14432989689606, 28.677073570760413, -1, -1, -1, -1
1298, 0, 0.0, 75.49170425257407, 42.7384020618459, 28.658805353796804, -1, -1, -1, -1
1299, 0, 0.0, 75.50982603092505, 42.33247422679575, 28.640537136833196, -1, -1, -1, -1
1300, 0, 0.0, 75.52794780927604, 41.9265463917456, 28.622268919869587, -1, -1, -1, -1
1301, 0, 0.0, 75.54606958762702, 41.52061855669545, 28.604000702905978, -1, -1, -1, -1
1302, 0, 0.0, 75.56419136597799, 41.1146907216453, 28.58573248594237, -1, -1, -1, -1
1303, 0, 0.0, 75.58231314432896, 40.70876288659515, 28.56746426897876, -1, -1, -1, -1
1304, 0, 0.0, 75.60043492267994, 40.302835051545, 28.549196052015155, -1, -1, -1, -1
1305, 0, 0.0, 75.61855670103093, 39.896907216494846, 28.530927835051546, -1, -1, -1, -1
1306, 0, 0.0, 75.65169366715759, 39.491239364677156, 28.535069955817377, -1, -1, -1, -1
1307, 0, 0.0, 75.68483063328424, 39.08557151285946, 28.539212076583212, -1, -1, -1, -1
1308, 0, 0.0, 75.7179675994109, 38.67990366104177, 28.543354197349043, -1, -1, -1, -1
1309, 0, 0.0, 75.75110456553756, 38.27423580922408, 28.547496318114874, -1, -1, -1, -1
1310, 0, 0.0, 75.78424153166421, 37.868567957406384, 28.55163843888071, -1, -1, -1, -1
1311, 0, 0.0, 75.81737849779087, 37.462900105588695, 28.55578055964654, -1, -1, -1, -1
1312, 0, 0.0, 75.85051546391753, 37.057232253771005, 28.55992268041237, -1, -1, -1, -1
1313, 0, 0.0, 75.88365243004418, 36.65156440195331, 28.564064801178205, -1, -1, -1, -1
1314, 0, 0.0, 75.91678939617083, 36.24589655013561, 28.56820692194404, -1, -1, -1, -1
1315, 0, 0.0, 75.94992636229749, 35.84022869831792, 28.57234904270987, -1, -1, -1, -1
1316, 0, 0.0, 75.98306332842415, 35.43456084650023, 28.5764911634757, -1, -1, -1, -1
1317, 0, 0.0, 76.0162002945508, 35.028892994682536, 28.580633284241536, -1, -1, -1, -1
1318, 0, 0.0, 76.04933726067746, 34.62322514286485, 28.58477540500737, -1, -1, -1, -1
1319, 0, 0.0, 76.08247422680412, 34.21755729104716, 28.5889175257732, -1, -1, -1, -1
1320, 0, 0.0, 76.11561119293077, 33.81188943922946, 28.593059646539032, -1, -1, -1, -1
1321, 0, 0.0, 76.14874815905743, 33.40622158741177, 28.597201767304867, -1, -1, -1, -1
1322, 0, 0.0, 76.1818851251841, 33.00055373559408, 28.6013438880707, -1, -1, -1, -1
1323, 0, 0.0, 76.21502209131074, 32.594885883776385, 28.605486008836532, -1, -1, -1, -1
1324, 0, 0.0, 76.2481590574374, 32.189218031958696, 28.609628129602363, -1, -1, -1, -1
1325, 0, 0.0, 76.28129602356407, 31.783550180141006, 28.613770250368198, -1, -1, -1, -1
1326, 0, 0.0, 76.31443298969072, 31.377882328323313, 28.617912371134032, -1, -1, -1, -1
1327, 0, 0.0, 76.34756995581738, 30.97221447650562, 28.622054491899863, -1, -1, -1, -1
1328, 0, 0.0, 76.38070692194404, 30.56654662468793, 28.626196612665694, -1, -1, -1, -1
1329, 0, 0.0, 76.41384388807069, 30.160878772870237, 28.63033873343153, -1, -1, -1, -1
1330, 0, 0.0, 76.44698085419735, 29.755210921052544, 28.634480854197356, -1, -1, -1, -1
1331, 0, 0.0, 76.48011782032401, 29.349543069234855, 28.638622974963187, -1, -1, -1, -1
1332, 0, 0.0, 76.51325478645066, 28.943875217417162, 28.64276509572902, -1, -1, -1, -1
1333, 0, 0.0, 76.54639175257732, 28.53820736559947, 28.646907216494846, -1, -1, -1, -1
1334, 0, 0.0, 76.57952871870398, 28.13253951378178, 28.651049337260673, -1, -1, -1, -1
1335, 0, 0.0, 76.61266568483063, 27.726871661964086, 28.655191458026504, -1, -1, -1, -1
1336, 0, 0.0, 76.6458026509573, 27.321203810146393, 28.659333578792335, -1, -1, -1, -1
1337, 0, 0.0, 76.67893961708396, 26.915535958328704, 28.663475699558163, -1, -1, -1, -1
1338, 0, 0.0, 76.7120765832106, 26.50986810651101, 28.667617820323997, -1, -1, -1, -1
1339, 0, 0.0, 76.74521354933727, 26.104200254693318, 28.671759941089828, -1, -1, -1, -1
1340, 0, 0.0, 76.77835051546393, 25.698532402875628, 28.67590206185566, -1, -1, -1, -1
1341, 0, 0.0, 76.81148748159058, 25.292864551057935, 28.680044182621494, -1, -1, -1, -1
1342, 0, 0.0, 76.84462444771724, 24.887196699240242, 28.684186303387328, -1, -1, -1, -1
1343, 0, 0.0, 76.8777614138439, 24.481528847422553, 28.68832842415316, -1, -1, -1, -1
1344, 0, 0.0, 76.91089837997055, 24.07586099560486, 28.69247054491899, -1, -1, -1, -1
1345, 0, 0.0, 76.94403534609721, 23.670193143787166, 28.696612665684825, -1, -1, -1, -1
1346, 0, 0.0, 76.97717231222387, 23.264525291969473, 28.70075478645066, -1, -1, -1, -1
1347, 0, 0.0, 77.01030927835052, 22.85885744015178, 28.70489690721649, -1, -1, -1, -1
1348, 0, 0.0, 77.04344624447718, 22.45318958833409, 28.70903902798232, -1, -1, -1, -1
1349, 0, 0.0, 77.07658321060384, 22.047521736516398, 28.713181148748156, -1, -1, -1, -1
1350, 0, 0.0, 77.10972017673049, 21.641853884698705, 28.71732326951399, -1, -1, -1, -1
1351, 0, 0.0, 77.14285714285715, 21.236186032881015, 28.72146539027982, -1, -1, -1, -1
1352, 0, 0.0, 77.17599410898382, 20.830518181063322, 28.725607511045652, -1, -1, -1, -1
1353, 0, 0.0, 77.20913107511046, 20.42485032924563, 28.729749631811487, -1, -1, -1, -1
1354, 0, 0.0, 77.24226804123711, 20.01918247742794, 28.73389175257732, -1, -1, -1, -1
1355, 0, 0.0, 77.27540500736377, 19.613514625610247, 28.738033873343152, -1, -1, -1, -1
1356, 0, 0.0, 77.30854197349043, 19.207846773792554, 28.742175994108983, -1, -1, -1, -1
1357, 0, 0.0, 77.34167893961708, 18.802178921974864, 28.746318114874818, -1, -1, -1, -1
1358, 0, 0.0, 77.37481590574374, 18.39651107015717, 28.75046023564065, -1, -1, -1, -1
1359, 0, 0.0, 77.4079528718704, 17.990843218339478, 28.75460235640648, -1, -1, -1, -1
1360, 0, 0.0, 77.44108983799705, 17.58517536652179, 28.758744477172314, -1, -1, -1, -1
1361, 0, 0.0, 77.47422680412372, 17.179507514704095, 28.762886597938145, -1, -1, -1, -1
1362, 0, 0.0, 77.54400170454761, 16.787622131672585, 28.71169990946182, -1, -1, -1, -1
1363, 0, 0.0, 77.61377660497152, 16.395736748641077, 28.6605132209855, -1, -1, -1, -1
1364, 0, 0.0, 77.68355150539543, 16.003851365609567, 28.609326532509176, -1, -1, -1, -1
1365, 0, 0.0, 77.75332640581934, 15.611965982578056, 28.55813984403285, -1, -1, -1, -1
1366, 0, 0.0, 77.82310130624325, 15.220080599546545, 28.506953155556527, -1, -1, -1, -1
1367, 0, 0.0, 77.89287620666715, 14.828195216515036, 28.455766467080203, -1, -1, -1, -1
1368, 0, 0.0, 77.96265110709106, 14.436309833483527, 28.40457977860388, -1, -1, -1, -1
1369, 0, 0.0, 78.03242600751497, 14.044424450452016, 28.353393090127554, -1, -1, -1, -1
1370, 0, 0.0, 78.10220090793888, 13.652539067420506, 28.302206401651233, -1, -1, -1, -1
1371, 0, 0.0, 78.17197580836279, 13.260653684388997, 28.25101971317491, -1, -1, -1, -1
1372, 0, 0.0, 78.2417507087867, 12.868768301357488, 28.199833024698584, -1, -1, -1, -1
1373, 0, 0.0, 78.3115256092106, 12.476882918325977, 28.148646336222264, -1, -1, -1, -1
1374, 0, 0.0, 78.38130050963451, 12.084997535294466, 28.09745964774594, -1, -1, -1, -1
1375, 0, 0.0, 78.45107541005842, 11.693112152262957, 28.046272959269615, -1, -1, -1, -1
1376, 0, 0.0, 78.52085031048233, 11.301226769231448, 27.995086270793294, -1, -1, -1, -1
1377, 0, 0.0, 78.59062521090623, 10.909341386199937, 27.94389958231697, -1, -1, -1, -1
1378, 0, 0.0, 78.83979360945139, 10.51745600317069, 27.37169709553556, -1, -1, -1, -1
1379, 0, 0.0, 79.08896200799654, 10.12557062014144, 26.799494608754152, -1, -1, -1, -1
1380, 0, 0.0, 79.33813040654171, 9.73368523711219, 26.227292121972745, -1, -1, -1, -1
1381, 0, 0.0, 79.58729880508687, 9.341799854082943, 25.655089635191338, -1, -1, -1, -1
1382, 0, 0.0, 79.83646720363204, 8.949914471053695, 25.08288714840993, -1, -1, -1, -1
1383, 0, 0.0, 80.0856356021772, 8.558029088024446, 24.51068466162852, -1, -1, -1, -1
1384, 0, 0.0, 80.33480400072237, 8.166143704995196, 23.93848217484711, -1, -1, -1, -1
1385, 0, 0.0, 80.58397239926754, 7.774258321965949, 23.366279688065703, -1, -1, -1, -1
1386, 0, 0.0, 80.8331407978127, 7.3823729389367, 22.794077201284296, -1, -1, -1, -1
1387, 0, 0.0, 81.08230919635787, 6.9904875559074515, 22.221874714502885, -1, -1, -1, -1
1388, 0, 0.0, 81.33147759490303, 6.598602172878203, 21.649672227721474, -1, -1, -1, -1
1389, 0, 0.0, 81.5806459934482, 6.206716789848954, 21.077469740940067, -1, -1, -1, -1
1390, 0, 0.0, 81.82981439199337, 5.814831406819706, 20.50526725415866, -1, -1, -1, -1
1391, 0, 0.0, 82.07898279053853, 5.422946023790457, 19.933064767377253, -1, -1, -1, -1
1392, 0, 0.0, 82.3281511890837, 5.031060640761208, 19.360862280595846, -1, -1, -1, -1
1393, 0, 0.0, 82.57731958762886, 4.639175257731959, 18.788659793814436, -1, -1, -1, -1
1394, 0, 0.0, 82.57731958762886, 4.639175257731959, 18.788659793814436, -1, -1, -1, -1
1395, 0, 0.0, 82.57731958762886, 4.639175257731959, 18.788659793814436, -1, -1, -1, -1
1396, 0, 0.0, 82.57731958762886, 4.639175257731959, 18.788659793814436, -1, -1, -1, -1
1397, 0, 0.0, 82.57731958762886, 4.639175257731959, 18.788659793814436, -1, -1, -1, -1
1398, 0, 0.0, 82.57731958762886, 4.639175257731959, 18.788659793814436, -1, -1, -1, -1
1399, 0, 0.0, 82.57731958762886, 4.639175257731959, 18.788659793814436, -1, -1, -1, -1
1400, 0, 0.0, 82.57731958762886, 4.639175257731959, 18.788659793814436, -1, -1, -1, -1
