1, 1603471489904674364
2, 1603471489947741364
3, 1603471489990809364
4, 1603471490033876364
5, 1603471490076943364
6, 1603471490120010364
7, 1603471490163077364
8, 1603471490206145364
9, 1603471490249212364, 0, 0, 80.4896907216495, 2.087628865979381, 16.701030927835053
10, 1603471490292279364, 0, 2.0107626903726538e-13, 75.89402008597763, 9.070781413899997, 32.53539696434135
11, 1603471490335346364, 0, 0, 73.56109857658903, 16.05393396179998, 40.61041712149471
12, 1603471490378413364, 0, 4.120323630243403e-16, 71.90721649484543, 23.037086509650223, 46.855670103092855
13, 1603471490421481364, 0, 3.090242722682552e-16, 69.95811855670185, 30.59559502583761, 49.11289966370178
14, 1603471490464548364, 0, 2.0601618151217015e-16, 68.00902061855828, 38.154103542025, 51.37012922431069
15, 1603471490507615364, 0, 1.0300809075608509e-16, 66.0599226804147, 45.712612058212386, 53.62735878491962
16, 1603471490550682364, 0, 0, 64.11082474227112, 53.271120574399774, 55.88458834552854
17, 1603471490593749364, 0, 5.1505191864053625e-17, 63.45038659794045, 60.8296290905936, 56.85315811230838
18, 1603471490636817364, 0, 1.0301038372810725e-16, 62.78994845360979, 68.38813760678742, 57.82172787908822
19, 1603471490679884364, 0, 1.5451557559216088e-16, 62.12951030927913, 75.94664612298125, 58.79029764586805
20, 1603471490722951364, 0, 2.060207674562145e-16, 61.46907216494846, 83.50515463917507, 59.75886741264788
21, 1603471490766018364, 0, 1.3734717830414298e-16, 61.469072164932236, 91.39175257731652, 60.10090836309856
22, 1603471490809085364, 0, 6.867358915207149e-17, 61.469072164916014, 99.27835051545799, 60.44294931354922
23, 1603471490852153364, 0, 0, 61.46907216489979, 107.16494845359944, 60.78499026399989
24, 1603471490895220364, 0, 0, 61.4690721648997, 115.05154639179952, 61.127031214499766
25, 1603471490938287364, 0, 4.639175257731959, 61.46907216494846, 118.29896907216495, 61.46907216494846
26, 1603471490981354364, 0, 12.332474226804125, 61.50773195876289, 118.33762886597938, 61.66237113402062
27, 1603471491024421364, 0, 20.02577319587629, 61.54639175257732, 118.3762886597938, 61.85567010309279
28, 1603471491067489364, 0, 27.719072164948457, 61.58505154639175, 118.41494845360823, 62.04896907216495
29, 1603471491110556364, 0, 35.412371134020624, 61.62371134020619, 118.4536082474227, 62.242268041237104
30, 1603471491153623364, 0, 43.105670103092784, 61.662371134020624, 118.49226804123711, 62.43556701030928
31, 1603471491196690364, 0, 50.79896907216495, 61.701030927835056, 118.53092783505156, 62.628865979381445
32, 1603471491239757364, 0, 58.55301914580266, 61.73416789396171, 117.83505154639175, 62.49631811487481
33, 1603471491282825364, 0, 66.30706921944036, 61.76730486008837, 117.13917525773195, 62.36377025036819
34, 1603471491325892364, 0, 74.06111929307806, 61.80044182621503, 116.44329896907217, 62.231222385861564
35, 1603471491368959364, 0, 81.81516936671576, 61.83357879234168, 115.74742268041237, 62.09867452135494
36, 1603471491412026364, 0, 89.56921944035346, 61.86671575846834, 115.0515463917526, 61.96612665684831
37, 1603471491455093364, 0, 97.32326951399118, 61.899852724595, 114.3556701030928, 61.83357879234169
38, 1603471491498161364, 0, 105.07731958762888, 61.932989690721655, 113.659793814433, 61.701030927835056
39, 1603471491541228364, 0, 112.32603092781918, 61.932989690714386, 112.71756183559503, 61.975013724958536
40, 1603471491584295364, 0, 119.57474226800946, 61.93298969070711, 111.77532985675708, 62.24899652208203
41, 1603471491627362364, 0, 126.82345360819976, 61.93298969069984, 110.83309787791912, 62.522979319205504
42, 1603471491670429364, 0, 134.16047082541542, 61.932989690721655, 105.83952917458448, 61.70103092783503
43, 1603471491713497364, 0, 141.07457639011167, 61.94298117140001, 98.92542360988827, 61.57656319999994
44, 1603471491756564364, 0, 147.4624320772195, 61.95297265211998, 92.53756792278045, 61.45209547211995
45, 1603471491799631364, 0, 153.85028776432733, 61.962964132839964, 86.14971223567261, 61.32762774423997
46, 1603471491842698364, 0, 160.23814345143515, 61.97295561355994, 79.7618565485648, 61.20316001635998
47, 1603471491885765364, 0, 166.625999138543, 61.98294709427992, 73.37400086145695, 61.07869228848
48, 1603471491928833364, 0, 173.0138548256508, 61.9929385749999, 66.98614517434913, 60.954224560600004
49, 1603471491971900364, 0, 178.87540748608058, 62.0029300557237, 61.12459251391891, 60.82975683271507
50, 1603471492014967364, 0, 184.7369601465103, 62.01292153644751, 55.26303985348872, 60.70528910483014
51, 1603471492058034364, 0, 190.59851280694008, 62.022913017171305, 49.40148719305853, 60.58082137694521
52, 1603471492101101364, 0, 196.46006546736982, 62.03290449789511, 43.53993453262834, 60.45635364906028
53, 1603471492144169364, 0, 202.32161812779958, 62.042895978618915, 37.67838187219812, 60.33188592117534
54, 1603471492187236364, 0, 207.4310721353291, 62.12094337901133, 32.56892786466918, 58.903948933784356
55, 1603471492230303364, 0, 212.54052614285857, 62.19899077940374, 27.459473857140296, 57.476011946393385
56, 1603471492273370364, 0, 217.64998015038805, 62.27703817979615, 22.350019849611385, 56.048074959002406
57, 1603471492316437364, 0, 222.75943415791755, 62.355085580188565, 17.240565842082436, 54.62013797161141
58, 1603471492359505364, 0, 228.14534953542307, 65.65322334140684, 11.854650464576675, 49.97211062349296
59, 1603471492402572364, 0, 233.02502156310896, 70.80113464264453, 6.9749784368879215, 44.32365640648083
60, 1603471492445639364, 0, 236.8298969072165, 80.0257731958763, 3.17010309278347, 19.948453608247423
61, 1603471492488706364
62, 1603471492531773364
63, 1603471492574841364
64, 1603471492617908364
65, 1603471492660975364
66, 1603471492704042364
67, 1603471492747109364
68, 1603471492790177364
