1, 1603471489904674364
2, 1603471489926207744
3, 1603471489947741364
4, 1603471489969275392
5, 1603471489990809364
6, 1603471490012342784
7, 1603471490033876364
8, 1603471490055409920
9, 1603471490076943364
10, 1603471490098476800
11, 1603471490120010364
12, 1603471490141543680
13, 1603471490163077364
14, 1603471490184611328
15, 1603471490206145364
16, 1603471490227678720
17, 1603471490249212364, 0, 0, 80.4896907216495, 2.087628865979381, 16.701030927835053
18, 1603471490270745856, 0, 1.0053813451863269e-13, 78.19185540381356, 5.579205139939689, 24.618213946088204
19, 1603471490292279364, 0, 2.0107626903726538e-13, 75.89402008597763, 9.070781413899997, 32.53539696434135
20, 1603471490313812736, 0, 1.0053813451863269e-13, 74.72755933128333, 12.562357687849989, 36.57290704291803
21, 1603471490335346364, 0, 0, 73.56109857658903, 16.05393396179998, 40.61041712149471
22, 1603471490356879872, 0, 2.0601618151217015e-16, 72.73415753571723, 19.545510235725104, 43.733043612293784
23, 1603471490378413364, 0, 4.120323630243403e-16, 71.90721649484543, 23.037086509650223, 46.855670103092855
24, 1603471490399947264, 0, 3.605283176462978e-16, 70.93266752577364, 26.816340767743917, 47.98428488339732
25, 1603471490421481364, 0, 3.090242722682552e-16, 69.95811855670185, 30.59559502583761, 49.11289966370178
26, 1603471490443014912, 0, 2.575202268902127e-16, 68.98356958763006, 34.374849283931304, 50.241514444006235
27, 1603471490464548364, 0, 2.0601618151217015e-16, 68.00902061855828, 38.154103542025, 51.37012922431069
28, 1603471490486081792, 0, 1.545121361341276e-16, 67.03447164948649, 41.93335780011869, 52.498744004615155
29, 1603471490507615364, 0, 1.0300809075608509e-16, 66.0599226804147, 45.712612058212386, 53.62735878491962
30, 1603471490529148928, 0, 5.150404537804254e-17, 65.08537371134291, 49.49186631630608, 54.75597356522408
31, 1603471490550682364, 0, 0, 64.11082474227112, 53.271120574399774, 55.88458834552854
32, 1603471490572215808, 0, 2.5752595932026813e-17, 63.780605670105786, 57.050374832496686, 56.36887322891846
33, 1603471490593749364, 0, 5.1505191864053625e-17, 63.45038659794045, 60.8296290905936, 56.85315811230838
34, 1603471490615283200, 0, 7.725778779608044e-17, 63.120167525775116, 64.60888334869051, 57.3374429956983
35, 1603471490636817364, 0, 1.0301038372810725e-16, 62.78994845360979, 68.38813760678742, 57.82172787908822
36, 1603471490658350848, 0, 1.2876297966013407e-16, 62.45972938144446, 72.16739186488434, 58.30601276247813
37, 1603471490679884364, 0, 1.5451557559216088e-16, 62.12951030927913, 75.94664612298125, 58.79029764586805
38, 1603471490701417728, 0, 1.802681715241877e-16, 61.79929123711379, 79.72590038107816, 59.27458252925797
39, 1603471490722951364, 0, 2.060207674562145e-16, 61.46907216494846, 83.50515463917507, 59.75886741264788
40, 1603471490744484864, 0, 1.7168397288017873e-16, 61.46907216494034, 87.4484536082458, 59.92988788787322
41, 1603471490766018364, 0, 1.3734717830414298e-16, 61.469072164932236, 91.39175257731652, 60.10090836309856
42, 1603471490787551744, 0, 1.0301038372810724e-16, 61.46907216492413, 95.33505154638726, 60.27192883832389
43, 1603471490809085364, 0, 6.867358915207149e-17, 61.469072164916014, 99.27835051545799, 60.44294931354922
44, 1603471490830619392, 0, 3.4336794576035746e-17, 61.4690721649079, 103.22164948452871, 60.613969788774554
45, 1603471490852153364, 0, 0, 61.46907216489979, 107.16494845359944, 60.78499026399989
46, 1603471490873686784, 0, 0.0, 61.46907216489974, 111.10824742269948, 60.95601073924983
47, 1603471490895220364, 0, 0, 61.4690721648997, 115.05154639179952, 61.127031214499766
48, 1603471490916753920, 0, 2.3195876288659796, 61.46907216492408, 116.67525773198224, 61.29805168972411
49, 1603471490938287364, 0, 4.639175257731959, 61.46907216494846, 118.29896907216495, 61.46907216494846
50, 1603471490959820800, 0, 8.485824742268042, 61.48840206185567, 118.31829896907217, 61.56572164948454
51, 1603471490981354364, 0, 12.332474226804125, 61.50773195876289, 118.33762886597938, 61.66237113402062
52, 1603471491002887680, 0, 16.179123711340207, 61.527061855670105, 118.35695876288659, 61.759020618556704
53, 1603471491024421364, 0, 20.02577319587629, 61.54639175257732, 118.3762886597938, 61.85567010309279
54, 1603471491045955328, 0, 23.872422680412374, 61.56572164948454, 118.39561855670101, 61.95231958762887
55, 1603471491067489364, 0, 27.719072164948457, 61.58505154639175, 118.41494845360823, 62.04896907216495
56, 1603471491089022720, 0, 31.56572164948454, 61.604381443298976, 118.43427835051546, 62.145618556701024
57, 1603471491110556364, 0, 35.412371134020624, 61.62371134020619, 118.4536082474227, 62.242268041237104
58, 1603471491132089856, 0, 39.259020618556704, 61.64304123711341, 118.4729381443299, 62.33891752577319
59, 1603471491153623364, 0, 43.105670103092784, 61.662371134020624, 118.49226804123711, 62.43556701030928
60, 1603471491175156736, 0, 46.952319587628864, 61.68170103092784, 118.51159793814433, 62.53221649484536
61, 1603471491196690364, 0, 50.79896907216495, 61.701030927835056, 118.53092783505156, 62.628865979381445
62, 1603471491218223872, 0, 54.6759941089838, 61.71759941089839, 118.18298969072166, 62.56259204712813
63, 1603471491239757364, 0, 58.55301914580266, 61.73416789396171, 117.83505154639175, 62.49631811487481
64, 1603471491261291264, 0, 62.430044182621515, 61.75073637702504, 117.48711340206185, 62.4300441826215
65, 1603471491282825364, 0, 66.30706921944036, 61.76730486008837, 117.13917525773195, 62.36377025036819
66, 1603471491304358912, 0, 70.18409425625921, 61.7838733431517, 116.79123711340206, 62.29749631811488
67, 1603471491325892364, 0, 74.06111929307806, 61.80044182621503, 116.44329896907217, 62.231222385861564
68, 1603471491347425792, 0, 77.93814432989691, 61.81701030927836, 116.09536082474227, 62.16494845360825
69, 1603471491368959364, 0, 81.81516936671576, 61.83357879234168, 115.74742268041237, 62.09867452135494
70, 1603471491390492928, 0, 85.69219440353461, 61.85014727540501, 115.39948453608248, 62.03240058910163
71, 1603471491412026364, 0, 89.56921944035346, 61.86671575846834, 115.0515463917526, 61.96612665684831
72, 1603471491433559808, 0, 93.44624447717231, 61.88328424153167, 114.7036082474227, 61.899852724595
73, 1603471491455093364, 0, 97.32326951399118, 61.899852724595, 114.3556701030928, 61.83357879234169
74, 1603471491476627200, 0, 101.20029455081003, 61.91642120765833, 114.0077319587629, 61.76730486008837
75, 1603471491498161364, 0, 105.07731958762888, 61.932989690721655, 113.659793814433, 61.701030927835056
76, 1603471491519694848, 0, 108.70167525772402, 61.93298969071802, 113.18867782501403, 61.838022326396796
77, 1603471491541228364, 0, 112.32603092781918, 61.932989690714386, 112.71756183559503, 61.975013724958536
78, 1603471491562761728, 0, 115.95038659791432, 61.93298969071075, 112.24644584617606, 62.112005123520284
79, 1603471491584295364, 0, 119.57474226800946, 61.93298969070711, 111.77532985675708, 62.24899652208203
80, 1603471491605828864, 0, 123.19909793810461, 61.93298969070348, 111.30421386733809, 62.38598792064377
81, 1603471491627362364, 0, 126.82345360819976, 61.93298969069984, 110.83309787791912, 62.522979319205504
82, 1603471491648895744, 0, 130.4919622168076, 61.93298969071075, 108.3363135262518, 62.11200512352026
83, 1603471491670429364, 0, 134.16047082541542, 61.932989690721655, 105.83952917458448, 61.70103092783503
84, 1603471491691963392, 0, 137.61752360776353, 61.93798543106083, 102.38247639223638, 61.63879706391748
85, 1603471491713497364, 0, 141.07457639011167, 61.94298117140001, 98.92542360988827, 61.57656319999994
86, 1603471491735030784, 0, 144.26850423366557, 61.947976911759994, 95.73149576633436, 61.514329336059944
87, 1603471491756564364, 0, 147.4624320772195, 61.95297265211998, 92.53756792278045, 61.45209547211995
88, 1603471491778097920, 0, 150.6563599207734, 61.95796839247997, 89.34364007922653, 61.389861608179956
89, 1603471491799631364, 0, 153.85028776432733, 61.962964132839964, 86.14971223567261, 61.32762774423997
90, 1603471491821164800, 0, 157.04421560788126, 61.96795987319995, 82.9557843921187, 61.265393880299975
91, 1603471491842698364, 0, 160.23814345143515, 61.97295561355994, 79.7618565485648, 61.20316001635998
92, 1603471491864231680, 0, 163.43207129498907, 61.977951353919934, 76.56792870501087, 61.14092615241999
93, 1603471491885765364, 0, 166.625999138543, 61.98294709427992, 73.37400086145695, 61.07869228848
94, 1603471491907299328, 0, 169.8199269820969, 61.98794283463991, 70.18007301790304, 61.016458424540005
95, 1603471491928833364, 0, 173.0138548256508, 61.9929385749999, 66.98614517434913, 60.954224560600004
96, 1603471491950366720, 0, 175.9446311558657, 61.9979343153618, 64.05536884413402, 60.89199069665754
97, 1603471491971900364, 0, 178.87540748608058, 62.0029300557237, 61.12459251391891, 60.82975683271507
98, 1603471491993433856, 0, 181.80618381629546, 62.0079257960856, 58.19381618370382, 60.76752296877261
99, 1603471492014967364, 0, 184.7369601465103, 62.01292153644751, 55.26303985348872, 60.70528910483014
100, 1603471492036500736, 0, 187.6677364767252, 62.017917276809406, 52.332263523273625, 60.643055240887676
101, 1603471492058034364, 0, 190.59851280694008, 62.022913017171305, 49.40148719305853, 60.58082137694521
102, 1603471492079567872, 0, 193.52928913715493, 62.02790875753321, 46.47071086284343, 60.51858751300274
103, 1603471492101101364, 0, 196.46006546736982, 62.03290449789511, 43.53993453262834, 60.45635364906028
104, 1603471492122635264, 0, 199.3908417975847, 62.03790023825701, 40.60915820241323, 60.39411978511781
105, 1603471492144169364, 0, 202.32161812779958, 62.042895978618915, 37.67838187219812, 60.33188592117534
106, 1603471492165702912, 0, 204.87634513156434, 62.081919678815126, 35.12365486843365, 59.61791742747985
107, 1603471492187236364, 0, 207.4310721353291, 62.12094337901133, 32.56892786466918, 58.903948933784356
108, 1603471492208769792, 0, 209.98579913909384, 62.15996707920753, 30.014200860904737, 58.189980440088874
109, 1603471492230303364, 0, 212.54052614285857, 62.19899077940374, 27.459473857140296, 57.476011946393385
110, 1603471492251836928, 0, 215.0952531466233, 62.23801447959995, 24.90474685337584, 56.762043452697895
111, 1603471492273370364, 0, 217.64998015038805, 62.27703817979615, 22.350019849611385, 56.048074959002406
112, 1603471492294903808, 0, 220.2047071541528, 62.31606187999236, 19.79529284584691, 55.33410646530691
113, 1603471492316437364, 0, 222.75943415791755, 62.355085580188565, 17.240565842082436, 54.62013797161141
114, 1603471492337971200, 0, 225.4523918466703, 64.00415446079771, 14.547608153329556, 52.29612429755218
115, 1603471492359505364, 0, 228.14534953542307, 65.65322334140684, 11.854650464576675, 49.97211062349296
116, 1603471492381038848, 0, 230.58518554926601, 68.22717899202569, 9.414814450732298, 47.147883514986894
117, 1603471492402572364, 0, 233.02502156310896, 70.80113464264453, 6.9749784368879215, 44.32365640648083
118, 1603471492424105728, 0, 234.92745923516273, 75.4134539192604, 5.072540764835695, 32.13605500736413
119, 1603471492445639364, 0, 236.8298969072165, 80.0257731958763, 3.17010309278347, 19.948453608247423
120, 1603471492467172864, 0, 236.8298969072165, 80.0257731958763, 3.17010309278347, 19.948453608247423
121, 1603471492488706364
122, 1603471492510239744
123, 1603471492531773364
124, 1603471492553307392
125, 1603471492574841364
126, 1603471492596374784
127, 1603471492617908364
128, 1603471492639441920
129, 1603471492660975364
130, 1603471492682508800
131, 1603471492704042364
132, 1603471492725575680
133, 1603471492747109364
134, 1603471492768643328
135, 1603471492790177364
