1, 1603471908885621727
2, 1603471908896388608
3, 1603471908907155200
4, 1603471908917922048
5, 1603471908928688727, 0, 0.0, 89.30412371134021, 4.407216494845361, 20.644329896907216
6, 1603471908939455232, 0, 0.0, 87.4734447296419, 6.320876288659003, 24.71776855857248
7, 1603471908950222080, 0, 0.0, 85.6427657479436, 8.234536082472644, 28.79120722023774
8, 1603471908960988928, 0, 0.0, 83.81208676624529, 10.148195876286284, 32.864645881903
9, 1603471908971755727, 0, 0.0, 81.98140778454697, 12.061855670099925, 36.938084543568266
10, 1603471908982522624, 0, 0.0, 81.43450944665766, 13.975515463915151, 38.431656191181354
11, 1603471908993289216, 0, 0.0, 80.88761110876834, 15.889175257730376, 39.92522783879444
12, 1603471909004056064, 0, 0.0, 80.34071277087901, 17.8028350515456, 41.418799486407536
13, 1603471909014822727, 0, 0.0, 79.79381443298969, 19.716494845360824, 42.912371134020624
14, 1603471909025589248, 0, 0.0, 79.36407433842153, 21.92010309277822, 43.45809061003749
15, 1603471909036356096, 0, 0.0, 78.93433424385337, 24.12371134019562, 44.00381008605436
16, 1603471909047122944, 0, 0.0, 78.50459414928521, 26.327319587613015, 44.54952956207122
17, 1603471909057889727, 0, 0.0, 78.07485405471705, 28.53092783503041, 45.095249038088085
18, 1603471909068656896, 0, 0.0, 77.64511396014889, 30.734536082447807, 45.640968514104955
19, 1603471909079423744, 0, 0.0, 77.21537386558073, 32.9381443298652, 46.18668799012182
20, 1603471909090190848, 0, 0.0, 76.78563377101257, 35.1417525772826, 46.73240746613868
21, 1603471909100957727, 0, 0.0, 76.35589367644441, 37.345360824699995, 47.27812694215555
22, 1603471909111724288, 0, 0.0, 76.51949757692094, 39.54896907213325, 47.23050242311151
23, 1603471909122491136, 0, 0.0, 76.68310147739746, 41.7525773195665, 47.18287790406747
24, 1603471909133257984, 0, 0.0, 76.84670537787399, 43.95618556699975, 47.135253385023425
25, 1603471909144024727, 0, 0.0, 77.01030927835052, 46.159793814432994, 47.08762886597938
26, 1603471909154791680, 0, 0.0, 76.916076030928, 48.11487104212455, 47.28334407216541
27, 1603471909165558272, 0, 0.0, 76.82184278350546, 50.069948269816095, 47.47905927835144
28, 1603471909176325120, 0, 0.0, 76.72760953608292, 52.02502549750764, 47.67477448453747
29, 1603471909187091727, 0, 0.0, 76.6333762886604, 53.98010272519919, 47.8704896907235
30, 1603471909197858304, 0, 0.0, 76.53914304123788, 55.935179952890735, 48.06620489690953
31, 1603471909208625152, 0, 0.0, 76.44490979381534, 57.89025718058228, 48.26192010309556
32, 1603471909219392000, 0, 0.0, 76.3506765463928, 59.84533440827383, 48.45763530928159
33, 1603471909230158727, 0, 0.0, 76.25644329897028, 61.800411635965375, 48.65335051546762
34, 1603471909240925696, 0, 0.0, 76.16221005154776, 63.75548886365693, 48.84906572165365
35, 1603471909251692288, 0, 0.0, 76.06797680412524, 65.71056609134848, 49.04478092783968
36, 1603471909262458880, 0, 0.0, 75.97374355670271, 67.66564331904003, 49.24049613402571
37, 1603471909273225727, 0, 0.0, 75.87951030928018, 69.62072054673158, 49.43621134021174
38, 1603471909283992832, 0, 0.0, 75.78527706185764, 71.57579777442312, 49.63192654639777
39, 1603471909294759680, 0, 0.0, 75.69104381443512, 73.53087500211467, 49.8276417525838
40, 1603471909305526784, 0, 0.0, 75.5968105670126, 75.48595222980622, 50.02335695876983
41, 1603471909316293727, 0, 0.0, 75.50257731959006, 77.44102945749776, 50.21907216495586
42, 1603471909327060224, 0, 0.0, 75.40834407216752, 79.39610668518931, 50.41478737114189
43, 1603471909337827072, 0, 0.0, 75.314110824745, 81.35118391288086, 50.61050257732792
44, 1603471909348593920, 0, 0.0, 75.21987757732248, 83.3062611405724, 50.80621778351395
45, 1603471909359360727, 0, 0.0, 75.12564432989994, 85.26133836826395, 51.00193298969998
46, 1603471909370127616, 0, 0.0, 75.031411082477, 87.06730931180209, 51.19764819588478
47, 1603471909380894208, 0, 0.0, 74.93717783505407, 88.87328025534023, 51.393363402069575
48, 1603471909391661056, 0, 0.0, 74.84294458763114, 90.67925119887838, 51.58907860825437
49, 1603471909402427727, 0, 0.0, 74.7487113402082, 92.48522214241652, 51.78479381443917
50, 1603471909413194240, 0, 0.0, 74.65447809278527, 94.29119308595466, 51.98050902062396
51, 1603471909423961088, 0, 0.0, 74.56024484536235, 96.0971640294928, 52.176224226808756
52, 1603471909434727936, 0, 0.0, 74.46601159793941, 97.90313497303094, 52.37193943299355
53, 1603471909445494727, 0, 0.0, 74.37177835051648, 99.70910591656909, 52.56765463917834
54, 1603471909456261632, 0, 0.0, 74.27754510309354, 101.51507686010723, 52.763369845363144
55, 1603471909467028224, 0, 0.0, 74.18331185567061, 103.32104780364537, 52.95908505154794
56, 1603471909477795072, 0, 0.0, 74.08907860824768, 105.12701874718351, 53.15480025773273
57, 1603471909488561727, 0, 0.0, 73.99484536082474, 106.93298969072166, 53.35051546391753
58, 1603471909499328512, 0, 0.323754853396001, 73.99484536081843, 108.3690085687604, 53.36708394698805
59, 1603471909510095616, 0, 0.647509706792002, 73.99484536081212, 109.80502744679916, 53.383652430058575
60, 1603471909520862720, 0, 0.971264560188003, 73.99484536080581, 111.24104632483791, 53.400220913129104
61, 1603471909531629727, 0, 1.295019413584004, 73.99484536079952, 112.67706520287666, 53.416789396199626
62, 1603471909542396672, 0, 2.585269112341515, 73.99484536079956, 112.81466171289527, 53.433357879258
63, 1603471909553163264, 0, 3.8755188110990257, 73.99484536079959, 112.95225822291388, 53.44992636231636
64, 1603471909563930112, 0, 5.1657685098565365, 73.99484536079963, 113.0898547329325, 53.466494845374726
65, 1603471909574696727, 0, 6.456018208614047, 73.99484536079967, 113.2274512429511, 53.48306332843309
66, 1603471909585463296, 0, 7.746267907371558, 73.99484536079972, 113.36504775296972, 53.499631811491454
67, 1603471909596230144, 0, 9.036517606129069, 73.99484536079976, 113.50264426298833, 53.51620029454981
68, 1603471909606996992, 0, 10.32676730488658, 73.99484536079979, 113.64024077300694, 53.53276877760817
69, 1603471909617763727, 0, 11.61701700364409, 73.99484536079983, 113.77783728302555, 53.54933726066653
70, 1603471909628530688, 0, 12.9072667024016, 73.99484536079987, 113.91543379304416, 53.5659057437249
71, 1603471909639297280, 0, 14.197516401159112, 73.9948453607999, 114.05303030306277, 53.58247422678326
72, 1603471909650064128, 0, 15.487766099916623, 73.99484536079994, 114.1906268130814, 53.599042709841626
73, 1603471909660830727, 0, 16.778015798674133, 73.99484536079999, 114.3282233231, 53.6156111929
74, 1603471909671597312, 0, 17.91206431029665, 73.99484536080205, 114.46581983311658, 53.63217967596589
75, 1603471909682364160, 0, 19.046112821919166, 73.9948453608041, 114.60341634313316, 53.64874815903178
76, 1603471909693131008, 0, 20.180161333541683, 73.99484536080618, 114.74101285314974, 53.66531664209767
77, 1603471909703897727, 0, 21.3142098451642, 73.99484536080824, 114.87860936316632, 53.68188512516356
78, 1603471909714664448, 0, 22.448258356786717, 73.9948453608103, 115.01620587318291, 53.69845360822946
79, 1603471909725431552, 0, 23.582306868409233, 73.99484536081236, 115.15380238319949, 53.71502209129535
80, 1603471909736198656, 0, 24.71635538003175, 73.99484536081442, 115.29139889321607, 53.73159057436125
81, 1603471909746965727, 0, 25.850403891654267, 73.99484536081648, 115.42899540323266, 53.748159057427145
82, 1603471909757732608, 0, 26.984452403276784, 73.99484536081854, 115.56659191324924, 53.76472754049304
83, 1603471909768499200, 0, 28.1185009148993, 73.99484536082062, 115.70418842326582, 53.78129602355894
84, 1603471909779266048, 0, 29.252549426521817, 73.99484536082268, 115.8417849332824, 53.79786450662483
85, 1603471909790032727, 0, 30.38659793814433, 73.99484536082474, 115.97938144329898, 53.81443298969072
86, 1603471909800799232, 0, 31.380549706462666, 73.96101360370521, 115.98490427098238, 53.81167157584149
87, 1603471909811566080, 0, 32.374501474781, 73.92718184658568, 115.9904270986658, 53.80891016199226
88, 1603471909822332928, 0, 33.36845324309934, 73.89335008946617, 115.99594992634923, 53.80614874814303
89, 1603471909833099727, 0, 34.36240501141767, 73.85951833234664, 116.00147275403265, 53.8033873342938
90, 1603471909843866624, 0, 35.356356779736004, 73.82568657522711, 116.00699558171607, 53.800625920444574
91, 1603471909854633216, 0, 36.35030854805434, 73.7918548181076, 116.01251840939949, 53.79786450659535
92, 1603471909865400064, 0, 37.344260316372676, 73.75802306098807, 116.01804123708291, 53.79510309274613
93, 1603471909876166727, 0, 38.33821208469101, 73.72419130386854, 116.02356406476633, 53.7923416788969
94, 1603471909886933248, 0, 39.33216385300934, 73.69035954674901, 116.02908689244975, 53.789580265047675
95, 1603471909897700096, 0, 40.32611562132767, 73.65652778962948, 116.03460972013318, 53.78681885119845
96, 1603471909908466944, 0, 41.32006738964601, 73.62269603250996, 116.0401325478166, 53.78405743734922
97, 1603471909919233727, 0, 42.314019157964346, 73.58886427539043, 116.0456553755, 53.7812960235
98, 1603471909930000896, 0, 42.87750479760331, 73.63374168788289, 116.05117820319168, 53.77853460965834
99, 1603471909940767744, 0, 43.44099043724226, 73.67861910037536, 116.05670103088335, 53.77577319581667
100, 1603471909951534848, 0, 44.00447607688122, 73.72349651286783, 116.06222385857501, 53.773011781975
101, 1603471909962301727, 0, 44.56796171652018, 73.76837392536028, 116.06774668626667, 53.77025036813333
102, 1603471909973068288, 0, 45.13144735615914, 73.81325133785273, 116.07326951395834, 53.767488954291665
103, 1603471909983835136, 0, 45.6949329957981, 73.8581287503452, 116.07879234165, 53.76472754045
104, 1603471909994601984, 0, 46.25841863543706, 73.90300616283767, 116.08431516934166, 53.76196612660833
105, 1603471910005368727, 0, 46.82190427507602, 73.94788357533014, 116.08983799703334, 53.75920471276666
106, 1603471910016135680, 0, 47.38538991471498, 73.9927609878226, 116.095360824725, 53.75644329892499
107, 1603471910026902272, 0, 47.94887555435394, 74.03763840031506, 116.10088365241667, 53.75368188508333
108, 1603471910037669120, 0, 48.5123611939929, 74.08251581280751, 116.10640648010833, 53.75092047124167
109, 1603471910048435727, 0, 49.07584683363186, 74.12739322529998, 116.1119293078, 53.7481590574
110, 1603471910059202304, 0, 49.4640625697843, 74.13291605298332, 116.11745213548332, 53.745397643558334
111, 1603471910069969152, 0, 49.85227830593675, 74.13843888066665, 116.12297496316666, 53.742636229716666
112, 1603471910080736000, 0, 50.240494042089196, 74.14396170834999, 116.12849779084999, 53.739874815875
113, 1603471910091502727, 0, 50.628709778241635, 74.14948453603333, 116.13402061853333, 53.73711340203333
114, 1603471910102269696, 0, 51.016925514394075, 74.15500736371666, 116.13954344621666, 53.73435198819166
115, 1603471910113036288, 0, 51.40514125054652, 74.1605301914, 116.1450662739, 53.73159057435
116, 1603471910123802880, 0, 51.79335698669897, 74.16605301908334, 116.15058910158334, 53.72882916050834
117, 1603471910134569727, 0, 52.18157272285141, 74.17157584676666, 116.15611192926669, 53.72606774666667
118, 1603471910145336832, 0, 52.56978845900386, 74.17709867445, 116.16163475695001, 53.723306332825004
119, 1603471910156103680, 0, 52.958004195156306, 74.18262150213333, 116.16715758463334, 53.720544918983336
120, 1603471910166870784, 0, 53.34621993130875, 74.18814432981667, 116.17268041231668, 53.71778350514167
121, 1603471910177637727, 0, 53.73443566746119, 74.1936671575, 116.17820324, 53.7150220913
122, 1603471910188404224, 0, 53.88834962292243, 74.19918998519168, 116.18372606769168, 53.71226067745833
123, 1603471910199171072, 0, 54.04226357838367, 74.20471281288334, 116.18924889538334, 53.709499263616664
124, 1603471910209937920, 0, 54.1961775338449, 74.21023564057501, 116.19477172307501, 53.706737849774996
125, 1603471910220704727, 0, 54.350091489306145, 74.21575846826667, 116.20029455076667, 53.70397643593333
126, 1603471910231471616, 0, 54.50400544476739, 74.22128129595833, 116.20581737845833, 53.70121502209166
127, 1603471910242238208, 0, 54.65791940022862, 74.22680412365, 116.21134020615, 53.69845360825
128, 1603471910253005056, 0, 54.81183335568986, 74.23232695134166, 116.21686303384166, 53.69569219440834
129, 1603471910263771727, 0, 54.965747311151105, 74.23784977903333, 116.22238586153331, 53.69293078056667
130, 1603471910274538240, 0, 55.11966126661234, 74.24337260672499, 116.22790868922499, 53.690169366725
131, 1603471910285305088, 0, 55.27357522207358, 74.24889543441665, 116.23343151691665, 53.68740795288333
132, 1603471910296071936, 0, 55.427489177534824, 74.25441826210832, 116.23895434460832, 53.684646539041665
133, 1603471910306838727, 0, 55.58140313299606, 74.2599410898, 116.2444771723, 53.6818851252
134, 1603471910317605632, 0, 55.57098042282979, 74.26546391748883, 116.2499999999881, 53.67912371135567
135, 1603471910328372224, 0, 55.56055771266352, 74.27098674517765, 116.25552282767622, 53.67636229751134
136, 1603471910339139072, 0, 55.55013500249724, 74.27650957286649, 116.26104565536433, 53.67360088366701
137, 1603471910349905727, 0, 55.539712292330975, 74.28203240055532, 116.26656848305244, 53.67083946982268
138, 1603471910360672512, 0, 55.52928958216471, 74.28755522824416, 116.27209131074056, 53.668078055978356
139, 1603471910371439616, 0, 55.51886687199843, 74.293078055933, 116.27761413842867, 53.66531664213402
140, 1603471910382206720, 0, 55.50844416183216, 74.29860088362182, 116.28313696611679, 53.66255522828969
141, 1603471910392973727, 0, 55.49802145166589, 74.30412371131065, 116.2886597938049, 53.659793814445365
142, 1603471910403740672, 0, 55.487598741499625, 74.30964653899949, 116.29418262149302, 53.65703240060103
143, 1603471910414507264, 0, 55.47717603133335, 74.31516936668831, 116.29970544918115, 53.6542709867567
144, 1603471910425274112, 0, 55.466753321167076, 74.32069219437714, 116.30522827686926, 53.65150957291237
145, 1603471910436040727, 0, 55.45633061100081, 74.32621502206598, 116.31075110455738, 53.648748159068035
146, 1603471910446807296, 0, 55.44590790083454, 74.33173784975482, 116.31627393224551, 53.64598674522371
147, 1603471910457574144, 0, 55.43548519066827, 74.33726067744365, 116.32179675993362, 53.64322533137938
148, 1603471910468340992, 0, 55.42506248050199, 74.34278350513247, 116.32731958762173, 53.640463917535044
149, 1603471910479107727, 0, 55.414639770335725, 74.34830633282131, 116.33284241530984, 53.63770250369072
150, 1603471910489874688, 0, 55.40421706016946, 74.35382916051014, 116.33836524299795, 53.63494108984639
151, 1603471910500641280, 0, 55.39379435000318, 74.35935198819897, 116.34388807068606, 53.63217967600207
152, 1603471910511408128, 0, 55.38337163983691, 74.36487481588779, 116.34941089837417, 53.62941826215774
153, 1603471910522174727, 0, 55.37294892967064, 74.37039764357662, 116.3549337260623, 53.62665684831342
154, 1603471910532941312, 0, 55.362526219504375, 74.37592047126546, 116.36045655375042, 53.623895434469084
155, 1603471910543708160, 0, 55.3521035093381, 74.38144329895428, 116.36597938143854, 53.62113402062475
156, 1603471910554475008, 0, 55.341680799171826, 74.38696612664312, 116.37150220912665, 53.61837260678042
157, 1603471910565241727, 0, 55.33125808900556, 74.39248895433195, 116.37702503681476, 53.615611192936086
158, 1603471910576008448, 0, 55.32083537883929, 74.39801178202079, 116.38254786450288, 53.61284977909176
159, 1603471910586775552, 0, 55.31041266867302, 74.40353460970962, 116.38807069219101, 53.61008836524743
160, 1603471910597542656, 0, 55.29998995850674, 74.40905743739845, 116.39359351987912, 53.607326951403095
161, 1603471910608309727, 0, 55.289567248340475, 74.41458026508728, 116.39911634756724, 53.60456553755877
162, 1603471910619076608, 0, 55.27914453817421, 74.42010309277612, 116.40463917525537, 53.601804123714444
163, 1603471910629843200, 0, 55.26872182800793, 74.42562592046494, 116.41016200294348, 53.59904270987011
164, 1603471910640610048, 0, 55.25829911784166, 74.43114874815377, 116.41568483063159, 53.59628129602578
165, 1603471910651376727, 0, 55.24787640767539, 74.43667157584261, 116.4212076583197, 53.593519882181454
166, 1603471910662143232, 0, 55.237453697509125, 74.44219440353145, 116.42673048600781, 53.59075846833712
167, 1603471910672910080, 0, 55.22703098734285, 74.44771723122028, 116.43225331369594, 53.58799705449279
168, 1603471910683676928, 0, 55.216608277176576, 74.4532400589091, 116.43777614138406, 53.585235640648456
169, 1603471910694443727, 0, 55.20618556701031, 74.45876288659794, 116.44329896907217, 53.58247422680412
170, 1603471910705210624, 0, 55.20908505154639, 74.45296391752578, 116.44329896907217, 53.58827319587629
171, 1603471910715977216, 0, 55.21198453608247, 74.4471649484536, 116.44329896907216, 53.59407216494846
172, 1603471910726744064, 0, 55.214884020618555, 74.44136597938144, 116.44329896907215, 53.599871134020624
173, 1603471910737510727, 0, 55.217783505154635, 74.43556701030928, 116.44329896907215, 53.60567010309279
174, 1603471910748277248, 0, 55.220682989690715, 74.42976804123711, 116.44329896907215, 53.61146907216496
175, 1603471910759044096, 0, 55.2235824742268, 74.42396907216495, 116.44329896907216, 53.617268041237125
176, 1603471910769810944, 0, 55.22648195876289, 74.41817010309279, 116.44329896907217, 53.62306701030929
177, 1603471910780577727, 0, 55.22938144329897, 74.41237113402062, 116.44329896907217, 53.62886597938146
178, 1603471910791344896, 0, 55.23228092783505, 74.40657216494846, 116.44329896907217, 53.63466494845362
179, 1603471910802111744, 0, 55.235180412371136, 74.4007731958763, 116.44329896907217, 53.640463917525786
180, 1603471910812878848, 0, 55.238079896907216, 74.39497422680412, 116.44329896907217, 53.64626288659795
181, 1603471910823645727, 0, 55.240979381443296, 74.38917525773196, 116.44329896907216, 53.65206185567011
182, 1603471910834412288, 0, 55.24387886597938, 74.3833762886598, 116.44329896907217, 53.65786082474228
183, 1603471910845179136, 0, 55.24677835051546, 74.37757731958763, 116.44329896907217, 53.663659793814446
184, 1603471910855945984, 0, 55.24967783505154, 74.37177835051546, 116.44329896907217, 53.66945876288661
185, 1603471910866712727, 0, 55.25257731958763, 74.3659793814433, 116.44329896907217, 53.67525773195878
186, 1603471910877479680, 0, 55.25547680412371, 74.36018041237114, 116.44329896907217, 53.68105670103094
187, 1603471910888246272, 0, 55.25837628865979, 74.35438144329896, 116.44329896907217, 53.68685567010311
188, 1603471910899013120, 0, 55.26127577319588, 74.3485824742268, 116.44329896907217, 53.692654639175274
189, 1603471910909779727, 0, 55.26417525773196, 74.34278350515464, 116.44329896907217, 53.69845360824743
190, 1603471910920546304, 0, 55.267074742268036, 74.33698453608247, 116.44329896907217, 53.7042525773196
191, 1603471910931313152, 0, 55.26997422680412, 74.33118556701031, 116.44329896907216, 53.71005154639177
192, 1603471910942080000, 0, 55.27287371134021, 74.32538659793815, 116.44329896907215, 53.715850515463934
193, 1603471910952846727, 0, 55.27577319587629, 74.31958762886597, 116.44329896907215, 53.7216494845361
194, 1603471910963613696, 0, 55.27867268041237, 74.31378865979381, 116.44329896907215, 53.72744845360826
195, 1603471910974380288, 0, 55.28157216494846, 74.30798969072166, 116.44329896907216, 53.73324742268043
196, 1603471910985146880, 0, 55.28447164948454, 74.30219072164948, 116.44329896907217, 53.739046391752595
197, 1603471910995913727, 0, 55.28737113402062, 74.29639175257732, 116.44329896907217, 53.744845360824755
198, 1603471911006680832, 0, 55.290270618556704, 74.29059278350516, 116.44329896907217, 53.75064432989692
199, 1603471911017447680, 0, 55.293170103092784, 74.28479381443299, 116.44329896907217, 53.75644329896909
200, 1603471911028214784, 0, 55.296069587628864, 74.27899484536081, 116.44329896907217, 53.762242268041255
201, 1603471911038981727, 0, 55.29896907216495, 74.27319587628865, 116.44329896907216, 53.76804123711342
202, 1603471911049748224, 0, 55.30186855670103, 74.2673969072165, 116.44329896907217, 53.77384020618558
203, 1603471911060515072, 0, 55.30476804123711, 74.26159793814432, 116.44329896907217, 53.77963917525775
204, 1603471911071281920, 0, 55.3076675257732, 74.25579896907216, 116.44329896907217, 53.785438144329916
205, 1603471911082048727, 0, 55.31056701030928, 74.25, 116.44329896907217, 53.791237113402076
206, 1603471911092815616, 0, 55.31346649484536, 74.24420103092783, 116.44329896907217, 53.79703608247424
207, 1603471911103582208, 0, 55.316365979381445, 74.23840206185567, 116.44329896907217, 53.80283505154641
208, 1603471911114349056, 0, 55.319265463917525, 74.2326030927835, 116.44329896907217, 53.80863402061858
209, 1603471911125115727, 0, 55.322164948453604, 74.22680412371133, 116.44329896907217, 53.814432989690744
210, 1603471911135882240, 0, 55.32506443298969, 74.22100515463917, 116.44329896907217, 53.8202319587629
211, 1603471911146649088, 0, 55.32796391752577, 74.21520618556701, 116.44329896907217, 53.82603092783507
212, 1603471911157415936, 0, 55.33086340206185, 74.20940721649484, 116.44329896907217, 53.83182989690724
213, 1603471911168182727, 0, 55.33376288659794, 74.20360824742268, 116.44329896907216, 53.8376288659794
214, 1603471911178949632, 0, 55.33666237113402, 74.19780927835052, 116.44329896907217, 53.84342783505156
215, 1603471911189716224, 0, 55.3395618556701, 74.19201030927834, 116.44329896907217, 53.849226804123724
216, 1603471911200483072, 0, 55.342461340206185, 74.18621134020619, 116.44329896907217, 53.85502577319589
217, 1603471911211249727, 0, 55.345360824742265, 74.18041237113403, 116.44329896907217, 53.86082474226805
218, 1603471911222016512, 0, 55.348260309278345, 74.17461340206185, 116.44329896907217, 53.86662371134022
219, 1603471911232783616, 0, 55.35115979381443, 74.16881443298969, 116.44329896907217, 53.872422680412384
220, 1603471911243550720, 0, 55.35405927835052, 74.16301546391753, 116.44329896907217, 53.87822164948455
221, 1603471911254317727, 0, 55.3569587628866, 74.15721649484536, 116.44329896907217, 53.88402061855672
222, 1603471911265084672, 0, 55.35985824742268, 74.1514175257732, 116.44329896907217, 53.88981958762888
223, 1603471911275851264, 0, 55.362757731958766, 74.14561855670104, 116.44329896907217, 53.895618556701045
224, 1603471911286618112, 0, 55.365657216494846, 74.13981958762886, 116.44329896907217, 53.90141752577321
225, 1603471911297384727, 0, 55.368556701030926, 74.1340206185567, 116.44329896907219, 53.90721649484537
226, 1603471911308151296, 0, 55.37145618556701, 74.12822164948454, 116.44329896907217, 53.91301546391754
227, 1603471911318918144, 0, 55.37435567010309, 74.12242268041237, 116.44329896907217, 53.918814432989706
228, 1603471911329684992, 0, 55.37725515463917, 74.1166237113402, 116.44329896907217, 53.92461340206187
229, 1603471911340451727, 0, 55.38015463917526, 74.11082474226804, 116.44329896907217, 53.93041237113404
230, 1603471911351218688, 0, 55.38305412371134, 74.10502577319588, 116.44329896907217, 53.9362113402062
231, 1603471911361985280, 0, 55.38595360824742, 74.0992268041237, 116.44329896907217, 53.942010309278366
232, 1603471911372752128, 0, 55.388853092783506, 74.09342783505154, 116.44329896907217, 53.94780927835053
233, 1603471911383518727, 0, 55.391752577319586, 74.08762886597938, 116.44329896907217, 53.95360824742269
234, 1603471911394285312, 0, 55.394652061855666, 74.08182989690721, 116.44329896907217, 53.95940721649486
235, 1603471911405052160, 0, 55.39755154639175, 74.07603092783505, 116.44329896907217, 53.96520618556703
236, 1603471911415819008, 0, 55.40045103092784, 74.07023195876289, 116.44329896907217, 53.971005154639194
237, 1603471911426585727, 0, 55.40335051546392, 74.06443298969072, 116.44329896907217, 53.97680412371136
238, 1603471911437352448, 0, 55.40625, 74.05863402061856, 116.44329896907217, 53.98260309278352
239, 1603471911448119552, 0, 55.40914948453609, 74.0528350515464, 116.44329896907217, 53.98840206185569
240, 1603471911458886656, 0, 55.41204896907217, 74.04703608247422, 116.44329896907217, 53.994201030927854
241, 1603471911469653727, 0, 55.41494845360825, 74.04123711340206, 116.44329896907217, 54.000000000000014
242, 1603471911480420608, 0, 55.417847938144334, 74.0354381443299, 116.44329896907217, 54.00579896907218
243, 1603471911491187200, 0, 55.420747422680414, 74.02963917525773, 116.44329896907217, 54.01159793814435
244, 1603471911501954048, 0, 55.423646907216494, 74.02384020618555, 116.44329896907217, 54.017396907216515
245, 1603471911512720727, 0, 55.42654639175258, 74.0180412371134, 116.44329896907219, 54.02319587628868
246, 1603471911523487232, 0, 55.42944587628866, 74.01224226804123, 116.44329896907217, 54.02899484536084
247, 1603471911534254080, 0, 55.43234536082474, 74.00644329896906, 116.44329896907217, 54.034793814433
248, 1603471911545020928, 0, 55.43524484536083, 74.0006443298969, 116.44329896907217, 54.04059278350516
249, 1603471911555787727, 0, 55.43814432989691, 73.99484536082474, 116.44329896907217, 54.04639175257732
250, 1603471911566554624, 0, 55.51613753514599, 73.9993598540637, 116.46649484536017, 54.037693298968804
251, 1603471911577321216, 0, 55.59413074039506, 74.00387434730266, 116.48969072164817, 54.02899484536028
252, 1603471911588088064, 0, 55.67212394564414, 74.00838884054161, 116.51288659793616, 54.02029639175176
253, 1603471911598854727, 0, 55.75011715089322, 74.01290333378057, 116.53608247422416, 54.01159793814324
254, 1603471911609621248, 0, 55.8281103561423, 74.01741782701953, 116.55927835051216, 54.00289948453472
255, 1603471911620388096, 0, 55.906103561391376, 74.02193232025849, 116.58247422680017, 53.9942010309262
256, 1603471911631154944, 0, 55.98409676664045, 74.02644681349744, 116.60567010308817, 53.985502577317675
257, 1603471911641921727, 0, 56.06208997188953, 74.03096130673642, 116.62886597937617, 53.97680412370916
258, 1603471911652688896, 0, 56.14008317713861, 74.03547579997539, 116.65206185566416, 53.96810567010063
259, 1603471911663455744, 0, 56.21807638238768, 74.03999029321434, 116.67525773195216, 53.9594072164921
260, 1603471911674222848, 0, 56.29606958763676, 74.0445047864533, 116.69845360824016, 53.95070876288358
261, 1603471911684989727, 0, 56.37406279288584, 74.04901927969226, 116.72164948452814, 53.94201030927505
262, 1603471911695756288, 0, 56.45205599813492, 74.05353377293122, 116.74484536081613, 53.933311855666524
263, 1603471911706523136, 0, 56.530049203383996, 74.05804826617018, 116.76804123710413, 53.924613402058
264, 1603471911717289984, 0, 56.60804240863307, 74.06256275940913, 116.79123711339213, 53.915914948449476
265, 1603471911728056727, 0, 56.68603561388215, 74.06707725264809, 116.81443298968011, 53.90721649484095
266, 1603471911738823680, 0, 56.76402881913123, 74.07159174588705, 116.83762886596811, 53.898518041232435
267, 1603471911749590272, 0, 56.8420220243803, 74.076106239126, 116.86082474225611, 53.88981958762391
268, 1603471911760357120, 0, 56.92001522962938, 74.08062073236496, 116.88402061854413, 53.88112113401539
269, 1603471911771123727, 0, 56.99800843487846, 74.08513522560392, 116.90721649483213, 53.87242268040687
270, 1603471911781890304, 0, 57.07600164012754, 74.08964971884288, 116.93041237112013, 53.86372422679834
271, 1603471911792657152, 0, 57.153994845376616, 74.09416421208184, 116.95360824740811, 53.855025773189816
272, 1603471911803424000, 0, 57.23198805062569, 74.0986787053208, 116.97680412369611, 53.84632731958129
273, 1603471911814190727, 0, 57.30998125587477, 74.10319319855977, 116.99999999998411, 53.83762886597276
274, 1603471911824957696, 0, 57.38797446112385, 74.10770769179874, 117.0231958762721, 53.82893041236424
275, 1603471911835724288, 0, 57.46596766637292, 74.1122221850377, 117.0463917525601, 53.82023195875571
276, 1603471911846490880, 0, 57.543960871622, 74.11673667827665, 117.0695876288481, 53.81153350514719
277, 1603471911857257727, 0, 57.62195407687108, 74.12125117151561, 117.09278350513608, 53.802835051538665
278, 1603471911868024832, 0, 57.699947282120156, 74.12576566475457, 117.11597938142408, 53.79413659793015
279, 1603471911878791680, 0, 57.777940487369236, 74.13028015799352, 117.13917525771208, 53.785438144321624
280, 1603471911889558784, 0, 57.855933692618315, 74.13479465123248, 117.16237113400008, 53.7767396907131
281, 1603471911900325727, 0, 57.933926897867394, 74.13930914447144, 117.18556701028808, 53.76804123710458
282, 1603471911911092224, 0, 58.01192010311647, 74.1438236377104, 117.20876288657607, 53.75934278349606
283, 1603471911921859072, 0, 58.08991330836555, 74.14833813094936, 117.23195876286407, 53.750644329887535
284, 1603471911932625920, 0, 58.167906513614625, 74.15285262418831, 117.25515463915207, 53.74194587627901
285, 1603471911943392727, 0, 58.245899718863704, 74.15736711742727, 117.27835051544005, 53.73324742267049
286, 1603471911954159616, 0, 58.32389292411278, 74.16188161066623, 117.30154639172805, 53.72454896906196
287, 1603471911964926208, 0, 58.401886129361856, 74.16639610390519, 117.32474226801605, 53.71585051545344
288, 1603471911975693056, 0, 58.479879334610935, 74.17091059714414, 117.34793814430407, 53.707152061844916
289, 1603471911986459727, 0, 58.557872539860014, 74.17542509038311, 117.37113402059207, 53.69845360823639
290, 1603471911997226240, 0, 58.63586574510909, 74.17993958362209, 117.39432989688007, 53.68975515462786
291, 1603471912007993088, 0, 58.71385895035817, 74.18445407686104, 117.41752577316805, 53.68105670101934
292, 1603471912018759936, 0, 58.791852155607245, 74.1889685701, 117.44072164945605, 53.67235824741081
293, 1603471912029526727, 0, 58.869845360856324, 74.19348306333896, 117.46391752574405, 53.66365979380228
294, 1603471912040293632, 0, 58.9478385661054, 74.19799755657792, 117.48711340203204, 53.654961340193765
295, 1603471912051060224, 0, 59.025831771354476, 74.20251204981687, 117.51030927832004, 53.64626288658524
296, 1603471912061827072, 0, 59.103824976603555, 74.20702654305583, 117.53350515460804, 53.63756443297672
297, 1603471912072593727, 0, 59.181818181852634, 74.21154103629479, 117.55670103089602, 53.6288659793682
298, 1603471912083360512, 0, 59.25981138710171, 74.21605552953375, 117.57989690718402, 53.620167525759676
299, 1603471912094127616, 0, 59.33780459235079, 74.2205700227727, 117.60309278347202, 53.61146907215115
300, 1603471912104894720, 0, 59.415797797599865, 74.22508451601166, 117.62628865976002, 53.60277061854263
301, 1603471912115661727, 0, 59.493791002848944, 74.22959900925062, 117.64948453604802, 53.594072164934104
302, 1603471912126428672, 0, 59.57178420809802, 74.23411350248958, 117.67268041233602, 53.58537371132558
303, 1603471912137195264, 0, 59.649777413347095, 74.23862799572854, 117.69587628862402, 53.576675257717056
304, 1603471912147962112, 0, 59.727770618596175, 74.2431424889675, 117.719072164912, 53.567976804108525
305, 1603471912158728727, 0, 59.805763823845254, 74.24765698220646, 117.7422680412, 53.5592783505
306, 1603471912169495296, 0, 59.98138277104758, 74.2661180100097, 117.76546391749022, 53.5505798968924
307, 1603471912180262144, 0, 60.1570017182499, 74.28457903781296, 117.78865979378043, 53.54188144328481
308, 1603471912191028992, 0, 60.332620665452225, 74.30304006561622, 117.81185567007063, 53.53318298967721
309, 1603471912201795727, 0, 60.50823961265455, 74.32150109341947, 117.83505154636084, 53.52448453606961
310, 1603471912212562688, 0, 60.68385855985687, 74.33996212122273, 117.85824742265103, 53.515786082462
311, 1603471912223329280, 0, 60.8594775070592, 74.35842314902598, 117.88144329894124, 53.50708762885439
312, 1603471912234096128, 0, 61.03509645426152, 74.37688417682924, 117.90463917523144, 53.498389175246785
313, 1603471912244862727, 0, 61.21071540146385, 74.39534520463249, 117.92783505152164, 53.48969072163918
314, 1603471912255629312, 0, 61.386334348666175, 74.41380623243575, 117.95103092781184, 53.48099226803157
315, 1603471912266396160, 0, 61.5619532958685, 74.432267260239, 117.97422680410205, 53.47229381442397
316, 1603471912277163008, 0, 61.73757224307082, 74.45072828804226, 117.99742268039225, 53.46359536081637
317, 1603471912287929727, 0, 61.913191190273146, 74.46918931584551, 118.02061855668245, 53.45489690720876
318, 1603471912298696448, 0, 62.08881013747547, 74.48765034364877, 118.04381443297265, 53.44619845360116
319, 1603471912309463552, 0, 62.26442908467779, 74.50611137145202, 118.06701030926287, 53.43749999999356
320, 1603471912320230656, 0, 62.44004803188012, 74.52457239925528, 118.09020618555309, 53.42880154638596
321, 1603471912330997727, 0, 62.61566697908244, 74.54303342705852, 118.11340206184329, 53.42010309277836
322, 1603471912341764608, 0, 62.79128592628477, 74.56149445486176, 118.13659793813349, 53.41140463917076
323, 1603471912352531200, 0, 62.966904873487096, 74.57995548266501, 118.15979381442371, 53.40270618556316
324, 1603471912363298048, 0, 63.14252382068942, 74.59841651046827, 118.18298969071392, 53.39400773195556
325, 1603471912374064727, 0, 63.31814276789174, 74.61687753827152, 118.20618556700413, 53.38530927834796
326, 1603471912384831232, 0, 63.49376171509407, 74.63533856607478, 118.22938144329433, 53.376610824740354
327, 1603471912395598080, 0, 63.66938066229639, 74.65379959387803, 118.25257731958453, 53.367912371132746
328, 1603471912406364928, 0, 63.844999609498714, 74.67226062168129, 118.27577319587473, 53.35921391752514
329, 1603471912417131727, 0, 64.02061855670104, 74.69072164948454, 118.29896907216495, 53.35051546391753
330, 1603471912427898624, 0, 64.37200997237521, 74.68731049120719, 118.25807038309878, 53.33345967252815
331, 1603471912438665216, 0, 64.72340138804938, 74.68389933292983, 118.2171716940326, 53.31640388113877
332, 1603471912449432064, 0, 65.07479280372355, 74.68048817465247, 118.17627300496643, 53.29934808974939
333, 1603471912460198727, 0, 65.42618421939773, 74.67707701637511, 118.13537431590026, 53.282292298360005
334, 1603471912470965248, 0, 65.7775756350719, 74.67366585809775, 118.0944756268341, 53.26523650697062
335, 1603471912481732096, 0, 66.12896705074607, 74.67025469982039, 118.05357693776793, 53.24818071558124
336, 1603471912492498944, 0, 66.48035846642024, 74.66684354154303, 118.01267824870176, 53.23112492419186
337, 1603471912503265727, 0, 66.83174988209441, 74.66343238326567, 117.97177955963559, 53.21406913280248
338, 1603471912514032896, 0, 67.18314129776859, 74.66002122498831, 117.93088087056942, 53.1970133414131
339, 1603471912524799744, 0, 67.53453271344276, 74.65661006671095, 117.88998218150326, 53.179957550023715
340, 1603471912535566848, 0, 67.88592412911692, 74.65319890843358, 117.84908349243707, 53.162901758634334
341, 1603471912546333727, 0, 68.23731554479109, 74.64978775015622, 117.8081848033709, 53.14584596724495
342, 1603471912557100288, 0, 68.58870696046526, 74.64637659187886, 117.76728611430474, 53.12879017585557
343, 1603471912567867136, 0, 68.94009837613943, 74.6429654336015, 117.72638742523857, 53.11173438446619
344, 1603471912578633984, 0, 69.2914897918136, 74.63955427532414, 117.6854887361724, 53.09467859307681
345, 1603471912589400727, 0, 69.64288120748778, 74.63614311704679, 117.64459004710623, 53.077622801687426
346, 1603471912600167680, 0, 69.99427262316195, 74.63273195876943, 117.60369135804007, 53.060567010298044
347, 1603471912610934272, 0, 70.34566403883612, 74.62932080049207, 117.5627926689739, 53.04351121890866
348, 1603471912621701120, 0, 70.69705545451029, 74.62590964221471, 117.52189397990773, 53.02645542751928
349, 1603471912632467727, 0, 71.04844687018446, 74.62249848393735, 117.48099529084156, 53.0093996361299
350, 1603471912643234304, 0, 71.39983828585864, 74.61908732565999, 117.4400966017754, 52.99234384474052
351, 1603471912654001152, 0, 71.75122970153281, 74.61567616738263, 117.39919791270923, 52.975288053351136
352, 1603471912664768000, 0, 72.10262111720698, 74.61226500910527, 117.35829922364306, 52.958232261961754
353, 1603471912675534727, 0, 72.45401253288115, 74.60885385082791, 117.31740053457689, 52.94117647057237
354, 1603471912686301696, 0, 72.80540394855532, 74.60544269255055, 117.27650184551072, 52.92412067918299
355, 1603471912697068288, 0, 73.15679536422948, 74.60203153427318, 117.23560315644454, 52.90706488779361
356, 1603471912707834880, 0, 73.50818677990365, 74.59862037599582, 117.19470446737837, 52.89000909640423
357, 1603471912718601727, 0, 73.85957819557782, 74.59520921771846, 117.1538057783122, 52.872953305014846
358, 1603471912729368832, 0, 74.210969611252, 74.5917980594411, 117.11290708924604, 52.855897513625465
359, 1603471912740135680, 0, 74.56236102692617, 74.58838690116374, 117.07200840017987, 52.83884172223608
360, 1603471912750902784, 0, 74.91375244260034, 74.58497574288639, 117.0311097111137, 52.8217859308467
361, 1603471912761669727, 0, 75.26514385827451, 74.58156458460903, 116.99021102204753, 52.80473013945732
362, 1603471912772436224, 0, 75.61653527394868, 74.57815342633167, 116.94931233298136, 52.78767434806794
363, 1603471912783203072, 0, 75.96792668962286, 74.57474226805431, 116.9084136439152, 52.770618556678556
364, 1603471912793969920, 0, 76.31931810529703, 74.57133110977695, 116.86751495484903, 52.753562765289175
365, 1603471912804736727, 0, 76.6707095209712, 74.56791995149959, 116.82661626578286, 52.7365069738998
366, 1603471912815503616, 0, 77.17423438452332, 74.56450879322142, 116.76389662087921, 52.71945118251182
367, 1603471912826270208, 0, 77.67775924807545, 74.56109763494324, 116.70117697597556, 52.702395391123844
368, 1603471912837037056, 0, 78.18128411162758, 74.55768647666505, 116.6384573310719, 52.68533959973586
369, 1603471912847803727, 0, 78.68480897517969, 74.55427531838689, 116.57573768616825, 52.66828380834788
370, 1603471912858570240, 0, 79.18833383873182, 74.55086416010872, 116.5130180412646, 52.651228016959905
371, 1603471912869337088, 0, 79.69185870228395, 74.54745300183053, 116.45029839636095, 52.63417222557192
372, 1603471912880103936, 0, 80.19538356583607, 74.54404184355235, 116.38757875145728, 52.61711643418394
373, 1603471912890870727, 0, 80.6989084293882, 74.54063068527418, 116.32485910655363, 52.60006064279597
374, 1603471912901637632, 0, 81.20243329294033, 74.53721952699601, 116.26213946164998, 52.58300485140799
375, 1603471912912404224, 0, 81.70595815649244, 74.53380836871783, 116.19941981674634, 52.56594906002002
376, 1603471912923171072, 0, 82.20948302004457, 74.53039721043965, 116.13670017184269, 52.54889326863204
377, 1603471912933937727, 0, 82.7130078835967, 74.52698605216148, 116.07398052693904, 52.53183747724407
378, 1603471912944704512, 0, 83.21653274714882, 74.5235748938833, 116.01126088203539, 52.51478168585609
379, 1603471912955471616, 0, 83.72005761070095, 74.52016373560512, 115.94854123713174, 52.49772589446811
380, 1603471912966238720, 0, 84.22358247425308, 74.51675257732694, 115.88582159222808, 52.48067010308013
381, 1603471912977005727, 0, 84.7271073378052, 74.51334141904877, 115.82310194732443, 52.463614311692155
382, 1603471912987772672, 0, 85.23063220135731, 74.50993026077059, 115.76038230242078, 52.44655852030418
383, 1603471912998539264, 0, 85.73415706490944, 74.5065191024924, 115.69766265751713, 52.429502728916205
384, 1603471913009306112, 0, 86.23768192846157, 74.50310794421424, 115.63494301261348, 52.41244693752823
385, 1603471913020072727, 0, 86.74120679201368, 74.49969678593605, 115.57222336770982, 52.395391146140256
386, 1603471913030839296, 0, 87.24473165556581, 74.49628562765787, 115.50950372280617, 52.37833535475228
387, 1603471913041606144, 0, 87.74825651911794, 74.4928744693797, 115.44678407790252, 52.361279563364306
388, 1603471913052372992, 0, 88.25178138267006, 74.48946331110153, 115.38406443299888, 52.34422377197633
389, 1603471913063139727, 0, 88.75530624622219, 74.48605215282335, 115.32134478809523, 52.32716798058836
390, 1603471913073906688, 0, 89.25883110977432, 74.48264099454516, 115.25862514319158, 52.31011218920038
391, 1603471913084673280, 0, 89.76235597332644, 74.479229836267, 115.19590549828791, 52.2930563978124
392, 1603471913095440128, 0, 90.26588083687857, 74.47581867798883, 115.13318585338426, 52.27600060642442
393, 1603471913106206727, 0, 90.7694057004307, 74.47240751971064, 115.07046620848061, 52.25894481503644
394, 1603471913116973312, 0, 91.27293056398281, 74.46899636143246, 115.00774656357696, 52.24188902364847
395, 1603471913127740160, 0, 91.77645542753494, 74.46558520315429, 114.9450269186733, 52.224833232260494
396, 1603471913138507008, 0, 92.27998029108707, 74.46217404487612, 114.88230727376964, 52.20777744087252
397, 1603471913149273727, 0, 92.78350515463919, 74.45876288659794, 114.81958762886599, 52.19072164948454
398, 1603471913160040448, 0, 93.405518281962, 74.46359536082304, 114.80646625411796, 52.210051546393515
399, 1603471913170807552, 0, 94.02753140928482, 74.46842783504812, 114.79334487936993, 52.229381443302486
400, 1603471913181574656, 0, 94.64954453660764, 74.4732603092732, 114.7802235046219, 52.248711340211464
401, 1603471913192341727, 0, 95.27155766393045, 74.47809278349828, 114.76710212987388, 52.26804123712044
402, 1603471913203108608, 0, 95.89357079125327, 74.48292525772337, 114.75398075512584, 52.28737113402942
403, 1603471913213875200, 0, 96.51558391857608, 74.48775773194845, 114.74085938037781, 52.3067010309384
404, 1603471913224642048, 0, 97.1375970458989, 74.49259020617353, 114.72773800562979, 52.32603092784738
405, 1603471913235408727, 0, 97.75961017322172, 74.49742268039863, 114.71461663088175, 52.345360824756355
406, 1603471913246175232, 0, 98.38162330054453, 74.50225515462373, 114.70149525613371, 52.36469072166534
407, 1603471913256942080, 0, 99.00363642786735, 74.50708762884881, 114.68837388138569, 52.38402061857432
408, 1603471913267708928, 0, 99.62564955519017, 74.51192010307389, 114.67525250663766, 52.4033505154833
409, 1603471913278475727, 0, 100.24766268251298, 74.51675257729897, 114.66213113188962, 52.42268041239228
410, 1603471913289242624, 0, 100.8696758098358, 74.52158505152406, 114.64900975714158, 52.44201030930127
411, 1603471913300009216, 0, 101.49168893715861, 74.52641752574914, 114.63588838239355, 52.461340206210245
412, 1603471913310776064, 0, 102.11370206448143, 74.53124999997422, 114.6227670076455, 52.48067010311922
413, 1603471913321542727, 0, 102.73571519180426, 74.5360824741993, 114.60964563289748, 52.50000000002821
414, 1603471913332309248, 0, 103.35772831912708, 74.54091494842439, 114.59652425814946, 52.51932989693719
415, 1603471913343076096, 0, 103.97974144644989, 74.54574742264947, 114.58340288340142, 52.538659793846165
416, 1603471913353842944, 0, 104.60175457377271, 74.55057989687455, 114.57028150865338, 52.55798969075514
417, 1603471913364609727, 0, 105.22376770109553, 74.55541237109965, 114.55716013390536, 52.57731958766412
418, 1603471913375376896, 0, 105.84578082841834, 74.56024484532475, 114.54403875915733, 52.5966494845731
419, 1603471913386143744, 0, 106.46779395574116, 74.56507731954983, 114.53091738440929, 52.61597938148208
420, 1603471913396910848, 0, 107.08980708306397, 74.56990979377491, 114.51779600966125, 52.635309278391055
421, 1603471913407677727, 0, 107.71182021038679, 74.574742268, 114.50467463491323, 52.654639175300034
422, 1603471913418444288, 0, 108.47189471192996, 74.57957474222852, 114.35349188594992, 52.673969072205495
423, 1603471913429211136, 0, 109.23196921347312, 74.58440721645704, 114.2023091369866, 52.69329896911095
424, 1603471913439977984, 0, 109.99204371501628, 74.58923969068556, 114.05112638802329, 52.7126288660164
425, 1603471913450744727, 0, 110.75211821655944, 74.59407216491408, 113.89994363905998, 52.73195876292186
426, 1603471913461511680, 0, 111.5121927181026, 74.5989046391426, 113.74876089009668, 52.75128865982731
427, 1603471913472278272, 0, 112.27226721964576, 74.60373711337112, 113.59757814113337, 52.770618556732764
428, 1603471913483045120, 0, 113.03234172118891, 74.60856958759965, 113.44639539217007, 52.78994845363822
429, 1603471913493811727, 0, 113.79241622273209, 74.61340206182818, 113.29521264320677, 52.809278350543664
430, 1603471913504578304, 0, 114.55249072427526, 74.6182345360567, 113.14402989424346, 52.82860824744912
431, 1603471913515345152, 0, 115.31256522581842, 74.62306701028523, 112.99284714528014, 52.84793814435457
432, 1603471913526112000, 0, 116.07263972736158, 74.62789948451375, 112.84166439631683, 52.867268041260026
433, 1603471913536878727, 0, 116.83271422890473, 74.63273195874227, 112.69048164735352, 52.88659793816548
434, 1603471913547645696, 0, 117.5927887304479, 74.63756443297079, 112.5392988983902, 52.90592783507094
435, 1603471913558412288, 0, 118.35286323199107, 74.64239690719931, 112.38811614942689, 52.925257731976394
436, 1603471913569178880, 0, 119.11293773353424, 74.64722938142783, 112.23693340046358, 52.94458762888185
437, 1603471913579945727, 0, 119.8730122350774, 74.65206185565636, 112.08575065150026, 52.96391752578731
438, 1603471913590712832, 0, 120.63308673662056, 74.65689432988489, 111.93456790253695, 52.98324742269276
439, 1603471913601479680, 0, 121.39316123816371, 74.66172680411341, 111.78338515357365, 53.00257731959822
440, 1603471913612246784, 0, 122.15323573970687, 74.66655927834194, 111.63220240461035, 53.02190721650367
441, 1603471913623013727, 0, 122.91331024125004, 74.67139175257046, 111.48101965564705, 53.041237113409125
442, 1603471913633780224, 0, 123.67338474279322, 74.67622422679898, 111.32983690668374, 53.06056701031458
443, 1603471913644547072, 0, 124.43345924433638, 74.6810567010275, 111.17865415772043, 53.07989690722003
444, 1603471913655313920, 0, 125.19353374587953, 74.68588917525602, 111.02747140875712, 53.09922680412548
445, 1603471913666080727, 0, 125.9536082474227, 74.69072164948454, 110.87628865979381, 53.11855670103093
446, 1603471913676847616, 0, 126.739214796167, 74.6872944227134, 110.64028263387223, 53.11473521647319
447, 1603471913687614208, 0, 127.52482134491132, 74.68386719594227, 110.40427660795066, 53.11091373191545
448, 1603471913698381056, 0, 128.31042789365563, 74.68043996917112, 110.1682705820291, 53.10709224735771
449, 1603471913709147727, 0, 129.09603444239994, 74.67701274239998, 109.93226455610753, 53.10327076279997
450, 1603471913719914240, 0, 129.88164099112493, 74.67358551564996, 109.38958325775567, 53.09944927822496
451, 1603471913730681088, 0, 130.66724753984988, 74.67015828889996, 108.84690195940382, 53.095627793649946
452, 1603471913741447936, 0, 131.45285408857484, 74.66673106214994, 108.30422066105197, 53.09180630907493
453, 1603471913752214727, 0, 132.23846063729982, 74.66330383539992, 107.76153936270012, 53.08798482449992
454, 1603471913762981632, 0, 133.02406718604985, 74.6598766086249, 106.9759328139501, 53.08416333992491
455, 1603471913773748224, 0, 133.80967373479987, 74.6564493818499, 106.19032626520007, 53.080341855349914
456, 1603471913784515072, 0, 134.5952802835499, 74.6530221550749, 105.40471971645005, 53.076520370774915
457, 1603471913795281727, 0, 135.38088683229992, 74.64959492829988, 104.61911316770004, 53.072698886199916
458, 1603471913806048512, 0, 136.1664933810345, 74.6461677015248, 103.83350661896543, 53.06887740162488
459, 1603471913816815616, 0, 136.95209992976913, 74.64274047474973, 103.04790007023084, 53.06505591704985
460, 1603471913827582720, 0, 137.73770647850372, 74.63931324797466, 102.26229352149625, 53.06123443247481
461, 1603471913838349727, 0, 138.52331302723832, 74.63588602119957, 101.47668697276166, 53.05741294789978
462, 1603471913849116672, 0, 139.51393363407675, 74.63245879443292, 100.48606636592322, 53.05359146332478
463, 1603471913859883264, 0, 140.50455424091518, 74.62903156766626, 99.4954457590848, 53.04976997874977
464, 1603471913870650112, 0, 141.49517484775362, 74.6256043408996, 98.50482515224638, 53.045948494174766
465, 1603471913881416727, 0, 142.48579545459202, 74.62217711413294, 97.51420454540795, 53.04212700959977
466, 1603471913892183296, 0, 143.47641606143043, 74.61874988736628, 96.52358393856954, 53.03830552502477
467, 1603471913902950144, 0, 144.46703666826886, 74.61532266059962, 95.53296333173112, 53.03448404044977
468, 1603471913913716992, 0, 145.4576572751073, 74.61189543383296, 94.5423427248927, 53.03066255587477
469, 1603471913924483727, 0, 146.4482778819457, 74.6084682070663, 93.5517221180543, 53.02684107129977
470, 1603471913935250688, 0, 147.4388984887841, 74.60504098029963, 92.56110151121587, 53.02301958672477
471, 1603471913946017280, 0, 148.42951909562254, 74.60161375353297, 91.57048090437743, 53.01919810214977
472, 1603471913956784128, 0, 149.42013970246097, 74.59818652676631, 90.579860297539, 53.01537661757477
473, 1603471913967550727, 0, 150.4107603092994, 74.59475929999967, 89.58923969070058, 53.01155513299977
474, 1603471913978317312, 0, 151.19150885498124, 74.59133207323302, 88.80849114501876, 53.007733648424775
475, 1603471913989084160, 0, 151.97225740066304, 74.58790484646639, 88.02774259933696, 53.00391216384979
476, 1603471913999851008, 0, 152.75300594634484, 74.58447761969975, 87.24699405365514, 53.000090679274805
477, 1603471914010617727, 0, 153.53375449202667, 74.58105039293311, 86.46624550797333, 52.99626919469982
478, 1603471914021384448, 0, 154.3145030377085, 74.57762316616646, 85.6854969622915, 52.992447710124836
479, 1603471914032151552, 0, 155.0952515833903, 74.57419593939983, 84.90474841660968, 52.98862622554985
480, 1603471914042918656, 0, 155.8760001290721, 74.57076871263318, 84.12399987092786, 52.984804740974866
481, 1603471914053685727, 0, 156.65674867475394, 74.56734148586654, 83.34325132524603, 52.98098325639988
482, 1603471914064452608, 0, 157.43749722043577, 74.5639142590999, 82.56250277956421, 52.977161771824896
483, 1603471914075219200, 0, 158.21824576611758, 74.56048703233326, 81.7817542338824, 52.97334028724991
484, 1603471914085986048, 0, 158.99899431179938, 74.55705980556661, 81.00100568820058, 52.969518802674926
485, 1603471914096752727, 0, 159.7797428574812, 74.55363257879998, 80.22025714251876, 52.96569731809994
486, 1603471914107519232, 0, 160.74593374479105, 74.55020535202928, 79.25406625520893, 52.961875833528936
487, 1603471914118286080, 0, 161.71212463210088, 74.54677812525858, 78.2878753678991, 52.95805434895792
488, 1603471914129052928, 0, 162.67831551941072, 74.54335089848789, 77.32168448058928, 52.95423286438691
489, 1603471914139819727, 0, 163.64450640672052, 74.53992367171719, 76.35549359327945, 52.950411379815904
490, 1603471914150586624, 0, 164.61069729403033, 74.5364964449465, 75.38930270596961, 52.94658989524489
491, 1603471914161353216, 0, 165.57688818134017, 74.5330692181758, 74.42311181865978, 52.94276841067388
492, 1603471914172120064, 0, 166.54307906865, 74.5296419914051, 73.45692093134994, 52.938946926102865
493, 1603471914182886727, 0, 167.50926995595984, 74.52621476463442, 72.4907300440401, 52.93512544153185
494, 1603471914193653248, 0, 168.47546084326967, 74.52278753786372, 71.52453915673027, 52.931303956960846
495, 1603471914204420096, 0, 169.4416517305795, 74.51936031109302, 70.55834826942045, 52.92748247238984
496, 1603471914215186944, 0, 170.40784261788934, 74.51593308432233, 69.59215738211063, 52.923660987818835
497, 1603471914225953727, 0, 171.37403350519915, 74.51250585755163, 68.62596649480079, 52.91983950324782
498, 1603471914236720896, 0, 172.2475032216903, 74.70132624571099, 67.75249677830965, 52.723770403750365
499, 1603471914247487744, 0, 173.1209729381814, 74.89014663387034, 66.87902706181852, 52.527701304252915
500, 1603471914258254848, 0, 173.99444265467255, 75.0789670220297, 66.00555734532739, 52.33163220475546
501, 1603471914269021727, 0, 174.8679123711637, 75.26778741018906, 65.13208762883625, 52.135563105258
502, 1603471914279788288, 0, 175.74138208765484, 75.45660779834841, 64.25861791234512, 51.93949400576054
503, 1603471914290555136, 0, 176.61485180414599, 75.64542818650779, 63.385148195853986, 51.74342490626308
504, 1603471914301321984, 0, 177.4883215206371, 75.83424857466714, 62.51167847936286, 51.54735580676562
505, 1603471914312088727, 0, 178.36179123712824, 76.0230689628265, 61.63820876287173, 51.35128670726816
506, 1603471914322855680, 0, 179.2352609536194, 76.21188935098586, 60.76473904638059, 51.15521760777071
507, 1603471914333622272, 0, 180.1087306701105, 76.40070973914521, 59.891269329889454, 50.95914850827326
508, 1603471914344389120, 0, 180.98220038660165, 76.58953012730457, 59.017799613398324, 50.76307940877581
509, 1603471914355155727, 0, 181.8556701030928, 76.77835051546393, 58.14432989690719, 50.56701030927835
510, 1603471914365922304, 0, 182.80927835051546, 76.84278350515464, 57.1907216494845, 50.444587628865975
511, 1603471914376689152, 0, 183.76288659793815, 76.90721649484537, 56.23711340206182, 50.322164948453604
512, 1603471914387456000, 0, 184.71649484536084, 76.9716494845361, 55.283505154639144, 50.199742268041234
513, 1603471914398222727, 0, 185.6701030927835, 77.03608247422682, 54.329896907216465, 50.077319587628864
514, 1603471914408989696, 0, 186.62371134020617, 77.10051546391753, 53.37628865979379, 49.954896907216494
515, 1603471914419756288, 0, 187.57731958762886, 77.16494845360826, 52.42268041237111, 49.832474226804116
516, 1603471914430522880, 0, 188.53092783505156, 77.22938144329899, 51.46907216494843, 49.71005154639174
517, 1603471914441289727, 0, 189.48453608247422, 77.2938144329897, 50.51546391752575, 49.58762886597937
518, 1603471914452056832, 0, 190.43814432989691, 77.35824742268042, 49.561855670103064, 49.465206185567
519, 1603471914462823680, 0, 191.3917525773196, 77.42268041237114, 48.60824742268038, 49.342783505154635
520, 1603471914473590784, 0, 192.34536082474227, 77.48711340206185, 47.65463917525769, 49.22036082474227
521, 1603471914484357727, 0, 193.29896907216497, 77.55154639175258, 46.701030927835006, 49.0979381443299
522, 1603471914495124224, 0, 194.25257731958766, 77.61597938144331, 45.74742268041233, 48.97551546391753
523, 1603471914505891072, 0, 195.20618556701032, 77.68041237113403, 44.79381443298965, 48.853092783505154
524, 1603471914516657920, 0, 196.159793814433, 77.74484536082474, 43.84020618556697, 48.73067010309278
525, 1603471914527424727, 0, 197.11340206185568, 77.80927835051547, 42.88659793814429, 48.60824742268041
526, 1603471914538191616, 0, 198.06701030927837, 77.8737113402062, 41.93298969072161, 48.485824742268036
527, 1603471914548958208, 0, 199.02061855670104, 77.93814432989691, 40.979381443298934, 48.363402061855666
528, 1603471914559725056, 0, 199.9742268041237, 78.00257731958763, 40.025773195876255, 48.240979381443296
529, 1603471914570491727, 0, 200.9278350515464, 78.06701030927836, 39.072164948453576, 48.118556701030926
530, 1603471914581258240, 0, 201.8814432989691, 78.13144329896909, 38.1185567010309, 47.996134020618555
531, 1603471914592025088, 0, 202.83505154639175, 78.1958762886598, 37.16494845360822, 47.87371134020618
532, 1603471914602791936, 0, 203.78865979381442, 78.26030927835052, 36.21134020618554, 47.7512886597938
533, 1603471914613558727, 0, 204.7422680412371, 78.32474226804125, 35.25773195876286, 47.62886597938143
534, 1603471914624325632, 0, 205.6958762886598, 78.38917525773198, 34.304123711340175, 47.50644329896906
535, 1603471914635092224, 0, 206.64948453608247, 78.4536082474227, 33.35051546391749, 47.3840206185567
536, 1603471914645859072, 0, 207.60309278350516, 78.51804123711341, 32.3969072164948, 47.261597938144334
537, 1603471914656625727, 0, 208.55670103092785, 78.58247422680412, 31.443298969072117, 47.139175257731964
538, 1603471914667392512, 0, 209.51030927835052, 78.64690721649484, 30.48969072164944, 47.01675257731959
539, 1603471914678159616, 0, 210.4639175257732, 78.71134020618557, 29.53608247422676, 46.894329896907216
540, 1603471914688926720, 0, 211.4175257731959, 78.7757731958763, 28.58247422680408, 46.77190721649484
541, 1603471914699693727, 0, 212.37113402061857, 78.84020618556701, 27.628865979381402, 46.64948453608247
542, 1603471914710460672, 0, 213.32474226804123, 78.90463917525773, 26.675257731958723, 46.5270618556701
543, 1603471914721227264, 0, 214.27835051546393, 78.96907216494846, 25.721649484536044, 46.40463917525773
544, 1603471914731994112, 0, 215.23195876288662, 79.03350515463919, 24.768041237113366, 46.28221649484536
545, 1603471914742760727, 0, 216.18556701030928, 79.0979381443299, 23.814432989690687, 46.159793814432994
546, 1603471914753527296, 0, 217.12499999999562, 79.18318063946532, 22.87500000000435, 45.633829669814716
547, 1603471914764294144, 0, 218.06443298968193, 79.26842313460072, 21.93556701031801, 45.10786552519643
548, 1603471914775060992, 0, 219.00386597936824, 79.35366562973613, 20.996134020631672, 44.58190138057815
549, 1603471914785827727, 0, 219.94329896905458, 79.43890812487155, 20.056701030945334, 44.055937235959874
550, 1603471914796594688, 0, 220.88273195874092, 79.52415062000695, 19.117268041258995, 43.5299730913416
551, 1603471914807361280, 0, 221.82216494842723, 79.60939311514235, 18.177835051572657, 43.004008946723324
552, 1603471914818128128, 0, 222.76159793811354, 79.69463561027777, 17.23840206188632, 42.478044802105046
553, 1603471914828894727, 0, 223.70103092779988, 79.77987810541318, 16.298969072199984, 41.952080657486775
554, 1603471914839661312, 0, 224.64046391748735, 79.93629700950336, 15.359536082512488, 41.35494010392158
555, 1603471914850428160, 0, 225.57989690717483, 80.09271591359357, 14.42010309282499, 40.75779955035639
556, 1603471914861195008, 0, 226.5193298968623, 80.24913481768375, 13.480670103137491, 40.1606589967912
557, 1603471914871961727, 0, 227.45876288654978, 80.40555372177394, 12.541237113449995, 39.563518443226
558, 1603471914882728448, 0, 228.39819587623725, 80.56197262586413, 11.60180412376249, 38.966377889660805
559, 1603471914893495552, 0, 229.33762886592473, 80.71839152995432, 10.662371134074984, 38.36923733609561
560, 1603471914904262656, 0, 230.2770618556122, 80.87481043404452, 9.72293814438748, 37.77209678253041
561, 1603471914915029727, 0, 231.2164948452997, 81.03122933813471, 8.783505154699975, 37.174956228965215
562, 1603471914925796608, 0, 232.1559278350057, 81.8236797355598, 7.844072164994045, 35.94178418203319
563, 1603471914936563200, 0, 233.09536082471172, 82.61613013298488, 6.904639175288114, 34.70861213510116
564, 1603471914947330048, 0, 234.03479381441772, 83.40858053040996, 5.9652061855821845, 33.47544008816914
565, 1603471914958096727, 0, 234.97422680412373, 84.20103092783505, 5.025773195876254, 32.24226804123712
566, 1603471914968863232, 0, 235.6701030927835, 85.47680412371133, 4.32989690721646, 28.76288659793815
567, 1603471914979630080, 0, 236.3659793814433, 86.75257731958763, 3.634020618556666, 25.28350515463918
568, 1603471914990396928, 0, 237.0618556701031, 88.02835051546393, 2.938144329896872, 21.80412371134021
569, 1603471915001163727, 0, 237.7577319587629, 89.30412371134021, 2.242268041237078, 18.324742268041238
570, 1603471915011930624, 0, 237.7577319587629, 89.30412371134021, 2.242268041237078, 18.324742268041238
571, 1603471915022697216, 0, 237.7577319587629, 89.30412371134021, 2.242268041237078, 18.324742268041238
572, 1603471915033464064, 0, 237.7577319587629, 89.30412371134021, 2.242268041237078, 18.324742268041238
573, 1603471915044230727
574, 1603471915054997248
575, 1603471915065764096
576, 1603471915076530944
577, 1603471915087297727
578, 1603471915098064896
579, 1603471915108831744
580, 1603471915119598848
581, 1603471915130365727
582, 1603471915141132288
583, 1603471915151899136
584, 1603471915162665984
585, 1603471915173432727
586, 1603471915184199680
587, 1603471915194966272
588, 1603471915205733120
589, 1603471915216499727
590, 1603471915227266304
591, 1603471915238033152
592, 1603471915248800000
593, 1603471915259566727
594, 1603471915270333696
595, 1603471915281100288
596, 1603471915291866880
597, 1603471915302633727
598, 1603471915313400832
599, 1603471915324167680
600, 1603471915334934784
601, 1603471915345701727
