1, 1603471908885621727
2, 1603471908907155200
3, 1603471908928688727, 0, 0, 89.30412371134021, 4.407216494845361, 20.644329896907216
4, 1603471908950222080, 0, 0.0, 85.6427657479436, 8.234536082472644, 28.79120722023774
5, 1603471908971755727, 0, 0, 81.98140778454697, 12.061855670099925, 36.938084543568266
6, 1603471908993289216, 0, 0.0, 80.88761110876834, 15.889175257730376, 39.92522783879444
7, 1603471909014822727, 0, 0, 79.79381443298969, 19.716494845360824, 42.912371134020624
8, 1603471909036356096, 0, 0.0, 78.93433424385337, 24.12371134019562, 44.00381008605436
9, 1603471909057889727, 0, 0.0, 78.07485405471705, 28.53092783503041, 45.095249038088085
10, 1603471909079423744, 0, 0.0, 77.21537386558073, 32.9381443298652, 46.18668799012182
11, 1603471909100957727, 0, 0, 76.35589367644441, 37.345360824699995, 47.27812694215555
12, 1603471909122491136, 0, 0.0, 76.68310147739746, 41.7525773195665, 47.18287790406747
13, 1603471909144024727, 0, 0, 77.01030927835052, 46.159793814432994, 47.08762886597938
14, 1603471909165558272, 0, 0.0, 76.82184278350546, 50.069948269816095, 47.47905927835144
15, 1603471909187091727, 0, 0.0, 76.6333762886604, 53.98010272519919, 47.8704896907235
16, 1603471909208625152, 0, 0.0, 76.44490979381534, 57.89025718058228, 48.26192010309556
17, 1603471909230158727, 0, 0.0, 76.25644329897028, 61.800411635965375, 48.65335051546762
18, 1603471909251692288, 0, 0.0, 76.06797680412524, 65.71056609134848, 49.04478092783968
19, 1603471909273225727, 0, 0.0, 75.87951030928018, 69.62072054673158, 49.43621134021174
20, 1603471909294759680, 0, 0.0, 75.69104381443512, 73.53087500211467, 49.8276417525838
21, 1603471909316293727, 0, 0.0, 75.50257731959006, 77.44102945749776, 50.21907216495586
22, 1603471909337827072, 0, 0.0, 75.314110824745, 81.35118391288086, 50.61050257732792
23, 1603471909359360727, 0, 0, 75.12564432989994, 85.26133836826395, 51.00193298969998
24, 1603471909380894208, 0, 0.0, 74.93717783505407, 88.87328025534023, 51.393363402069575
25, 1603471909402427727, 0, 0.0, 74.7487113402082, 92.48522214241652, 51.78479381443917
26, 1603471909423961088, 0, 0.0, 74.56024484536235, 96.0971640294928, 52.176224226808756
27, 1603471909445494727, 0, 0.0, 74.37177835051648, 99.70910591656909, 52.56765463917834
28, 1603471909467028224, 0, 0.0, 74.18331185567061, 103.32104780364537, 52.95908505154794
29, 1603471909488561727, 0, 0, 73.99484536082474, 106.93298969072166, 53.35051546391753
30, 1603471909510095616, 0, 0.647509706792002, 73.99484536081212, 109.80502744679916, 53.383652430058575
31, 1603471909531629727, 0, 1.295019413584004, 73.99484536079952, 112.67706520287666, 53.416789396199626
32, 1603471909553163264, 0, 3.8755188110990257, 73.99484536079959, 112.95225822291388, 53.44992636231636
33, 1603471909574696727, 0, 6.456018208614047, 73.99484536079967, 113.2274512429511, 53.48306332843309
34, 1603471909596230144, 0, 9.036517606129069, 73.99484536079976, 113.50264426298833, 53.51620029454981
35, 1603471909617763727, 0, 11.61701700364409, 73.99484536079983, 113.77783728302555, 53.54933726066653
36, 1603471909639297280, 0, 14.197516401159112, 73.9948453607999, 114.05303030306277, 53.58247422678326
37, 1603471909660830727, 0, 16.778015798674133, 73.99484536079999, 114.3282233231, 53.6156111929
38, 1603471909682364160, 0, 19.046112821919166, 73.9948453608041, 114.60341634313316, 53.64874815903178
39, 1603471909703897727, 0, 21.3142098451642, 73.99484536080824, 114.87860936316632, 53.68188512516356
40, 1603471909725431552, 0, 23.582306868409233, 73.99484536081236, 115.15380238319949, 53.71502209129535
41, 1603471909746965727, 0, 25.850403891654267, 73.99484536081648, 115.42899540323266, 53.748159057427145
42, 1603471909768499200, 0, 28.1185009148993, 73.99484536082062, 115.70418842326582, 53.78129602355894
43, 1603471909790032727, 0, 30.38659793814433, 73.99484536082474, 115.97938144329898, 53.81443298969072
44, 1603471909811566080, 0, 32.374501474781, 73.92718184658568, 115.9904270986658, 53.80891016199226
45, 1603471909833099727, 0, 34.36240501141767, 73.85951833234664, 116.00147275403265, 53.8033873342938
46, 1603471909854633216, 0, 36.35030854805434, 73.7918548181076, 116.01251840939949, 53.79786450659535
47, 1603471909876166727, 0, 38.33821208469101, 73.72419130386854, 116.02356406476633, 53.7923416788969
48, 1603471909897700096, 0, 40.32611562132767, 73.65652778962948, 116.03460972013318, 53.78681885119845
49, 1603471909919233727, 0, 42.314019157964346, 73.58886427539043, 116.0456553755, 53.7812960235
50, 1603471909940767744, 0, 43.44099043724226, 73.67861910037536, 116.05670103088335, 53.77577319581667
51, 1603471909962301727, 0, 44.56796171652018, 73.76837392536028, 116.06774668626667, 53.77025036813333
52, 1603471909983835136, 0, 45.6949329957981, 73.8581287503452, 116.07879234165, 53.76472754045
53, 1603471910005368727, 0, 46.82190427507602, 73.94788357533014, 116.08983799703334, 53.75920471276666
54, 1603471910026902272, 0, 47.94887555435394, 74.03763840031506, 116.10088365241667, 53.75368188508333
55, 1603471910048435727, 0, 49.07584683363186, 74.12739322529998, 116.1119293078, 53.7481590574
56, 1603471910069969152, 0, 49.85227830593675, 74.13843888066665, 116.12297496316666, 53.742636229716666
57, 1603471910091502727, 0, 50.628709778241635, 74.14948453603333, 116.13402061853333, 53.73711340203333
58, 1603471910113036288, 0, 51.40514125054652, 74.1605301914, 116.1450662739, 53.73159057435
59, 1603471910134569727, 0, 52.18157272285141, 74.17157584676666, 116.15611192926669, 53.72606774666667
60, 1603471910156103680, 0, 52.958004195156306, 74.18262150213333, 116.16715758463334, 53.720544918983336
61, 1603471910177637727, 0, 53.73443566746119, 74.1936671575, 116.17820324, 53.7150220913
62, 1603471910199171072, 0, 54.04226357838367, 74.20471281288334, 116.18924889538334, 53.709499263616664
63, 1603471910220704727, 0, 54.350091489306145, 74.21575846826667, 116.20029455076667, 53.70397643593333
64, 1603471910242238208, 0, 54.65791940022862, 74.22680412365, 116.21134020615, 53.69845360825
65, 1603471910263771727, 0, 54.965747311151105, 74.23784977903333, 116.22238586153331, 53.69293078056667
66, 1603471910285305088, 0, 55.27357522207358, 74.24889543441665, 116.23343151691665, 53.68740795288333
67, 1603471910306838727, 0, 55.58140313299606, 74.2599410898, 116.2444771723, 53.6818851252
68, 1603471910328372224, 0, 55.56055771266352, 74.27098674517765, 116.25552282767622, 53.67636229751134
69, 1603471910349905727, 0, 55.539712292330975, 74.28203240055532, 116.26656848305244, 53.67083946982268
70, 1603471910371439616, 0, 55.51886687199843, 74.293078055933, 116.27761413842867, 53.66531664213402
71, 1603471910392973727, 0, 55.49802145166589, 74.30412371131065, 116.2886597938049, 53.659793814445365
72, 1603471910414507264, 0, 55.47717603133335, 74.31516936668831, 116.29970544918115, 53.6542709867567
73, 1603471910436040727, 0, 55.45633061100081, 74.32621502206598, 116.31075110455738, 53.648748159068035
74, 1603471910457574144, 0, 55.43548519066827, 74.33726067744365, 116.32179675993362, 53.64322533137938
75, 1603471910479107727, 0, 55.414639770335725, 74.34830633282131, 116.33284241530984, 53.63770250369072
76, 1603471910500641280, 0, 55.39379435000318, 74.35935198819897, 116.34388807068606, 53.63217967600207
77, 1603471910522174727, 0, 55.37294892967064, 74.37039764357662, 116.3549337260623, 53.62665684831342
78, 1603471910543708160, 0, 55.3521035093381, 74.38144329895428, 116.36597938143854, 53.62113402062475
79, 1603471910565241727, 0, 55.33125808900556, 74.39248895433195, 116.37702503681476, 53.615611192936086
80, 1603471910586775552, 0, 55.31041266867302, 74.40353460970962, 116.38807069219101, 53.61008836524743
81, 1603471910608309727, 0, 55.289567248340475, 74.41458026508728, 116.39911634756724, 53.60456553755877
82, 1603471910629843200, 0, 55.26872182800793, 74.42562592046494, 116.41016200294348, 53.59904270987011
83, 1603471910651376727, 0, 55.24787640767539, 74.43667157584261, 116.4212076583197, 53.593519882181454
84, 1603471910672910080, 0, 55.22703098734285, 74.44771723122028, 116.43225331369594, 53.58799705449279
85, 1603471910694443727, 0, 55.20618556701031, 74.45876288659794, 116.44329896907217, 53.58247422680412
86, 1603471910715977216, 0, 55.21198453608247, 74.4471649484536, 116.44329896907216, 53.59407216494846
87, 1603471910737510727, 0, 55.217783505154635, 74.43556701030928, 116.44329896907215, 53.60567010309279
88, 1603471910759044096, 0, 55.2235824742268, 74.42396907216495, 116.44329896907216, 53.617268041237125
89, 1603471910780577727, 0, 55.22938144329897, 74.41237113402062, 116.44329896907217, 53.62886597938146
90, 1603471910802111744, 0, 55.235180412371136, 74.4007731958763, 116.44329896907217, 53.640463917525786
91, 1603471910823645727, 0, 55.240979381443296, 74.38917525773196, 116.44329896907216, 53.65206185567011
92, 1603471910845179136, 0, 55.24677835051546, 74.37757731958763, 116.44329896907217, 53.663659793814446
93, 1603471910866712727, 0, 55.25257731958763, 74.3659793814433, 116.44329896907217, 53.67525773195878
94, 1603471910888246272, 0, 55.25837628865979, 74.35438144329896, 116.44329896907217, 53.68685567010311
95, 1603471910909779727, 0, 55.26417525773196, 74.34278350515464, 116.44329896907217, 53.69845360824743
96, 1603471910931313152, 0, 55.26997422680412, 74.33118556701031, 116.44329896907216, 53.71005154639177
97, 1603471910952846727, 0, 55.27577319587629, 74.31958762886597, 116.44329896907215, 53.7216494845361
98, 1603471910974380288, 0, 55.28157216494846, 74.30798969072166, 116.44329896907216, 53.73324742268043
99, 1603471910995913727, 0, 55.28737113402062, 74.29639175257732, 116.44329896907217, 53.744845360824755
100, 1603471911017447680, 0, 55.293170103092784, 74.28479381443299, 116.44329896907217, 53.75644329896909
101, 1603471911038981727, 0, 55.29896907216495, 74.27319587628865, 116.44329896907216, 53.76804123711342
102, 1603471911060515072, 0, 55.30476804123711, 74.26159793814432, 116.44329896907217, 53.77963917525775
103, 1603471911082048727, 0, 55.31056701030928, 74.25, 116.44329896907217, 53.791237113402076
104, 1603471911103582208, 0, 55.316365979381445, 74.23840206185567, 116.44329896907217, 53.80283505154641
105, 1603471911125115727, 0, 55.322164948453604, 74.22680412371133, 116.44329896907217, 53.814432989690744
106, 1603471911146649088, 0, 55.32796391752577, 74.21520618556701, 116.44329896907217, 53.82603092783507
107, 1603471911168182727, 0, 55.33376288659794, 74.20360824742268, 116.44329896907216, 53.8376288659794
108, 1603471911189716224, 0, 55.3395618556701, 74.19201030927834, 116.44329896907217, 53.849226804123724
109, 1603471911211249727, 0, 55.345360824742265, 74.18041237113403, 116.44329896907217, 53.86082474226805
110, 1603471911232783616, 0, 55.35115979381443, 74.16881443298969, 116.44329896907217, 53.872422680412384
111, 1603471911254317727, 0, 55.3569587628866, 74.15721649484536, 116.44329896907217, 53.88402061855672
112, 1603471911275851264, 0, 55.362757731958766, 74.14561855670104, 116.44329896907217, 53.895618556701045
113, 1603471911297384727, 0, 55.368556701030926, 74.1340206185567, 116.44329896907219, 53.90721649484537
114, 1603471911318918144, 0, 55.37435567010309, 74.12242268041237, 116.44329896907217, 53.918814432989706
115, 1603471911340451727, 0, 55.38015463917526, 74.11082474226804, 116.44329896907217, 53.93041237113404
116, 1603471911361985280, 0, 55.38595360824742, 74.0992268041237, 116.44329896907217, 53.942010309278366
117, 1603471911383518727, 0, 55.391752577319586, 74.08762886597938, 116.44329896907217, 53.95360824742269
118, 1603471911405052160, 0, 55.39755154639175, 74.07603092783505, 116.44329896907217, 53.96520618556703
119, 1603471911426585727, 0, 55.40335051546392, 74.06443298969072, 116.44329896907217, 53.97680412371136
120, 1603471911448119552, 0, 55.40914948453609, 74.0528350515464, 116.44329896907217, 53.98840206185569
121, 1603471911469653727, 0, 55.41494845360825, 74.04123711340206, 116.44329896907217, 54.000000000000014
122, 1603471911491187200, 0, 55.420747422680414, 74.02963917525773, 116.44329896907217, 54.01159793814435
123, 1603471911512720727, 0, 55.42654639175258, 74.0180412371134, 116.44329896907219, 54.02319587628868
124, 1603471911534254080, 0, 55.43234536082474, 74.00644329896906, 116.44329896907217, 54.034793814433
125, 1603471911555787727, 0, 55.43814432989691, 73.99484536082474, 116.44329896907217, 54.04639175257732
126, 1603471911577321216, 0, 55.59413074039506, 74.00387434730266, 116.48969072164817, 54.02899484536028
127, 1603471911598854727, 0, 55.75011715089322, 74.01290333378057, 116.53608247422416, 54.01159793814324
128, 1603471911620388096, 0, 55.906103561391376, 74.02193232025849, 116.58247422680017, 53.9942010309262
129, 1603471911641921727, 0, 56.06208997188953, 74.03096130673642, 116.62886597937617, 53.97680412370916
130, 1603471911663455744, 0, 56.21807638238768, 74.03999029321434, 116.67525773195216, 53.9594072164921
131, 1603471911684989727, 0, 56.37406279288584, 74.04901927969226, 116.72164948452814, 53.94201030927505
132, 1603471911706523136, 0, 56.530049203383996, 74.05804826617018, 116.76804123710413, 53.924613402058
133, 1603471911728056727, 0, 56.68603561388215, 74.06707725264809, 116.81443298968011, 53.90721649484095
134, 1603471911749590272, 0, 56.8420220243803, 74.076106239126, 116.86082474225611, 53.88981958762391
135, 1603471911771123727, 0, 56.99800843487846, 74.08513522560392, 116.90721649483213, 53.87242268040687
136, 1603471911792657152, 0, 57.153994845376616, 74.09416421208184, 116.95360824740811, 53.855025773189816
137, 1603471911814190727, 0, 57.30998125587477, 74.10319319855977, 116.99999999998411, 53.83762886597276
138, 1603471911835724288, 0, 57.46596766637292, 74.1122221850377, 117.0463917525601, 53.82023195875571
139, 1603471911857257727, 0, 57.62195407687108, 74.12125117151561, 117.09278350513608, 53.802835051538665
140, 1603471911878791680, 0, 57.777940487369236, 74.13028015799352, 117.13917525771208, 53.785438144321624
141, 1603471911900325727, 0, 57.933926897867394, 74.13930914447144, 117.18556701028808, 53.76804123710458
142, 1603471911921859072, 0, 58.08991330836555, 74.14833813094936, 117.23195876286407, 53.750644329887535
143, 1603471911943392727, 0, 58.245899718863704, 74.15736711742727, 117.27835051544005, 53.73324742267049
144, 1603471911964926208, 0, 58.401886129361856, 74.16639610390519, 117.32474226801605, 53.71585051545344
145, 1603471911986459727, 0, 58.557872539860014, 74.17542509038311, 117.37113402059207, 53.69845360823639
146, 1603471912007993088, 0, 58.71385895035817, 74.18445407686104, 117.41752577316805, 53.68105670101934
147, 1603471912029526727, 0, 58.869845360856324, 74.19348306333896, 117.46391752574405, 53.66365979380228
148, 1603471912051060224, 0, 59.025831771354476, 74.20251204981687, 117.51030927832004, 53.64626288658524
149, 1603471912072593727, 0, 59.181818181852634, 74.21154103629479, 117.55670103089602, 53.6288659793682
150, 1603471912094127616, 0, 59.33780459235079, 74.2205700227727, 117.60309278347202, 53.61146907215115
151, 1603471912115661727, 0, 59.493791002848944, 74.22959900925062, 117.64948453604802, 53.594072164934104
152, 1603471912137195264, 0, 59.649777413347095, 74.23862799572854, 117.69587628862402, 53.576675257717056
153, 1603471912158728727, 0, 59.805763823845254, 74.24765698220646, 117.7422680412, 53.5592783505
154, 1603471912180262144, 0, 60.1570017182499, 74.28457903781296, 117.78865979378043, 53.54188144328481
155, 1603471912201795727, 0, 60.50823961265455, 74.32150109341947, 117.83505154636084, 53.52448453606961
156, 1603471912223329280, 0, 60.8594775070592, 74.35842314902598, 117.88144329894124, 53.50708762885439
157, 1603471912244862727, 0, 61.21071540146385, 74.39534520463249, 117.92783505152164, 53.48969072163918
158, 1603471912266396160, 0, 61.5619532958685, 74.432267260239, 117.97422680410205, 53.47229381442397
159, 1603471912287929727, 0, 61.913191190273146, 74.46918931584551, 118.02061855668245, 53.45489690720876
160, 1603471912309463552, 0, 62.26442908467779, 74.50611137145202, 118.06701030926287, 53.43749999999356
161, 1603471912330997727, 0, 62.61566697908244, 74.54303342705852, 118.11340206184329, 53.42010309277836
162, 1603471912352531200, 0, 62.966904873487096, 74.57995548266501, 118.15979381442371, 53.40270618556316
163, 1603471912374064727, 0, 63.31814276789174, 74.61687753827152, 118.20618556700413, 53.38530927834796
164, 1603471912395598080, 0, 63.66938066229639, 74.65379959387803, 118.25257731958453, 53.367912371132746
165, 1603471912417131727, 0, 64.02061855670104, 74.69072164948454, 118.29896907216495, 53.35051546391753
166, 1603471912438665216, 0, 64.72340138804938, 74.68389933292983, 118.2171716940326, 53.31640388113877
167, 1603471912460198727, 0, 65.42618421939773, 74.67707701637511, 118.13537431590026, 53.282292298360005
168, 1603471912481732096, 0, 66.12896705074607, 74.67025469982039, 118.05357693776793, 53.24818071558124
169, 1603471912503265727, 0, 66.83174988209441, 74.66343238326567, 117.97177955963559, 53.21406913280248
170, 1603471912524799744, 0, 67.53453271344276, 74.65661006671095, 117.88998218150326, 53.179957550023715
171, 1603471912546333727, 0, 68.23731554479109, 74.64978775015622, 117.8081848033709, 53.14584596724495
172, 1603471912567867136, 0, 68.94009837613943, 74.6429654336015, 117.72638742523857, 53.11173438446619
173, 1603471912589400727, 0, 69.64288120748778, 74.63614311704679, 117.64459004710623, 53.077622801687426
174, 1603471912610934272, 0, 70.34566403883612, 74.62932080049207, 117.5627926689739, 53.04351121890866
175, 1603471912632467727, 0, 71.04844687018446, 74.62249848393735, 117.48099529084156, 53.0093996361299
176, 1603471912654001152, 0, 71.75122970153281, 74.61567616738263, 117.39919791270923, 52.975288053351136
177, 1603471912675534727, 0, 72.45401253288115, 74.60885385082791, 117.31740053457689, 52.94117647057237
178, 1603471912697068288, 0, 73.15679536422948, 74.60203153427318, 117.23560315644454, 52.90706488779361
179, 1603471912718601727, 0, 73.85957819557782, 74.59520921771846, 117.1538057783122, 52.872953305014846
180, 1603471912740135680, 0, 74.56236102692617, 74.58838690116374, 117.07200840017987, 52.83884172223608
181, 1603471912761669727, 0, 75.26514385827451, 74.58156458460903, 116.99021102204753, 52.80473013945732
182, 1603471912783203072, 0, 75.96792668962286, 74.57474226805431, 116.9084136439152, 52.770618556678556
183, 1603471912804736727, 0, 76.6707095209712, 74.56791995149959, 116.82661626578286, 52.7365069738998
184, 1603471912826270208, 0, 77.67775924807545, 74.56109763494324, 116.70117697597556, 52.702395391123844
185, 1603471912847803727, 0, 78.68480897517969, 74.55427531838689, 116.57573768616825, 52.66828380834788
186, 1603471912869337088, 0, 79.69185870228395, 74.54745300183053, 116.45029839636095, 52.63417222557192
187, 1603471912890870727, 0, 80.6989084293882, 74.54063068527418, 116.32485910655363, 52.60006064279597
188, 1603471912912404224, 0, 81.70595815649244, 74.53380836871783, 116.19941981674634, 52.56594906002002
189, 1603471912933937727, 0, 82.7130078835967, 74.52698605216148, 116.07398052693904, 52.53183747724407
190, 1603471912955471616, 0, 83.72005761070095, 74.52016373560512, 115.94854123713174, 52.49772589446811
191, 1603471912977005727, 0, 84.7271073378052, 74.51334141904877, 115.82310194732443, 52.463614311692155
192, 1603471912998539264, 0, 85.73415706490944, 74.5065191024924, 115.69766265751713, 52.429502728916205
193, 1603471913020072727, 0, 86.74120679201368, 74.49969678593605, 115.57222336770982, 52.395391146140256
194, 1603471913041606144, 0, 87.74825651911794, 74.4928744693797, 115.44678407790252, 52.361279563364306
195, 1603471913063139727, 0, 88.75530624622219, 74.48605215282335, 115.32134478809523, 52.32716798058836
196, 1603471913084673280, 0, 89.76235597332644, 74.479229836267, 115.19590549828791, 52.2930563978124
197, 1603471913106206727, 0, 90.7694057004307, 74.47240751971064, 115.07046620848061, 52.25894481503644
198, 1603471913127740160, 0, 91.77645542753494, 74.46558520315429, 114.9450269186733, 52.224833232260494
199, 1603471913149273727, 0, 92.78350515463919, 74.45876288659794, 114.81958762886599, 52.19072164948454
200, 1603471913170807552, 0, 94.02753140928482, 74.46842783504812, 114.79334487936993, 52.229381443302486
201, 1603471913192341727, 0, 95.27155766393045, 74.47809278349828, 114.76710212987388, 52.26804123712044
202, 1603471913213875200, 0, 96.51558391857608, 74.48775773194845, 114.74085938037781, 52.3067010309384
203, 1603471913235408727, 0, 97.75961017322172, 74.49742268039863, 114.71461663088175, 52.345360824756355
204, 1603471913256942080, 0, 99.00363642786735, 74.50708762884881, 114.68837388138569, 52.38402061857432
205, 1603471913278475727, 0, 100.24766268251298, 74.51675257729897, 114.66213113188962, 52.42268041239228
206, 1603471913300009216, 0, 101.49168893715861, 74.52641752574914, 114.63588838239355, 52.461340206210245
207, 1603471913321542727, 0, 102.73571519180426, 74.5360824741993, 114.60964563289748, 52.50000000002821
208, 1603471913343076096, 0, 103.97974144644989, 74.54574742264947, 114.58340288340142, 52.538659793846165
209, 1603471913364609727, 0, 105.22376770109553, 74.55541237109965, 114.55716013390536, 52.57731958766412
210, 1603471913386143744, 0, 106.46779395574116, 74.56507731954983, 114.53091738440929, 52.61597938148208
211, 1603471913407677727, 0, 107.71182021038679, 74.574742268, 114.50467463491323, 52.654639175300034
212, 1603471913429211136, 0, 109.23196921347312, 74.58440721645704, 114.2023091369866, 52.69329896911095
213, 1603471913450744727, 0, 110.75211821655944, 74.59407216491408, 113.89994363905998, 52.73195876292186
214, 1603471913472278272, 0, 112.27226721964576, 74.60373711337112, 113.59757814113337, 52.770618556732764
215, 1603471913493811727, 0, 113.79241622273209, 74.61340206182818, 113.29521264320677, 52.809278350543664
216, 1603471913515345152, 0, 115.31256522581842, 74.62306701028523, 112.99284714528014, 52.84793814435457
217, 1603471913536878727, 0, 116.83271422890473, 74.63273195874227, 112.69048164735352, 52.88659793816548
218, 1603471913558412288, 0, 118.35286323199107, 74.64239690719931, 112.38811614942689, 52.925257731976394
219, 1603471913579945727, 0, 119.8730122350774, 74.65206185565636, 112.08575065150026, 52.96391752578731
220, 1603471913601479680, 0, 121.39316123816371, 74.66172680411341, 111.78338515357365, 53.00257731959822
221, 1603471913623013727, 0, 122.91331024125004, 74.67139175257046, 111.48101965564705, 53.041237113409125
222, 1603471913644547072, 0, 124.43345924433638, 74.6810567010275, 111.17865415772043, 53.07989690722003
223, 1603471913666080727, 0, 125.9536082474227, 74.69072164948454, 110.87628865979381, 53.11855670103093
224, 1603471913687614208, 0, 127.52482134491132, 74.68386719594227, 110.40427660795066, 53.11091373191545
225, 1603471913709147727, 0, 129.09603444239994, 74.67701274239998, 109.93226455610753, 53.10327076279997
226, 1603471913730681088, 0, 130.66724753984988, 74.67015828889996, 108.84690195940382, 53.095627793649946
227, 1603471913752214727, 0, 132.23846063729982, 74.66330383539992, 107.76153936270012, 53.08798482449992
228, 1603471913773748224, 0, 133.80967373479987, 74.6564493818499, 106.19032626520007, 53.080341855349914
229, 1603471913795281727, 0, 135.38088683229992, 74.64959492829988, 104.61911316770004, 53.072698886199916
230, 1603471913816815616, 0, 136.95209992976913, 74.64274047474973, 103.04790007023084, 53.06505591704985
231, 1603471913838349727, 0, 138.52331302723832, 74.63588602119957, 101.47668697276166, 53.05741294789978
232, 1603471913859883264, 0, 140.50455424091518, 74.62903156766626, 99.4954457590848, 53.04976997874977
233, 1603471913881416727, 0, 142.48579545459202, 74.62217711413294, 97.51420454540795, 53.04212700959977
234, 1603471913902950144, 0, 144.46703666826886, 74.61532266059962, 95.53296333173112, 53.03448404044977
235, 1603471913924483727, 0, 146.4482778819457, 74.6084682070663, 93.5517221180543, 53.02684107129977
236, 1603471913946017280, 0, 148.42951909562254, 74.60161375353297, 91.57048090437743, 53.01919810214977
237, 1603471913967550727, 0, 150.4107603092994, 74.59475929999967, 89.58923969070058, 53.01155513299977
238, 1603471913989084160, 0, 151.97225740066304, 74.58790484646639, 88.02774259933696, 53.00391216384979
239, 1603471914010617727, 0, 153.53375449202667, 74.58105039293311, 86.46624550797333, 52.99626919469982
240, 1603471914032151552, 0, 155.0952515833903, 74.57419593939983, 84.90474841660968, 52.98862622554985
241, 1603471914053685727, 0, 156.65674867475394, 74.56734148586654, 83.34325132524603, 52.98098325639988
242, 1603471914075219200, 0, 158.21824576611758, 74.56048703233326, 81.7817542338824, 52.97334028724991
243, 1603471914096752727, 0, 159.7797428574812, 74.55363257879998, 80.22025714251876, 52.96569731809994
244, 1603471914118286080, 0, 161.71212463210088, 74.54677812525858, 78.2878753678991, 52.95805434895792
245, 1603471914139819727, 0, 163.64450640672052, 74.53992367171719, 76.35549359327945, 52.950411379815904
246, 1603471914161353216, 0, 165.57688818134017, 74.5330692181758, 74.42311181865978, 52.94276841067388
247, 1603471914182886727, 0, 167.50926995595984, 74.52621476463442, 72.4907300440401, 52.93512544153185
248, 1603471914204420096, 0, 169.4416517305795, 74.51936031109302, 70.55834826942045, 52.92748247238984
249, 1603471914225953727, 0, 171.37403350519915, 74.51250585755163, 68.62596649480079, 52.91983950324782
250, 1603471914247487744, 0, 173.1209729381814, 74.89014663387034, 66.87902706181852, 52.527701304252915
251, 1603471914269021727, 0, 174.8679123711637, 75.26778741018906, 65.13208762883625, 52.135563105258
252, 1603471914290555136, 0, 176.61485180414599, 75.64542818650779, 63.385148195853986, 51.74342490626308
253, 1603471914312088727, 0, 178.36179123712824, 76.0230689628265, 61.63820876287173, 51.35128670726816
254, 1603471914333622272, 0, 180.1087306701105, 76.40070973914521, 59.891269329889454, 50.95914850827326
255, 1603471914355155727, 0, 181.8556701030928, 76.77835051546393, 58.14432989690719, 50.56701030927835
256, 1603471914376689152, 0, 183.76288659793815, 76.90721649484537, 56.23711340206182, 50.322164948453604
257, 1603471914398222727, 0, 185.6701030927835, 77.03608247422682, 54.329896907216465, 50.077319587628864
258, 1603471914419756288, 0, 187.57731958762886, 77.16494845360826, 52.42268041237111, 49.832474226804116
259, 1603471914441289727, 0, 189.48453608247422, 77.2938144329897, 50.51546391752575, 49.58762886597937
260, 1603471914462823680, 0, 191.3917525773196, 77.42268041237114, 48.60824742268038, 49.342783505154635
261, 1603471914484357727, 0, 193.29896907216497, 77.55154639175258, 46.701030927835006, 49.0979381443299
262, 1603471914505891072, 0, 195.20618556701032, 77.68041237113403, 44.79381443298965, 48.853092783505154
263, 1603471914527424727, 0, 197.11340206185568, 77.80927835051547, 42.88659793814429, 48.60824742268041
264, 1603471914548958208, 0, 199.02061855670104, 77.93814432989691, 40.979381443298934, 48.363402061855666
265, 1603471914570491727, 0, 200.9278350515464, 78.06701030927836, 39.072164948453576, 48.118556701030926
266, 1603471914592025088, 0, 202.83505154639175, 78.1958762886598, 37.16494845360822, 47.87371134020618
267, 1603471914613558727, 0, 204.7422680412371, 78.32474226804125, 35.25773195876286, 47.62886597938143
268, 1603471914635092224, 0, 206.64948453608247, 78.4536082474227, 33.35051546391749, 47.3840206185567
269, 1603471914656625727, 0, 208.55670103092785, 78.58247422680412, 31.443298969072117, 47.139175257731964
270, 1603471914678159616, 0, 210.4639175257732, 78.71134020618557, 29.53608247422676, 46.894329896907216
271, 1603471914699693727, 0, 212.37113402061857, 78.84020618556701, 27.628865979381402, 46.64948453608247
272, 1603471914721227264, 0, 214.27835051546393, 78.96907216494846, 25.721649484536044, 46.40463917525773
273, 1603471914742760727, 0, 216.18556701030928, 79.0979381443299, 23.814432989690687, 46.159793814432994
274, 1603471914764294144, 0, 218.06443298968193, 79.26842313460072, 21.93556701031801, 45.10786552519643
275, 1603471914785827727, 0, 219.94329896905458, 79.43890812487155, 20.056701030945334, 44.055937235959874
276, 1603471914807361280, 0, 221.82216494842723, 79.60939311514235, 18.177835051572657, 43.004008946723324
277, 1603471914828894727, 0, 223.70103092779988, 79.77987810541318, 16.298969072199984, 41.952080657486775
278, 1603471914850428160, 0, 225.57989690717483, 80.09271591359357, 14.42010309282499, 40.75779955035639
279, 1603471914871961727, 0, 227.45876288654978, 80.40555372177394, 12.541237113449995, 39.563518443226
280, 1603471914893495552, 0, 229.33762886592473, 80.71839152995432, 10.662371134074984, 38.36923733609561
281, 1603471914915029727, 0, 231.2164948452997, 81.03122933813471, 8.783505154699975, 37.174956228965215
282, 1603471914936563200, 0, 233.09536082471172, 82.61613013298488, 6.904639175288114, 34.70861213510116
283, 1603471914958096727, 0, 234.97422680412373, 84.20103092783505, 5.025773195876254, 32.24226804123712
284, 1603471914979630080, 0, 236.3659793814433, 86.75257731958763, 3.634020618556666, 25.28350515463918
285, 1603471915001163727, 0, 237.7577319587629, 89.30412371134021, 2.242268041237078, 18.324742268041238
286, 1603471915022697216, 0, 237.7577319587629, 89.30412371134021, 2.242268041237078, 18.324742268041238
287, 1603471915044230727
288, 1603471915065764096
289, 1603471915087297727
290, 1603471915108831744
291, 1603471915130365727
292, 1603471915151899136
293, 1603471915173432727
294, 1603471915194966272
295, 1603471915216499727
296, 1603471915238033152
297, 1603471915259566727
298, 1603471915281100288
299, 1603471915302633727
300, 1603471915324167680
301, 1603471915345701727
