9, 0, 0.0, 120.21428571428571, 4.071428571428571, 13.5, -1, -1, -1, -1
10, 0, 0.0, 119.40782147698414, 4.93726988217141, 15.238889240386904, -1, -1, -1, -1
11, 0, 0.0, 118.60135723968257, 5.80311119291425, 16.977778480773807, -1, -1, -1, -1
12, 0, 0.0, 117.794893002381, 6.66895250365709, 18.71666772116071, -1, -1, -1, -1
13, 0, 0.0, 116.98842876507943, 7.534793814399929, 20.455556961547614, -1, -1, -1, -1
14, 0, 0.0, 116.43173537949355, 8.400635125149938, 21.008034656198262, -1, -1, -1, -1
15, 0, 0.0, 115.87504199390767, 9.266476435899946, 21.56051235084891, -1, -1, -1, -1
16, 0, 0.0, 115.3183486083218, 10.132317746649955, 22.112990045499558, -1, -1, -1, -1
17, 0, 0.0, 114.76165522273593, 10.998159057399963, 22.665467740150206, -1, -1, -1, -1
18, 0, 0.0, 114.20496183715005, 11.864000368149972, 23.21794543480086, -1, -1, -1, -1
19, 0, 0.0, 113.64826845156416, 12.72984167889998, 23.770423129451515, -1, -1, -1, -1
20, 0, 0.0, 113.09157506597828, 13.59568298964999, 24.32290082410217, -1, -1, -1, -1
21, 0, 0.0, 112.5348816803924, 14.461524300399999, 24.875378518752825, -1, -1, -1, -1
22, 0, 0.0, 112.39837473396511, 15.327365611149968, 24.967472966095457, -1, -1, -1, -1
23, 0, 0.0, 112.26186778753782, 16.193206921899936, 25.05956741343809, -1, -1, -1, -1
24, 0, 0.0, 112.12536084111053, 17.059048232649907, 25.15166186078072, -1, -1, -1, -1
25, 0, 0.0, 111.98885389468323, 17.924889543399875, 25.24375630812335, -1, -1, -1, -1
26, 0, 0.0, 111.7453494953377, 18.79073085415388, 25.478199373917185, -1, -1, -1, -1
27, 0, 0.0, 111.50184509599217, 19.656572164907878, 25.71264243971102, -1, -1, -1, -1
28, 0, 0.0, 111.25834069664663, 20.52241347566188, 25.94708550550485, -1, -1, -1, -1
29, 0, 0.0, 111.01483629730109, 21.388254786415885, 26.181528571298685, -1, -1, -1, -1
30, 0, 0.0, 110.77133189795555, 22.25409609716989, 26.415971637092525, -1, -1, -1, -1
31, 0, 0.0, 110.52782749861001, 23.119937407923892, 26.650414702886366, -1, -1, -1, -1
32, 0, 0.0, 110.28432309926447, 23.985778718677896, 26.884857768680206, -1, -1, -1, -1
33, 0, 0.0, 110.04081869991893, 24.8516200294319, 27.119300834474046, -1, -1, -1, -1
34, 0, 0.0, 109.79731430057339, 25.717461340185903, 27.353743900267883, -1, -1, -1, -1
35, 0, 0.0, 109.55380990122785, 26.583302650939906, 27.58818696606172, -1, -1, -1, -1
36, 0, 0.0, 109.31030550188231, 27.449143961693906, 27.822630031855557, -1, -1, -1, -1
37, 0, 0.0, 109.06680110253679, 28.31498527244791, 28.057073097649393, -1, -1, -1, -1
38, 0, 0.0, 108.82329670319126, 29.180826583201913, 28.29151616344323, -1, -1, -1, -1
39, 0, 0.0, 108.57979230384572, 30.046667893955913, 28.525959229237067, -1, -1, -1, -1
40, 0, 0.0, 108.33628790450018, 30.912509204709917, 28.760402295030907, -1, -1, -1, -1
41, 0, 0.0, 108.09278350515464, 31.77835051546392, 28.994845360824744, -1, -1, -1, -1
42, 0, 0.0, 107.98405283505268, 32.82941365979377, 29.209391483116633, -1, -1, -1, -1
43, 0, 0.0, 107.87532216495072, 33.88047680412363, 29.42393760540852, -1, -1, -1, -1
44, 0, 0.0, 107.76659149484877, 34.93153994845349, 29.638483727700407, -1, -1, -1, -1
45, 0, 0.0, 107.6578608247468, 35.98260309278334, 29.853029849992296, -1, -1, -1, -1
46, 0, 0.0, 107.54913015464484, 37.033666237113195, 30.06757597228419, -1, -1, -1, -1
47, 0, 0.0, 107.4403994845429, 38.084729381443054, 30.28212209457608, -1, -1, -1, -1
48, 0, 0.0, 107.33166881444095, 39.135792525772914, 30.496668216867974, -1, -1, -1, -1
49, 0, 0.0, 107.22293814433898, 40.18685567010277, 30.711214339159866, -1, -1, -1, -1
50, 0, 0.0, 107.11420747423702, 41.23791881443263, 30.925760461451755, -1, -1, -1, -1
51, 0, 0.0, 107.00547680413507, 42.288981958762484, 31.140306583743644, -1, -1, -1, -1
52, 0, 0.0, 106.89674613403311, 43.340045103092336, 31.354852706035533, -1, -1, -1, -1
53, 0, 0.0, 106.78801546393115, 44.391108247422196, 31.569398828327422, -1, -1, -1, -1
54, 0, 0.0, 106.6792847938292, 45.442171391752055, 31.783944950619315, -1, -1, -1, -1
55, 0, 0.0, 106.57055412372723, 46.49323453608191, 31.998491072911207, -1, -1, -1, -1
56, 0, 0.0, 106.46182345362527, 47.54429768041176, 32.2130371952031, -1, -1, -1, -1
57, 0, 0.0, 106.35309278352332, 48.59536082474162, 32.42758331749499, -1, -1, -1, -1
58, 0, 0.0, 106.24436211342136, 49.64642396907148, 32.642129439786885, -1, -1, -1, -1
59, 0, 0.0, 106.1356314433194, 50.69748711340134, 32.85667556207877, -1, -1, -1, -1
60, 0, 0.0, 106.02690077321745, 51.748550257731196, 33.071221684370656, -1, -1, -1, -1
61, 0, 0.0, 105.91817010311549, 52.79961340206105, 33.28576780666255, -1, -1, -1, -1
62, 0, 0.0, 105.80943943301352, 53.8506765463909, 33.50031392895444, -1, -1, -1, -1
63, 0, 0.0, 105.70070876291157, 54.90173969072076, 33.71486005124633, -1, -1, -1, -1
64, 0, 0.0, 105.59197809280963, 55.95280283505062, 33.929406173538226, -1, -1, -1, -1
65, 0, 0.0, 105.48324742270766, 57.00386597938047, 34.14395229583012, -1, -1, -1, -1
66, 0, 0.0, 105.3745167526057, 58.05492912371032, 34.358498418122004, -1, -1, -1, -1
67, 0, 0.0, 105.26578608250375, 59.10599226804018, 34.57304454041389, -1, -1, -1, -1
68, 0, 0.0, 105.15705541240179, 60.15705541237004, 34.787590662705774, -1, -1, -1, -1
69, 0, 0.0, 105.04832474229983, 61.2081185566999, 35.00213678499766, -1, -1, -1, -1
70, 0, 0.9278350515463918, 104.93959407218878, 61.33134664948369, 34.776087124830724, -1, -1, -1, -1
71, 0, 1.8556701030927836, 104.83086340207775, 61.45457474226748, 34.55003746466378, -1, -1, -1, -1
72, 0, 2.783505154639175, 104.72213273196672, 61.57780283505127, 34.32398780449684, -1, -1, -1, -1
73, 0, 3.711340206185567, 104.61340206185568, 61.701030927835056, 34.0979381443299, -1, -1, -1, -1
74, 0, 4.783438400970418, 104.59407216494846, 61.827386341297625, 34.03994845360825, -1, -1, -1, -1
75, 0, 5.855536595755269, 104.57474226804123, 61.95374175476019, 33.9819587628866, -1, -1, -1, -1
76, 0, 6.92763479054012, 104.55541237113403, 62.08009716822275, 33.92396907216495, -1, -1, -1, -1
77, 0, 7.999732985324971, 104.5360824742268, 62.20645258168531, 33.865979381443296, -1, -1, -1, -1
78, 0, 9.071831180109822, 104.51675257731958, 62.33280799514788, 33.80798969072165, -1, -1, -1, -1
79, 0, 10.143929374894674, 104.49742268041236, 62.45916340861045, 33.75, -1, -1, -1, -1
80, 0, 11.216027569679525, 104.47809278350513, 62.58551882207301, 33.69201030927835, -1, -1, -1, -1
81, 0, 12.288125764464375, 104.45876288659791, 62.71187423553558, 33.634020618556704, -1, -1, -1, -1
82, 0, 13.360223959249225, 104.43943298969069, 62.83822964899815, 33.57603092783505, -1, -1, -1, -1
83, 0, 14.432322154034077, 104.42010309278348, 62.96458506246071, 33.51804123711339, -1, -1, -1, -1
84, 0, 15.504420348818929, 104.40077319587625, 63.090940475923276, 33.460051546391725, -1, -1, -1, -1
85, 0, 16.57651854360378, 104.38144329896903, 63.21729588938584, 33.40206185567007, -1, -1, -1, -1
86, 0, 17.648616738388633, 104.36211340206181, 63.3436513028484, 33.34407216494842, -1, -1, -1, -1
87, 0, 18.720714933173483, 104.34278350515459, 63.47000671631097, 33.286082474226774, -1, -1, -1, -1
88, 0, 19.792813127958333, 104.32345360824736, 63.59636212977354, 33.228092783505126, -1, -1, -1, -1
89, 0, 20.864911322743183, 104.30412371134014, 63.7227175432361, 33.17010309278348, -1, -1, -1, -1
90, 0, 21.937009517528033, 104.28479381443292, 63.84907295669866, 33.11211340206182, -1, -1, -1, -1
91, 0, 23.009107712312883, 104.2654639175257, 63.97542837016123, 33.054123711340175, -1, -1, -1, -1
92, 0, 24.081205907097733, 104.24613402061848, 64.1017837836238, 32.99613402061853, -1, -1, -1, -1
93, 0, 25.153304101882586, 104.22680412371126, 64.22813919708636, 32.93814432989687, -1, -1, -1, -1
94, 0, 26.22540229666744, 104.20747422680404, 64.35449461054893, 32.880154639175224, -1, -1, -1, -1
95, 0, 27.29750049145229, 104.18814432989682, 64.4808500240115, 32.822164948453576, -1, -1, -1, -1
96, 0, 28.36959868623714, 104.16881443298959, 64.60720543747408, 32.76417525773193, -1, -1, -1, -1
97, 0, 29.44169688102199, 104.14948453608237, 64.73356085093664, 32.70618556701028, -1, -1, -1, -1
98, 0, 30.51379507580684, 104.13015463917515, 64.8599162643992, 32.648195876288625, -1, -1, -1, -1
99, 0, 31.58589327059169, 104.11082474226794, 64.98627167786177, 32.59020618556696, -1, -1, -1, -1
100, 0, 32.65799146537654, 104.09149484536071, 65.11262709132433, 32.5322164948453, -1, -1, -1, -1
101, 0, 33.73008966016139, 104.07216494845349, 65.23898250478689, 32.474226804123646, -1, -1, -1, -1
102, 0, 34.80218785494624, 104.05283505154627, 65.36533791824945, 32.416237113402, -1, -1, -1, -1
103, 0, 35.8742860497311, 104.03350515463904, 65.49169333171201, 32.35824742268035, -1, -1, -1, -1
104, 0, 36.94638424451595, 104.01417525773182, 65.61804874517458, 32.3002577319587, -1, -1, -1, -1
105, 0, 38.0184824393008, 103.9948453608246, 65.74440415863715, 32.242268041237054, -1, -1, -1, -1
106, 0, 39.09058063408565, 103.97551546391738, 65.87075957209973, 32.1842783505154, -1, -1, -1, -1
107, 0, 40.1626788288705, 103.95618556701015, 65.99711498556229, 32.12628865979375, -1, -1, -1, -1
108, 0, 41.23477702365535, 103.93685567010294, 66.12347039902485, 32.0682989690721, -1, -1, -1, -1
109, 0, 42.3068752184402, 103.91752577319572, 66.24982581248743, 32.01030927835045, -1, -1, -1, -1
110, 0, 43.60083759678453, 103.85953608247414, 66.2146550011638, 32.01859351988294, -1, -1, -1, -1
111, 0, 44.89479997512886, 103.80154639175254, 66.17948418984017, 32.02687776141543, -1, -1, -1, -1
112, 0, 46.188762353473194, 103.74355670103094, 66.14431337851654, 32.035162002947914, -1, -1, -1, -1
113, 0, 47.48272473181752, 103.68556701030934, 66.10914256719292, 32.04344624448041, -1, -1, -1, -1
114, 0, 48.776687110161845, 103.62757731958774, 66.0739717558693, 32.0517304860129, -1, -1, -1, -1
115, 0, 50.07064948850618, 103.56958762886615, 66.03880094454567, 32.0600147275454, -1, -1, -1, -1
116, 0, 51.36461186685051, 103.51159793814455, 66.00363013322205, 32.0682989690779, -1, -1, -1, -1
117, 0, 52.658574245194835, 103.45360824742296, 65.96845932189842, 32.076583210610394, -1, -1, -1, -1
118, 0, 53.95253662353916, 103.39561855670136, 65.9332885105748, 32.08486745214289, -1, -1, -1, -1
119, 0, 55.24649900188349, 103.33762886597977, 65.89811769925117, 32.09315169367538, -1, -1, -1, -1
120, 0, 56.540461380227825, 103.27963917525817, 65.86294688792754, 32.101435935207874, -1, -1, -1, -1
121, 0, 57.83442375857216, 103.22164948453657, 65.82777607660391, 32.10972017674037, -1, -1, -1, -1
122, 0, 59.12838613691649, 103.16365979381499, 65.79260526528029, 32.11800441827286, -1, -1, -1, -1
123, 0, 60.422348515260815, 103.10567010309339, 65.75743445395668, 32.12628865980535, -1, -1, -1, -1
124, 0, 61.71631089360514, 103.04768041237179, 65.72226364263305, 32.13457290133783, -1, -1, -1, -1
125, 0, 63.01027327194947, 102.98969072165019, 65.68709283130943, 32.14285714287033, -1, -1, -1, -1
126, 0, 64.3042356502938, 102.9317010309286, 65.65192201998579, 32.15114138440282, -1, -1, -1, -1
127, 0, 65.59819802863814, 102.873711340207, 65.61675120866217, 32.159425625935306, -1, -1, -1, -1
128, 0, 66.89216040698247, 102.8157216494854, 65.58158039733854, 32.16770986746779, -1, -1, -1, -1
129, 0, 68.1861227853268, 102.75773195876381, 65.5464095860149, 32.175994109000285, -1, -1, -1, -1
130, 0, 69.48008516367113, 102.69974226804223, 65.51123877469128, 32.18427835053278, -1, -1, -1, -1
131, 0, 70.77404754201547, 102.64175257732063, 65.47606796336765, 32.19256259206528, -1, -1, -1, -1
132, 0, 72.0680099203598, 102.58376288659903, 65.44089715204402, 32.20084683359778, -1, -1, -1, -1
133, 0, 73.36197229870412, 102.52577319587743, 65.40572634072039, 32.20913107513027, -1, -1, -1, -1
134, 0, 74.65593467704844, 102.46778350515584, 65.37055552939677, 32.217415316662766, -1, -1, -1, -1
135, 0, 75.94989705539277, 102.40979381443424, 65.33538471807316, 32.22569955819525, -1, -1, -1, -1
136, 0, 77.2438594337371, 102.35180412371264, 65.30021390674953, 32.23398379972774, -1, -1, -1, -1
137, 0, 78.53782181208143, 102.29381443299106, 65.26504309542591, 32.24226804126023, -1, -1, -1, -1
138, 0, 79.83178419042576, 102.23582474226946, 65.22987228410227, 32.250552282792725, -1, -1, -1, -1
139, 0, 81.1257465687701, 102.17783505154786, 65.19470147277865, 32.25883652432522, -1, -1, -1, -1
140, 0, 82.41970894711443, 102.11984536082626, 65.15953066145502, 32.26712076585771, -1, -1, -1, -1
141, 0, 83.71367132545876, 102.06185567010466, 65.12435985013138, 32.275405007390205, -1, -1, -1, -1
142, 0, 85.0076337038031, 102.00386597938308, 65.08918903880776, 32.2836892489227, -1, -1, -1, -1
143, 0, 86.30159608214743, 101.94587628866148, 65.05401822748414, 32.291973490455185, -1, -1, -1, -1
144, 0, 87.59555846049176, 101.88788659793988, 65.01884741616053, 32.30025773198767, -1, -1, -1, -1
145, 0, 88.88952083883608, 101.82989690721828, 64.9836766048369, 32.308541973520164, -1, -1, -1, -1
146, 0, 90.1834832171804, 101.77190721649669, 64.94850579351328, 32.31682621505266, -1, -1, -1, -1
147, 0, 91.47744559552473, 101.71391752577509, 64.91333498218964, 32.32511045658516, -1, -1, -1, -1
148, 0, 92.77140797386906, 101.65592783505349, 64.87816417086601, 32.33339469811766, -1, -1, -1, -1
149, 0, 94.06537035221339, 101.5979381443319, 64.84299335954239, 32.34167893965015, -1, -1, -1, -1
150, 0, 95.35933273055772, 101.53994845361032, 64.80782254821877, 32.349963181182645, -1, -1, -1, -1
151, 0, 96.65329510890206, 101.48195876288872, 64.77265173689514, 32.35824742271513, -1, -1, -1, -1
152, 0, 97.94725748724639, 101.42396907216713, 64.73748092557152, 32.36653166424762, -1, -1, -1, -1
153, 0, 99.24121986559072, 101.36597938144553, 64.7023101142479, 32.37481590578011, -1, -1, -1, -1
154, 0, 100.53518224393505, 101.30798969072393, 64.66713930292427, 32.383100147312604, -1, -1, -1, -1
155, 0, 101.82914462227939, 101.25000000000233, 64.63196849160065, 32.39138438884509, -1, -1, -1, -1
156, 0, 103.12310700062372, 101.19201030928073, 64.596797680277, 32.399668630377576, -1, -1, -1, -1
157, 0, 104.41706937896804, 101.13402061855915, 64.56162686895338, 32.40795287191007, -1, -1, -1, -1
158, 0, 105.71103175731236, 101.07603092783755, 64.52645605762976, 32.41623711344256, -1, -1, -1, -1
159, 0, 107.00499413565669, 101.01804123711595, 64.49128524630612, 32.424521354975056, -1, -1, -1, -1
160, 0, 108.29895651400102, 100.96005154639435, 64.4561144349825, 32.43280559650755, -1, -1, -1, -1
161, 0, 109.59291889234535, 100.90206185567276, 64.42094362365887, 32.44108983804004, -1, -1, -1, -1
162, 0, 110.88688127068968, 100.84407216495117, 64.38577281233525, 32.449374079572536, -1, -1, -1, -1
163, 0, 112.18084364903402, 100.78608247422957, 64.35060200101162, 32.457658321105036, -1, -1, -1, -1
164, 0, 113.47480602737835, 100.72809278350798, 64.31543118968801, 32.46594256263754, -1, -1, -1, -1
165, 0, 114.76876840572267, 100.67010309278638, 64.28026037836439, 32.47422680417003, -1, -1, -1, -1
166, 0, 116.062730784067, 100.61211340206478, 64.24508956704076, 32.48251104570252, -1, -1, -1, -1
167, 0, 117.35669316241133, 100.55412371134318, 64.20991875571713, 32.49079528723502, -1, -1, -1, -1
168, 0, 118.65065554075566, 100.49613402062158, 64.17474794439349, 32.49907952876751, -1, -1, -1, -1
169, 0, 119.9446179191, 100.4381443299, 64.13957713306986, 32.507363770299996, -1, -1, -1, -1
170, 0, 121.20981210374231, 100.38015463917822, 64.01864114427786, 32.5156480118296, -1, -1, -1, -1
171, 0, 122.47500628838462, 100.32216494845645, 63.897705155485866, 32.52393225335919, -1, -1, -1, -1
172, 0, 123.74020047302693, 100.26417525773466, 63.77676916669387, 32.532216494888786, -1, -1, -1, -1
173, 0, 125.00539465766924, 100.20618556701288, 63.65583317790187, 32.54050073641838, -1, -1, -1, -1
174, 0, 126.27058884231155, 100.14819587629111, 63.53489718910987, 32.548784977947975, -1, -1, -1, -1
175, 0, 127.53578302695388, 100.09020618556933, 63.413961200317864, 32.55706921947757, -1, -1, -1, -1
176, 0, 128.8009772115962, 100.03221649484755, 63.29302521152586, 32.56535346100716, -1, -1, -1, -1
177, 0, 130.0661713962385, 99.97422680412578, 63.17208922273386, 32.57363770253676, -1, -1, -1, -1
178, 0, 131.3313655808808, 99.916237113404, 63.051153233941854, 32.58192194406635, -1, -1, -1, -1
179, 0, 132.59655976552312, 99.85824742268221, 62.93021724514985, 32.59020618559595, -1, -1, -1, -1
180, 0, 133.86175395016545, 99.80025773196044, 62.80928125635784, 32.598490427125554, -1, -1, -1, -1
181, 0, 135.12694813480775, 99.74226804123866, 62.688345267565836, 32.60677466865515, -1, -1, -1, -1
182, 0, 136.39214231945004, 99.68427835051688, 62.56740927877384, 32.61505891018474, -1, -1, -1, -1
183, 0, 137.65733650409237, 99.62628865979511, 62.44647328998184, 32.623343151714344, -1, -1, -1, -1
184, 0, 138.9225306887347, 99.56829896907333, 62.32553730118984, 32.631627393243946, -1, -1, -1, -1
185, 0, 140.187724873377, 99.51030927835154, 62.20460131239784, 32.63991163477354, -1, -1, -1, -1
186, 0, 141.4529190580193, 99.45231958762977, 62.08366532360584, 32.648195876303134, -1, -1, -1, -1
187, 0, 142.71811324266162, 99.39432989690799, 61.962729334813844, 32.65648011783273, -1, -1, -1, -1
188, 0, 143.98330742730394, 99.33634020618621, 61.841793346021845, 32.66476435936232, -1, -1, -1, -1
189, 0, 145.24850161194624, 99.27835051546444, 61.720857357229846, 32.67304860089192, -1, -1, -1, -1
190, 0, 146.51369579658854, 99.22036082474266, 61.59992136843785, 32.68133284242151, -1, -1, -1, -1
191, 0, 147.77888998123086, 99.16237113402087, 61.47898537964585, 32.68961708395111, -1, -1, -1, -1
192, 0, 149.0440841658732, 99.1043814432991, 61.35804939085385, 32.697901325480714, -1, -1, -1, -1
193, 0, 150.30927835051548, 99.04639175257732, 61.23711340206186, 32.70618556701031, -1, -1, -1, -1
194, 0, 151.5104933726065, 98.9801178203241, 61.170046021173334, 32.65648011782238, -1, -1, -1, -1
195, 0, 152.71170839469752, 98.91384388807089, 61.1029786402848, 32.60677466863446, -1, -1, -1, -1
196, 0, 153.91292341678854, 98.84756995581768, 61.03591125939628, 32.55706921944653, -1, -1, -1, -1
197, 0, 155.11413843887956, 98.78129602356445, 60.968843878507755, 32.50736377025861, -1, -1, -1, -1
198, 0, 156.31535346097058, 98.71502209131123, 60.90177649761923, 32.457658321070674, -1, -1, -1, -1
199, 0, 157.51656848306163, 98.64874815905802, 60.83470911673071, 32.40795287188274, -1, -1, -1, -1
200, 0, 158.71778350515265, 98.5824742268048, 60.76764173584218, 32.35824742269481, -1, -1, -1, -1
201, 0, 159.91899852724367, 98.51620029455158, 60.70057435495366, 32.30854197350688, -1, -1, -1, -1
202, 0, 161.1202135493347, 98.44992636229836, 60.633506974065135, 32.25883652431895, -1, -1, -1, -1
203, 0, 162.3214285714257, 98.38365243004515, 60.56643959317661, 32.20913107513102, -1, -1, -1, -1
204, 0, 163.52264359351673, 98.31737849779192, 60.49937221228809, 32.159425625943086, -1, -1, -1, -1
205, 0, 164.72385861560775, 98.2511045655387, 60.43230483139956, 32.10972017675516, -1, -1, -1, -1
206, 0, 165.92507363769877, 98.18483063328549, 60.36523745051104, 32.060014727567236, -1, -1, -1, -1
207, 0, 167.1262886597898, 98.11855670103226, 60.298170069622515, 32.01030927837931, -1, -1, -1, -1
208, 0, 168.3275036818808, 98.05228276877904, 60.23110268873399, 31.960603829191385, -1, -1, -1, -1
209, 0, 169.52871870397183, 97.98600883652583, 60.16403530784547, 31.91089838000346, -1, -1, -1, -1
210, 0, 170.72993372606285, 97.91973490427262, 60.09696792695694, 31.861192930815534, -1, -1, -1, -1
211, 0, 171.93114874815387, 97.85346097201939, 60.02990054606842, 31.81148748162761, -1, -1, -1, -1
212, 0, 173.13236377024492, 97.78718703976617, 59.962833165179894, 31.761782032439683, -1, -1, -1, -1
213, 0, 174.33357879233594, 97.72091310751296, 59.89576578429137, 31.712076583251758, -1, -1, -1, -1
214, 0, 175.53479381442696, 97.65463917525975, 59.82869840340284, 31.662371134063825, -1, -1, -1, -1
215, 0, 176.73600883651798, 97.58836524300652, 59.761631022514315, 31.612665684875893, -1, -1, -1, -1
216, 0, 177.937223858609, 97.5220913107533, 59.69456364162579, 31.56296023568796, -1, -1, -1, -1
217, 0, 179.13843888070002, 97.45581737850009, 59.62749626073726, 31.513254786500024, -1, -1, -1, -1
218, 0, 180.33965390279306, 97.3895434462462, 58.7347974532849, 31.4635493372977, -1, -1, -1, -1
219, 0, 181.5408689248861, 97.32326951399232, 57.842098645832536, 31.41384388809537, -1, -1, -1, -1
220, 0, 182.74208394697914, 97.25699558173844, 56.949399838380174, 31.364138438893047, -1, -1, -1, -1
221, 0, 183.94329896907217, 97.19072164948454, 56.056701030927805, 31.314432989690722, -1, -1, -1, -1
222, 0, 185.12483891752674, 97.14722938144223, 54.87516108247323, 31.306953183920264, -1, -1, -1, -1
223, 0, 186.3063788659813, 97.10373711339992, 53.693621134018656, 31.29947337814981, -1, -1, -1, -1
224, 0, 187.48791881443583, 97.0602448453576, 52.512081185564085, 31.291993572379354, -1, -1, -1, -1
225, 0, 188.6694587628904, 97.0167525773153, 51.330541237109514, 31.284513766608896, -1, -1, -1, -1
226, 0, 189.85099871134497, 96.973260309273, 50.14900128865496, 31.277033960838438, -1, -1, -1, -1
227, 0, 191.0325386597995, 96.92976804123069, 48.9674613402004, 31.26955415506798, -1, -1, -1, -1
228, 0, 192.21407860825406, 96.88627577318837, 47.785921391745845, 31.26207434929752, -1, -1, -1, -1
229, 0, 193.3956185567086, 96.84278350514607, 46.60438144329129, 31.254594543527062, -1, -1, -1, -1
230, 0, 194.57715850516314, 96.79929123710377, 45.42284149483672, 31.247114737756608, -1, -1, -1, -1
231, 0, 195.7586984536177, 96.75579896906146, 44.24130154638215, 31.239634931986153, -1, -1, -1, -1
232, 0, 196.94023840207228, 96.71230670101914, 43.059761597927576, 31.232155126215698, -1, -1, -1, -1
233, 0, 198.12177835052682, 96.66881443297683, 41.878221649473005, 31.224675320445243, -1, -1, -1, -1
234, 0, 199.30331829898137, 96.62532216493452, 40.696681701018434, 31.21719551467479, -1, -1, -1, -1
235, 0, 200.48485824743594, 96.58182989689222, 39.51514175256386, 31.209715708904334, -1, -1, -1, -1
236, 0, 201.6663981958905, 96.53833762884992, 38.33360180410929, 31.20223590313388, -1, -1, -1, -1
237, 0, 202.84793814434505, 96.4948453608076, 37.15206185565472, 31.194756097363424, -1, -1, -1, -1
238, 0, 204.0294780927996, 96.45135309276529, 35.97052190720015, 31.18727629159297, -1, -1, -1, -1
239, 0, 205.21101804125416, 96.40786082472297, 34.78898195874558, 31.179796485822514, -1, -1, -1, -1
240, 0, 206.39255798970873, 96.36436855668066, 33.60744201029101, 31.17231668005206, -1, -1, -1, -1
241, 0, 207.57409793816328, 96.32087628863836, 32.42590206183644, 31.164836874281605, -1, -1, -1, -1
242, 0, 208.75563788661782, 96.27738402059606, 31.244362113381882, 31.157357068511146, -1, -1, -1, -1
243, 0, 209.93717783507236, 96.23389175255375, 30.062822164927326, 31.149877262740688, -1, -1, -1, -1
244, 0, 211.1187177835269, 96.19039948451143, 28.88128221647277, 31.14239745697023, -1, -1, -1, -1
245, 0, 212.30025773198147, 96.14690721646913, 27.699742268018213, 31.13491765119977, -1, -1, -1, -1
246, 0, 213.48179768043605, 96.10341494842683, 26.518202319563642, 31.127437845429316, -1, -1, -1, -1
247, 0, 214.6633376288906, 96.05992268038452, 25.336662371109075, 31.11995803965886, -1, -1, -1, -1
248, 0, 215.84487757734513, 96.0164304123422, 24.155122422654507, 31.112478233888407, -1, -1, -1, -1
249, 0, 217.0264175257997, 95.97293814429989, 22.973582474199937, 31.104998428117952, -1, -1, -1, -1
250, 0, 218.20795747424654, 95.92944587626606, 21.792042525752983, 31.098784704255877, -1, -1, -1, -1
251, 0, 219.38949742269335, 95.88595360823223, 20.610502577306026, 31.0925709803938, -1, -1, -1, -1
252, 0, 220.57103737114016, 95.8424613401984, 19.428962628859068, 31.08635725653172, -1, -1, -1, -1
253, 0, 221.75257731958698, 95.79896907216457, 18.247422680412114, 31.080143532669645, -1, -1, -1, -1
254, 0, 222.5934278350511, 95.81407724158504, 17.406572164948102, 30.302032303582408, -1, -1, -1, -1
255, 0, 223.43427835051523, 95.8291854110055, 16.56572164948409, 29.523921074495167, -1, -1, -1, -1
256, 0, 224.27512886597935, 95.84429358042595, 15.724871134020077, 28.745809845407926, -1, -1, -1, -1
257, 0, 225.11597938144348, 95.85940174984643, 14.884020618556065, 27.96769861632069, -1, -1, -1, -1
258, 0, 225.9568298969076, 95.8745099192669, 14.043170103092034, 27.189587387233445, -1, -1, -1, -1
259, 0, 226.79768041237173, 95.88961808868737, 13.202319587628004, 26.4114761581462, -1, -1, -1, -1
260, 0, 227.63853092783586, 95.90472625810784, 12.361469072163974, 25.633364929058956, -1, -1, -1, -1
261, 0, 228.4793814433, 95.9198344275283, 11.520618556699946, 24.855253699971712, -1, -1, -1, -1
262, 0, 229.3202319587748, 96.3125251392668, 10.67976804122495, 23.699559928583103, -1, -1, -1, -1
263, 0, 230.1610824742496, 96.7052158510053, 9.838917525749956, 22.543866157194493, -1, -1, -1, -1
264, 0, 231.00193298972442, 97.0979065627438, 8.998067010274962, 21.38817238580588, -1, -1, -1, -1
265, 0, 231.8427835051992, 97.4905972744823, 8.157216494799968, 20.23247861441727, -1, -1, -1, -1
266, 0, 232.683634020652, 97.9375355847277, 7.31636597934739, 19.407606383493366, -1, -1, -1, -1
267, 0, 233.52448453610475, 98.38447389497311, 6.475515463894812, 18.58273415256946, -1, -1, -1, -1
268, 0, 234.36533505155754, 98.83141220521853, 5.634664948442234, 17.757861921645556, -1, -1, -1, -1
269, 0, 235.20618556701032, 99.27835051546393, 4.793814432989656, 16.93298969072165, -1, -1, -1, -1
270, 0, 235.20618556701032, 99.27835051546393, 4.793814432989656, 16.93298969072165, -1, -1, -1, -1
271, 0, 235.20618556701032, 99.27835051546393, 4.793814432989656, 16.93298969072165, -1, -1, -1, -1
272, 0, 235.20618556701032, 99.27835051546393, 4.793814432989656, 16.93298969072165, -1, -1, -1, -1
1737, 1, 0.0, 109.02061855670104, 3.015463917525773, 13.68556701030928, -1, -1, -1, -1
1738, 1, 0.0, 107.86554950874498, 3.7048969072193287, 16.070207168237538, -1, -1, -1, -1
1739, 1, 0.0, 106.71048046078892, 4.394329896912884, 18.454847326165797, -1, -1, -1, -1
1740, 1, 0.0, 105.55541141283285, 5.08376288660644, 20.839487484094057, -1, -1, -1, -1
1741, 1, 0.0, 104.4003423648768, 5.7731958762999955, 23.224127642022314, -1, -1, -1, -1
1742, 1, 0.0, 104.1562661173813, 6.462628865991653, 23.499100262001434, -1, -1, -1, -1
1743, 1, 0.0, 103.91218986988582, 7.152061855683311, 23.77407288198055, -1, -1, -1, -1
1744, 1, 0.0, 103.66811362239032, 7.841494845374968, 24.04904550195967, -1, -1, -1, -1
1745, 1, 0.0, 103.42403737489482, 8.530927835066626, 24.324018121938792, -1, -1, -1, -1
1746, 1, 0.0, 103.17996112739932, 9.220360824758284, 24.59899074191791, -1, -1, -1, -1
1747, 1, 0.0, 102.93588487990382, 9.909793814449941, 24.873963361897026, -1, -1, -1, -1
1748, 1, 0.0, 102.69180863240834, 10.599226804141598, 25.148935981876143, -1, -1, -1, -1
1749, 1, 0.0, 102.44773238491284, 11.288659793833256, 25.42390860185526, -1, -1, -1, -1
1750, 1, 0.0, 102.20365613741734, 11.978092783524914, 25.69888122183438, -1, -1, -1, -1
1751, 1, 0.0, 101.95957988992186, 12.667525773216571, 25.9738538418135, -1, -1, -1, -1
1752, 1, 0.0, 101.71550364242636, 13.356958762908228, 26.248826461792625, -1, -1, -1, -1
1753, 1, 0.0, 101.47142739493086, 14.046391752599886, 26.523799081771745, -1, -1, -1, -1
1754, 1, 0.0, 101.33857767466885, 14.73582474228948, 26.612557581291405, -1, -1, -1, -1
1755, 1, 0.0, 101.20572795440685, 15.425257731979073, 26.70131608081106, -1, -1, -1, -1
1756, 1, 0.0, 101.07287823414484, 16.114690721668666, 26.79007458033072, -1, -1, -1, -1
1757, 1, 0.0, 100.94002851388284, 16.804123711358258, 26.87883307985038, -1, -1, -1, -1
1758, 1, 0.0, 100.80717879362084, 17.49355670104785, 26.967591579370044, -1, -1, -1, -1
1759, 1, 0.0, 100.67432907335882, 18.182989690737443, 27.056350078889707, -1, -1, -1, -1
1760, 1, 0.0, 100.5414793530968, 18.872422680427036, 27.14510857840937, -1, -1, -1, -1
1761, 1, 0.0, 100.4086296328348, 19.561855670116632, 27.233867077929034, -1, -1, -1, -1
1762, 1, 0.0, 100.2757799125728, 20.251288659806228, 27.32262557744869, -1, -1, -1, -1
1763, 1, 0.0, 100.14293019231079, 20.94072164949582, 27.411384076968346, -1, -1, -1, -1
1764, 1, 0.0, 100.01008047204878, 21.630154639185413, 27.500142576488003, -1, -1, -1, -1
1765, 1, 0.0, 99.87723075178678, 22.319587628875006, 27.58890107600766, -1, -1, -1, -1
1766, 1, 0.0, 99.74438103152477, 23.0090206185646, 27.677659575527322, -1, -1, -1, -1
1767, 1, 0.0, 99.61153131126277, 23.69845360825419, 27.766418075046985, -1, -1, -1, -1
1768, 1, 0.0, 99.47868159100076, 24.387886597943783, 27.85517657456665, -1, -1, -1, -1
1769, 1, 0.0, 99.34583187073875, 25.07731958763338, 27.943935074086312, -1, -1, -1, -1
1770, 1, 0.0, 99.21298215047675, 25.766752577322976, 28.03269357360597, -1, -1, -1, -1
1771, 1, 0.0, 99.08013243021475, 26.456185567012568, 28.12145207312563, -1, -1, -1, -1
1772, 1, 0.0, 98.94728270995273, 27.14561855670216, 28.21021057264529, -1, -1, -1, -1
1773, 1, 0.0, 98.81443298969073, 27.835051546391753, 28.29896907216495, -1, -1, -1, -1
1774, 1, 0.0, 98.64628574067584, 28.601343888067436, 28.623895236853148, -1, -1, -1, -1
1775, 1, 0.0, 98.47813849166093, 29.36763622974312, 28.948821401541345, -1, -1, -1, -1
1776, 1, 0.0, 98.30999124264602, 30.133928571418803, 29.27374756622954, -1, -1, -1, -1
1777, 1, 0.0, 98.14184399363111, 30.900220913094486, 29.59867373091774, -1, -1, -1, -1
1778, 1, 0.0, 97.9736967446162, 31.66651325477017, 29.923599895605932, -1, -1, -1, -1
1779, 1, 0.0, 97.80554949560131, 32.43280559644585, 30.248526060294125, -1, -1, -1, -1
1780, 1, 0.0, 97.63740224658642, 33.19909793812154, 30.57345222498232, -1, -1, -1, -1
1781, 1, 0.0, 97.46925499757151, 33.96539027979722, 30.898378389670512, -1, -1, -1, -1
1782, 1, 0.0, 97.3011077485566, 34.7316826214729, 31.223304554358712, -1, -1, -1, -1
1783, 1, 0.0, 97.1329604995417, 35.497974963148586, 31.54823071904691, -1, -1, -1, -1
1784, 1, 0.0, 96.96481325052679, 36.26426730482427, 31.873156883735106, -1, -1, -1, -1
1785, 1, 0.0, 96.7966660015119, 37.03055964649995, 32.19808304842331, -1, -1, -1, -1
1786, 1, 0.0, 96.72758106120227, 37.796851988179924, 32.366700853547286, -1, -1, -1, -1
1787, 1, 0.0, 96.65849612089266, 38.5631443298599, 32.53531865867127, -1, -1, -1, -1
1788, 1, 0.0, 96.58941118058304, 39.32943667153988, 32.70393646379525, -1, -1, -1, -1
1789, 1, 0.0, 96.52032624027342, 40.09572901321985, 32.87255426891923, -1, -1, -1, -1
1790, 1, 0.0, 96.45124129996381, 40.862021354899824, 33.04117207404321, -1, -1, -1, -1
1791, 1, 0.0, 96.38215635965419, 41.6283136965798, 33.20978987916719, -1, -1, -1, -1
1792, 1, 0.0, 96.31307141934457, 42.39460603825978, 33.37840768429117, -1, -1, -1, -1
1793, 1, 0.0, 96.24398647903496, 43.16089837993975, 33.54702548941515, -1, -1, -1, -1
1794, 1, 0.0, 96.17490153872534, 43.92719072161972, 33.715643294539134, -1, -1, -1, -1
1795, 1, 0.0, 96.10581659841571, 44.6934830632997, 33.884261099663114, -1, -1, -1, -1
1796, 1, 0.0, 96.0367316581061, 45.45977540497968, 34.05287890478709, -1, -1, -1, -1
1797, 1, 0.0, 95.96764671779648, 46.22606774665965, 34.22149670991108, -1, -1, -1, -1
1798, 1, 0.0, 95.89856177748686, 46.99236008833962, 34.39011451503506, -1, -1, -1, -1
1799, 1, 0.0, 95.82947683717725, 47.758652430019595, 34.55873232015904, -1, -1, -1, -1
1800, 1, 0.0, 95.76039189686765, 48.524944771699566, 34.72735012528302, -1, -1, -1, -1
1801, 1, 0.0, 95.69130695655802, 49.291237113379545, 34.895967930407, -1, -1, -1, -1
1802, 1, 0.0, 95.6222220162484, 50.05752945505952, 35.064585735530976, -1, -1, -1, -1
1803, 1, 0.0, 95.55313707593879, 50.823821796739495, 35.233203540654955, -1, -1, -1, -1
1804, 1, 0.0, 95.48405213562917, 51.590114138419466, 35.401821345778934, -1, -1, -1, -1
1805, 1, 0.0, 95.41496719531955, 52.356406480099444, 35.570439150902914, -1, -1, -1, -1
1806, 1, 0.0, 95.40968826483456, 53.12269882177448, 35.49170415716934, -1, -1, -1, -1
1807, 1, 0.0, 95.40440933434958, 53.88899116344952, 35.412969163435754, -1, -1, -1, -1
1808, 1, 0.0, 95.3991304038646, 54.65528350512455, 35.33423416970217, -1, -1, -1, -1
1809, 1, 0.0, 95.39385147337961, 55.421575846799584, 35.255499175968595, -1, -1, -1, -1
1810, 1, 0.0, 95.38857254289464, 56.18786818847462, 35.176764182235004, -1, -1, -1, -1
1811, 1, 0.0, 95.38329361240966, 56.95416053014965, 35.09802918850141, -1, -1, -1, -1
1812, 1, 0.0, 95.37801468192467, 57.72045287182469, 35.01929419476781, -1, -1, -1, -1
1813, 1, 0.0, 95.37273575143969, 58.486745213499724, 34.94055920103422, -1, -1, -1, -1
1814, 1, 0.0, 95.36745682095471, 59.25303755517476, 34.861824207300636, -1, -1, -1, -1
1815, 1, 0.0, 95.36217789046972, 60.0193298968498, 34.78308921356705, -1, -1, -1, -1
1816, 1, 0.0, 95.35689895998473, 60.78562223852483, 34.704354219833476, -1, -1, -1, -1
1817, 1, 0.0, 95.35162002949976, 61.55191458019986, 34.62561922609989, -1, -1, -1, -1
1818, 1, 0.0, 95.27291973494982, 62.31820692189989, 34.62030559642491, -1, -1, -1, -1
1819, 1, 0.0, 95.19421944039988, 63.08449926359992, 34.61499196674994, -1, -1, -1, -1
1820, 1, 0.0, 95.11551914584993, 63.85079160529995, 34.60967833707497, -1, -1, -1, -1
1821, 1, 0.0, 95.03681885129998, 64.61708394699998, 34.604364707399995, -1, -1, -1, -1
1822, 1, 0.5070850175088458, 94.95811855674316, 64.8762912711677, 34.59905107773788, -1, -1, -1, -1
1823, 1, 1.0141700350176917, 94.87941826218633, 65.1354985953354, 34.593737448075764, -1, -1, -1, -1
1824, 1, 1.5212550525265374, 94.80071796762951, 65.39470591950311, 34.588423818413645, -1, -1, -1, -1
1825, 1, 2.0283400700353833, 94.72201767307268, 65.65391324367081, 34.58311018875153, -1, -1, -1, -1
1826, 1, 2.535425087544229, 94.64331737851586, 65.91312056783852, 34.57779655908942, -1, -1, -1, -1
1827, 1, 3.0425101050530747, 94.56461708395904, 66.17232789200622, 34.57248292942731, -1, -1, -1, -1
1828, 1, 3.5495951225619207, 94.48591678940221, 66.43153521617393, 34.5671692997652, -1, -1, -1, -1
1829, 1, 4.056680140070767, 94.40721649484537, 66.69074254034165, 34.561855670103085, -1, -1, -1, -1
1830, 1, 4.9148761709932085, 94.3786955780854, 66.73565207302025, 34.57635309278256, -1, -1, -1, -1
1831, 1, 5.7730722019156495, 94.35017466132541, 66.78056160569884, 34.59085051546204, -1, -1, -1, -1
1832, 1, 6.631268232838091, 94.32165374456544, 66.82547113837744, 34.60534793814151, -1, -1, -1, -1
1833, 1, 7.489464263760533, 94.29313282780547, 66.87038067105604, 34.61984536082099, -1, -1, -1, -1
1834, 1, 8.347660294682974, 94.26461191104549, 66.91529020373464, 34.63434278350046, -1, -1, -1, -1
1835, 1, 9.205856325605417, 94.23609099428552, 66.96019973641324, 34.648840206179926, -1, -1, -1, -1
1836, 1, 10.064052356527858, 94.20757007752555, 67.00510926909185, 34.663337628859395, -1, -1, -1, -1
1837, 1, 10.9222483874503, 94.17904916076557, 67.05001880177045, 34.677835051538864, -1, -1, -1, -1
1838, 1, 11.780444418372742, 94.1505282440056, 67.09492833444905, 34.69233247421835, -1, -1, -1, -1
1839, 1, 12.638640449295183, 94.12200732724563, 67.13983786712765, 34.70682989689782, -1, -1, -1, -1
1840, 1, 13.496836480217624, 94.09348641048564, 67.18474739980624, 34.7213273195773, -1, -1, -1, -1
1841, 1, 14.355032511140067, 94.06496549372567, 67.22965693248484, 34.73582474225678, -1, -1, -1, -1
1842, 1, 15.21322854206251, 94.03644457696569, 67.27456646516345, 34.750322164936264, -1, -1, -1, -1
1843, 1, 16.071424572984952, 94.0079236602057, 67.31947599784203, 34.76481958761574, -1, -1, -1, -1
1844, 1, 16.929620603907395, 93.97940274344573, 67.36438553052062, 34.779317010295216, -1, -1, -1, -1
1845, 1, 17.787816634829834, 93.95088182668576, 67.40929506319922, 34.7938144329747, -1, -1, -1, -1
1846, 1, 18.646012665752274, 93.92236090992579, 67.45420459587783, 34.80831185565417, -1, -1, -1, -1
1847, 1, 19.504208696674716, 93.89383999316581, 67.49911412855641, 34.82280927833364, -1, -1, -1, -1
1848, 1, 20.36240472759716, 93.86531907640584, 67.54402366123502, 34.837306701013105, -1, -1, -1, -1
1849, 1, 21.220600758519602, 93.83679815964587, 67.58893319391362, 34.851804123692574, -1, -1, -1, -1
1850, 1, 22.078796789442045, 93.8082772428859, 67.63384272659222, 34.86630154637206, -1, -1, -1, -1
1851, 1, 22.936992820364484, 93.77975632612592, 67.67875225927082, 34.88079896905153, -1, -1, -1, -1
1852, 1, 23.795188851286923, 93.75123540936593, 67.72366179194943, 34.89529639173101, -1, -1, -1, -1
1853, 1, 24.653384882209366, 93.72271449260596, 67.76857132462803, 34.90979381441049, -1, -1, -1, -1
1854, 1, 25.51158091313181, 93.69419357584599, 67.81348085730663, 34.92429123708996, -1, -1, -1, -1
1855, 1, 26.36977694405425, 93.66567265908601, 67.85839038998523, 34.93878865976943, -1, -1, -1, -1
1856, 1, 27.227972974976694, 93.63715174232604, 67.90329992266382, 34.9532860824489, -1, -1, -1, -1
1857, 1, 28.086169005899134, 93.60863082556607, 67.94820945534242, 34.96778350512837, -1, -1, -1, -1
1858, 1, 28.944365036821573, 93.5801099088061, 67.99311898802102, 34.98228092780785, -1, -1, -1, -1
1859, 1, 29.802561067744016, 93.5515889920461, 68.03802852069961, 34.996778350487325, -1, -1, -1, -1
1860, 1, 30.66075709866646, 93.52306807528613, 68.08293805337821, 35.0112757731668, -1, -1, -1, -1
1861, 1, 31.5189531295889, 93.49454715852616, 68.12784758605682, 35.025773195846284, -1, -1, -1, -1
1862, 1, 32.37714916051134, 93.46602624176619, 68.17275711873542, 35.04027061852577, -1, -1, -1, -1
1863, 1, 33.23534519143378, 93.43750532500621, 68.21766665141402, 35.05476804120524, -1, -1, -1, -1
1864, 1, 34.09354122235622, 93.40898440824623, 68.26257618409261, 35.06926546388472, -1, -1, -1, -1
1865, 1, 34.951737253278665, 93.38046349148625, 68.30748571677121, 35.0837628865642, -1, -1, -1, -1
1866, 1, 35.80993328420111, 93.35194257472628, 68.35239524944981, 35.09826030924367, -1, -1, -1, -1
1867, 1, 36.66812931512355, 93.3234216579663, 68.3973047821284, 35.11275773192314, -1, -1, -1, -1
1868, 1, 37.526325346045994, 93.29490074120633, 68.442214314807, 35.12725515460261, -1, -1, -1, -1
1869, 1, 38.384521376968436, 93.26637982444636, 68.4871238474856, 35.14175257728208, -1, -1, -1, -1
1870, 1, 39.24271740789088, 93.23785890768639, 68.53203338016421, 35.15624999996156, -1, -1, -1, -1
1871, 1, 40.10091343881332, 93.2093379909264, 68.57694291284281, 35.17074742264104, -1, -1, -1, -1
1872, 1, 40.959109469735765, 93.18081707416643, 68.6218524455214, 35.185244845320526, -1, -1, -1, -1
1873, 1, 41.8173055006582, 93.15229615740645, 68.6667619782, 35.199742268, -1, -1, -1, -1
1874, 1, 42.78200234098929, 93.13560866391607, 68.71167151087886, 35.21423969068155, -1, -1, -1, -1
1875, 1, 43.74669918132037, 93.1189211704257, 68.75658104355773, 35.22873711336311, -1, -1, -1, -1
1876, 1, 44.71139602165146, 93.1022336769353, 68.8014905762366, 35.24323453604466, -1, -1, -1, -1
1877, 1, 45.676092861982546, 93.08554618344492, 68.84640010891547, 35.25773195872621, -1, -1, -1, -1
1878, 1, 46.64078970231363, 93.06885868995454, 68.89130964159435, 35.272229381407776, -1, -1, -1, -1
1879, 1, 47.60548654264472, 93.05217119646414, 68.9362191742732, 35.28672680408934, -1, -1, -1, -1
1880, 1, 48.570183382975806, 93.03548370297375, 68.98112870695206, 35.301224226770906, -1, -1, -1, -1
1881, 1, 49.53488022330689, 93.01879620948337, 69.02603823963094, 35.31572164945247, -1, -1, -1, -1
1882, 1, 50.499577063637986, 93.00210871599299, 69.07094777230981, 35.33021907213403, -1, -1, -1, -1
1883, 1, 51.46427390396907, 92.9854212225026, 69.11585730498867, 35.34471649481558, -1, -1, -1, -1
1884, 1, 52.42897074430016, 92.96873372901221, 69.16076683766752, 35.35921391749713, -1, -1, -1, -1
1885, 1, 53.393667584631245, 92.95204623552183, 69.2056763703464, 35.37371134017869, -1, -1, -1, -1
1886, 1, 54.35836442496233, 92.93535874203144, 69.25058590302527, 35.388208762860245, -1, -1, -1, -1
1887, 1, 55.32306126529342, 92.91867124854106, 69.29549543570413, 35.4027061855418, -1, -1, -1, -1
1888, 1, 56.287758105624505, 92.90198375505068, 69.34040496838298, 35.41720360822336, -1, -1, -1, -1
1889, 1, 57.25245494595559, 92.88529626156028, 69.38531450106186, 35.43170103090492, -1, -1, -1, -1
1890, 1, 58.21715178628668, 92.8686087680699, 69.43022403374073, 35.446198453586476, -1, -1, -1, -1
1891, 1, 59.181848626617764, 92.85192127457952, 69.4751335664196, 35.46069587626804, -1, -1, -1, -1
1892, 1, 60.14654546694885, 92.83523378108913, 69.52004309909847, 35.475193298949605, -1, -1, -1, -1
1893, 1, 61.11124230727994, 92.81854628759875, 69.56495263177733, 35.48969072163116, -1, -1, -1, -1
1894, 1, 62.075939147611024, 92.80185879410837, 69.60986216445619, 35.50418814431272, -1, -1, -1, -1
1895, 1, 63.04063598794211, 92.78517130061798, 69.65477169713506, 35.51868556699428, -1, -1, -1, -1
1896, 1, 64.0053328282732, 92.76848380712758, 69.69968122981393, 35.533182989675836, -1, -1, -1, -1
1897, 1, 64.97002966860428, 92.7517963136372, 69.74459076249279, 35.547680412357394, -1, -1, -1, -1
1898, 1, 65.93472650893537, 92.73510882014682, 69.78950029517165, 35.56217783503895, -1, -1, -1, -1
1899, 1, 66.89942334926646, 92.71842132665643, 69.83440982785052, 35.5766752577205, -1, -1, -1, -1
1900, 1, 67.86412018959754, 92.70173383316605, 69.8793193605294, 35.59117268040205, -1, -1, -1, -1
1901, 1, 68.82881702992863, 92.68504633967567, 69.92422889320825, 35.60567010308361, -1, -1, -1, -1
1902, 1, 69.79351387025972, 92.66835884618527, 69.96913842588711, 35.620167525765176, -1, -1, -1, -1
1903, 1, 70.7582107105908, 92.65167135269489, 70.01404795856598, 35.63466494844674, -1, -1, -1, -1
1904, 1, 71.72290755092189, 92.63498385920451, 70.05895749124485, 35.649162371128305, -1, -1, -1, -1
1905, 1, 72.68760439125298, 92.61829636571412, 70.10386702392371, 35.66365979380987, -1, -1, -1, -1
1906, 1, 73.65230123158406, 92.60160887222374, 70.14877655660257, 35.67815721649143, -1, -1, -1, -1
1907, 1, 74.61699807191515, 92.58492137873336, 70.19368608928144, 35.69265463917298, -1, -1, -1, -1
1908, 1, 75.58169491224623, 92.56823388524296, 70.23859562196031, 35.70715206185453, -1, -1, -1, -1
1909, 1, 76.54639175257732, 92.55154639175258, 70.28350515463917, 35.72164948453609, -1, -1, -1, -1
1910, 1, 77.55857544517337, 92.53309512652297, 70.24660262417993, 35.71374179943768, -1, -1, -1, -1
1911, 1, 78.57075913776944, 92.51464386129335, 70.2097000937207, 35.70583411433927, -1, -1, -1, -1
1912, 1, 79.58294283036551, 92.49619259606374, 70.17279756326147, 35.69792642924086, -1, -1, -1, -1
1913, 1, 80.59512652296158, 92.47774133083412, 70.13589503280224, 35.69001874414245, -1, -1, -1, -1
1914, 1, 81.60731021555765, 92.4592900656045, 70.09899250234301, 35.68211105904405, -1, -1, -1, -1
1915, 1, 82.61949390815371, 92.44083880037489, 70.06208997188378, 35.674203373945645, -1, -1, -1, -1
1916, 1, 83.63167760074978, 92.42238753514528, 70.02518744142455, 35.66629568884724, -1, -1, -1, -1
1917, 1, 84.64386129334584, 92.40393626991566, 69.9882849109653, 35.65838800374884, -1, -1, -1, -1
1918, 1, 85.65604498594189, 92.38548500468605, 69.95138238050609, 35.65048031865044, -1, -1, -1, -1
1919, 1, 86.66822867853796, 92.36703373945642, 69.91447985004686, 35.64257263355203, -1, -1, -1, -1
1920, 1, 87.68041237113403, 92.3485824742268, 69.87757731958763, 35.63466494845362, -1, -1, -1, -1
1921, 1, 88.6925960637301, 92.33013120899719, 69.8406747891284, 35.626757263355216, -1, -1, -1, -1
1922, 1, 89.70477975632616, 92.31167994376757, 69.80377225866917, 35.61884957825681, -1, -1, -1, -1
1923, 1, 90.71696344892221, 92.29322867853796, 69.76686972820994, 35.6109418931584, -1, -1, -1, -1
1924, 1, 91.72914714151827, 92.27477741330834, 69.72996719775071, 35.60303420805999, -1, -1, -1, -1
1925, 1, 92.74133083411434, 92.25632614807873, 69.69306466729148, 35.59512652296158, -1, -1, -1, -1
1926, 1, 93.7535145267104, 92.23787488284911, 69.65616213683225, 35.587218837863176, -1, -1, -1, -1
1927, 1, 94.76569821930647, 92.2194236176195, 69.619259606373, 35.57931115276477, -1, -1, -1, -1
1928, 1, 95.77788191190254, 92.20097235238988, 69.58235707591376, 35.57140346766636, -1, -1, -1, -1
1929, 1, 96.79006560449861, 92.18252108716027, 69.54545454545453, 35.563495782567955, -1, -1, -1, -1
1930, 1, 97.80224929709468, 92.16406982193065, 69.5085520149953, 35.555588097469546, -1, -1, -1, -1
1931, 1, 98.81443298969073, 92.14561855670104, 69.47164948453607, 35.547680412371136, -1, -1, -1, -1
1932, 1, 99.82661668228678, 92.12716729147142, 69.43474695407684, 35.53977272727273, -1, -1, -1, -1
1933, 1, 100.83880037488285, 92.10871602624181, 69.39784442361761, 35.53186504217432, -1, -1, -1, -1
1934, 1, 101.85098406747892, 92.0902647610122, 69.36094189315838, 35.523957357075915, -1, -1, -1, -1
1935, 1, 102.86316776007499, 92.07181349578258, 69.32403936269915, 35.51604967197751, -1, -1, -1, -1
1936, 1, 103.87535145267105, 92.05336223055295, 69.28713683223992, 35.50814198687911, -1, -1, -1, -1
1937, 1, 104.88753514526711, 92.03491096532333, 69.25023430178068, 35.50023430178071, -1, -1, -1, -1
1938, 1, 105.89971883786316, 92.01645970009372, 69.21333177132146, 35.4923266166823, -1, -1, -1, -1
1939, 1, 106.91190253045923, 91.9980084348641, 69.17642924086223, 35.48441893158389, -1, -1, -1, -1
1940, 1, 107.9240862230553, 91.97955716963449, 69.139526710403, 35.47651124648548, -1, -1, -1, -1
1941, 1, 108.93626991565137, 91.96110590440487, 69.10262417994377, 35.46860356138707, -1, -1, -1, -1
1942, 1, 109.94845360824743, 91.94265463917526, 69.06572164948454, 35.46069587628867, -1, -1, -1, -1
1943, 1, 110.9606373008435, 91.92420337394564, 69.02881911902531, 35.45278819119026, -1, -1, -1, -1
1944, 1, 111.97282099343957, 91.90575210871603, 68.99191658856608, 35.44488050609185, -1, -1, -1, -1
1945, 1, 112.98500468603562, 91.88730084348641, 68.95501405810684, 35.43697282099345, -1, -1, -1, -1
1946, 1, 113.99718837863168, 91.8688495782568, 68.9181115276476, 35.42906513589504, -1, -1, -1, -1
1947, 1, 115.00937207122774, 91.85039831302718, 68.88120899718837, 35.42115745079663, -1, -1, -1, -1
1948, 1, 116.02155576382381, 91.83194704779757, 68.84430646672914, 35.41324976569822, -1, -1, -1, -1
1949, 1, 117.03373945641988, 91.81349578256795, 68.8074039362699, 35.40534208059981, -1, -1, -1, -1
1950, 1, 118.04592314901595, 91.79504451733834, 68.77050140581068, 35.397434395501406, -1, -1, -1, -1
1951, 1, 119.058106841612, 91.77659325210871, 68.73359887535145, 35.389526710403004, -1, -1, -1, -1
1952, 1, 120.07029053420806, 91.7581419868791, 68.69669634489222, 35.3816190253046, -1, -1, -1, -1
1953, 1, 121.08247422680412, 91.73969072164948, 68.65979381443299, 35.3737113402062, -1, -1, -1, -1
1954, 1, 122.09465791940019, 91.72123945641987, 68.62289128397376, 35.3658036551078, -1, -1, -1, -1
1955, 1, 123.10684161199626, 91.70278819119025, 68.58598875351451, 35.35789597000939, -1, -1, -1, -1
1956, 1, 124.11902530459233, 91.68433692596064, 68.54908622305527, 35.34998828491098, -1, -1, -1, -1
1957, 1, 125.1312089971884, 91.66588566073102, 68.51218369259604, 35.342080599812576, -1, -1, -1, -1
1958, 1, 126.14339268978446, 91.6474343955014, 68.47528116213681, 35.334172914714166, -1, -1, -1, -1
1959, 1, 127.15557638238052, 91.62898313027179, 68.4383786316776, 35.32626522961576, -1, -1, -1, -1
1960, 1, 128.16776007497657, 91.61053186504218, 68.40147610121838, 35.31835754451735, -1, -1, -1, -1
1961, 1, 129.17994376757264, 91.59208059981256, 68.36457357075915, 35.31044985941894, -1, -1, -1, -1
1962, 1, 130.1921274601687, 91.57362933458295, 68.3276710402999, 35.302542174320536, -1, -1, -1, -1
1963, 1, 131.20431115276477, 91.55517806935333, 68.29076850984066, 35.294634489222126, -1, -1, -1, -1
1964, 1, 132.21649484536084, 91.53672680412372, 68.25386597938142, 35.28672680412372, -1, -1, -1, -1
1965, 1, 133.2286785379569, 91.5182755388941, 68.21696344892217, 35.278819119025314, -1, -1, -1, -1
1966, 1, 134.24086223055298, 91.49982427366449, 68.18006091846294, 35.270911433926905, -1, -1, -1, -1
1967, 1, 135.25304592314905, 91.48137300843487, 68.14315838800373, 35.263003748828496, -1, -1, -1, -1
1968, 1, 136.2652296157451, 91.46292174320526, 68.10625585754451, 35.255096063730086, -1, -1, -1, -1
1969, 1, 137.27741330834115, 91.44447047797564, 68.06935332708528, 35.24718837863168, -1, -1, -1, -1
1970, 1, 138.2895970009372, 91.42601921274603, 68.03245079662605, 35.239280693533274, -1, -1, -1, -1
1971, 1, 139.30178069353326, 91.40756794751641, 67.99554826616682, 35.23137300843487, -1, -1, -1, -1
1972, 1, 140.31396438612933, 91.38911668228678, 67.95864573570759, 35.22346532333647, -1, -1, -1, -1
1973, 1, 141.3261480787254, 91.37066541705717, 67.92174320524836, 35.21555763823807, -1, -1, -1, -1
1974, 1, 142.33833177132146, 91.35221415182755, 67.88484067478913, 35.20764995313966, -1, -1, -1, -1
1975, 1, 143.35051546391753, 91.33376288659794, 67.84793814432989, 35.19974226804125, -1, -1, -1, -1
1976, 1, 144.3626991565136, 91.31531162136832, 67.81103561387064, 35.19183458294284, -1, -1, -1, -1
1977, 1, 145.37488284910967, 91.29686035613871, 67.77413308341141, 35.18392689784443, -1, -1, -1, -1
1978, 1, 146.38706654170574, 91.2784090909091, 67.73723055295218, 35.17601921274603, -1, -1, -1, -1
1979, 1, 147.3992502343018, 91.25995782567948, 67.70032802249295, 35.16811152764762, -1, -1, -1, -1
1980, 1, 148.41143392689787, 91.24150656044986, 67.66342549203372, 35.16020384254921, -1, -1, -1, -1
1981, 1, 149.42361761949394, 91.22305529522025, 67.6265229615745, 35.152296157450806, -1, -1, -1, -1
1982, 1, 150.43580131209, 91.20460402999063, 67.58962043111526, 35.1443884723524, -1, -1, -1, -1
1983, 1, 151.44798500468607, 91.18615276476102, 67.55271790065602, 35.13648078725399, -1, -1, -1, -1
1984, 1, 152.46016869728214, 91.1677014995314, 67.51581537019678, 35.12857310215558, -1, -1, -1, -1
1985, 1, 153.47235238987818, 91.14925023430179, 67.47891283973755, 35.12066541705717, -1, -1, -1, -1
1986, 1, 154.48453608247422, 91.13079896907217, 67.44201030927832, 35.112757731958766, -1, -1, -1, -1
1987, 1, 155.4967197750703, 91.11234770384254, 67.4051077788191, 35.10485004686036, -1, -1, -1, -1
1988, 1, 156.50890346766636, 91.09389643861293, 67.36820524835989, 35.09694236176196, -1, -1, -1, -1
1989, 1, 157.52108716026243, 91.07544517338332, 67.33130271790066, 35.08903467666356, -1, -1, -1, -1
1990, 1, 158.5332708528585, 91.0569939081537, 67.29440018744143, 35.08112699156515, -1, -1, -1, -1
1991, 1, 159.54545454545456, 91.03854264292409, 67.25749765698218, 35.07321930646674, -1, -1, -1, -1
1992, 1, 160.55763823805063, 91.02009137769447, 67.22059512652294, 35.06531162136833, -1, -1, -1, -1
1993, 1, 161.5698219306467, 91.00164011246486, 67.18369259606371, 35.05740393626992, -1, -1, -1, -1
1994, 1, 162.58200562324276, 90.98318884723524, 67.14679006560448, 35.04949625117151, -1, -1, -1, -1
1995, 1, 163.59418931583883, 90.96473758200563, 67.10988753514525, 35.0415885660731, -1, -1, -1, -1
1996, 1, 164.6063730084349, 90.94628631677601, 67.07298500468602, 35.0336808809747, -1, -1, -1, -1
1997, 1, 165.61855670103094, 90.9278350515464, 67.0360824742268, 35.02577319587629, -1, -1, -1, -1
1998, 1, 166.70094462342303, 90.8891752577281, 66.78074354731314, 35.00000000000425, -1, -1, -1, -1
1999, 1, 167.7833325458151, 90.8505154639098, 66.52540462039946, 34.974226804132215, -1, -1, -1, -1
2000, 1, 168.8657204682072, 90.81185567009149, 66.27006569348579, 34.948453608260174, -1, -1, -1, -1
2001, 1, 169.9481083905993, 90.77319587627319, 66.01472676657212, 34.92268041238813, -1, -1, -1, -1
2002, 1, 171.03049631299137, 90.7345360824549, 65.75938783965847, 34.89690721651609, -1, -1, -1, -1
2003, 1, 172.11288423538346, 90.69587628863658, 65.5040489127448, 34.87113402064405, -1, -1, -1, -1
2004, 1, 173.19527215777555, 90.65721649481829, 65.24870998583114, 34.845360824772015, -1, -1, -1, -1
2005, 1, 174.27766008016764, 90.61855670099999, 64.99337105891749, 34.819587628899974, -1, -1, -1, -1
2006, 1, 175.21104261780073, 90.579896907175, 64.24223073651311, 34.79381443302498, -1, -1, -1, -1
2007, 1, 176.14442515543382, 90.54123711335, 63.49109041410874, 34.76804123714998, -1, -1, -1, -1
2008, 1, 177.07780769306692, 90.50257731952499, 62.73995009170437, 34.74226804127498, -1, -1, -1, -1
2009, 1, 178.0111902307, 90.4639175257, 61.9888097693, 34.716494845399986, -1, -1, -1, -1
2010, 1, 178.9445727683384, 90.42525773188862, 61.05542723166164, 34.69072164952206, -1, -1, -1, -1
2011, 1, 179.87795530597674, 90.38659793807723, 60.12204469402327, 34.66494845364414, -1, -1, -1, -1
2012, 1, 180.8113378436151, 90.34793814426584, 59.188662156384915, 34.639175257766226, -1, -1, -1, -1
2013, 1, 181.74472038125344, 90.30927835045446, 58.255279618746556, 34.61340206188831, -1, -1, -1, -1
2014, 1, 182.6781029188918, 90.27061855664309, 57.3218970811082, 34.58762886601039, -1, -1, -1, -1
2015, 1, 183.61148545653015, 90.2319587628317, 56.38851454346984, 34.561855670132466, -1, -1, -1, -1
2016, 1, 184.5448679941685, 90.1932989690203, 55.45513200583148, 34.53608247425454, -1, -1, -1, -1
2017, 1, 185.47825053180688, 90.15463917520893, 54.52174946819312, 34.510309278376624, -1, -1, -1, -1
2017, 2, 0.0, 116.21134020618557, 3.711340206185567, 12.989690721649485, -1, -1, -1, -1
2018, 1, 93.6725078035418, 103.14432989688586, 28.183162299550986, 23.724226804135135, -1, -1, -1, -1
2018, 2, 2.0602076745621396e-16, 115.84930837486168, 4.494201030930219, 13.708753686872448, -1, -1, -1, -1
2019, 1, 187.3450156070836, 90.07731958758616, 52.654984392916404, 34.45876288662078, -1, -1, -1, -1
2019, 2, 4.120415349124279e-16, 115.48727654353779, 5.27706185567487, 14.42781665209541, -1, -1, -1, -1
2020, 1, 94.60589034118016, 102.7436382717506, 28.032640586657276, 24.417516573480178, -1, -1, -1, -1
2020, 2, 6.180623023686418e-16, 115.1252447122139, 6.059922680419522, 15.146879617318373, -1, -1, -1, -1
2021, 1, 189.2117806823603, 89.99999999996339, 50.78821931763969, 34.40721649486494, -1, -1, -1, -1
2021, 2, 8.240830698248558e-16, 114.76321288089001, 6.842783505164173, 15.865942582541336, -1, -1, -1, -1
2022, 1, 95.53927287881851, 102.34294664661533, 27.882118873763567, 25.110806342825217, -1, -1, -1, -1
2022, 2, 1.0301038372810698e-15, 114.40118104956612, 7.625644329908825, 16.585005547764297, -1, -1, -1, -1
2023, 1, 191.07854575763702, 89.92268041234064, 48.921454242362955, 34.3556701031091, -1, -1, -1, -1
2023, 2, 1.2361246047372837e-15, 114.03914921824223, 8.408505154653476, 17.304068512987257, -1, -1, -1, -1
2024, 1, 96.47265541645687, 101.94225502148005, 27.73159716086985, 25.804096112170257, -1, -1, -1, -1
2024, 2, 1.4421453721934976e-15, 113.67711738691834, 9.191365979398128, 18.023131478210217, -1, -1, -1, -1
2025, 1, 192.94531083291375, 89.84536082471787, 47.054689167086224, 34.304123711353256, -1, -1, -1, -1
2025, 2, 1.6481661396497117e-15, 113.31508555559445, 9.974226804142779, 18.742194443433178, -1, -1, -1, -1
2026, 1, 97.40603795409524, 101.54156339634477, 27.58107544797614, 26.4973858815153, -1, -1, -1, -1
2026, 2, 1.8541869071059257e-15, 112.95305372427056, 10.757087628887431, 19.461257408656138, -1, -1, -1, -1
2027, 1, 194.81207590819048, 89.7680412370951, 45.187924091809506, 34.25257731959742, -1, -1, -1, -1
2027, 2, 2.0602076745621396e-15, 112.59102189294667, 11.539948453632084, 20.1803203738791, -1, -1, -1, -1
2028, 1, 98.33942049173359, 101.1408717712095, 27.430553735082434, 27.190675650860342, -1, -1, -1, -1
2028, 2, 2.2662284420183535e-15, 112.22899006162278, 12.322809278376736, 20.89938333910206, -1, -1, -1, -1
2029, 1, 196.67884098346718, 89.69072164947234, 43.32115901653279, 34.201030927841586, -1, -1, -1, -1
2029, 2, 2.4722492094745674e-15, 111.86695823029889, 13.105670103121389, 21.61844630432502, -1, -1, -1, -1
2030, 1, 99.27280302937194, 100.74018014607424, 27.280032022188728, 27.88396542020538, -1, -1, -1, -1
2030, 2, 2.6782699769307813e-15, 111.504926398975, 13.88853092786604, 22.33750926954798, -1, -1, -1, -1
2031, 1, 198.54560605874389, 89.61340206184957, 41.45439394125607, 34.149484536085744, -1, -1, -1, -1
2031, 2, 2.884290744386995e-15, 111.14289456765111, 14.671391752610692, 23.05657223477094, -1, -1, -1, -1
2032, 1, 100.20618556701031, 100.33948852093896, 27.12951030929502, 28.57725518955042, -1, -1, -1, -1
2032, 2, 3.090311511843209e-15, 110.78086273632722, 15.454252577355343, 23.7756351999939, -1, -1, -1, -1
2033, 1, 200.41237113402062, 89.5360824742268, 39.58762886597935, 34.0979381443299, -1, -1, -1, -1
2033, 2, 3.2963322792994233e-15, 110.41883090500333, 16.237113402099993, 24.494698165216864, -1, -1, -1, -1
2034, 1, 101.18041237113357, 99.97745668961284, 26.93814432991639, 29.24370810731927, -1, -1, -1, -1
2034, 2, 3.090311511843209e-15, 110.34594005591485, 17.019974226839878, 24.51500375669493, -1, -1, -1, -1
2035, 1, 202.36082474226714, 89.53608247422234, 37.63917525773279, 33.99271804942168, -1, -1, -1, -1
2035, 2, 2.884290744386995e-15, 110.27304920682637, 17.802835051579763, 24.535309348173, -1, -1, -1, -1
2036, 1, 102.15463917525683, 99.90456584052212, 26.746778350532992, 29.211403651343232, -1, -1, -1, -1
2036, 2, 2.6782699769307813e-15, 110.20015835773789, 18.585695876319647, 24.555614939651072, -1, -1, -1, -1
2037, 1, 204.30927835051367, 89.53608247421788, 35.69072164948622, 33.887497954513464, -1, -1, -1, -1
2037, 2, 2.4722492094745674e-15, 110.12726750864941, 19.36855670105953, 24.575920531129142, -1, -1, -1, -1
2038, 1, 103.1288659793801, 99.83167499143141, 26.5554123711496, 29.179099195367197, -1, -1, -1, -1
2038, 2, 2.2662284420183535e-15, 110.05437665956092, 20.151417525799417, 24.596226122607217, -1, -1, -1, -1
2039, 1, 206.2577319587602, 89.5360824742134, 33.74226804123967, 33.78227785960525, -1, -1, -1, -1
2039, 2, 2.0602076745621396e-15, 109.98148581047244, 20.9342783505393, 24.61653171408529, -1, -1, -1, -1
2040, 1, 104.10309278350336, 99.75878414234069, 26.36404639176621, 29.146794739391165, -1, -1, -1, -1
2040, 2, 1.8541869071059257e-15, 109.90859496138395, 21.717139175279186, 24.636837305563365, -1, -1, -1, -1
2041, 1, 208.2061855670067, 89.53608247420894, 31.793814432993116, 33.67705776469704, -1, -1, -1, -1
2041, 2, 1.6481661396497117e-15, 109.83570411229547, 22.50000000001907, 24.65714289704144, -1, -1, -1, -1
2042, 1, 105.07731958762662, 99.68589329324998, 26.172680412382807, 29.11449028341513, -1, -1, -1, -1
2042, 2, 1.4421453721934976e-15, 109.762813263207, 23.282860824758956, 24.677448488519502, -1, -1, -1, -1
2043, 1, 210.15463917525324, 89.53608247420448, 29.845360824746543, 33.57183766978882, -1, -1, -1, -1
2043, 2, 1.2361246047372837e-15, 109.68992241411851, 24.06572164949884, 24.697754079997566, -1, -1, -1, -1
2044, 1, 106.05154639174988, 99.61300244415926, 25.981314432999405, 29.082185827439083, -1, -1, -1, -1
2044, 2, 1.0301038372810698e-15, 109.61703156503003, 24.848582474238725, 24.71805967147563, -1, -1, -1, -1
2045, 1, 212.10309278349976, 89.53608247420001, 27.896907216499972, 33.4666175748806, -1, -1, -1, -1
2045, 2, 8.240830698248559e-16, 109.54414071594155, 25.63144329897861, 24.738365262953693, -1, -1, -1, -1
2046, 1, 107.02577319587428, 99.54011159507414, 25.789948453614915, 28.90344275852632, -1, -1, -1, -1
2046, 2, 6.180623023686419e-16, 109.47124986685307, 26.414304123718495, 24.758670854431763, -1, -1, -1, -1
2047, 1, 214.05154639174856, 89.53608247420672, 25.94845360825122, 33.06852025409895, -1, -1, -1, -1
2047, 2, 4.1204153491242796e-16, 109.39835901776459, 27.19716494845838, 24.778976445909837, -1, -1, -1, -1
2048, 1, 107.99999999999869, 99.46722074598901, 25.598582474230426, 28.724699689613566, -1, -1, -1, -1
2048, 2, 2.0602076745621398e-16, 109.32546816867611, 27.980025773198264, 24.79928203738791, -1, -1, -1, -1
2049, 1, 215.99999999999739, 89.53608247421343, 24.000000000002473, 32.6704229333173, -1, -1, -1, -1
2049, 2, 0.0, 109.25257731958763, 28.762886597938145, 24.819587628865982, -1, -1, -1, -1
2050, 1, 108.9742268041231, 99.39432989690388, 25.40721649484593, 28.54595662070082, -1, -1, -1, -1
2050, 2, 8.240830698248594e-16, 109.0101501197091, 29.636939473983375, 25.135819889662784, -1, -1, -1, -1
2051, 1, 217.9484536082462, 89.53608247422014, 22.051546391753714, 32.27232561253566, -1, -1, -1, -1
2051, 2, 1.6481661396497188e-15, 108.76772291983056, 30.5109923500286, 25.452052150459583, -1, -1, -1, -1
2052, 1, 109.9484536082475, 99.1519026970287, 25.30704256676678, 28.663140221106804, -1, -1, -1, -1
2052, 2, 2.472249209474578e-15, 108.52529571995203, 31.385045226073828, 25.76828441125638, -1, -1, -1, -1
2053, 1, 219.896907216495, 89.53608247422683, 20.103092783504955, 31.874228291754026, -1, -1, -1, -1
2053, 2, 3.2963322792994375e-15, 108.28286852007349, 32.259098102119054, 26.084516672053184, -1, -1, -1, -1
2054, 1, 110.69072164947374, 98.92188090665638, 25.438827401585765, 28.44788311036451, -1, -1, -1, -1
2054, 2, 4.120415349124297e-15, 108.04044132019496, 33.13315097816428, 26.400748932849982, -1, -1, -1, -1
2055, 1, 221.3814432989475, 89.56089329323927, 18.618556701052476, 30.81124954867584, -1, -1, -1, -1
2055, 2, 4.944498418949156e-15, 107.79801412031642, 34.00720385420951, 26.71698119364678, -1, -1, -1, -1
2056, 1, 111.43298969069997, 98.69185911628406, 25.570612236404756, 28.232625999622215, -1, -1, -1, -1
2056, 2, 5.7685814887740156e-15, 107.55558692043789, 34.881256730254734, 27.03321345444358, -1, -1, -1, -1
2057, 1, 222.86597938139994, 89.5857041122517, 17.1340206186, 29.74827080559765, -1, -1, -1, -1
2057, 2, 6.592664558598875e-15, 107.31315972055934, 35.75530960629995, 27.34944571524038, -1, -1, -1, -1
2058, 1, 112.17525773193749, 98.46366113248416, 25.702397071212463, 28.26697726145921, -1, -1, -1, -1
2058, 2, 6.593434541352709e-15, 107.23816645226202, 36.62936248235059, 27.49824404445621, -1, -1, -1, -1
2059, 1, 224.35051546387498, 89.61416254440897, 15.649484536124971, 29.18450880767804, -1, -1, -1, -1
2059, 2, 6.594204524106542e-15, 107.16317318396469, 37.50341535840123, 27.647042373672043, -1, -1, -1, -1
2060, 1, 112.91752577317502, 98.40289708026546, 25.834181906025584, 28.133894591715237, -1, -1, -1, -1
2060, 2, 6.594974506860375e-15, 107.08817991566737, 38.37746823445187, 27.795840702887876, -1, -1, -1, -1
2061, 1, 225.83505154635003, 89.64262097656625, 14.164948453649941, 28.62074680975843, -1, -1, -1, -1
2061, 2, 6.595744489614209e-15, 107.01318664737005, 39.2515211105025, 27.94463903210371, -1, -1, -1, -1
2062, 1, 113.65979381441255, 98.34213302804679, 25.965966740838695, 28.000811921971263, -1, -1, -1, -1
2062, 2, 6.596514472368043e-15, 106.93819337907273, 40.125573986553135, 28.093437361319534, -1, -1, -1, -1
2063, 1, 227.3195876288251, 89.67107940872353, 12.680412371174889, 28.05698481183882, -1, -1, -1, -1
2063, 2, 6.5972844551218764e-15, 106.86320011077541, 40.999626862603776, 28.24223569053536, -1, -1, -1, -1
2064, 1, 114.40206185565008, 98.2813689758281, 26.097751575651806, 27.867729252227285, -1, -1, -1, -1
2064, 2, 6.5980544378757096e-15, 106.78820684247808, 41.87367973865442, 28.391034019751185, -1, -1, -1, -1
2065, 1, 228.80412371130015, 89.6995378408808, 11.195876288699836, 27.49322281391921, -1, -1, -1, -1
2065, 2, 6.598824420629543e-15, 106.71321357418076, 42.74773261470505, 28.53983234896701, -1, -1, -1, -1
2066, 1, 115.1443298968922, 98.93980976608047, 26.229536410460327, 27.015441740012484, -1, -1, -1, -1
2066, 2, 6.599594403383376e-15, 106.63822030588344, 43.621785490755684, 28.688630678182847, -1, -1, -1, -1
2067, 1, 230.2886597937844, 91.16640595798019, 9.711340206215603, 25.49105113105796, -1, -1, -1, -1
2067, 2, 6.60036438613721e-15, 106.5632270375861, 44.495838366806325, 28.837429007398683, -1, -1, -1, -1
2068, 1, 115.88659793813432, 99.59825055633284, 26.361321245268847, 26.163154227797698, -1, -1, -1, -1
2068, 2, 6.601134368891044e-15, 106.48823376928877, 45.369891242856966, 28.98622733661452, -1, -1, -1, -1
2069, 1, 231.77319587626863, 92.63327407507958, 8.22680412373137, 23.488879448196712, -1, -1, -1, -1
2069, 2, 6.601904351644877e-15, 106.41324050099145, 46.2439441189076, 29.135025665830355, -1, -1, -1, -1
2070, 1, 116.62886597937644, 100.2566913465852, 26.493106080077354, 25.31086671558291, -1, -1, -1, -1
2070, 2, 6.60267433439871e-15, 106.33824723269413, 47.11799699495823, 29.28382399504618, -1, -1, -1, -1
2071, 1, 233.25773195875288, 94.10014219217896, 6.742268041247111, 21.48670776533547, -1, -1, -1, -1
2071, 2, 6.603444317152544e-15, 106.2632539643968, 47.992049871008874, 29.432622324262006, -1, -1, -1, -1
2072, 1, 117.37113402061857, 100.91513213683757, 26.624890914885864, 24.458579203368117, -1, -1, -1, -1
2072, 2, 6.604214299906378e-15, 106.18826069609948, 48.866102747059514, 29.58142065347783, -1, -1, -1, -1
2073, 1, 234.74226804123714, 95.56701030927836, 5.257731958762852, 19.48453608247423, -1, -1, -1, -1
2073, 2, 6.604984282660211e-15, 106.11326742780216, 49.74015562311015, 29.730218982693657, -1, -1, -1, -1
2074, 1, 117.37113402061857, 100.84013886854027, 27.4989437909365, 24.607377532583943, -1, -1, -1, -1
2074, 2, 6.6057542654140444e-15, 106.03827415950484, 50.61420849916078, 29.87901731190949, -1, -1, -1, -1
2075, 1, 234.74226804123714, 95.56701030927836, 5.257731958762852, 19.48453608247423, -1, -1, -1, -1
2075, 2, 6.6065242481678776e-15, 105.96328089120752, 51.48826137521142, 30.027815641125322, -1, -1, -1, -1
2076, 1, 117.37113402061857, 100.76514560024293, 28.372996666987138, 24.756175861799775, -1, -1, -1, -1
2076, 2, 6.607294230921711e-15, 105.88828762291018, 52.36231425126206, 30.176613970341155, -1, -1, -1, -1
2077, 2, 6.608064213675545e-15, 105.81329435461286, 53.2363671273127, 30.325412299556987, -1, -1, -1, -1
2078, 2, 6.608834196429379e-15, 105.73830108631554, 54.11042000336333, 30.474210628772813, -1, -1, -1, -1
2079, 2, 6.609604179183212e-15, 105.66330781801821, 54.98447287941397, 30.623008957988638, -1, -1, -1, -1
2080, 2, 6.610374161937045e-15, 105.58831454972089, 55.85852575546461, 30.771807287204464, -1, -1, -1, -1
2081, 2, 6.611144144690879e-15, 105.51332128142357, 56.732578631515246, 30.92060561642029, -1, -1, -1, -1
2082, 2, 6.611914127444713e-15, 105.43832801312624, 57.60663150756588, 31.069403945636125, -1, -1, -1, -1
2083, 2, 6.612684110198546e-15, 105.36333474482892, 58.48068438361652, 31.21820227485196, -1, -1, -1, -1
2084, 2, 6.613454092952379e-15, 105.2883414765316, 59.35473725966716, 31.367000604067798, -1, -1, -1, -1
2085, 2, 6.614224075706213e-15, 105.21334820823427, 60.228790135717794, 31.515798933283634, -1, -1, -1, -1
2086, 2, 6.614994058460047e-15, 105.13835493993695, 61.10284301176843, 31.66459726249946, -1, -1, -1, -1
2087, 2, 6.61576404121388e-15, 105.06336167163963, 61.97689588781907, 31.813395591715285, -1, -1, -1, -1
2088, 2, 6.6165340239677135e-15, 104.98836840334229, 62.85094876386971, 31.96219392093111, -1, -1, -1, -1
2089, 2, 6.617304006721547e-15, 104.91337513504497, 63.72500163992034, 32.110992250146936, -1, -1, -1, -1
2090, 2, 6.61807398947538e-15, 104.83838186674765, 64.59905451597098, 32.259790579362765, -1, -1, -1, -1
2091, 2, 6.618843972229214e-15, 104.76338859845032, 65.47310739202162, 32.408588908578594, -1, -1, -1, -1
2092, 2, 6.619613954983048e-15, 104.688395330153, 66.34716026807226, 32.55738723779443, -1, -1, -1, -1
2093, 2, 6.620383937736881e-15, 104.61340206185568, 67.2212131441229, 32.70618556701026, -1, -1, -1, -1
2094, 2, 5.7928359455197706e-15, 104.5409149484487, 68.180969796845, 32.66269329897146, -1, -1, -1, -1
2095, 2, 4.96528795330266e-15, 104.46842783504172, 69.14072644956713, 32.61920103093267, -1, -1, -1, -1
2096, 2, 4.13773996108555e-15, 104.39594072163474, 70.10048310228923, 32.575708762893875, -1, -1, -1, -1
2097, 2, 3.3101919688684405e-15, 104.32345360822777, 71.06023975501134, 32.53221649485508, -1, -1, -1, -1
2098, 2, 2.48264397665133e-15, 104.25096649482079, 72.01999640773346, 32.488724226816295, -1, -1, -1, -1
2099, 2, 1.6550959844342202e-15, 104.17847938141381, 72.97975306045556, 32.44523195877751, -1, -1, -1, -1
2100, 2, 8.275479922171101e-16, 104.10599226800682, 73.93950971317767, 32.40173969073873, -1, -1, -1, -1
2101, 2, 0.0, 104.03350515459984, 74.89926636589979, 32.35824742269995, -1, -1, -1, -1
2102, 2, 0.34618088097984, 103.76692203224655, 75.33711580212483, 32.74315294429681, -1, -1, -1, -1
2103, 2, 0.69236176195968, 103.50033890989326, 75.77496523834985, 33.128058465893666, -1, -1, -1, -1
2104, 2, 1.03854264293952, 103.23375578753998, 76.21281467457487, 33.51296398749052, -1, -1, -1, -1
2105, 2, 1.38472352391936, 102.9671726651867, 76.65066411079991, 33.897869509087386, -1, -1, -1, -1
2106, 2, 2.0823570759292105, 103.08878156074569, 77.08851354701746, 33.425979451403165, -1, -1, -1, -1
2107, 2, 2.7799906279390614, 103.21039045630468, 77.526362983235, 32.95408939371895, -1, -1, -1, -1
2108, 2, 3.4776241799489123, 103.33199935186369, 77.96421241945256, 32.48219933603474, -1, -1, -1, -1
2109, 2, 4.175257731958763, 103.45360824742268, 78.40206185567011, 32.01030927835052, -1, -1, -1, -1
2110, 2, 5.108364573570759, 103.40616213683225, 78.44423617619495, 32.01558106841612, -1, -1, -1, -1
2111, 2, 6.041471415182755, 103.35871602624181, 78.48641049671978, 32.02085285848172, -1, -1, -1, -1
2112, 2, 6.974578256794752, 103.31126991565137, 78.52858481724462, 32.02612464854732, -1, -1, -1, -1
2113, 2, 7.907685098406748, 103.26382380506092, 78.57075913776946, 32.031396438612916, -1, -1, -1, -1
2114, 2, 8.840791940018745, 103.21637769447048, 78.6129334582943, 32.03666822867852, -1, -1, -1, -1
2115, 2, 9.773898781630741, 103.16893158388004, 78.65510777881913, 32.04194001874413, -1, -1, -1, -1
2116, 2, 10.707005623242736, 103.1214854732896, 78.69728209934397, 32.047211808809735, -1, -1, -1, -1
2117, 2, 11.640112464854733, 103.07403936269915, 78.7394564198688, 32.05248359887534, -1, -1, -1, -1
2118, 2, 12.57321930646673, 103.02659325210871, 78.78163074039364, 32.05775538894095, -1, -1, -1, -1
2119, 2, 13.506326148078724, 102.97914714151827, 78.82380506091847, 32.063027179006546, -1, -1, -1, -1
2120, 2, 14.43943298969072, 102.93170103092783, 78.86597938144331, 32.068298969072146, -1, -1, -1, -1
2121, 2, 15.372539831302717, 102.8842549203374, 78.90815370196815, 32.07357075913775, -1, -1, -1, -1
2122, 2, 16.305646672914712, 102.83680880974697, 78.95032802249298, 32.07884254920336, -1, -1, -1, -1
2123, 2, 17.23875351452671, 102.78936269915653, 78.9925023430178, 32.08411433926896, -1, -1, -1, -1
2124, 2, 18.17186035613871, 102.74191658856608, 79.03467666354264, 32.08938612933456, -1, -1, -1, -1
2125, 2, 19.104967197750703, 102.69447047797564, 79.07685098406748, 32.09465791940016, -1, -1, -1, -1
2126, 2, 20.038074039362698, 102.6470243673852, 79.11902530459231, 32.09992970946577, -1, -1, -1, -1
2127, 2, 20.971180880974693, 102.59957825679476, 79.16119962511715, 32.105201499531375, -1, -1, -1, -1
2128, 2, 21.904287722586687, 102.55213214620431, 79.20337394564199, 32.11047328959698, -1, -1, -1, -1
2129, 2, 22.837394564198686, 102.50468603561387, 79.24554826616682, 32.11574507966259, -1, -1, -1, -1
2130, 2, 23.770501405810684, 102.45723992502343, 79.28772258669166, 32.121016869728194, -1, -1, -1, -1
2131, 2, 24.70360824742268, 102.40979381443299, 79.3298969072165, 32.12628865979381, -1, -1, -1, -1
2132, 2, 25.636715089034674, 102.36234770384254, 79.37207122774134, 32.13156044985942, -1, -1, -1, -1
2133, 2, 26.569821930646672, 102.31490159325212, 79.41424554826618, 32.13683223992503, -1, -1, -1, -1
2134, 2, 27.50292877225867, 102.26745548266167, 79.45641986879102, 32.142104029990634, -1, -1, -1, -1
2135, 2, 28.436035613870665, 102.22000937207123, 79.49859418931584, 32.14737582005624, -1, -1, -1, -1
2136, 2, 29.36914245548266, 102.17256326148079, 79.54076850984067, 32.152647610121846, -1, -1, -1, -1
2137, 2, 30.302249297094654, 102.12511715089035, 79.58294283036551, 32.15791940018745, -1, -1, -1, -1
2138, 2, 31.235356138706653, 102.07767104029992, 79.62511715089035, 32.16319119025306, -1, -1, -1, -1
2139, 2, 32.16846298031865, 102.03022492970948, 79.66729147141518, 32.16846298031866, -1, -1, -1, -1
2140, 2, 33.101569821930646, 101.98277881911903, 79.70946579194002, 32.17373477038426, -1, -1, -1, -1
2141, 2, 34.03467666354264, 101.93533270852859, 79.75164011246486, 32.179006560449864, -1, -1, -1, -1
2142, 2, 34.967783505154635, 101.88788659793815, 79.79381443298969, 32.18427835051547, -1, -1, -1, -1
2143, 2, 35.90089034676663, 101.8404404873477, 79.83598875351453, 32.18955014058107, -1, -1, -1, -1
2144, 2, 36.83399718837863, 101.79299437675726, 79.87816307403936, 32.19482193064667, -1, -1, -1, -1
2145, 2, 37.76710402999063, 101.74554826616684, 79.9203373945642, 32.200093720712275, -1, -1, -1, -1
2146, 2, 38.70021087160262, 101.6981021555764, 79.96251171508904, 32.20536551077788, -1, -1, -1, -1
2147, 2, 39.63331771321462, 101.65065604498595, 80.00468603561387, 32.21063730084349, -1, -1, -1, -1
2148, 2, 40.56642455482662, 101.60320993439551, 80.04686035613871, 32.21590909090909, -1, -1, -1, -1
2149, 2, 41.49953139643861, 101.55576382380507, 80.08903467666354, 32.2211808809747, -1, -1, -1, -1
2150, 2, 42.43263823805061, 101.50831771321464, 80.13120899718838, 32.226452671040306, -1, -1, -1, -1
2151, 2, 43.3657450796626, 101.4608716026242, 80.17338331771322, 32.23172446110591, -1, -1, -1, -1
2152, 2, 44.298851921274604, 101.41342549203375, 80.21555763823805, 32.23699625117152, -1, -1, -1, -1
2153, 2, 45.2319587628866, 101.36597938144331, 80.25773195876289, 32.24226804123712, -1, -1, -1, -1
2154, 2, 46.20751279991538, 101.32038027595553, 80.24201025909132, 32.23699625117119, -1, -1, -1, -1
2155, 2, 47.183066836944164, 101.27478117046776, 80.22628855941974, 32.23172446110526, -1, -1, -1, -1
2156, 2, 48.15862087397295, 101.22918206498, 80.21056685974817, 32.22645267103933, -1, -1, -1, -1
2157, 2, 49.13417491100173, 101.18358295949221, 80.1948451600766, 32.22118088097341, -1, -1, -1, -1
2158, 2, 50.10972894803051, 101.13798385400445, 80.17912346040502, 32.21590909090747, -1, -1, -1, -1
2159, 2, 51.085282985059294, 101.09238474851668, 80.16340176073345, 32.21063730084155, -1, -1, -1, -1
2160, 2, 52.06083702208808, 101.0467856430289, 80.14768006106189, 32.20536551077562, -1, -1, -1, -1
2161, 2, 53.036391059116866, 101.00118653754113, 80.13195836139032, 32.20009372070969, -1, -1, -1, -1
2162, 2, 54.01194509614565, 100.95558743205336, 80.11623666171874, 32.194821930643755, -1, -1, -1, -1
2163, 2, 54.98749913317443, 100.90998832656558, 80.10051496204716, 32.18955014057783, -1, -1, -1, -1
2164, 2, 55.96305317020321, 100.86438922107781, 80.08479326237558, 32.1842783505119, -1, -1, -1, -1
2165, 2, 56.938607207231996, 100.81879011559005, 80.06907156270401, 32.17900656044597, -1, -1, -1, -1
2166, 2, 57.91416124426078, 100.77319101010227, 80.05334986303244, 32.173734770380044, -1, -1, -1, -1
2167, 2, 58.88971528128956, 100.7275919046145, 80.03762816336086, 32.16846298031412, -1, -1, -1, -1
2168, 2, 59.86526931831834, 100.68199279912673, 80.0219064636893, 32.16319119024819, -1, -1, -1, -1
2169, 2, 60.840823355347126, 100.63639369363895, 80.00618476401773, 32.157919400182266, -1, -1, -1, -1
2170, 2, 61.81637739237591, 100.59079458815117, 79.99046306434616, 32.15264761011634, -1, -1, -1, -1
2171, 2, 62.79193142940469, 100.5451954826634, 79.9747413646746, 32.147375820050414, -1, -1, -1, -1
2172, 2, 63.76748546643347, 100.49959637717564, 79.95901966500303, 32.14210402998449, -1, -1, -1, -1
2173, 2, 64.74303950346226, 100.45399727168785, 79.94329796533145, 32.13683223991856, -1, -1, -1, -1
2174, 2, 65.71859354049104, 100.40839816620009, 79.92757626565988, 32.13156044985263, -1, -1, -1, -1
2175, 2, 66.69414757751983, 100.36279906071232, 79.9118545659883, 32.1262886597867, -1, -1, -1, -1
2176, 2, 67.66970161454861, 100.31719995522454, 79.89613286631673, 32.121016869720776, -1, -1, -1, -1
2177, 2, 68.6452556515774, 100.27160084973677, 79.88041116664516, 32.11574507965484, -1, -1, -1, -1
2178, 2, 69.62080968860619, 100.226001744249, 79.8646894669736, 32.11047328958891, -1, -1, -1, -1
2179, 2, 70.59636372563496, 100.18040263876122, 79.84896776730203, 32.105201499522984, -1, -1, -1, -1
2180, 2, 71.57191776266373, 100.13480353327346, 79.83324606763045, 32.09992970945706, -1, -1, -1, -1
2181, 2, 72.54747179969252, 100.08920442778569, 79.8175243679589, 32.094657919391125, -1, -1, -1, -1
2182, 2, 73.5230258367213, 100.0436053222979, 79.80180266828731, 32.0893861293252, -1, -1, -1, -1
2183, 2, 74.49857987375009, 99.99800621681014, 79.78608096861574, 32.08411433925927, -1, -1, -1, -1
2184, 2, 75.47413391077887, 99.95240711132237, 79.77035926894416, 32.07884254919335, -1, -1, -1, -1
2185, 2, 76.44968794780766, 99.90680800583459, 79.75463756927257, 32.07357075912742, -1, -1, -1, -1
2186, 2, 77.42524198483645, 99.86120890034681, 79.738915869601, 32.068298969061495, -1, -1, -1, -1
2187, 2, 78.40079602186523, 99.81560979485904, 79.72319416992943, 32.06302717899557, -1, -1, -1, -1
2188, 2, 79.37635005889402, 99.77001068937128, 79.70747247025787, 32.05775538892964, -1, -1, -1, -1
2189, 2, 80.35190409592279, 99.7244115838835, 79.6917507705863, 32.05248359886372, -1, -1, -1, -1
2190, 2, 81.32745813295156, 99.67881247839573, 79.67602907091472, 32.04721180879778, -1, -1, -1, -1
2191, 2, 82.30301216998035, 99.63321337290796, 79.66030737124315, 32.04194001873186, -1, -1, -1, -1
2192, 2, 83.27856620700913, 99.58761426742018, 79.64458567157158, 32.03666822866593, -1, -1, -1, -1
2193, 2, 84.25412024403792, 99.54201516193241, 79.6288639719, 32.0313964386, -1, -1, -1, -1
2194, 2, 85.19114545021762, 99.50412182261266, 79.61314227222726, 32.02612464853438, -1, -1, -1, -1
2195, 2, 86.1281706563973, 99.4662284832929, 79.59742057255454, 32.02085285846875, -1, -1, -1, -1
2196, 2, 87.06519586257699, 99.42833514397313, 79.5816988728818, 32.01558106840312, -1, -1, -1, -1
2197, 2, 88.00222106875668, 99.39044180465336, 79.56597717320906, 32.0103092783375, -1, -1, -1, -1
2198, 2, 88.93924627493638, 99.3525484653336, 79.55025547353632, 32.00503748827187, -1, -1, -1, -1
2199, 2, 89.87627148111606, 99.31465512601383, 79.53453377386359, 31.99976569820624, -1, -1, -1, -1
2200, 2, 90.81329668729575, 99.27676178669407, 79.51881207419085, 31.99449390814061, -1, -1, -1, -1
2201, 2, 91.75032189347544, 99.23886844737432, 79.50309037451811, 31.989222118074977, -1, -1, -1, -1
2202, 2, 92.68734709965514, 99.20097510805456, 79.48736867484537, 31.983950328009353, -1, -1, -1, -1
2203, 2, 93.62437230583483, 99.1630817687348, 79.47164697517263, 31.97867853794373, -1, -1, -1, -1
2204, 2, 94.56139751201451, 99.12518842941503, 79.4559252754999, 31.973406747878105, -1, -1, -1, -1
2205, 2, 95.4984227181942, 99.08729509009527, 79.44020357582716, 31.96813495781248, -1, -1, -1, -1
2206, 2, 96.4354479243739, 99.0494017507755, 79.42448187615442, 31.96286316774686, -1, -1, -1, -1
2207, 2, 97.37247313055359, 99.01150841145574, 79.40876017648168, 31.95759137768124, -1, -1, -1, -1
2208, 2, 98.30949833673327, 98.97361507213597, 79.39303847680894, 31.95231958761562, -1, -1, -1, -1
2209, 2, 99.24652354291297, 98.9357217328162, 79.3773167771362, 31.94704779755, -1, -1, -1, -1
2210, 2, 100.18354874909267, 98.89782839349644, 79.36159507746348, 31.941776007484375, -1, -1, -1, -1
2211, 2, 101.12057395527235, 98.85993505417667, 79.34587337779074, 31.93650421741875, -1, -1, -1, -1
2212, 2, 102.05759916145203, 98.82204171485691, 79.330151678118, 31.931232427353127, -1, -1, -1, -1
2213, 2, 102.99462436763173, 98.78414837553716, 79.31442997844528, 31.925960637287503, -1, -1, -1, -1
2214, 2, 103.93164957381143, 98.7462550362174, 79.29870827877254, 31.92068884722188, -1, -1, -1, -1
2215, 2, 104.86867477999111, 98.70836169689764, 79.2829865790998, 31.915417057156255, -1, -1, -1, -1
2216, 2, 105.8056999861708, 98.67046835757787, 79.26726487942706, 31.91014526709063, -1, -1, -1, -1
2217, 2, 106.74272519235049, 98.63257501825811, 79.25154317975432, 31.904873477025006, -1, -1, -1, -1
2218, 2, 107.67975039853019, 98.59468167893834, 79.23582148008158, 31.899601686959375, -1, -1, -1, -1
2219, 2, 108.61677560470987, 98.55678833961858, 79.22009978040884, 31.894329896893744, -1, -1, -1, -1
2220, 2, 109.55380081088956, 98.51889500029881, 79.2043780807361, 31.889058106828113, -1, -1, -1, -1
2221, 2, 110.49082601706925, 98.48100166097906, 79.18865638106337, 31.88378631676248, -1, -1, -1, -1
2222, 2, 111.42785122324895, 98.44310832165931, 79.17293468139063, 31.878514526696858, -1, -1, -1, -1
2223, 2, 112.36487642942863, 98.40521498233954, 79.15721298171789, 31.873242736631234, -1, -1, -1, -1
2224, 2, 113.30190163560832, 98.36732164301978, 79.14149128204515, 31.86797094656561, -1, -1, -1, -1
2225, 2, 114.23892684178801, 98.32942830370001, 79.12576958237241, 31.862699156499986, -1, -1, -1, -1
2226, 2, 115.27227412508395, 98.3061331102901, 78.95777995187773, 31.85742736643332, -1, -1, -1, -1
2227, 2, 116.30562140837989, 98.2828379168802, 78.78979032138304, 31.852155576366656, -1, -1, -1, -1
2228, 2, 117.33896869167583, 98.25954272347029, 78.62180069088836, 31.84688378629999, -1, -1, -1, -1
2229, 2, 118.37231597497178, 98.23624753006038, 78.45381106039368, 31.841611996233325, -1, -1, -1, -1
2230, 2, 119.40566325826772, 98.21295233665047, 78.28582142989899, 31.83634020616666, -1, -1, -1, -1
2231, 2, 120.43901054156366, 98.18965714324057, 78.11783179940431, 31.831068416099995, -1, -1, -1, -1
2232, 2, 121.4723578248596, 98.16636194983066, 77.94984216890964, 31.82579662603333, -1, -1, -1, -1
2233, 2, 122.50570510815554, 98.14306675642075, 77.78185253841495, 31.820524835966665, -1, -1, -1, -1
2234, 2, 123.53905239145149, 98.11977156301084, 77.61386290792026, 31.8152530459, -1, -1, -1, -1
2235, 2, 124.57239967474743, 98.09647636960094, 77.44587327742559, 31.809981255833335, -1, -1, -1, -1
2236, 2, 125.60574695804337, 98.07318117619103, 77.2778836469309, 31.80470946576667, -1, -1, -1, -1
2237, 2, 126.63909424133931, 98.04988598278112, 77.10989401643621, 31.799437675700005, -1, -1, -1, -1
2238, 2, 127.67244152463525, 98.02659078937121, 76.94190438594153, 31.794165885633337, -1, -1, -1, -1
2239, 2, 128.70578880793119, 98.0032955959613, 76.77391475544684, 31.78889409556667, -1, -1, -1, -1
2240, 2, 129.73913609122712, 97.98000040255141, 76.60592512495215, 31.7836223055, -1, -1, -1, -1
2241, 2, 130.77248337452306, 97.9567052091415, 76.43793549445746, 31.77835051543333, -1, -1, -1, -1
2242, 2, 131.805830657819, 97.9334100157316, 76.26994586396277, 31.773078725366666, -1, -1, -1, -1
2243, 2, 132.83917794111494, 97.91011482232169, 76.10195623346809, 31.7678069353, -1, -1, -1, -1
2244, 2, 133.87252522441088, 97.88681962891178, 75.9339666029734, 31.762535145233336, -1, -1, -1, -1
2245, 2, 134.90587250770685, 97.86352443550187, 75.76597697247871, 31.75726335516667, -1, -1, -1, -1
2246, 2, 135.93921979100278, 97.84022924209197, 75.59798734198404, 31.751991565100003, -1, -1, -1, -1
2247, 2, 136.97256707429872, 97.81693404868206, 75.42999771148936, 31.746719775033334, -1, -1, -1, -1
2248, 2, 138.00591435759466, 97.79363885527215, 75.26200808099469, 31.74144798496667, -1, -1, -1, -1
2249, 2, 139.0392616408906, 97.77034366186224, 75.0940184505, 31.7361761949, -1, -1, -1, -1
2250, 2, 139.9257712688481, 97.71558325659214, 75.02665664377744, 31.730904404835712, -1, -1, -1, -1
2251, 2, 140.8122808968056, 97.66082285132205, 74.9592948370549, 31.725632614771428, -1, -1, -1, -1
2252, 2, 141.69879052476307, 97.60606244605196, 74.89193303033234, 31.720360824707143, -1, -1, -1, -1
2253, 2, 142.58530015272055, 97.55130204078188, 74.82457122360978, 31.715089034642858, -1, -1, -1, -1
2254, 2, 143.47180978067803, 97.49654163551179, 74.75720941688724, 31.709817244578574, -1, -1, -1, -1
2255, 2, 144.3583194086355, 97.4417812302417, 74.68984761016468, 31.70454545451429, -1, -1, -1, -1
2256, 2, 145.244829036593, 97.38702082497161, 74.62248580344212, 31.699273664450004, -1, -1, -1, -1
2257, 2, 146.1313386645505, 97.33226041970153, 74.55512399671957, 31.69400187438572, -1, -1, -1, -1
2258, 2, 147.017848292508, 97.27750001443144, 74.48776218999703, 31.68873008432143, -1, -1, -1, -1
2259, 2, 147.9043579204655, 97.22273960916135, 74.42040038327447, 31.683458294257143, -1, -1, -1, -1
2260, 2, 148.79086754842297, 97.16797920389126, 74.35303857655191, 31.678186504192855, -1, -1, -1, -1
2261, 2, 149.67737717638045, 97.11321879862116, 74.28567676982937, 31.672914714128567, -1, -1, -1, -1
2262, 2, 150.56388680433793, 97.05845839335107, 74.21831496310679, 31.667642924064275, -1, -1, -1, -1
2263, 2, 151.45039643229543, 97.00369798808099, 74.15095315638423, 31.662371133999983, -1, -1, -1, -1
2264, 2, 152.33690606025294, 96.9489375828109, 74.08359134966167, 31.65709934393569, -1, -1, -1, -1
2265, 2, 153.22341568821042, 96.89417717754081, 74.0162295429391, 31.6518275538714, -1, -1, -1, -1
2266, 2, 154.1099253161679, 96.83941677227071, 73.94886773621656, 31.64655576380711, -1, -1, -1, -1
2267, 2, 154.99643494412538, 96.78465636700062, 73.881505929494, 31.641283973742823, -1, -1, -1, -1
2268, 2, 155.88294457208286, 96.72989596173053, 73.81414412277144, 31.636012183678535, -1, -1, -1, -1
2269, 2, 156.76945420004037, 96.67513555646045, 73.7467823160489, 31.630740393614246, -1, -1, -1, -1
2270, 2, 157.65596382799788, 96.62037515119036, 73.67942050932635, 31.62546860354996, -1, -1, -1, -1
2271, 2, 158.54247345595536, 96.56561474592027, 73.61205870260379, 31.620196813485677, -1, -1, -1, -1
2272, 2, 159.42898308391284, 96.51085434065018, 73.54469689588123, 31.614925023421392, -1, -1, -1, -1
2273, 2, 160.31549271187032, 96.4560939353801, 73.47733508915869, 31.609653233357108, -1, -1, -1, -1
2274, 2, 161.2020023398278, 96.40133353011001, 73.40997328243614, 31.60438144329282, -1, -1, -1, -1
2275, 2, 162.08851196778528, 96.34657312483992, 73.34261147571358, 31.59910965322853, -1, -1, -1, -1
2276, 2, 162.97502159574276, 96.29181271956983, 73.27524966899102, 31.59383786316424, -1, -1, -1, -1
2277, 2, 163.86153122370027, 96.23705231429973, 73.20788786226848, 31.58856607309995, -1, -1, -1, -1
2278, 2, 164.74804085167517, 96.18229190902483, 72.91256823562206, 31.583294283024962, -1, -1, -1, -1
2279, 2, 165.6345504796501, 96.12753150374994, 72.61724860897564, 31.57802249294997, -1, -1, -1, -1
2280, 2, 166.52106010762503, 96.07277109847504, 72.32192898232923, 31.57275070287498, -1, -1, -1, -1
2281, 2, 167.40756973559996, 96.01801069320015, 72.02660935568281, 31.56747891279999, -1, -1, -1, -1
2282, 2, 168.29407936355565, 95.96325028794135, 71.28155495490643, 31.562207122744326, -1, -1, -1, -1
2283, 2, 169.18058899151134, 95.90848988268255, 70.53650055413004, 31.556935332688656, -1, -1, -1, -1
2284, 2, 170.067098619467, 95.85372947742374, 69.79144615335366, 31.551663542632987, -1, -1, -1, -1
2285, 2, 170.9536082474227, 95.79896907216495, 69.04639175257729, 31.54639175257732, -1, -1, -1, -1
2286, 2, 171.79709465791942, 95.76733833177133, 68.20290534208058, 31.504217432052485, -1, -1, -1, -1
2287, 2, 172.64058106841614, 95.73570759137769, 67.35941893158386, 31.46204311152765, -1, -1, -1, -1
2288, 2, 173.48406747891286, 95.70407685098407, 66.51593252108714, 31.419868791002813, -1, -1, -1, -1
2289, 2, 174.3275538894096, 95.67244611059044, 65.67244611059041, 31.377694470477977, -1, -1, -1, -1
2290, 2, 175.17104029990628, 95.64081537019682, 64.82895970009369, 31.33552014995314, -1, -1, -1, -1
2291, 2, 176.014526710403, 95.6091846298032, 63.98547328959698, 31.293345829428304, -1, -1, -1, -1
2292, 2, 176.85801312089973, 95.57755388940956, 63.141986879100266, 31.251171508903468, -1, -1, -1, -1
2293, 2, 177.70149953139645, 95.54592314901593, 62.29850046860355, 31.208997188378632, -1, -1, -1, -1
2294, 2, 178.54498594189317, 95.51429240862231, 61.455014058106826, 31.166822867853796, -1, -1, -1, -1
2295, 2, 179.3884723523899, 95.48266166822867, 60.6115276476101, 31.12464854732896, -1, -1, -1, -1
2296, 2, 180.23195876288662, 95.45103092783505, 59.76804123711338, 31.082474226804123, -1, -1, -1, -1
2297, 2, 181.07544517338334, 95.41940018744143, 58.92455482661666, 31.040299906279287, -1, -1, -1, -1
2298, 2, 181.91893158388007, 95.3877694470478, 58.08106841611994, 30.99812558575445, -1, -1, -1, -1
2299, 2, 182.7624179943768, 95.35613870665418, 57.237582005623224, 30.955951265229615, -1, -1, -1, -1
2300, 2, 183.6059044048735, 95.32450796626054, 56.39409559512651, 30.91377694470478, -1, -1, -1, -1
2301, 2, 184.4493908153702, 95.29287722586692, 55.55060918462979, 30.871602624179943, -1, -1, -1, -1
2302, 2, 185.29287722586693, 95.2612464854733, 54.70712277413307, 30.829428303655106, -1, -1, -1, -1
2303, 2, 186.13636363636365, 95.22961574507966, 53.863636363636346, 30.78725398313027, -1, -1, -1, -1
2304, 2, 186.97985004686038, 95.19798500468603, 53.02014995313962, 30.745079662605434, -1, -1, -1, -1
2305, 2, 187.8233364573571, 95.16635426429241, 52.1766635426429, 30.702905342080598, -1, -1, -1, -1
2306, 2, 188.6668228678538, 95.13472352389878, 51.33317713214618, 30.660731021555762, -1, -1, -1, -1
2307, 2, 189.51030927835052, 95.10309278350516, 50.48969072164947, 30.618556701030926, -1, -1, -1, -1
2308, 2, 190.35379568884724, 95.07146204311154, 49.64620431115275, 30.57638238050609, -1, -1, -1, -1
2309, 2, 191.19728209934397, 95.03983130271791, 48.802717900656035, 30.534208059981253, -1, -1, -1, -1
2310, 2, 192.0407685098407, 95.00820056232429, 47.95923149015931, 30.492033739456417, -1, -1, -1, -1
2311, 2, 192.8842549203374, 94.97656982193067, 47.11574507966259, 30.44985941893158, -1, -1, -1, -1
2312, 2, 193.72774133083414, 94.94493908153703, 46.272258669165865, 30.407685098406745, -1, -1, -1, -1
2313, 2, 194.57122774133086, 94.9133083411434, 45.42877225866914, 30.36551077788191, -1, -1, -1, -1
2314, 2, 195.41471415182758, 94.88167760074978, 44.585285848172425, 30.323336457357073, -1, -1, -1, -1
2315, 2, 196.2582005623243, 94.85004686035614, 43.74179943767571, 30.281162136832236, -1, -1, -1, -1
2316, 2, 197.10168697282103, 94.81841611996252, 42.89831302717899, 30.2389878163074, -1, -1, -1, -1
2317, 2, 197.94517338331772, 94.7867853795689, 42.05482661668228, 30.196813495782564, -1, -1, -1, -1
2318, 2, 198.78865979381445, 94.75515463917527, 41.211340206185554, 30.154639175257728, -1, -1, -1, -1
2319, 2, 199.63214620431117, 94.72352389878165, 40.36785379568883, 30.11246485473289, -1, -1, -1, -1
2320, 2, 200.4756326148079, 94.69189315838801, 39.52436738519211, 30.070290534208056, -1, -1, -1, -1
2321, 2, 201.31911902530462, 94.66026241799439, 38.680880974695384, 30.02811621368322, -1, -1, -1, -1
2322, 2, 202.1626054358013, 94.62863167760077, 37.83739456419867, 29.985941893158383, -1, -1, -1, -1
2323, 2, 203.00609184629803, 94.59700093720713, 36.99390815370195, 29.943767572633547, -1, -1, -1, -1
2324, 2, 203.84957825679476, 94.5653701968135, 36.150421743205236, 29.90159325210871, -1, -1, -1, -1
2325, 2, 204.69306466729148, 94.53373945641988, 35.30693533270852, 29.859418931583875, -1, -1, -1, -1
2326, 2, 205.5365510777882, 94.50210871602626, 34.463448922211796, 29.81724461105904, -1, -1, -1, -1
2327, 2, 206.38003748828493, 94.47047797563263, 33.619962511715066, 29.775070290534206, -1, -1, -1, -1
2328, 2, 207.22352389878165, 94.438847235239, 32.77647610121834, 29.732895970009373, -1, -1, -1, -1
2329, 2, 208.06701030927837, 94.40721649484537, 31.932989690721616, 29.690721649484537, -1, -1, -1, -1
2330, 2, 208.81443298969074, 94.49742268041237, 31.18556701030925, 29.284793814432987, -1, -1, -1, -1
2331, 2, 209.5618556701031, 94.58762886597938, 30.43814432989688, 28.87886597938144, -1, -1, -1, -1
2332, 2, 210.30927835051548, 94.6778350515464, 29.690721649484512, 28.472938144329895, -1, -1, -1, -1
2333, 2, 211.05670103092785, 94.76804123711341, 28.943298969072146, 28.067010309278345, -1, -1, -1, -1
2334, 2, 211.80412371134022, 94.85824742268042, 28.195876288659775, 27.6610824742268, -1, -1, -1, -1
2335, 2, 212.5515463917526, 94.94845360824743, 27.448453608247405, 27.255154639175252, -1, -1, -1, -1
2336, 2, 213.29896907216497, 95.03865979381445, 26.701030927835035, 26.849226804123706, -1, -1, -1, -1
2337, 2, 214.04639175257734, 95.12886597938146, 25.953608247422665, 26.44329896907216, -1, -1, -1, -1
2338, 2, 214.7938144329897, 95.21907216494847, 25.206185567010294, 26.037371134020614, -1, -1, -1, -1
2339, 2, 215.54123711340208, 95.30927835051548, 24.458762886597924, 25.631443298969067, -1, -1, -1, -1
2340, 2, 216.28865979381445, 95.3994845360825, 23.711340206185554, 25.22551546391752, -1, -1, -1, -1
2341, 2, 217.03608247422682, 95.4896907216495, 22.963917525773184, 24.819587628865975, -1, -1, -1, -1
2342, 2, 217.7835051546392, 95.5798969072165, 22.216494845360813, 24.41365979381443, -1, -1, -1, -1
2343, 2, 218.53092783505156, 95.6701030927835, 21.469072164948443, 24.007731958762882, -1, -1, -1, -1
2344, 2, 219.27835051546393, 95.76030927835052, 20.721649484536073, 23.601804123711336, -1, -1, -1, -1
2345, 2, 220.0257731958763, 95.85051546391753, 19.974226804123703, 23.19587628865979, -1, -1, -1, -1
2346, 2, 220.77319587628867, 95.94072164948454, 19.226804123711318, 22.789948453608243, -1, -1, -1, -1
2347, 2, 221.52061855670104, 96.03092783505156, 18.479381443298934, 22.384020618556697, -1, -1, -1, -1
2348, 2, 222.26804123711344, 96.12113402061857, 17.73195876288655, 21.97809278350515, -1, -1, -1, -1
2349, 2, 223.0154639175258, 96.21134020618558, 16.984536082474165, 21.572164948453604, -1, -1, -1, -1
2350, 2, 223.76288659793818, 96.3015463917526, 16.237113402061794, 21.166237113402058, -1, -1, -1, -1
2351, 2, 224.51030927835055, 96.39175257731961, 15.489690721649424, 20.760309278350512, -1, -1, -1, -1
2352, 2, 225.25773195876292, 96.48195876288662, 14.742268041237054, 20.354381443298966, -1, -1, -1, -1
2353, 2, 226.0051546391753, 96.57216494845362, 13.994845360824684, 19.94845360824742, -1, -1, -1, -1
2354, 2, 226.75257731958766, 96.66237113402062, 13.247422680412313, 19.542525773195873, -1, -1, -1, -1
2355, 2, 227.50000000000003, 96.75257731958763, 12.499999999999943, 19.136597938144327, -1, -1, -1, -1
2356, 2, 228.2474226804124, 96.84278350515464, 11.752577319587573, 18.73067010309278, -1, -1, -1, -1
2357, 2, 228.99484536082477, 96.93298969072166, 11.005154639175203, 18.324742268041234, -1, -1, -1, -1
2358, 2, 229.74226804123714, 97.02319587628867, 10.257731958762832, 17.918814432989688, -1, -1, -1, -1
2359, 2, 230.4896907216495, 97.11340206185568, 9.510309278350462, 17.51288659793814, -1, -1, -1, -1
2360, 2, 231.23711340206188, 97.2036082474227, 8.762886597938092, 17.106958762886595, -1, -1, -1, -1
2361, 2, 231.98453608247425, 97.2938144329897, 8.015463917525722, 16.70103092783505, -1, -1, -1, -1
2362, 2, 232.73195876288662, 97.38402061855672, 7.268041237113355, 16.295103092783503, -1, -1, -1, -1
2363, 2, 233.479381443299, 97.47422680412373, 6.520618556700988, 15.889175257731958, -1, -1, -1, -1
2364, 2, 234.22680412371136, 97.56443298969074, 5.7731958762886215, 15.483247422680414, -1, -1, -1, -1
2365, 2, 234.97422680412373, 97.65463917525774, 5.025773195876254, 15.077319587628867, -1, -1, -1, -1
