1, 1581958201263329936
2, 1581958201306396936
3, 1581958201349463936, 0, 0, 120.21428571428571, 4.071428571428571, 13.5
4, 1581958201392531936, 0, 0, 116.98842876507943, 7.534793814399929, 20.455556961547614
5, 1581958201435598936, 0, 0.0, 114.76165522273593, 10.998159057399963, 22.665467740150206
6, 1581958201478665936, 0, 0, 112.5348816803924, 14.461524300399999, 24.875378518752825
7, 1581958201521732936, 0, 0, 111.98885389468323, 17.924889543399875, 25.24375630812335
8, 1581958201564799936, 0, 0.0, 111.01483629730109, 21.388254786415885, 26.181528571298685
9, 1581958201607867936, 0, 0.0, 110.04081869991893, 24.8516200294319, 27.119300834474046
10, 1581958201650934936, 0, 0.0, 109.06680110253679, 28.31498527244791, 28.057073097649393
11, 1581958201694001936, 0, 0, 108.09278350515464, 31.77835051546392, 28.994845360824744
12, 1581958201737068936, 0, 0.0, 107.6578608247468, 35.98260309278334, 29.853029849992296
13, 1581958201780135936, 0, 0.0, 107.22293814433898, 40.18685567010277, 30.711214339159866
14, 1581958201823203936, 0, 0.0, 106.78801546393115, 44.391108247422196, 31.569398828327422
15, 1581958201866270936, 0, 0.0, 106.35309278352332, 48.59536082474162, 32.42758331749499
16, 1581958201909337936, 0, 0.0, 105.91817010311549, 52.79961340206105, 33.28576780666255
17, 1581958201952404936, 0, 0.0, 105.48324742270766, 57.00386597938047, 34.14395229583012
18, 1581958201995471936, 0, 0, 105.04832474229983, 61.2081185566999, 35.00213678499766
19, 1581958202038539936, 0, 3.711340206185567, 104.61340206185568, 61.701030927835056, 34.0979381443299
20, 1581958202081606936, 0, 7.999732985324971, 104.5360824742268, 62.20645258168531, 33.865979381443296
21, 1581958202124673936, 0, 12.288125764464375, 104.45876288659791, 62.71187423553558, 33.634020618556704
22, 1581958202167740936, 0, 16.57651854360378, 104.38144329896903, 63.21729588938584, 33.40206185567007
23, 1581958202210807936, 0, 20.864911322743183, 104.30412371134014, 63.7227175432361, 33.17010309278348
24, 1581958202253875936, 0, 25.153304101882586, 104.22680412371126, 64.22813919708636, 32.93814432989687
25, 1581958202296942936, 0, 29.44169688102199, 104.14948453608237, 64.73356085093664, 32.70618556701028
26, 1581958202340009936, 0, 33.73008966016139, 104.07216494845349, 65.23898250478689, 32.474226804123646
27, 1581958202383076936, 0, 38.0184824393008, 103.9948453608246, 65.74440415863715, 32.242268041237054
28, 1581958202426143936, 0, 42.3068752184402, 103.91752577319572, 66.24982581248743, 32.01030927835045
29, 1581958202469211936, 0, 47.48272473181752, 103.68556701030934, 66.10914256719292, 32.04344624448041
30, 1581958202512278936, 0, 52.658574245194835, 103.45360824742296, 65.96845932189842, 32.076583210610394
31, 1581958202555345936, 0, 57.83442375857216, 103.22164948453657, 65.82777607660391, 32.10972017674037
32, 1581958202598412936, 0, 63.01027327194947, 102.98969072165019, 65.68709283130943, 32.14285714287033
33, 1581958202641479936, 0, 68.1861227853268, 102.75773195876381, 65.5464095860149, 32.175994109000285
34, 1581958202684547936, 0, 73.36197229870412, 102.52577319587743, 65.40572634072039, 32.20913107513027
35, 1581958202727614936, 0, 78.53782181208143, 102.29381443299106, 65.26504309542591, 32.24226804126023
36, 1581958202770681936, 0, 83.71367132545876, 102.06185567010466, 65.12435985013138, 32.275405007390205
37, 1581958202813748936, 0, 88.88952083883608, 101.82989690721828, 64.9836766048369, 32.308541973520164
38, 1581958202856815936, 0, 94.06537035221339, 101.5979381443319, 64.84299335954239, 32.34167893965015
39, 1581958202899883936, 0, 99.24121986559072, 101.36597938144553, 64.7023101142479, 32.37481590578011
40, 1581958202942950936, 0, 104.41706937896804, 101.13402061855915, 64.56162686895338, 32.40795287191007
41, 1581958202986017936, 0, 109.59291889234535, 100.90206185567276, 64.42094362365887, 32.44108983804004
42, 1581958203029084936, 0, 114.76876840572267, 100.67010309278638, 64.28026037836439, 32.47422680417003
43, 1581958203072151936, 0, 119.9446179191, 100.4381443299, 64.13957713306986, 32.507363770299996
44, 1581958203115219936, 0, 125.00539465766924, 100.20618556701288, 63.65583317790187, 32.54050073641838
45, 1581958203158286936, 0, 130.0661713962385, 99.97422680412578, 63.17208922273386, 32.57363770253676
46, 1581958203201353936, 0, 135.12694813480775, 99.74226804123866, 62.688345267565836, 32.60677466865515
47, 1581958203244420936, 0, 140.187724873377, 99.51030927835154, 62.20460131239784, 32.63991163477354
48, 1581958203287487936, 0, 145.24850161194624, 99.27835051546444, 61.720857357229846, 32.67304860089192
49, 1581958203330555936, 0, 150.30927835051548, 99.04639175257732, 61.23711340206186, 32.70618556701031
50, 1581958203373622936, 0, 155.11413843887956, 98.78129602356445, 60.968843878507755, 32.50736377025861
51, 1581958203416689936, 0, 159.91899852724367, 98.51620029455158, 60.70057435495366, 32.30854197350688
52, 1581958203459756936, 0, 164.72385861560775, 98.2511045655387, 60.43230483139956, 32.10972017675516
53, 1581958203502823936, 0, 169.52871870397183, 97.98600883652583, 60.16403530784547, 31.91089838000346
54, 1581958203545891936, 0, 174.33357879233594, 97.72091310751296, 59.89576578429137, 31.712076583251758
55, 1581958203588958936, 0, 179.13843888070002, 97.45581737850009, 59.62749626073726, 31.513254786500024
56, 1581958203632025936, 0, 183.94329896907217, 97.19072164948454, 56.056701030927805, 31.314432989690722
57, 1581958203675092936, 0, 188.6694587628904, 97.0167525773153, 51.330541237109514, 31.284513766608896
58, 1581958203718159936, 0, 193.3956185567086, 96.84278350514607, 46.60438144329129, 31.254594543527062
59, 1581958203761227936, 0, 198.12177835052682, 96.66881443297683, 41.878221649473005, 31.224675320445243
60, 1581958203804294936, 0, 202.84793814434505, 96.4948453608076, 37.15206185565472, 31.194756097363424
61, 1581958203847361936, 0, 207.57409793816328, 96.32087628863836, 32.42590206183644, 31.164836874281605
62, 1581958203890428936, 0, 212.30025773198147, 96.14690721646913, 27.699742268018213, 31.13491765119977
63, 1581958203933495936, 0, 217.0264175257997, 95.97293814429989, 22.973582474199937, 31.104998428117952
64, 1581958203976563936, 0, 221.75257731958698, 95.79896907216457, 18.247422680412114, 31.080143532669645
65, 1581958204019630936, 0, 225.11597938144348, 95.85940174984643, 14.884020618556065, 27.96769861632069
66, 1581958204062697936, 0, 228.4793814433, 95.9198344275283, 11.520618556699946, 24.855253699971712
67, 1581958204105764936, 0, 231.8427835051992, 97.4905972744823, 8.157216494799968, 20.23247861441727
68, 1581958204148831936, 0, 235.20618556701032, 99.27835051546393, 4.793814432989656, 16.93298969072165
69, 1581958204191899936
70, 1581958204234966936
71, 1581958204278033936
72, 1581958204321100936
73, 1581958204364167936
74, 1581958204407235936
75, 1581958204450302936
76, 1581958204493369936
77, 1581958204536436936
78, 1581958204579503936
79, 1581958204622571936
80, 1581958204665638936
81, 1581958204708705936
82, 1581958204751772936
83, 1581958204794839936
84, 1581958204837907936
85, 1581958204880974936
86, 1581958204924041936
87, 1581958204967108936
88, 1581958205010175936
89, 1581958205053243936
90, 1581958205096310936
91, 1581958205139377936
92, 1581958205182444936
93, 1581958205225511936
94, 1581958205268579936
95, 1581958205311646936
96, 1581958205354713936
97, 1581958205397780936
98, 1581958205440847936
99, 1581958205483915936
100, 1581958205526982936
101, 1581958205570049936
102, 1581958205613116936
103, 1581958205656183936
104, 1581958205699251936
105, 1581958205742318936
106, 1581958205785385936
107, 1581958205828452936
108, 1581958205871519936
109, 1581958205914587936
110, 1581958205957654936
111, 1581958206000721936
112, 1581958206043788936
113, 1581958206086855936
114, 1581958206129923936
115, 1581958206172990936
116, 1581958206216057936
117, 1581958206259124936
118, 1581958206302191936
119, 1581958206345259936
120, 1581958206388326936
121, 1581958206431393936
122, 1581958206474460936
123, 1581958206517527936
124, 1581958206560595936
125, 1581958206603662936
126, 1581958206646729936
127, 1581958206689796936
128, 1581958206732863936
129, 1581958206775931936
130, 1581958206818998936
131, 1581958206862065936
132, 1581958206905132936
133, 1581958206948199936
134, 1581958206991267936
135, 1581958207034334936
136, 1581958207077401936
137, 1581958207120468936
138, 1581958207163535936
139, 1581958207206603936
140, 1581958207249670936
141, 1581958207292737936
142, 1581958207335804936
143, 1581958207378871936
144, 1581958207421939936
145, 1581958207465006936
146, 1581958207508073936
147, 1581958207551140936
148, 1581958207594207936
149, 1581958207637275936
150, 1581958207680342936
151, 1581958207723409936
152, 1581958207766476936
153, 1581958207809543936
154, 1581958207852611936
155, 1581958207895678936
156, 1581958207938745936
157, 1581958207981812936
158, 1581958208024879936
159, 1581958208067947936
160, 1581958208111014936
161, 1581958208154081936
162, 1581958208197148936
163, 1581958208240215936
164, 1581958208283283936
165, 1581958208326350936
166, 1581958208369417936
167, 1581958208412484936
168, 1581958208455551936
169, 1581958208498619936
170, 1581958208541686936
171, 1581958208584753936
172, 1581958208627820936
173, 1581958208670887936
174, 1581958208713955936
175, 1581958208757022936
176, 1581958208800089936
177, 1581958208843156936
178, 1581958208886223936
179, 1581958208929291936
180, 1581958208972358936
181, 1581958209015425936
182, 1581958209058492936
183, 1581958209101559936
184, 1581958209144627936
185, 1581958209187694936
186, 1581958209230761936
187, 1581958209273828936
188, 1581958209316895936
189, 1581958209359963936
190, 1581958209403030936
191, 1581958209446097936
192, 1581958209489164936
193, 1581958209532231936
194, 1581958209575299936
195, 1581958209618366936
196, 1581958209661433936
197, 1581958209704500936
198, 1581958209747567936
199, 1581958209790635936
200, 1581958209833702936
201, 1581958209876769936
202, 1581958209919836936
203, 1581958209962903936
204, 1581958210005971936
205, 1581958210049038936
206, 1581958210092105936
207, 1581958210135172936
208, 1581958210178239936
209, 1581958210221307936
210, 1581958210264374936
211, 1581958210307441936
212, 1581958210350508936
213, 1581958210393575936
214, 1581958210436643936
215, 1581958210479710936
216, 1581958210522777936
217, 1581958210565844936
218, 1581958210608911936
219, 1581958210651979936
220, 1581958210695046936
221, 1581958210738113936
222, 1581958210781180936
223, 1581958210824247936
224, 1581958210867315936
225, 1581958210910382936
226, 1581958210953449936
227, 1581958210996516936
228, 1581958211039583936
229, 1581958211082651936
230, 1581958211125718936
231, 1581958211168785936
232, 1581958211211852936
233, 1581958211254919936
234, 1581958211297987936
235, 1581958211341054936
236, 1581958211384121936
237, 1581958211427188936
238, 1581958211470255936
239, 1581958211513323936
240, 1581958211556390936
241, 1581958211599457936
242, 1581958211642524936
243, 1581958211685591936
244, 1581958211728659936
245, 1581958211771726936
246, 1581958211814793936
247, 1581958211857860936
248, 1581958211900927936
249, 1581958211943995936
250, 1581958211987062936
251, 1581958212030129936
252, 1581958212073196936
253, 1581958212116263936
254, 1581958212159331936
255, 1581958212202398936
256, 1581958212245465936
257, 1581958212288532936
258, 1581958212331599936
259, 1581958212374667936
260, 1581958212417734936
261, 1581958212460801936
262, 1581958212503868936
263, 1581958212546935936
264, 1581958212590003936
265, 1581958212633070936
266, 1581958212676137936
267, 1581958212719204936
268, 1581958212762271936
269, 1581958212805339936
270, 1581958212848406936
271, 1581958212891473936
272, 1581958212934540936
273, 1581958212977607936
274, 1581958213020675936
275, 1581958213063742936
276, 1581958213106809936
277, 1581958213149876936
278, 1581958213192943936
279, 1581958213236011936
280, 1581958213279078936
281, 1581958213322145936
282, 1581958213365212936
283, 1581958213408279936
284, 1581958213451347936
285, 1581958213494414936
286, 1581958213537481936
287, 1581958213580548936
288, 1581958213623615936
289, 1581958213666683936
290, 1581958213709750936
291, 1581958213752817936
292, 1581958213795884936
293, 1581958213838951936
294, 1581958213882019936
295, 1581958213925086936
296, 1581958213968153936
297, 1581958214011220936
298, 1581958214054287936
299, 1581958214097355936
300, 1581958214140422936
301, 1581958214183489936
302, 1581958214226556936
303, 1581958214269623936
304, 1581958214312691936
305, 1581958214355758936
306, 1581958214398825936
307, 1581958214441892936
308, 1581958214484959936
309, 1581958214528027936
310, 1581958214571094936
311, 1581958214614161936
312, 1581958214657228936
313, 1581958214700295936
314, 1581958214743363936
315, 1581958214786430936
316, 1581958214829497936
317, 1581958214872564936
318, 1581958214915631936
319, 1581958214958699936
320, 1581958215001766936
321, 1581958215044833936
322, 1581958215087900936
323, 1581958215130967936
324, 1581958215174035936
325, 1581958215217102936
326, 1581958215260169936
327, 1581958215303236936
328, 1581958215346303936
329, 1581958215389371936
330, 1581958215432438936
331, 1581958215475505936
332, 1581958215518572936
333, 1581958215561639936
334, 1581958215604707936
335, 1581958215647774936
336, 1581958215690841936
337, 1581958215733908936
338, 1581958215776975936
339, 1581958215820043936
340, 1581958215863110936
341, 1581958215906177936
342, 1581958215949244936
343, 1581958215992311936
344, 1581958216035379936
345, 1581958216078446936
346, 1581958216121513936
347, 1581958216164580936
348, 1581958216207647936
349, 1581958216250715936
350, 1581958216293782936
351, 1581958216336849936
352, 1581958216379916936
353, 1581958216422983936
354, 1581958216466051936
355, 1581958216509118936
356, 1581958216552185936
357, 1581958216595252936
358, 1581958216638319936
359, 1581958216681387936
360, 1581958216724454936
361, 1581958216767521936
362, 1581958216810588936
363, 1581958216853655936
364, 1581958216896723936
365, 1581958216939790936
366, 1581958216982857936
367, 1581958217025924936
368, 1581958217068991936
369, 1581958217112059936
370, 1581958217155126936
371, 1581958217198193936
372, 1581958217241260936
373, 1581958217284327936
374, 1581958217327395936
375, 1581958217370462936
376, 1581958217413529936
377, 1581958217456596936
378, 1581958217499663936
379, 1581958217542731936
380, 1581958217585798936
381, 1581958217628865936
382, 1581958217671932936
383, 1581958217714999936
384, 1581958217758067936
385, 1581958217801134936
386, 1581958217844201936
387, 1581958217887268936
388, 1581958217930335936
389, 1581958217973403936
390, 1581958218016470936
391, 1581958218059537936
392, 1581958218102604936
393, 1581958218145671936
394, 1581958218188739936
395, 1581958218231806936
396, 1581958218274873936
397, 1581958218317940936
398, 1581958218361007936
399, 1581958218404075936
400, 1581958218447142936
401, 1581958218490209936
402, 1581958218533276936
403, 1581958218576343936
404, 1581958218619411936
405, 1581958218662478936
406, 1581958218705545936
407, 1581958218748612936
408, 1581958218791679936
409, 1581958218834747936
410, 1581958218877814936
411, 1581958218920881936
412, 1581958218963948936
413, 1581958219007015936
414, 1581958219050083936
415, 1581958219093150936
416, 1581958219136217936
417, 1581958219179284936
418, 1581958219222351936
419, 1581958219265419936
420, 1581958219308486936
421, 1581958219351553936
422, 1581958219394620936
423, 1581958219437687936
424, 1581958219480755936
425, 1581958219523822936
426, 1581958219566889936
427, 1581958219609956936
428, 1581958219653023936
429, 1581958219696091936
430, 1581958219739158936
431, 1581958219782225936
432, 1581958219825292936
433, 1581958219868359936
434, 1581958219911427936
435, 1581958219954494936, 1, 0, 109.02061855670104, 3.015463917525773, 13.68556701030928
436, 1581958219997561936, 1, 0, 104.4003423648768, 5.7731958762999955, 23.224127642022314
437, 1581958220040628936, 1, 0.0, 103.42403737489482, 8.530927835066626, 24.324018121938792
438, 1581958220083695936, 1, 0.0, 102.44773238491284, 11.288659793833256, 25.42390860185526
439, 1581958220126763936, 1, 0, 101.47142739493086, 14.046391752599886, 26.523799081771745
440, 1581958220169830936, 1, 0.0, 100.94002851388284, 16.804123711358258, 26.87883307985038
441, 1581958220212897936, 1, 0.0, 100.4086296328348, 19.561855670116632, 27.233867077929034
442, 1581958220255964936, 1, 0.0, 99.87723075178678, 22.319587628875006, 27.58890107600766
443, 1581958220299031936, 1, 0.0, 99.34583187073875, 25.07731958763338, 27.943935074086312
444, 1581958220342099936, 1, 0, 98.81443298969073, 27.835051546391753, 28.29896907216495
445, 1581958220385166936, 1, 0.0, 98.14184399363111, 30.900220913094486, 29.59867373091774
446, 1581958220428233936, 1, 0.0, 97.46925499757151, 33.96539027979722, 30.898378389670512
447, 1581958220471300936, 1, 0, 96.7966660015119, 37.03055964649995, 32.19808304842331
448, 1581958220514367936, 1, 0.0, 96.52032624027342, 40.09572901321985, 32.87255426891923
449, 1581958220557435936, 1, 0.0, 96.24398647903496, 43.16089837993975, 33.54702548941515
450, 1581958220600502936, 1, 0.0, 95.96764671779648, 46.22606774665965, 34.22149670991108
451, 1581958220643569936, 1, 0.0, 95.69130695655802, 49.291237113379545, 34.895967930407
452, 1581958220686636936, 1, 0, 95.41496719531955, 52.356406480099444, 35.570439150902914
453, 1581958220729703936, 1, 0.0, 95.39385147337961, 55.421575846799584, 35.255499175968595
454, 1581958220772771936, 1, 0.0, 95.37273575143969, 58.486745213499724, 34.94055920103422
455, 1581958220815838936, 1, 0, 95.35162002949976, 61.55191458019986, 34.62561922609989
456, 1581958220858905936, 1, 0, 95.03681885129998, 64.61708394699998, 34.604364707399995
457, 1581958220901972936, 1, 2.0283400700353833, 94.72201767307268, 65.65391324367081, 34.58311018875153
458, 1581958220945039936, 1, 4.056680140070767, 94.40721649484537, 66.69074254034165, 34.561855670103085
459, 1581958220988107936, 1, 7.489464263760533, 94.29313282780547, 66.87038067105604, 34.61984536082099
460, 1581958221031174936, 1, 10.9222483874503, 94.17904916076557, 67.05001880177045, 34.677835051538864
461, 1581958221074241936, 1, 14.355032511140067, 94.06496549372567, 67.22965693248484, 34.73582474225678
462, 1581958221117308936, 1, 17.787816634829834, 93.95088182668576, 67.40929506319922, 34.7938144329747
463, 1581958221160375936, 1, 21.220600758519602, 93.83679815964587, 67.58893319391362, 34.851804123692574
464, 1581958221203443936, 1, 24.653384882209366, 93.72271449260596, 67.76857132462803, 34.90979381441049
465, 1581958221246510936, 1, 28.086169005899134, 93.60863082556607, 67.94820945534242, 34.96778350512837
466, 1581958221289577936, 1, 31.5189531295889, 93.49454715852616, 68.12784758605682, 35.025773195846284
467, 1581958221332644936, 1, 34.951737253278665, 93.38046349148625, 68.30748571677121, 35.0837628865642
468, 1581958221375711936, 1, 38.384521376968436, 93.26637982444636, 68.4871238474856, 35.14175257728208
469, 1581958221418779936, 1, 41.8173055006582, 93.15229615740645, 68.6667619782, 35.199742268
470, 1581958221461846936, 1, 45.676092861982546, 93.08554618344492, 68.84640010891547, 35.25773195872621
471, 1581958221504913936, 1, 49.53488022330689, 93.01879620948337, 69.02603823963094, 35.31572164945247
472, 1581958221547980936, 1, 53.393667584631245, 92.95204623552183, 69.2056763703464, 35.37371134017869
473, 1581958221591047936, 1, 57.25245494595559, 92.88529626156028, 69.38531450106186, 35.43170103090492
474, 1581958221634115936, 1, 61.11124230727994, 92.81854628759875, 69.56495263177733, 35.48969072163116
475, 1581958221677182936, 1, 64.97002966860428, 92.7517963136372, 69.74459076249279, 35.547680412357394
476, 1581958221720249936, 1, 68.82881702992863, 92.68504633967567, 69.92422889320825, 35.60567010308361
477, 1581958221763316936, 1, 72.68760439125298, 92.61829636571412, 70.10386702392371, 35.66365979380987
478, 1581958221806383936, 1, 76.54639175257732, 92.55154639175258, 70.28350515463917, 35.72164948453609
479, 1581958221849451936, 1, 80.59512652296158, 92.47774133083412, 70.13589503280224, 35.69001874414245
480, 1581958221892518936, 1, 84.64386129334584, 92.40393626991566, 69.9882849109653, 35.65838800374884
481, 1581958221935585936, 1, 88.6925960637301, 92.33013120899719, 69.8406747891284, 35.626757263355216
482, 1581958221978652936, 1, 92.74133083411434, 92.25632614807873, 69.69306466729148, 35.59512652296158
483, 1581958222021719936, 1, 96.79006560449861, 92.18252108716027, 69.54545454545453, 35.563495782567955
484, 1581958222064787936, 1, 100.83880037488285, 92.10871602624181, 69.39784442361761, 35.53186504217432
485, 1581958222107854936, 1, 104.88753514526711, 92.03491096532333, 69.25023430178068, 35.50023430178071
486, 1581958222150921936, 1, 108.93626991565137, 91.96110590440487, 69.10262417994377, 35.46860356138707
487, 1581958222193988936, 1, 112.98500468603562, 91.88730084348641, 68.95501405810684, 35.43697282099345
488, 1581958222237055936, 1, 117.03373945641988, 91.81349578256795, 68.8074039362699, 35.40534208059981
489, 1581958222280123936, 1, 121.08247422680412, 91.73969072164948, 68.65979381443299, 35.3737113402062
490, 1581958222323190936, 1, 125.1312089971884, 91.66588566073102, 68.51218369259604, 35.342080599812576
491, 1581958222366257936, 1, 129.17994376757264, 91.59208059981256, 68.36457357075915, 35.31044985941894
492, 1581958222409324936, 1, 133.2286785379569, 91.5182755388941, 68.21696344892217, 35.278819119025314
493, 1581958222452391936, 1, 137.27741330834115, 91.44447047797564, 68.06935332708528, 35.24718837863168
494, 1581958222495459936, 1, 141.3261480787254, 91.37066541705717, 67.92174320524836, 35.21555763823807
495, 1581958222538526936, 1, 145.37488284910967, 91.29686035613871, 67.77413308341141, 35.18392689784443
496, 1581958222581593936, 1, 149.42361761949394, 91.22305529522025, 67.6265229615745, 35.152296157450806
497, 1581958222624660936, 1, 153.47235238987818, 91.14925023430179, 67.47891283973755, 35.12066541705717
498, 1581958222667727936, 1, 157.52108716026243, 91.07544517338332, 67.33130271790066, 35.08903467666356
499, 1581958222710795936, 1, 161.5698219306467, 91.00164011246486, 67.18369259606371, 35.05740393626992
500, 1581958222753862936, 1, 165.61855670103094, 90.9278350515464, 67.0360824742268, 35.02577319587629
501, 1581958222796929936, 1, 169.9481083905993, 90.77319587627319, 66.01472676657212, 34.92268041238813
502, 1581958222839996936, 1, 174.27766008016764, 90.61855670099999, 64.99337105891749, 34.819587628899974
503, 1581958222883063936, 1, 178.0111902307, 90.4639175257, 61.9888097693, 34.716494845399986
504, 1581958222926131936, 1, 181.74472038125344, 90.30927835045446, 58.255279618746556, 34.61340206188831
505, 1581958222969198936, 1, 185.47825053180688, 90.15463917520893, 54.52174946819312, 34.510309278376624, 2, 0, 116.21134020618557, 3.711340206185567, 12.989690721649485
506, 1581958223012265936, 1, 189.2117806823603, 89.99999999996339, 50.78821931763969, 34.40721649486494, 2, 8.240830698248558e-16, 114.76321288089001, 6.842783505164173, 15.865942582541336
507, 1581958223055332936, 1, 192.94531083291375, 89.84536082471787, 47.054689167086224, 34.304123711353256, 2, 1.6481661396497117e-15, 113.31508555559445, 9.974226804142779, 18.742194443433178
508, 1581958223098399936, 1, 196.67884098346718, 89.69072164947234, 43.32115901653279, 34.201030927841586, 2, 2.4722492094745674e-15, 111.86695823029889, 13.105670103121389, 21.61844630432502
509, 1581958223141467936, 1, 200.41237113402062, 89.5360824742268, 39.58762886597935, 34.0979381443299, 2, 3.2963322792994233e-15, 110.41883090500333, 16.237113402099993, 24.494698165216864
510, 1581958223184534936, 1, 204.30927835051367, 89.53608247421788, 35.69072164948622, 33.887497954513464, 2, 2.4722492094745674e-15, 110.12726750864941, 19.36855670105953, 24.575920531129142
511, 1581958223227601936, 1, 208.2061855670067, 89.53608247420894, 31.793814432993116, 33.67705776469704, 2, 1.6481661396497117e-15, 109.83570411229547, 22.50000000001907, 24.65714289704144
512, 1581958223270668936, 1, 212.10309278349976, 89.53608247420001, 27.896907216499972, 33.4666175748806, 2, 8.240830698248559e-16, 109.54414071594155, 25.63144329897861, 24.738365262953693
513, 1581958223313735936, 1, 215.99999999999739, 89.53608247421343, 24.000000000002473, 32.6704229333173, 2, 0, 109.25257731958763, 28.762886597938145, 24.819587628865982
514, 1581958223356803936, 1, 219.896907216495, 89.53608247422683, 20.103092783504955, 31.874228291754026, 2, 3.2963322792994375e-15, 108.28286852007349, 32.259098102119054, 26.084516672053184
515, 1581958223399870936, 1, 222.86597938139994, 89.5857041122517, 17.1340206186, 29.74827080559765, 2, 6.592664558598875e-15, 107.31315972055934, 35.75530960629995, 27.34944571524038
516, 1581958223442937936, 1, 225.83505154635003, 89.64262097656625, 14.164948453649941, 28.62074680975843, 2, 6.595744489614209e-15, 107.01318664737005, 39.2515211105025, 27.94463903210371
517, 1581958223486004936, 1, 228.80412371130015, 89.6995378408808, 11.195876288699836, 27.49322281391921, 2, 6.598824420629543e-15, 106.71321357418076, 42.74773261470505, 28.53983234896701
518, 1581958223529071936, 1, 231.77319587626863, 92.63327407507958, 8.22680412373137, 23.488879448196712, 2, 6.601904351644877e-15, 106.41324050099145, 46.2439441189076, 29.135025665830355
519, 1581958223572139936, 1, 234.74226804123714, 95.56701030927836, 5.257731958762852, 19.48453608247423, 2, 6.604984282660211e-15, 106.11326742780216, 49.74015562311015, 29.730218982693657
520, 1581958223615206936, 2, 6.608064213675545e-15, 105.81329435461286, 53.2363671273127, 30.325412299556987
521, 1581958223658273936, 2, 6.611144144690879e-15, 105.51332128142357, 56.732578631515246, 30.92060561642029
522, 1581958223701340936, 2, 6.614224075706213e-15, 105.21334820823427, 60.228790135717794, 31.515798933283634
523, 1581958223744407936, 2, 6.617304006721547e-15, 104.91337513504497, 63.72500163992034, 32.110992250146936
524, 1581958223787475936, 2, 6.620383937736881e-15, 104.61340206185568, 67.2212131441229, 32.70618556701026
525, 1581958223830542936, 2, 3.3101919688684405e-15, 104.32345360822777, 71.06023975501134, 32.53221649485508
526, 1581958223873609936, 2, 0, 104.03350515459984, 74.89926636589979, 32.35824742269995
527, 1581958223916676936, 2, 1.38472352391936, 102.9671726651867, 76.65066411079991, 33.897869509087386
528, 1581958223959743936, 2, 4.175257731958763, 103.45360824742268, 78.40206185567011, 32.01030927835052
529, 1581958224002811936, 2, 7.907685098406748, 103.26382380506092, 78.57075913776946, 32.031396438612916
530, 1581958224045878936, 2, 11.640112464854733, 103.07403936269915, 78.7394564198688, 32.05248359887534
531, 1581958224088945936, 2, 15.372539831302717, 102.8842549203374, 78.90815370196815, 32.07357075913775
532, 1581958224132012936, 2, 19.104967197750703, 102.69447047797564, 79.07685098406748, 32.09465791940016
533, 1581958224175079936, 2, 22.837394564198686, 102.50468603561387, 79.24554826616682, 32.11574507966259
534, 1581958224218147936, 2, 26.569821930646672, 102.31490159325212, 79.41424554826618, 32.13683223992503
535, 1581958224261214936, 2, 30.302249297094654, 102.12511715089035, 79.58294283036551, 32.15791940018745
536, 1581958224304281936, 2, 34.03467666354264, 101.93533270852859, 79.75164011246486, 32.179006560449864
537, 1581958224347348936, 2, 37.76710402999063, 101.74554826616684, 79.9203373945642, 32.200093720712275
538, 1581958224390415936, 2, 41.49953139643861, 101.55576382380507, 80.08903467666354, 32.2211808809747
539, 1581958224433483936, 2, 45.2319587628866, 101.36597938144331, 80.25773195876289, 32.24226804123712
540, 1581958224476550936, 2, 49.13417491100173, 101.18358295949221, 80.1948451600766, 32.22118088097341
541, 1581958224519617936, 2, 53.036391059116866, 101.00118653754113, 80.13195836139032, 32.20009372070969
542, 1581958224562684936, 2, 56.938607207231996, 100.81879011559005, 80.06907156270401, 32.17900656044597
543, 1581958224605751936, 2, 60.840823355347126, 100.63639369363895, 80.00618476401773, 32.157919400182266
544, 1581958224648819936, 2, 64.74303950346226, 100.45399727168785, 79.94329796533145, 32.13683223991856
545, 1581958224691886936, 2, 68.6452556515774, 100.27160084973677, 79.88041116664516, 32.11574507965484
546, 1581958224734953936, 2, 72.54747179969252, 100.08920442778569, 79.8175243679589, 32.094657919391125
547, 1581958224778020936, 2, 76.44968794780766, 99.90680800583459, 79.75463756927257, 32.07357075912742
548, 1581958224821087936, 2, 80.35190409592279, 99.7244115838835, 79.6917507705863, 32.05248359886372
549, 1581958224864155936, 2, 84.25412024403792, 99.54201516193241, 79.6288639719, 32.0313964386
550, 1581958224907222936, 2, 88.00222106875668, 99.39044180465336, 79.56597717320906, 32.0103092783375
551, 1581958224950289936, 2, 91.75032189347544, 99.23886844737432, 79.50309037451811, 31.989222118074977
552, 1581958224993356936, 2, 95.4984227181942, 99.08729509009527, 79.44020357582716, 31.96813495781248
553, 1581958225036423936, 2, 99.24652354291297, 98.9357217328162, 79.3773167771362, 31.94704779755
554, 1581958225079491936, 2, 102.99462436763173, 98.78414837553716, 79.31442997844528, 31.925960637287503
555, 1581958225122558936, 2, 106.74272519235049, 98.63257501825811, 79.25154317975432, 31.904873477025006
556, 1581958225165625936, 2, 110.49082601706925, 98.48100166097906, 79.18865638106337, 31.88378631676248
557, 1581958225208692936, 2, 114.23892684178801, 98.32942830370001, 79.12576958237241, 31.862699156499986
558, 1581958225251759936, 2, 118.37231597497178, 98.23624753006038, 78.45381106039368, 31.841611996233325
559, 1581958225294827936, 2, 122.50570510815554, 98.14306675642075, 77.78185253841495, 31.820524835966665
560, 1581958225337894936, 2, 126.63909424133931, 98.04988598278112, 77.10989401643621, 31.799437675700005
561, 1581958225380961936, 2, 130.77248337452306, 97.9567052091415, 76.43793549445746, 31.77835051543333
562, 1581958225424028936, 2, 134.90587250770685, 97.86352443550187, 75.76597697247871, 31.75726335516667
563, 1581958225467095936, 2, 139.0392616408906, 97.77034366186224, 75.0940184505, 31.7361761949
564, 1581958225510163936, 2, 142.58530015272055, 97.55130204078188, 74.82457122360978, 31.715089034642858
565, 1581958225553230936, 2, 146.1313386645505, 97.33226041970153, 74.55512399671957, 31.69400187438572
566, 1581958225596297936, 2, 149.67737717638045, 97.11321879862116, 74.28567676982937, 31.672914714128567
567, 1581958225639364936, 2, 153.22341568821042, 96.89417717754081, 74.0162295429391, 31.6518275538714
568, 1581958225682431936, 2, 156.76945420004037, 96.67513555646045, 73.7467823160489, 31.630740393614246
569, 1581958225725499936, 2, 160.31549271187032, 96.4560939353801, 73.47733508915869, 31.609653233357108
570, 1581958225768566936, 2, 163.86153122370027, 96.23705231429973, 73.20788786226848, 31.58856607309995
571, 1581958225811633936, 2, 167.40756973559996, 96.01801069320015, 72.02660935568281, 31.56747891279999
572, 1581958225854700936, 2, 170.9536082474227, 95.79896907216495, 69.04639175257729, 31.54639175257732
573, 1581958225897767936, 2, 174.3275538894096, 95.67244611059044, 65.67244611059041, 31.377694470477977
574, 1581958225940835936, 2, 177.70149953139645, 95.54592314901593, 62.29850046860355, 31.208997188378632
575, 1581958225983902936, 2, 181.07544517338334, 95.41940018744143, 58.92455482661666, 31.040299906279287
576, 1581958226026969936, 2, 184.4493908153702, 95.29287722586692, 55.55060918462979, 30.871602624179943
577, 1581958226070036936, 2, 187.8233364573571, 95.16635426429241, 52.1766635426429, 30.702905342080598
578, 1581958226113103936, 2, 191.19728209934397, 95.03983130271791, 48.802717900656035, 30.534208059981253
579, 1581958226156171936, 2, 194.57122774133086, 94.9133083411434, 45.42877225866914, 30.36551077788191
580, 1581958226199238936, 2, 197.94517338331772, 94.7867853795689, 42.05482661668228, 30.196813495782564
581, 1581958226242305936, 2, 201.31911902530462, 94.66026241799439, 38.680880974695384, 30.02811621368322
582, 1581958226285372936, 2, 204.69306466729148, 94.53373945641988, 35.30693533270852, 29.859418931583875
583, 1581958226328439936, 2, 208.06701030927837, 94.40721649484537, 31.932989690721616, 29.690721649484537
584, 1581958226371507936, 2, 211.05670103092785, 94.76804123711341, 28.943298969072146, 28.067010309278345
585, 1581958226414574936, 2, 214.04639175257734, 95.12886597938146, 25.953608247422665, 26.44329896907216
586, 1581958226457641936, 2, 217.03608247422682, 95.4896907216495, 22.963917525773184, 24.819587628865975
587, 1581958226500708936, 2, 220.0257731958763, 95.85051546391753, 19.974226804123703, 23.19587628865979
588, 1581958226543775936, 2, 223.0154639175258, 96.21134020618558, 16.984536082474165, 21.572164948453604
589, 1581958226586843936, 2, 226.0051546391753, 96.57216494845362, 13.994845360824684, 19.94845360824742
590, 1581958226629910936, 2, 228.99484536082477, 96.93298969072166, 11.005154639175203, 18.324742268041234
591, 1581958226672977936, 2, 231.98453608247425, 97.2938144329897, 8.015463917525722, 16.70103092783505
592, 1581958226716044936, 2, 234.97422680412373, 97.65463917525774, 5.025773195876254, 15.077319587628867
