1, 1603471304371177364
2, 1603471304392710912
3, 1603471304414244364
4, 1603471304435777792
5, 1603471304457311364
6, 1603471304478844928
7, 1603471304500378364
8, 1603471304521911808
9, 1603471304543445364
10, 1603471304564979200
11, 1603471304586513364
12, 1603471304608046848
13, 1603471304629580364
14, 1603471304651113728
15, 1603471304672647364
16, 1603471304694180864
17, 1603471304715714364, 0, 0, 91.92857142857142, 2.357142857142857, 16.928571428571427
18, 1603471304737247744, 0, 0.0, 89.93885244851091, 4.087444771721421, 22.51916533469958
19, 1603471304758781364, 0, 0, 87.94913346845043, 5.817746686299984, 28.109759240827735
20, 1603471304780315392, 0, 0.0, 86.42302034247264, 7.548048600881951, 31.567766218352013
21, 1603471304801849364, 0, 0, 84.89690721649485, 9.278350515463918, 35.02577319587629
22, 1603471304823382784, 0, 0.0, 84.78092783505156, 10.902061855670103, 36.185567010309285
23, 1603471304844916364, 0, 0, 84.66494845360825, 12.525773195876289, 37.34536082474227
24, 1603471304866449920, 0, 0.0, 83.72891283972353, 14.120489690738086, 38.77430880975164
25, 1603471304887983364, 0, 0, 82.79287722583881, 15.715206185599882, 40.203256794761
26, 1603471304909516800, 0, 0.0, 82.79404873474695, 17.309922680439755, 40.69499765698996
27, 1603471304931050364, 0, 0.0, 82.79522024365511, 18.90463917527963, 41.18673851921892
28, 1603471304952583680, 0, 0.0, 82.79639175256327, 20.499355670119506, 41.67847938144788
29, 1603471304974117364, 0, 0.0, 82.79756326147141, 22.09407216495938, 42.17022024367684
30, 1603471304995651328, 0, 0.0, 82.79873477037955, 23.68878865979925, 42.66196110590579
31, 1603471305017185364, 0, 0, 82.79990627928771, 25.283505154639126, 43.15370196813475
32, 1603471305038718720, 0, 2.0602076745621463e-15, 82.24521302875095, 27.11340206185924, 43.99024584472997
33, 1603471305060252364, 0, 4.120415349124293e-15, 81.69051977821421, 28.94329896907935, 44.826789721325184
34, 1603471305081785856, 0, 6.1806230236864386e-15, 81.13582652767747, 30.77319587629946, 45.6633335979204
35, 1603471305103319364, 0, 8.240830698248585e-15, 80.58113327714071, 32.60309278351957, 46.499877474515614
36, 1603471305124852736, 0, 1.0301038372810732e-14, 80.02644002660396, 34.43298969073968, 47.33642135111082
37, 1603471305146386364, 0, 1.2361246047372877e-14, 79.47174677606722, 36.26288659795979, 48.17296522770603
38, 1603471305167919872, 0, 1.4421453721935026e-14, 78.91705352553046, 38.09278350517991, 49.009509104301245
39, 1603471305189453364, 0, 1.648166139649717e-14, 78.36236027499372, 39.92268041240002, 49.84605298089646
40, 1603471305210987264, 0, 1.2361246047372877e-14, 78.08563689980176, 41.75257731962499, 50.129254618140855
41, 1603471305232521364, 0, 8.240830698248585e-15, 77.80891352460978, 43.58247422684996, 50.41245625538525
42, 1603471305254054912, 0, 4.120415349124293e-15, 77.53219014941781, 45.41237113407493, 50.695657892629626
43, 1603471305275588364, 0, 0, 77.25546677422585, 47.242268041299894, 50.97885952987399
44, 1603471305297121792, 0, 0.0, 77.3692463668377, 49.07216494850593, 50.87155819929362
45, 1603471305318655364, 0, 0.0, 77.48302595944953, 50.902061855711956, 50.76425686871325
46, 1603471305340188928, 0, 0.0, 77.59680555206138, 52.73195876291799, 50.65695553813288
47, 1603471305361722364, 0, 0.0, 77.71058514467323, 54.561855670124025, 50.54965420755251
48, 1603471305383255808, 0, 0.0, 77.82436473728507, 56.39175257733005, 50.44235287697213
49, 1603471305404789364, 0, 0, 77.93814432989691, 58.22164948453609, 50.33505154639175
50, 1603471305426323200, 0, 0.0, 77.82216494845362, 60.2098674521355, 50.68298969072164
51, 1603471305447857364, 0, 0.0, 77.70618556701032, 62.19808541973491, 51.03092783505153
52, 1603471305469390848, 0, 0.0, 77.59020618556701, 64.18630338733432, 51.37886597938144
53, 1603471305490924364, 0, 0.0, 77.47422680412372, 66.17452135493373, 51.72680412371135
54, 1603471305512457728, 0, 0.0, 77.35824742268042, 68.16273932253314, 52.074742268041234
55, 1603471305533991364, 0, 0.0, 77.24226804123712, 70.15095729013255, 52.42268041237112
56, 1603471305555524864, 0, 0.0, 77.12628865979383, 72.13917525773196, 52.77061855670103
57, 1603471305577058364, 0, 0.0, 77.01030927835052, 74.12739322533137, 53.11855670103094
58, 1603471305598591744, 0, 0.0, 76.89432989690722, 76.11561119293079, 53.46649484536083
59, 1603471305620125364, 0, 0.0, 76.77835051546393, 78.1038291605302, 53.814432989690715
60, 1603471305641659392, 0, 0.0, 76.66237113402062, 80.09204712812961, 54.162371134020624
61, 1603471305663193364, 0, 0.0, 76.54639175257732, 82.08026509572902, 54.51030927835053
62, 1603471305684726784, 0, 0.0, 76.43041237113403, 84.06848306332843, 54.85824742268042
63, 1603471305706260364, 0, 0, 76.31443298969073, 86.05670103092784, 55.20618556701031
64, 1603471305727793920, 0, 0.0, 76.40721649484536, 88.14432989690722, 55.159793814432994
65, 1603471305749327364, 0, 0.0, 76.5, 90.2319587628866, 55.11340206185568
66, 1603471305770860800, 0, 0.0, 76.59278350515464, 92.31958762886599, 55.06701030927836
67, 1603471305792394364, 0, 0.0, 76.68556701030928, 94.40721649484537, 55.02061855670104
68, 1603471305813927680, 0, 0.0, 76.77835051546393, 96.49484536082474, 54.97422680412371
69, 1603471305835461364, 0, 0.0, 76.87113402061856, 98.58247422680412, 54.92783505154638
70, 1603471305856995328, 0, 0.0, 76.9639175257732, 100.6701030927835, 54.88144329896906
71, 1603471305878529364, 0, 0.0, 77.05670103092784, 102.75773195876289, 54.83505154639174
72, 1603471305900062720, 0, 0.0, 77.14948453608247, 104.84536082474227, 54.78865979381443
73, 1603471305921596364, 0, 0, 77.24226804123711, 106.93298969072166, 54.74226804123712
74, 1603471305943129856, 0, 0.0, 77.26218369261835, 108.93973862656063, 54.78092783506839
75, 1603471305964663364, 0, 0, 77.28209934399959, 110.94648756239958, 54.81958762889966
76, 1603471305986196736, 0, 1.436351828699415, 77.3020149953498, 111.51688466955042, 54.85824742269982
77, 1603471306007730364, 0, 2.87270365739883, 77.3219306467, 112.08728177670126, 54.89690721649997
78, 1603471306029263872, 0, 4.661326079150562, 77.34184629804997, 112.30540829078063, 54.93556701034996
79, 1603471306050797364, 0, 6.449948500902295, 77.36176194939993, 112.52353480485999, 54.97422680419996
80, 1603471306072331264, 0, 8.55299674342054, 77.38167760074342, 112.49233261632708, 55.01288659799992
81, 1603471306093865364, 0, 10.656044985938783, 77.4015932520869, 112.46113042779416, 55.05154639179989
82, 1603471306115398912, 0, 12.515229615742747, 77.24578256793114, 112.87677565589716, 55.0902061856025
83, 1603471306136932364, 0, 14.37441424554671, 77.0899718837754, 113.29242088400017, 55.128865979405106
84, 1603471306158465792, 0, 16.233598875350673, 76.93416119961967, 113.70806611210318, 55.16752577320771
85, 1603471306179999364, 0, 18.09278350515464, 76.77835051546393, 114.12371134020619, 55.20618556701031
86, 1603471306201532928, 0, 20.127694470477977, 76.77835051546393, 114.20805998125584, 55.17455482661668
87, 1603471306223066364, 0, 22.16260543580131, 76.77835051546393, 114.29240862230552, 55.14292408622305
88, 1603471306244599808, 0, 24.197516401124645, 76.77835051546393, 114.37675726335519, 55.111293345829424
89, 1603471306266133364, 0, 26.232427366447983, 76.77835051546393, 114.46110590440486, 55.0796626054358
90, 1603471306287667200, 0, 28.26733833177132, 76.77835051546393, 114.54545454545455, 55.04803186504216
91, 1603471306309201364, 0, 30.302249297094654, 76.77835051546393, 114.62980318650423, 55.016401124648525
92, 1603471306330734848, 0, 32.337160262417996, 76.77835051546393, 114.7141518275539, 54.9847703842549
93, 1603471306352268364, 0, 34.37207122774133, 76.77835051546393, 114.79850046860356, 54.95313964386128
94, 1603471306373801728, 0, 36.406982193064664, 76.77835051546393, 114.88284910965324, 54.921508903467654
95, 1603471306395335364, 0, 38.441893158388, 76.77835051546393, 114.96719775070291, 54.88987816307403
96, 1603471306416868864, 0, 40.47680412371133, 76.77835051546393, 115.05154639175258, 54.85824742268041
97, 1603471306438402364, 0, 42.51171508903467, 76.77835051546393, 115.13589503280225, 54.82661668228678
98, 1603471306459935744, 0, 44.546626054358, 76.77835051546393, 115.22024367385191, 54.79498594189316
99, 1603471306481469364, 0, 46.58153701968134, 76.77835051546393, 115.30459231490158, 54.763355201499536
100, 1603471306503003392, 0, 48.61644798500468, 76.77835051546393, 115.38894095595126, 54.73172446110591
101, 1603471306524537364, 0, 50.65135895032802, 76.77835051546393, 115.47328959700093, 54.70009372071229
102, 1603471306546070784, 0, 52.68626991565135, 76.77835051546393, 115.55763823805061, 54.66846298031865
103, 1603471306567604364, 0, 54.721180880974686, 76.77835051546393, 115.6419868791003, 54.63683223992501
104, 1603471306589137920, 0, 56.75609184629802, 76.77835051546393, 115.72633552014997, 54.60520149953139
105, 1603471306610671364, 0, 58.791002811621354, 76.77835051546393, 115.81068416119965, 54.573570759137766
106, 1603471306632204800, 0, 60.825913776944695, 76.77835051546393, 115.89503280224932, 54.54194001874414
107, 1603471306653738364, 0, 62.860824742268036, 76.77835051546393, 115.97938144329898, 54.51030927835052
108, 1603471306675271680, 0, 65.00117150890347, 76.79943767572635, 115.86619922629171, 54.4892221180881
109, 1603471306696805364, 0, 67.14151827553889, 76.82052483598876, 115.75301700928443, 54.46813495782568
110, 1603471306718339328, 0, 69.28186504217432, 76.84161199625117, 115.63983479227717, 54.447047797563265
111, 1603471306739873364, 0, 71.42221180880975, 76.8626991565136, 115.5266525752699, 54.42596063730085
112, 1603471306761406720, 0, 73.56255857544517, 76.88378631677602, 115.41347035826263, 54.40487347703843
113, 1603471306782940364, 0, 75.7029053420806, 76.90487347703844, 115.30028814125536, 54.38378631677601
114, 1603471306804473856, 0, 77.84325210871603, 76.92596063730085, 115.1871059242481, 54.36269915651359
115, 1603471306826007364, 0, 79.98359887535145, 76.94704779756327, 115.07392370724082, 54.341611996251174
116, 1603471306847540736, 0, 82.12394564198688, 76.9681349578257, 114.96074149023354, 54.320524835988756
117, 1603471306869074364, 0, 84.26429240862231, 76.98922211808811, 114.84755927322627, 54.29943767572634
118, 1603471306890607872, 0, 86.40463917525773, 77.01030927835052, 114.73437705621902, 54.27835051546391
119, 1603471306912141364, 0, 88.54498594189316, 77.03139643861293, 114.62119483921175, 54.25726335520149
120, 1603471306933675264, 0, 90.68533270852859, 77.05248359887534, 114.50801262220449, 54.23617619493907
121, 1603471306955209364, 0, 92.82567947516401, 77.07357075913777, 114.39483040519721, 54.21508903467665
122, 1603471306976742912, 0, 94.96602624179944, 77.09465791940019, 114.28164818818993, 54.194001874414234
123, 1603471306998276364, 0, 97.10637300843487, 77.1157450796626, 114.16846597118266, 54.172914714151815
124, 1603471307019809792, 0, 99.2467197750703, 77.13683223992501, 114.05528375417539, 54.1518275538894
125, 1603471307041343364, 0, 101.38706654170574, 77.15791940018744, 113.94210153716813, 54.13074039362698
126, 1603471307062876928, 0, 103.52741330834115, 77.17900656044986, 113.82891932016085, 54.10965323336456
127, 1603471307084410364, 0, 105.66776007497658, 77.20009372071227, 113.71573710315359, 54.08856607310214
128, 1603471307105943808, 0, 107.80810684161202, 77.22118088097469, 113.60255488614632, 54.06747891283973
129, 1603471307127477364, 0, 109.94845360824743, 77.24226804123711, 113.48937266913904, 54.04639175257732
130, 1603471307149011200, 0, 112.01561552456643, 77.20850676259494, 113.15098762278784, 54.05286376499262
131, 1603471307170545364, 0, 114.08277744088542, 77.17474548395275, 112.81260257643663, 54.059335777407924
132, 1603471307192078848, 0, 116.14993935720442, 77.14098420531056, 112.47421753008543, 54.06580778982323
133, 1603471307213612364, 0, 118.21710127352341, 77.10722292666838, 112.13583248373422, 54.07227980223854
134, 1603471307235145728, 0, 120.28426318984242, 77.0734616480262, 111.797447437383, 54.07875181465387
135, 1603471307256679364, 0, 122.35142510616141, 77.03970036938401, 111.4590623910318, 54.0852238270692
136, 1603471307278212864, 0, 124.41858702248041, 77.00593909074183, 111.12067734468059, 54.09169583948451
137, 1603471307299746364, 0, 126.4857489387994, 76.97217781209964, 110.7822922983294, 54.09816785189982
138, 1603471307321279744, 0, 128.55291085509947, 76.93841653344975, 110.08110976346494, 54.104639864299855
139, 1603471307342813364, 0, 130.62007277139952, 76.90465525479985, 109.37992722860048, 54.11111187669989
140, 1603471307364347392, 0, 132.68723468774954, 76.87089397614984, 107.31276531225042, 54.117583889149856
141, 1603471307385881364, 0, 134.75439660409958, 76.83713269749984, 105.24560339590036, 54.12405590159983
142, 1603471307407414784, 0, 136.82155852041387, 76.80337141885698, 103.17844147958607, 54.130527914021265
143, 1603471307428948364, 0, 138.88872043672816, 76.76961014021411, 101.11127956327178, 54.1369999264427
144, 1603471307450481920, 0, 140.95588235304245, 76.73584886157126, 99.0441176469575, 54.143471938864124
145, 1603471307472015364, 0, 143.02304426935675, 76.7020875829284, 96.97695573064323, 54.14994395128555
146, 1603471307493548800, 0, 145.09020618567104, 76.66832630428553, 94.90979381432892, 54.15641596370698
147, 1603471307515082364, 0, 147.15736810198536, 76.63456502564267, 92.84263189801462, 54.16288797612842
148, 1603471307536615680, 0, 149.22453001829965, 76.60080374699982, 90.77546998170033, 54.169359988549836
149, 1603471307558149364, 0, 151.29169193461394, 76.56704246835695, 88.70830806538603, 54.175832000971255
150, 1603471307579683328, 0, 153.35885385092823, 76.53328118971407, 86.64114614907174, 54.18230401339269
151, 1603471307601217364, 0, 155.42601576724252, 76.49951991107122, 84.57398423275745, 54.18877602581412
152, 1603471307622750720, 0, 157.4931776835568, 76.46575863242836, 82.50682231644318, 54.19524803823555
153, 1603471307644284364, 0, 159.5603395998711, 76.4319973537855, 80.4396604001289, 54.201720050656974
154, 1603471307665817856, 0, 161.6275015161854, 76.39823607514265, 78.37249848381461, 54.20819206307841
155, 1603471307687351364, 0, 163.69466343249968, 76.36447479649978, 76.30533656750032, 54.21466407549984
156, 1603471307708884736, 0, 165.76182534879968, 76.33071351784977, 74.23817465120031, 54.22113608789985
157, 1603471307730418364, 0, 167.82898726509967, 76.29695223919978, 72.1710127349003, 54.22760810029986
158, 1603471307751951872, 0, 169.8961491813996, 76.26319096055633, 70.10385081860036, 54.2340801127434
159, 1603471307773485364, 0, 171.96331109769955, 76.22942968191289, 68.03668890230043, 54.24055212518694
160, 1603471307795019264, 0, 174.0304730139992, 76.4455903026854, 65.96952698600079, 53.99710223821418
161, 1603471307816553364, 0, 176.09763493029882, 76.66175092345792, 63.90236506970115, 53.75365235124143
162, 1603471307838086912, 0, 178.1647968465927, 77.7638651524506, 61.835203153407264, 52.62424885603309
163, 1603471307859620364, 0, 180.23195876288662, 78.8659793814433, 59.76804123711337, 51.49484536082475
164, 1603471307881153792, 0, 182.0793446244446, 78.86447315570862, 57.92065537555527, 51.324558173784226
165, 1603471307902687364, 0, 183.92673048600255, 78.86296692997396, 56.07326951399716, 51.15427098674371
166, 1603471307924220928, 0, 185.77411634756055, 78.8614607042393, 54.22588365243904, 50.98398379970319
167, 1603471307945754364, 0, 187.62150220911852, 78.85995447850463, 52.378497790880914, 50.81369661266267
168, 1603471307967287808, 0, 189.46888807067648, 78.85844825276996, 50.531111929322805, 50.643409425622146
169, 1603471307988821364, 0, 191.31627393223445, 78.8569420270353, 48.683726067764695, 50.473122238581624
170, 1603471308010355200, 0, 193.16365979379242, 78.85543580130064, 46.83634020620657, 50.30283505154109
171, 1603471308031889364, 0, 195.01104565535042, 78.85392957556597, 44.98895434464845, 50.13254786450055
172, 1603471308053422848, 0, 196.85843151690838, 78.8524233498313, 43.14156848309034, 49.96226067746003
173, 1603471308074956364, 0, 198.70581737846635, 78.85091712409664, 41.29418262153223, 49.79197349041951
174, 1603471308096489728, 0, 200.55320324002432, 78.84941089836198, 39.44679675997412, 49.621686303378986
175, 1603471308118023364, 0, 202.40058910158228, 78.84790467262731, 37.59941089841601, 49.451399116338465
176, 1603471308139556864, 0, 204.24797496314028, 78.84639844689264, 35.75202503685789, 49.28111192929794
177, 1603471308161090364, 0, 206.09536082469825, 78.84489222115798, 33.904639175299764, 49.11082474225742
178, 1603471308182623744, 0, 207.94274668626252, 79.14463114203255, 32.05725331373564, 48.204160530181596
179, 1603471308204157364, 0, 209.79013254782677, 79.44437006290713, 30.209867452171522, 47.29749631810577
180, 1603471308225691392, 0, 211.63751840939102, 79.7441089837817, 28.362481590607402, 46.39083210602995
181, 1603471308247225364, 0, 213.4849042709553, 80.04384790465629, 26.51509572904328, 45.48416789395412
182, 1603471308268758784, 0, 215.33229013251957, 80.34358682553086, 24.66770986747916, 44.5775036818783
183, 1603471308290292364, 0, 217.17967599408382, 80.64332574640544, 22.82032400591504, 43.67083946980247
184, 1603471308311825920, 0, 219.0270618556481, 80.94306466728003, 20.97293814435089, 42.76417525772665
185, 1603471308333359364, 0, 220.87444771721238, 81.2428035881546, 19.125552282786742, 41.857511045650824
186, 1603471308354892800, 0, 222.72183357877663, 81.54254250902918, 17.278166421222622, 40.950846833575
187, 1603471308376426364, 0, 224.5692194403409, 81.84228142990375, 15.430780559658501, 40.044182621499175
188, 1603471308397959680, 0, 226.41660530190518, 82.14202035077832, 13.58339469809438, 39.13751840942334
189, 1603471308419493364, 0, 228.26399116346943, 82.44175927165291, 11.73600883653026, 38.23085419734751
190, 1603471308441027328, 0, 230.11137702503368, 82.74149819252749, 9.888622974966143, 37.324189985271694
191, 1603471308462561364, 0, 231.95876288659795, 83.04123711340206, 8.041237113402028, 36.41752577319588
192, 1603471308484094720, 0, 233.52448453609884, 84.07543904252748, 6.4755154639010115, 34.27624146707156
193, 1603471308505628364, 0, 235.09020618559973, 85.1096409716529, 4.909793814399995, 32.13495716094724
194, 1603471308527161856, 0, 236.65592783506793, 86.51100605283676, 3.3440721649319385, 26.505622910370526
195, 1603471308548695364, 0, 238.2216494845361, 87.91237113402062, 1.778350515463882, 20.876288659793815
196, 1603471308570228736, 0, 238.2216494845361, 87.91237113402062, 1.778350515463882, 20.876288659793815
197, 1603471308591762364
198, 1603471308613295872
199, 1603471308634829364
200, 1603471308656363264
201, 1603471308677897364
202, 1603471308699430912
203, 1603471308720964364
204, 1603471308742497792
205, 1603471308764031364
206, 1603471308785564928
207, 1603471308807098364
208, 1603471308828631808
209, 1603471308850165364
210, 1603471308871699200
211, 1603471308893233364
212, 1603471308914766848
213, 1603471308936300364
214, 1603471308957833728
215, 1603471308979367364
216, 1603471309000900864
217, 1603471309022434364
218, 1603471309043967744
219, 1603471309065501364
220, 1603471309087035392
221, 1603471309108569364
222, 1603471309130102784
223, 1603471309151636364
224, 1603471309173169920
225, 1603471309194703364
226, 1603471309216236800
227, 1603471309237770364
228, 1603471309259303680
229, 1603471309280837364
230, 1603471309302371328
231, 1603471309323905364
232, 1603471309345438720
233, 1603471309366972364
234, 1603471309388505856
235, 1603471309410039364
236, 1603471309431572736
237, 1603471309453106364
238, 1603471309474639872
239, 1603471309496173364
240, 1603471309517707264
241, 1603471309539241364
242, 1603471309560774912
243, 1603471309582308364
244, 1603471309603841792
245, 1603471309625375364
246, 1603471309646908928
247, 1603471309668442364
248, 1603471309689975808
249, 1603471309711509364
250, 1603471309733043200
251, 1603471309754577364
252, 1603471309776110848
253, 1603471309797644364
254, 1603471309819177728
255, 1603471309840711364
256, 1603471309862244864
257, 1603471309883778364
258, 1603471309905311744
259, 1603471309926845364
260, 1603471309948379392
261, 1603471309969913364
262, 1603471309991446784
263, 1603471310012980364
264, 1603471310034513920
265, 1603471310056047364
266, 1603471310077580800
267, 1603471310099114364
268, 1603471310120647680
269, 1603471310142181364
270, 1603471310163715328
271, 1603471310185249364
272, 1603471310206782720
273, 1603471310228316364
