1, 1603471475606364364
2, 1603471475627897856
3, 1603471475649431364
4, 1603471475670964736
5, 1603471475692498364
6, 1603471475714031872
7, 1603471475735565364
8, 1603471475757099264
9, 1603471475778633364
10, 1603471475800166912
11, 1603471475821700364
12, 1603471475843233792
13, 1603471475864767364, 0, 232.7142857142857, 30.857142857142854, 7.2857142857142865, 30.21428571428571
14, 1603471475886300928, 0, 229.41817268015032, 29.925994108983808, 10.58182731984966, 33.56288475697896
15, 1603471475907834364, 0, 226.12205964601495, 28.994845360824762, 13.877940353985034, 36.91148379967221
16, 1603471475929367808, 0, 222.5455659054817, 28.994845360824755, 17.454434094518273, 37.940277982310334
17, 1603471475950901364, 0, 218.96907216494847, 28.994845360824744, 21.03092783505151, 38.96907216494846
18, 1603471475972435200, 0, 215.1300374882863, 28.2578185605584, 24.869962511713602, 39.7216044389715
19, 1603471475993969364, 0, 211.29100281162408, 27.52079176029205, 28.70899718837569, 40.47413671299453
20, 1603471476015502848, 0, 207.45196813496187, 26.7837649600257, 32.548031865037814, 41.22666898701757
21, 1603471476037036364, 0, 203.61293345829966, 26.046738159759354, 36.387066541699944, 41.97920126104061
22, 1603471476058569728, 0, 199.77389878164, 26.131659750870835, 40.22610121835975, 41.90978514367909
23, 1603471476080103364, 0, 195.9348641049804, 26.216581341982316, 44.06513589501956, 41.84036902631757
24, 1603471476101636864, 0, 191.86152764761692, 26.059506632222906, 48.13847235238295, 42.01294920984364
25, 1603471476123170364, 0, 187.78819119025346, 25.9024319224635, 52.211808809746344, 42.18552939336971
26, 1603471476144703744, 0, 183.71485473289, 25.74535721270409, 56.28514526710974, 42.358109576895785
27, 1603471476166237364, 0, 179.64151827552652, 25.58828250294468, 60.35848172447314, 42.53068976042185
28, 1603471476187771392, 0, 175.56818181816305, 25.431207793185273, 64.43181818183653, 42.70326994394793
29, 1603471476209305364, 0, 171.4948453607996, 25.274133083425863, 68.50515463919993, 42.875850127474
30, 1603471476230838784, 0, 167.53865979379344, 25.19837550766588, 72.4613402062061, 42.96711317697967
31, 1603471476252372364, 0, 163.5824742267873, 25.1226179319059, 76.41752577321228, 43.05837622648534
32, 1603471476273905920, 0, 159.62628865978115, 25.04686035614592, 80.37371134021848, 43.14963927599101
33, 1603471476295439364, 0, 155.67010309277498, 24.971102780385937, 84.32989690722468, 43.24090232549668
34, 1603471476316972800, 0, 151.71391752576884, 24.895345204625954, 88.28608247423085, 43.33216537500235
35, 1603471476338506364, 0, 147.7577319587627, 24.819587628865975, 92.24226804123701, 43.423428424508025
36, 1603471476360039680, 0, 143.37371134018144, 24.773195876283012, 94.7726670484268, 43.581085582054016
37, 1603471476381573364, 0, 138.9896907216002, 24.726804123700045, 97.30306605561657, 43.738742739600006
38, 1603471476403107328, 0, 134.6056701030501, 24.680412371150023, 97.66878434783175, 43.896399897150005
39, 1603471476424641364, 0, 130.22164948450003, 24.6340206186, 98.03450264004691, 44.05405705470001
40, 1603471476446174720, 0, 125.83762886595004, 24.58762886599998, 98.5970364405512, 44.21171421224997
41, 1603471476467708364, 0, 121.45360824740004, 24.541237113399966, 99.15957024105549, 44.369371369799936
42, 1603471476489241856, 0, 117.069587628849, 24.49484536082317, 99.65318283543081, 44.527028527349955
43, 1603471476510775364, 0, 112.68556701029796, 24.448453608246375, 100.14679542980612, 44.68468568489997
44, 1603471476532308736, 0, 108.30154639174691, 24.40206185566958, 100.64040802418141, 44.84234284244998
45, 1603471476553842364, 0, 103.91752577319588, 24.355670103092784, 101.1340206185567, 45
46, 1603471476575375872, 0, 99.3980574823969, 24.399162371119584, 101.46390680016609, 45.028994845349985
47, 1603471476596909364, 0, 94.87858919159791, 24.442654639146383, 101.79379298177545, 45.05798969069997
48, 1603471476618443264, 0, 90.35912090079893, 24.486146907173186, 102.12367916338482, 45.086984536049954
49, 1603471476639977364, 0, 85.83965260999996, 24.529639175199986, 102.4535653449942, 45.11597938139994
50, 1603471476661510912, 0, 81.32018431922495, 24.573131443249977, 102.41628837457273, 45.14497422677492
51, 1603471476683044364, 0, 76.80071602844993, 24.616623711299972, 102.37901140415124, 45.17396907214991
52, 1603471476704577792, 0, 72.2812477376749, 24.660115979349964, 102.34173443372977, 45.20296391752488
53, 1603471476726111364, 0, 67.7617794468999, 24.703608247399956, 102.3044574633083, 45.231958762899865
54, 1603471476747644928, 0, 63.242311156118916, 24.747100515449965, 102.09115964766782, 45.26095360826655
55, 1603471476769178364, 0, 58.722842865337945, 24.79059278349997, 101.87786183202735, 45.28994845363323
56, 1603471476790711808, 0, 54.203374574556975, 24.834085051549977, 101.66456401638686, 45.318943298999926
57, 1603471476812245364, 0, 49.683906283776, 24.877577319599986, 101.45126620074637, 45.347938144366616
58, 1603471476833779200, 0, 45.16443799299502, 24.921069587649995, 101.2379683851059, 45.376932989733305
59, 1603471476855313364, 0, 40.64496970221405, 24.9645618557, 101.02467056946543, 45.40592783509999
60, 1603471476876846848, 0, 36.79155701605548, 25.00805412372629, 100.73140744968117, 45.43492268043659
61, 1603471476898380364, 0, 32.93814432989691, 25.051546391752577, 100.43814432989691, 45.4639175257732
62, 1603471476919913728, 0, 28.909004607501217, 25.14819587628349, 99.98274796981833, 45.44017568469342
63, 1603471476941447364, 0, 24.87986488510553, 25.244845360814406, 99.52735160973975, 45.416433843613646
64, 1603471476962980864, 0, 20.850725162709843, 25.34149484534532, 99.07195524966117, 45.39269200253387
65, 1603471476984514364, 0, 16.821585440314152, 25.438144329876234, 98.61655888958259, 45.368950161454094
66, 1603471477006047744, 0, 12.792445717918463, 25.53479381440715, 98.161162529504, 45.34520832037431
67, 1603471477027581364, 0, 8.763305995522774, 25.631443298938063, 97.70576616942542, 45.32146647929453
68, 1603471477049115392, 0, 4.734166273127086, 25.728092783468977, 97.25036980934684, 45.29772463821476
69, 1603471477070649364, 0, 0.7050265507313991, 25.82474226799989, 96.79497344926824, 45.273982797134984
70, 1603471477092182784, 0, 0.35251327536569954, 25.921391752549937, 92.66295064218409, 45.14749740711747
71, 1603471477113716364, 0, 0, 26.018041237099983, 88.53092783509992, 45.02101201709996
72, 1603471477135249920, 0, 0.0, 26.114690721642773, 84.04639175260151, 44.894526627106686
73, 1603471477156783364, 0, 0, 26.211340206185568, 79.5618556701031, 44.7680412371134
74, 1603471477178316800, 0, 0.0, 26.489690721649488, 75.38659793814433, 44.512886597938135
75, 1603471477199850364, 0, 0.0, 26.768041237113405, 71.21134020618557, 44.257731958762875
76, 1603471477221383680, 0, 0.0, 27.04639175257732, 67.0360824742268, 44.00257731958762
77, 1603471477242917364, 0, 0.0, 27.324742268041238, 62.86082474226804, 43.74742268041237
78, 1603471477264451328, 0, 0.0, 27.603092783505154, 58.685567010309285, 43.49226804123711
79, 1603471477285985364, 0, 0.0, 27.881443298969074, 54.51030927835052, 43.23711340206185
80, 1603471477307518720, 0, 0.0, 28.15979381443299, 50.33505154639175, 42.98195876288659
81, 1603471477329052364, 0, 0.0, 28.438144329896907, 46.15979381443299, 42.72680412371134
82, 1603471477350585856, 0, 0.0, 28.716494845360828, 41.98453608247422, 42.47164948453609
83, 1603471477372119364, 0, 0, 28.994845360824744, 37.80927835051546, 42.21649484536083
84, 1603471477393652736, 0, 0.0, 29.33883801265177, 33.7886597938116, 41.479593478298725
85, 1603471477415186364, 0, 0.0, 29.6828306644788, 29.76804123710773, 40.74269211123662
86, 1603471477436719872, 0, 0.0, 30.02682331630583, 25.747422680403865, 40.00579074417452
87, 1603471477458253364, 0, 0, 30.37081596813286, 21.7268041237, 39.268889377112416
88, 1603471477479787264, 0, 0.0, 31.19056262324169, 17.70618556700464, 37.26331066793765
89, 1603471477501321364, 0, 0, 32.01030927835052, 13.68556701030928, 35.25773195876289
90, 1603471477522854912, 0, 0.0, 33.402061855670105, 10.322164948453608, 32.126288659793815
91, 1603471477544388364, 0, 0, 34.79381443298969, 6.958762886597938, 28.994845360824744
92, 1603471477565921792, 0, 0.0, 34.79381443298969, 6.958762886597938, 28.994845360824744
93, 1603471477587455364
94, 1603471477608988928
95, 1603471477630522364
96, 1603471477652055808
97, 1603471477673589364
98, 1603471477695123200
99, 1603471477716657364
100, 1603471477738190848
101, 1603471477759724364
102, 1603471477781257728
103, 1603471477802791364
104, 1603471477824324864
105, 1603471477845858364
106, 1603471477867391744
107, 1603471477888925364
108, 1603471477910459392
109, 1603471477931993364
110, 1603471477953526784
111, 1603471477975060364
