1, 1603471457905745364
2, 1603471457916512256
3, 1603471457927278848
4, 1603471457938045696
5, 1603471457948812364
6, 1603471457959578880
7, 1603471457970345728
8, 1603471457981112576
9, 1603471457991879364
10, 1603471458002646272
11, 1603471458013412864
12, 1603471458024179712
13, 1603471458034946364
14, 1603471458045712896
15, 1603471458056479744
16, 1603471458067246592
17, 1603471458078013364
18, 1603471458088780544
19, 1603471458099547392
20, 1603471458110314496
21, 1603471458121081364
22, 1603471458131847936
23, 1603471458142614784
24, 1603471458153381632
25, 1603471458164148364, 0, 0.0, 85.12886597938144, 3.711340206185567, 25.97938144329897
26, 1603471458174915328, 0, 0.0, 84.0954167180722, 5.24806701031417, 28.863967774471963
27, 1603471458185681920, 0, 0.0, 83.06196745676296, 6.7847938144427715, 31.748554105644956
28, 1603471458196448768, 0, 0.0, 82.02851819545371, 8.321520618571373, 34.63314043681795
29, 1603471458207215364, 0, 0.0, 80.99506893414447, 9.858247422699975, 37.51772676799094
30, 1603471458217981952, 0, 0.0, 80.75274499957743, 11.394974226818796, 38.46046002444682
31, 1603471458228748800, 0, 0.0, 80.51042106501038, 12.931701030937617, 39.403193280902684
32, 1603471458239515648, 0, 0.0, 80.26809713044334, 14.468427835056438, 40.34592653735856
33, 1603471458250282364, 0, 0.0, 80.0257731958763, 16.00515463917526, 41.28865979381443
34, 1603471458261048832, 0, 1.4813969268787864e-15, 79.70896952084584, 17.31764479163261, 41.7634194997039
35, 1603471458271815680, 0, 2.9627938537575727e-15, 79.39216584581538, 18.63013494408996, 42.23817920559336
36, 1603471458282582528, 0, 4.444190780636359e-15, 79.07536217078493, 19.94262509654731, 42.71293891148282
37, 1603471458293349364, 0, 5.9255877075151455e-15, 78.75855849575449, 21.255115249004664, 43.18769861737229
38, 1603471458304116480, 0, 7.406984634393932e-15, 78.44175482072404, 22.567605401462018, 43.66245832326175
39, 1603471458314883328, 0, 8.888381561272718e-15, 78.12495114569359, 23.880095553919368, 44.137218029151214
40, 1603471458325650432, 0, 1.0369778488151505e-14, 77.80814747066313, 25.19258570637672, 44.611977735040675
41, 1603471458336417364, 0, 1.1851175415030291e-14, 77.49134379563267, 26.505075858834072, 45.086737440930136
42, 1603471458347183872, 0, 1.3332572341909077e-14, 77.17454012060222, 27.817566011291426, 45.561497146819605
43, 1603471458357950720, 0, 1.4813969268787864e-14, 76.85773644557176, 29.130056163748776, 46.036256852709066
44, 1603471458368717568, 0, 1.629536619566665e-14, 76.5409327705413, 30.442546316206126, 46.51101655859853
45, 1603471458379484364, 0, 1.7776763122545436e-14, 76.22412909551086, 31.755036468663477, 46.985776264487995
46, 1603471458390251264, 0, 1.9258160049424223e-14, 75.90732542048042, 33.06752662112083, 47.46053597037746
47, 1603471458401017856, 0, 2.073955697630301e-14, 75.59052174544996, 34.38001677357818, 47.93529567626692
48, 1603471458411784704, 0, 2.2220953903181796e-14, 75.2737180704195, 35.692506926035534, 48.410055382156386
49, 1603471458422551364, 0, 2.3702350830060582e-14, 74.95691439538905, 37.004997078492885, 48.88481508804585
50, 1603471458433317888, 0, 1.7776763122545436e-14, 74.7094705165036, 38.19315453844466, 49.25025917322256
51, 1603471458444084736, 0, 1.1851175415030291e-14, 74.46202663761815, 39.38131199839643, 49.61570325839928
52, 1603471458454851584, 0, 5.9255877075151455e-15, 74.2145827587327, 40.569469458348195, 49.981147343576
53, 1603471458465618364, 0, 0.0, 73.96713887984725, 41.75762691829996, 50.34659142875272
54, 1603471458476385280, 0, 0.0, 73.97525772799267, 42.94578437825473, 50.456472786877654
55, 1603471458487151872, 0, 0.0, 73.98337657613808, 44.1339418382095, 50.5663541450026
56, 1603471458497918720, 0, 0.0, 73.9914954242835, 45.322099298164275, 50.67623550312754
57, 1603471458508685364, 0, 0.0, 73.99961427242891, 46.51025675811904, 50.78611686125248
58, 1603471458519452160, 0, 0.0, 74.00773312057433, 47.69841421807381, 50.895998219377425
59, 1603471458530219264, 0, 0.0, 74.01585196871974, 48.88657167802858, 51.00587957750237
60, 1603471458540986368, 0, 0.0, 74.02397081686516, 50.074729137983354, 51.11576093562732
61, 1603471458551753364, 0, 0.0, 74.03208966501056, 51.26288659793812, 51.225642293752266
62, 1603471458562520320, 0, 3.557168750175705e-15, 74.023677069168, 52.271035990530216, 51.277547157639574
63, 1603471458573286912, 0, 7.11433750035141e-15, 74.01526447332546, 53.27918538312231, 51.32945202152689
64, 1603471458584053760, 0, 1.0671506250527116e-14, 74.00685187748292, 54.28733477571441, 51.3813568854142
65, 1603471458594820364, 0, 1.422867500070282e-14, 73.99843928164037, 55.29548416830651, 51.43326174930151
66, 1603471458605586944, 0, 1.7785843750878524e-14, 73.99002668579783, 56.303633560898604, 51.48516661318882
67, 1603471458616353792, 0, 2.134301250105423e-14, 73.98161408995527, 57.3117829534907, 51.537071477076125
68, 1603471458627120640, 0, 2.4900181251229936e-14, 73.97320149411271, 58.319932346082794, 51.588976340963434
69, 1603471458637887364, 0, 2.845735000140564e-14, 73.96478889827017, 59.32808173867489, 51.64088120485074
70, 1603471458648654336, 0, 3.201451875158135e-14, 73.95637630242763, 60.336231131266985, 51.69278606873805
71, 1603471458659420928, 0, 3.557168750175705e-14, 73.94796370658509, 61.34438052385909, 51.74469093262536
72, 1603471458670187520, 0, 3.912885625193275e-14, 73.93955111074254, 62.35252991645118, 51.796595796512676
73, 1603471458680954364, 0, 4.2686025002108456e-14, 73.93113851489998, 63.36067930904328, 51.848500660399985
74, 1603471458691721216, 0, 4.534979783188583e-14, 73.92272591904998, 64.09622845944236, 51.90040552427499
75, 1603471458702487808, 0, 4.8013570661663196e-14, 73.91431332319999, 64.83177760984142, 51.95231038814998
76, 1603471458713254656, 0, 5.067734349144057e-14, 73.90590072735, 65.56732676024049, 52.00421525202498
77, 1603471458724021364, 0, 5.334111632121794e-14, 73.8974881315, 66.30287591063957, 52.05612011589997
78, 1603471458734788096, 0, 5.0007296551141825e-14, 73.88907553565238, 67.00108534148234, 52.108024979790244
79, 1603471458745555200, 0, 4.66734767810657e-14, 73.88066293980476, 67.69929477232509, 52.15992984368052
80, 1603471458756322304, 0, 4.333965701098958e-14, 73.87225034395715, 68.39750420316784, 52.2118347075708
81, 1603471458767089364, 0, 4.000583724091346e-14, 73.86383774810953, 69.09571363401061, 52.26373957146107
82, 1603471458777856256, 0, 3.6672017470837336e-14, 73.85542515226192, 69.79392306485337, 52.315644435351345
83, 1603471458788622848, 0, 3.333819770076121e-14, 73.84701255641431, 70.49213249569613, 52.36754929924161
84, 1603471458799389696, 0, 3.0004377930685095e-14, 73.8385999605667, 71.19034192653888, 52.419454163131874
85, 1603471458810156364, 0, 2.667055816060897e-14, 73.83018736471908, 71.88855135738164, 52.471359027022146
86, 1603471458820922880, 0, 2.3336738390532847e-14, 73.82177476887146, 72.58676078822441, 52.52326389091242
87, 1603471458831689728, 0, 2.0002918620456727e-14, 73.81336217302385, 73.28497021906716, 52.57516875480269
88, 1603471458842456576, 0, 1.6669098850380606e-14, 73.80494957717623, 73.98317964990991, 52.62707361869296
89, 1603471458853223364, 0, 1.3335279080304482e-14, 73.79653698132861, 74.68138908075268, 52.67897848258323
90, 1603471458863990272, 0, 1.0001459310228362e-14, 73.788124385481, 75.37959851159545, 52.730883346473505
91, 1603471458874756864, 0, 6.667639540152241e-15, 73.77971178963338, 76.0778079424382, 52.78278821036378
92, 1603471458885523712, 0, 3.3338197700761206e-15, 73.77129919378577, 76.77601737328095, 52.83469307425406
93, 1603471458896290364, 0, 0.0, 73.76288659793815, 77.47422680412372, 52.886597938144334
94, 1603471458907056896, 0, 0.0, 73.76702871870452, 77.95435949797263, 52.88659793814156
95, 1603471458917823744, 0, 0.0, 73.77117083947088, 78.43449219182153, 52.88659793813879
96, 1603471458928590592, 0, 0.0, 73.77531296023724, 78.91462488567045, 52.88659793813602
97, 1603471458939357364, 0, 0.0, 73.77945508100362, 79.39475757951936, 52.88659793813325
98, 1603471458950124544, 0, 0.0, 73.78359720177, 79.87489027336827, 52.88659793813048
99, 1603471458960891392, 0, 0.0, 73.78773932253635, 80.35502296721718, 52.886597938127714
100, 1603471458971658496, 0, 0.0, 73.79188144330271, 80.8351556610661, 52.88659793812495
101, 1603471458982425364, 0, 0.0, 73.79602356406909, 81.315288354915, 52.88659793812218
102, 1603471458993191936, 0, 0.0, 73.80016568483546, 81.79542104876391, 52.88659793811941
103, 1603471459003958784, 0, 0.0, 73.80430780560184, 82.27555374261283, 52.88659793811663
104, 1603471459014725632, 0, 0.0, 73.80844992636821, 82.75568643646173, 52.88659793811385
105, 1603471459025492364, 0, 0.0, 73.81259204713457, 83.23581913031065, 52.88659793811108
106, 1603471459036259328, 0, 0.0, 73.81673416790093, 83.71595182415956, 52.88659793810831
107, 1603471459047025920, 0, 0.0, 73.82087628866731, 84.19608451800846, 52.88659793810554
108, 1603471459057792768, 0, 0.0, 73.82501840943368, 84.67621721185738, 52.88659793810277
109, 1603471459068559364, 0, 0.0, 73.82916053020004, 85.15634990570629, 52.88659793809999
110, 1603471459079325952, 0, 2.733194337439464e-15, 73.83330265096254, 85.28680340712735, 52.88659793809998
111, 1603471459090092800, 0, 5.466388674878928e-15, 73.83744477172505, 85.41725690854841, 52.88659793809998
112, 1603471459100859648, 0, 8.199583012318393e-15, 73.84158689248754, 85.54771040996945, 52.886597938099975
113, 1603471459111626364, 0, 1.0932777349757857e-14, 73.84572901325004, 85.67816391139051, 52.88659793809997
114, 1603471459122392832, 0, 1.366597168719732e-14, 73.84987113401253, 85.80861741281157, 52.88659793809997
115, 1603471459133159680, 0, 1.6399166024636786e-14, 73.85401325477503, 85.93907091423262, 52.88659793809996
116, 1603471459143926528, 0, 1.913236036207625e-14, 73.85815537553752, 86.06952441565367, 52.88659793809995
117, 1603471459154693364, 0, 2.1865554699515713e-14, 73.86229749630002, 86.19997791707473, 52.88659793809995
118, 1603471459165460480, 0, 2.4598749036955175e-14, 73.86643961706251, 86.33043141849579, 52.88659793809995
119, 1603471459176227328, 0, 2.733194337439464e-14, 73.870581737825, 86.46088491991685, 52.886597938099946
120, 1603471459186994432, 0, 3.0065137711834106e-14, 73.8747238585875, 86.59133842133791, 52.88659793809994
121, 1603471459197761364, 0, 3.279833204927357e-14, 73.87886597935, 86.72179192275897, 52.88659793809994
122, 1603471459208527872, 0, 3.5531526386713037e-14, 73.88300810011249, 86.85224542418003, 52.88659793809993
123, 1603471459219294720, 0, 3.82647207241525e-14, 73.88715022087499, 86.98269892560108, 52.886597938099925
124, 1603471459230061568, 0, 4.099791506159197e-14, 73.8912923416375, 87.11315242702213, 52.886597938099925
125, 1603471459240828364, 0, 4.3731109399031426e-14, 73.89543446239999, 87.24360592844319, 52.88659793809992
126, 1603471459251595264, 0, 4.286503007063041e-14, 73.89957658316769, 87.22839940735528, 52.88659793810176
127, 1603471459262361856, 0, 4.199895074222939e-14, 73.90371870393537, 87.21319288626736, 52.886597938103606
128, 1603471459273128704, 0, 4.1132871413828376e-14, 73.90786082470305, 87.19798636517945, 52.886597938105446
129, 1603471459283895364, 0, 4.026679208542736e-14, 73.91200294547073, 87.18277984409154, 52.886597938107286
130, 1603471459294661888, 0, 3.940071275702635e-14, 73.91614506623841, 87.16757332300364, 52.886597938109134
131, 1603471459305428736, 0, 3.853463342862533e-14, 73.9202871870061, 87.15236680191572, 52.88659793811098
132, 1603471459316195584, 0, 3.766855410022431e-14, 73.92442930777378, 87.1371602808278, 52.88659793811283
133, 1603471459326962364, 0, 3.6802474771823297e-14, 73.92857142854147, 87.1219537597399, 52.886597938114676
134, 1603471459337729280, 0, 3.593639544342228e-14, 73.93271354930917, 87.10674723865199, 52.88659793811652
135, 1603471459348495872, 0, 3.507031611502126e-14, 73.93685567007685, 87.09154071756407, 52.88659793811836
136, 1603471459359262720, 0, 3.4204236786620247e-14, 73.94099779084453, 87.07633419647617, 52.886597938120204
137, 1603471459370029364, 0, 3.333815745821923e-14, 73.94513991161222, 87.06112767538826, 52.88659793812205
138, 1603471459380796160, 0, 3.247207812981822e-14, 73.9492820323799, 87.04592115430034, 52.88659793812389
139, 1603471459391563264, 0, 3.16059988014172e-14, 73.9534241531476, 87.03071463321244, 52.88659793812573
140, 1603471459402330368, 0, 3.073991947301618e-14, 73.95756627391529, 87.01550811212454, 52.88659793812757
141, 1603471459413097364, 0, 2.987384014461517e-14, 73.96170839468297, 87.00030159103662, 52.88659793812941
142, 1603471459423864320, 0, 2.900776081621415e-14, 73.96585051545065, 86.9850950699487, 52.88659793813126
143, 1603471459434630912, 0, 2.8141681487813138e-14, 73.96999263621834, 86.9698885488608, 52.88659793813311
144, 1603471459445397760, 0, 2.7275602159412123e-14, 73.97413475698602, 86.95468202777289, 52.886597938134955
145, 1603471459456164364, 0, 2.6409522831011105e-14, 73.97827687775371, 86.93947550668497, 52.8865979381368
146, 1603471459466930944, 0, 2.5543443502610088e-14, 73.98241899852141, 86.92426898559705, 52.88659793813864
147, 1603471459477697792, 0, 2.4677364174209073e-14, 73.98656111928909, 86.90906246450915, 52.88659793814048
148, 1603471459488464640, 0, 2.3811284845808058e-14, 73.99070324005677, 86.89385594342124, 52.88659793814233
149, 1603471459499231364, 0, 2.294520551740704e-14, 73.99484536082446, 86.87864942233332, 52.88659793814417
150, 1603471459509998336, 0, 2.2371575379471865e-14, 73.9890463917523, 86.87549761976469, 52.89239690721634
151, 1603471459520764928, 0, 2.179794524153669e-14, 73.98324742268014, 86.87234581719605, 52.89819587628851
152, 1603471459531531520, 0, 2.1224315103601512e-14, 73.97744845360799, 86.86919401462741, 52.90399484536068
153, 1603471459542298364, 0, 2.0650684965666336e-14, 73.97164948453583, 86.86604221205877, 52.909793814432845
154, 1603471459553065216, 0, 2.007705482773116e-14, 73.96585051546367, 86.86289040949012, 52.91559278350502
155, 1603471459563831808, 0, 1.9503424689795984e-14, 73.96005154639151, 86.85973860692148, 52.921391752577186
156, 1603471459574598656, 0, 1.8929794551860808e-14, 73.95425257731935, 86.85658680435284, 52.92719072164935
157, 1603471459585365364, 0, 1.8356164413925632e-14, 73.94845360824719, 86.85343500178419, 52.93298969072153
158, 1603471459596132096, 0, 1.778253427599046e-14, 73.94265463917503, 86.85028319921555, 52.9387886597937
159, 1603471459606899200, 0, 1.7208904138055283e-14, 73.93685567010289, 86.84713139664692, 52.94458762886587
160, 1603471459617666304, 0, 1.6635274000120107e-14, 73.93105670103073, 86.84397959407826, 52.950386597938035
161, 1603471459628433364, 0, 1.606164386218493e-14, 73.92525773195857, 86.84082779150962, 52.95618556701021
162, 1603471459639200256, 0, 1.5488013724249755e-14, 73.9194587628864, 86.83767598894099, 52.96198453608238
163, 1603471459649966848, 0, 1.491438358631458e-14, 73.91365979381425, 86.83452418637233, 52.96778350515455
164, 1603471459660733696, 0, 1.4340753448379402e-14, 73.90786082474209, 86.83137238380368, 52.97358247422672
165, 1603471459671500364, 0, 1.3767123310444225e-14, 73.90206185566993, 86.82822058123504, 52.97938144329889
166, 1603471459682266880, 0, 1.3193493172509049e-14, 73.89626288659777, 86.8250687786664, 52.98518041237106
167, 1603471459693033728, 0, 1.2619863034573872e-14, 73.89046391752561, 86.82191697609775, 52.990979381443225
168, 1603471459703800576, 0, 1.2046232896638696e-14, 73.88466494845346, 86.81876517352912, 52.99677835051539
169, 1603471459714567364, 0, 1.147260275870352e-14, 73.8788659793813, 86.81561337096048, 53.00257731958756
170, 1603471459725334272, 0, 1.0898972620768346e-14, 73.87306701030914, 86.81246156839184, 53.008376288659726
171, 1603471459736100864, 0, 1.032534248283317e-14, 73.867268041237, 86.8093097658232, 53.01417525773189
172, 1603471459746867712, 0, 9.751712344897994e-15, 73.86146907216484, 86.80615796325455, 53.01997422680406
173, 1603471459757634364, 0, 9.178082206962818e-15, 73.85567010309268, 86.80300616068591, 53.025773195876226
174, 1603471459768400896, 0, 8.604452069027641e-15, 73.84987113402052, 86.79985435811727, 53.0315721649484
175, 1603471459779167744, 0, 8.030821931092465e-15, 73.84407216494836, 86.79670255554862, 53.03737113402057
176, 1603471459789934592, 0, 7.45719179315729e-15, 73.8382731958762, 86.79355075297998, 53.043170103092734
177, 1603471459800701364, 0, 6.883561655222113e-15, 73.83247422680404, 86.79039895041134, 53.04896907216491
178, 1603471459811468544, 0, 6.309931517286937e-15, 73.82667525773188, 86.7872471478427, 53.05476804123708
179, 1603471459822235392, 0, 5.736301379351761e-15, 73.82087628865972, 86.78409534527407, 53.06056701030925
180, 1603471459833002496, 0, 5.162671241416585e-15, 73.81507731958757, 86.78094354270542, 53.066365979381416
181, 1603471459843769364, 0, 4.589041103481409e-15, 73.80927835051541, 86.77779174013678, 53.07216494845359
182, 1603471459854535936, 0, 4.015410965546233e-15, 73.80347938144325, 86.77463993756814, 53.077963917525764
183, 1603471459865302784, 0, 3.4417808276110566e-15, 73.7976804123711, 86.77148813499949, 53.08376288659793
184, 1603471459876069632, 0, 2.8681506896758805e-15, 73.79188144329893, 86.76833633243083, 53.0895618556701
185, 1603471459886836364, 0, 2.2945205517407044e-15, 73.78608247422677, 86.7651845298622, 53.09536082474227
186, 1603471459897603328, 0, 1.7208904138055283e-15, 73.78028350515461, 86.76203272729356, 53.10115979381444
187, 1603471459908369920, 0, 1.1472602758703522e-15, 73.77448453608247, 86.7588809247249, 53.106958762886606
188, 1603471459919136768, 0, 5.736301379351761e-16, 73.76868556701031, 86.75572912215627, 53.112757731958766
189, 1603471459929903364, 0, 0.0, 73.76288659793815, 86.75257731958763, 53.11855670103093
190, 1603471459940669952, 0, 2.123073192302096e-15, 73.75708762886651, 86.75891537677924, 53.12725515463862
191, 1603471459951436800, 0, 4.246146384604192e-15, 73.7512886597949, 86.76525343397086, 53.13595360824631
192, 1603471459962203648, 0, 6.369219576906288e-15, 73.74548969072328, 86.77159149116247, 53.144652061854
193, 1603471459972970364, 0, 8.492292769208384e-15, 73.73969072165164, 86.77792954835407, 53.153350515461696
194, 1603471459983736832, 0, 1.061536596151048e-14, 73.73389175258, 86.78426760554568, 53.16204896906938
195, 1603471459994503680, 0, 1.2738439153812576e-14, 73.72809278350839, 86.79060566273729, 53.17074742267707
196, 1603471460005270528, 0, 1.486151234611467e-14, 73.72229381443677, 86.7969437199289, 53.17944587628475
197, 1603471460016037364, 0, 1.6984585538416767e-14, 73.71649484536513, 86.80328177712052, 53.18814432989244
198, 1603471460026804480, 0, 1.9107658730718864e-14, 73.7106958762935, 86.80961983431212, 53.19684278350013
199, 1603471460037571328, 0, 2.123073192302096e-14, 73.70489690722187, 86.81595789150373, 53.20554123710782
200, 1603471460048338432, 0, 2.3353805115323058e-14, 73.69909793815023, 86.82229594869534, 53.214239690715516
201, 1603471460059105364, 0, 2.547687830762515e-14, 73.69329896907861, 86.82863400588695, 53.22293814432321
202, 1603471460069871872, 0, 2.7599951499927245e-14, 73.68750000000699, 86.83497206307857, 53.231636597930894
203, 1603471460080638720, 0, 2.972302469222934e-14, 73.68170103093536, 86.84131012027018, 53.24033505153858
204, 1603471460091405568, 0, 3.184609788453144e-14, 73.67590206186372, 86.84764817746179, 53.249033505146265
205, 1603471460102172364, 0, 3.3969171076833535e-14, 73.6701030927921, 86.8539862346534, 53.25773195875395
206, 1603471460112939264, 0, 3.609224426913563e-14, 73.66430412372048, 86.86032429184502, 53.26643041236164
207, 1603471460123705856, 0, 3.821531746143773e-14, 73.65850515464885, 86.86666234903663, 53.27512886596933
208, 1603471460134472704, 0, 4.0338390653739825e-14, 73.65270618557722, 86.87300040622824, 53.283827319577014
209, 1603471460145239364, 0, 4.246146384604192e-14, 73.6469072165056, 86.87933846341984, 53.29252577318471
210, 1603471460156005888, 0, 4.458453703834402e-14, 73.64110824743398, 86.88567652061144, 53.3012242267924
211, 1603471460166772736, 0, 4.6707610230646115e-14, 73.63530927836234, 86.89201457780305, 53.30992268040009
212, 1603471460177539584, 0, 4.8830683422948205e-14, 73.62951030929071, 86.89835263499467, 53.318621134007785
213, 1603471460188306364, 0, 5.09537566152503e-14, 73.62371134021907, 86.90469069218628, 53.32731958761548
214, 1603471460199073280, 0, 5.30768298075524e-14, 73.61791237114744, 86.91102874937789, 53.33601804122316
215, 1603471460209839872, 0, 5.519990299985449e-14, 73.61211340207582, 86.9173668065695, 53.34471649483085
216, 1603471460220606720, 0, 5.732297619215659e-14, 73.6063144330042, 86.92370486376112, 53.353414948438534
217, 1603471460231373364, 0, 5.944604938445868e-14, 73.60051546393257, 86.93004292095272, 53.36211340204622
218, 1603471460242140160, 0, 6.156912257676077e-14, 73.59471649486093, 86.93638097814431, 53.37081185565391
219, 1603471460252907264, 0, 6.369219576906288e-14, 73.58891752578931, 86.94271903533593, 53.3795103092616
220, 1603471460263674368, 0, 6.581526896136498e-14, 73.5831185567177, 86.94905709252754, 53.38820876286928
221, 1603471460274441364, 0, 6.793834215366707e-14, 73.57731958764606, 86.95539514971915, 53.396907216476976
222, 1603471460285208320, 0, 7.006141534596916e-14, 73.57152061857443, 86.96173320691076, 53.40560567008466
223, 1603471460295974912, 0, 7.218448853827126e-14, 73.5657216495028, 86.96807126410238, 53.41430412369235
224, 1603471460306741760, 0, 7.430756173057337e-14, 73.55992268043119, 86.97440932129399, 53.42300257730003
225, 1603471460317508364, 0, 7.643063492287546e-14, 73.55412371135955, 86.9807473784856, 53.43170103090772
226, 1603471460328274944, 0, 7.855370811517755e-14, 73.54832474228792, 86.98708543567722, 53.44039948451541
227, 1603471460339041792, 0, 8.067678130747965e-14, 73.5425257732163, 86.99342349286883, 53.449097938123096
228, 1603471460349808640, 0, 8.279985449978175e-14, 73.53672680414468, 86.99976155006044, 53.45779639173078
229, 1603471460360575364, 0, 8.492292769208384e-14, 73.53092783507304, 87.00609960725204, 53.466494845338474
230, 1603471460371342336, 0, 8.704600088438593e-14, 73.52512886600141, 87.01243766444364, 53.47519329894617
231, 1603471460382108928, 0, 8.916907407668802e-14, 73.51932989692978, 87.01877572163525, 53.48389175255385
232, 1603471460392875520, 0, 9.129214726899011e-14, 73.51353092785814, 87.02511377882686, 53.49259020616154
233, 1603471460403642364, 0, 9.341522046129222e-14, 73.50773195878652, 87.03145183601848, 53.50128865976923
234, 1603471460414409216, 0, 9.553829365359432e-14, 73.5019329897149, 87.03778989321009, 53.50998711337692
235, 1603471460425175808, 0, 9.766136684589641e-14, 73.49613402064327, 87.0441279504017, 53.51868556698461
236, 1603471460435942656, 0, 9.97844400381985e-14, 73.49033505157163, 87.05046600759331, 53.527384020592294
237, 1603471460446709364, 0, 1.019075132305006e-13, 73.48453608250001, 87.05680406478493, 53.536082474199986
238, 1603471460457476096, 0, 9.872290344204746e-14, 73.47873711342704, 87.12703280373978, 53.54478092780907
239, 1603471460468243200, 0, 9.553829365359432e-14, 73.47293814435407, 87.19726154269463, 53.55347938141816
240, 1603471460479010304, 0, 9.235368386514117e-14, 73.4671391752811, 87.26749028164949, 53.56217783502724
241, 1603471460489777364, 0, 8.916907407668802e-14, 73.46134020620813, 87.33771902060434, 53.57087628863633
242, 1603471460500544256, 0, 8.598446428823489e-14, 73.45554123713515, 87.40794775955919, 53.57957474224541
243, 1603471460511310848, 0, 8.279985449978174e-14, 73.44974226806218, 87.47817649851405, 53.588273195854505
244, 1603471460522077696, 0, 7.961524471132859e-14, 73.44394329898921, 87.5484052374689, 53.5969716494636
245, 1603471460532844364, 0, 7.643063492287546e-14, 73.43814432991624, 87.61863397642375, 53.60567010307268
246, 1603471460543610880, 0, 7.324602513442231e-14, 73.43234536084327, 87.6888627153786, 53.61436855668177
247, 1603471460554377728, 0, 7.006141534596916e-14, 73.4265463917703, 87.75909145433346, 53.62306701029085
248, 1603471460565144576, 0, 6.687680555751602e-14, 73.42074742269733, 87.82932019328831, 53.63176546389994
249, 1603471460575911364, 0, 6.369219576906288e-14, 73.41494845362436, 87.89954893224316, 53.640463917509024
250, 1603471460586678272, 0, 6.050758598060973e-14, 73.40914948455139, 87.96977767119802, 53.64916237111811
251, 1603471460597444864, 0, 5.732297619215659e-14, 73.40335051547842, 88.04000641015287, 53.65786082472719
252, 1603471460608211712, 0, 5.4138366403703444e-14, 73.39755154640545, 88.11023514910772, 53.666559278336265
253, 1603471460618978364, 0, 5.09537566152503e-14, 73.39175257733248, 88.18046388806256, 53.67525773194535
254, 1603471460629744896, 0, 4.776914682679716e-14, 73.38595360825951, 88.25069262701741, 53.683956185554436
255, 1603471460640511744, 0, 4.458453703834401e-14, 73.38015463918654, 88.32092136597227, 53.69265463916352
256, 1603471460651278592, 0, 4.139992724989087e-14, 73.37435567011357, 88.39115010492712, 53.70135309277261
257, 1603471460662045364, 0, 3.821531746143773e-14, 73.3685567010406, 88.46137884388197, 53.71005154638169
258, 1603471460672812544, 0, 3.503070767298458e-14, 73.36275773196763, 88.53160758283683, 53.71874999999078
259, 1603471460683579392, 0, 3.184609788453144e-14, 73.35695876289466, 88.60183632179168, 53.72744845359986
260, 1603471460694346496, 0, 2.8661488096078296e-14, 73.3511597938217, 88.67206506074653, 53.73614690720895
261, 1603471460705113364, 0, 2.5476878307625148e-14, 73.34536082474872, 88.74229379970139, 53.74484536081803
262, 1603471460715879936, 0, 2.2292268519172006e-14, 73.33956185567575, 88.81252253865624, 53.75354381442712
263, 1603471460726646784, 0, 1.9107658730718864e-14, 73.33376288660278, 88.88275127761109, 53.76224226803621
264, 1603471460737413632, 0, 1.5923048942265722e-14, 73.32796391752981, 88.95298001656595, 53.7709407216453
265, 1603471460748180364, 0, 1.273843915381258e-14, 73.32216494845683, 89.0232087555208, 53.77963917525439
266, 1603471460758947328, 0, 9.553829365359435e-15, 73.31636597938386, 89.09343749447565, 53.788337628863474
267, 1603471460769713920, 0, 6.36921957690629e-15, 73.31056701031089, 89.1636662334305, 53.79703608247256
268, 1603471460780480768, 0, 3.184609788453145e-15, 73.30476804123792, 89.23389497238536, 53.805734536081644
269, 1603471460791247364, 0, 0.0, 73.29896907216495, 89.30412371134021, 53.81443298969072
270, 1603471460802013952, 0, 2.4170012073899056e-15, 73.30195908379838, 89.47814177549282, 53.8297555119663
271, 1603471460812780800, 0, 4.834002414779811e-15, 73.30494909543182, 89.6521598396454, 53.84507803424188
272, 1603471460823547648, 0, 7.251003622169718e-15, 73.30793910706527, 89.82617790379801, 53.860400556517455
273, 1603471460834314364, 0, 9.668004829559622e-15, 73.31092911869871, 90.00019596795062, 53.87572307879303
274, 1603471460845080832, 0, 1.2085006036949529e-14, 73.31391913033215, 90.17421403210322, 53.8910456010686
275, 1603471460855847680, 0, 1.4502007244339435e-14, 73.3169091419656, 90.34823209625583, 53.90636812334417
276, 1603471460866614528, 0, 1.691900845172934e-14, 73.31989915359904, 90.52225016040845, 53.92169064561975
277, 1603471460877381364, 0, 1.9336009659119245e-14, 73.32288916523248, 90.69626822456105, 53.937013167895316
278, 1603471460888148480, 0, 2.175301086650915e-14, 73.32587917686593, 90.87028628871366, 53.9523356901709
279, 1603471460898915328, 0, 2.4170012073899058e-14, 73.32886918849937, 91.04430435286625, 53.96765821244647
280, 1603471460909682432, 0, 2.6587013281288965e-14, 73.33185920013281, 91.21832241701885, 53.98298073472205
281, 1603471460920449364, 0, 2.900401448867887e-14, 73.33484921176624, 91.39234048117146, 53.99830325699763
282, 1603471460931215872, 0, 3.1421015696068775e-14, 73.33783922339967, 91.56635854532406, 54.013625779273205
283, 1603471460941982720, 0, 3.383801690345868e-14, 73.34082923503311, 91.74037660947667, 54.02894830154878
284, 1603471460952749568, 0, 3.6255018110848585e-14, 73.34381924666656, 91.91439467362926, 54.044270823824355
285, 1603471460963516364, 0, 3.867201931823849e-14, 73.3468092583, 92.08841273778187, 54.05959334609993
286, 1603471460974283264, 0, 3.770521883528253e-14, 73.3497992699375, 92.42589209484629, 54.07491586837743
287, 1603471460985049856, 0, 3.6738418352326564e-14, 73.352789281575, 92.7633714519107, 54.09023839065493
288, 1603471460995816704, 0, 3.57716178693706e-14, 73.35577929321249, 93.10085080897511, 54.10556091293243
289, 1603471461006583364, 0, 3.480481738641464e-14, 73.35876930485, 93.43833016603953, 54.12088343520993
290, 1603471461017349888, 0, 3.383801690345868e-14, 73.36175931648751, 93.77580952310396, 54.136205957487434
291, 1603471461028116736, 0, 3.2871216420502714e-14, 73.364749328125, 94.11328888016837, 54.151528479764934
292, 1603471461038883584, 0, 3.190441593754675e-14, 73.3677393397625, 94.45076823723278, 54.166851002042435
293, 1603471461049650364, 0, 3.093761545459079e-14, 73.3707293514, 94.78824759429719, 54.182173524319936
294, 1603471461060417280, 0, 2.997081497163483e-14, 73.37371936303751, 95.1257269513616, 54.197496046597436
295, 1603471461071183872, 0, 2.900401448867887e-14, 73.376709374675, 95.46320630842601, 54.21281856887494
296, 1603471461081950720, 0, 2.8037214005722908e-14, 73.3796993863125, 95.80068566549042, 54.22814109115244
297, 1603471461092717364, 0, 2.7070413522766945e-14, 73.38268939795, 96.13816502255484, 54.24346361342994
298, 1603471461103484160, 0, 2.6103613039810983e-14, 73.38567940958751, 96.47564437961927, 54.25878613570744
299, 1603471461114251264, 0, 2.513681255685502e-14, 73.388669421225, 96.81312373668368, 54.27410865798494
300, 1603471461125018368, 0, 2.4170012073899058e-14, 73.3916594328625, 97.15060309374809, 54.28943118026244
301, 1603471461135785364, 0, 2.3203211590943095e-14, 73.3946494445, 97.4880824508125, 54.30475370253994
302, 1603471461146552320, 0, 2.2236411107987132e-14, 73.39763945613751, 97.82556180787692, 54.32007622481744
303, 1603471461157318912, 0, 2.126961062503117e-14, 73.400629467775, 98.16304116494135, 54.33539874709495
304, 1603471461168085760, 0, 2.0302810142075207e-14, 73.4036194794125, 98.50052052200576, 54.35072126937246
305, 1603471461178852364, 0, 1.9336009659119245e-14, 73.40660949105, 98.83799987907018, 54.36604379164996
306, 1603471461189618944, 0, 1.8369209176163282e-14, 73.4095995026875, 99.17547923613459, 54.38136631392746
307, 1603471461200385792, 0, 1.740240869320732e-14, 73.41258951432499, 99.512958593199, 54.396688836204966
308, 1603471461211152640, 0, 1.643560821025136e-14, 73.4155795259625, 99.85043795026341, 54.412011358482474
309, 1603471461221919364, 0, 1.5468807727295398e-14, 73.41856953759999, 100.18791730732782, 54.427333880759974
310, 1603471461232686336, 0, 1.4502007244339435e-14, 73.42155954923749, 100.52539666439225, 54.442656403037475
311, 1603471461243452928, 0, 1.3535206761383474e-14, 73.424549560875, 100.86287602145666, 54.457978925314976
312, 1603471461254219520, 0, 1.2568406278427513e-14, 73.4275395725125, 101.20035537852107, 54.473301447592476
313, 1603471461264986364, 0, 1.160160579547155e-14, 73.43052958415, 101.53783473558549, 54.48862396986998
314, 1603471461275753216, 0, 1.0634805312515588e-14, 73.43351959578749, 101.87531409264992, 54.50394649214748
315, 1603471461286519808, 0, 9.668004829559626e-15, 73.436509607425, 102.21279344971433, 54.51926901442498
316, 1603471461297286656, 0, 8.701204346603663e-15, 73.4394996190625, 102.55027280677874, 54.53459153670248
317, 1603471461308053364, 0, 7.7344038636477e-15, 73.4424896307, 102.88775216384315, 54.54991405897998
318, 1603471461318820096, 0, 6.767603380691738e-15, 73.44547964233749, 103.22523152090756, 54.56523658125748
319, 1603471461329587200, 0, 5.800802897735775e-15, 73.448469653975, 103.56271087797198, 54.58055910353498
320, 1603471461340354304, 0, 4.834002414779813e-15, 73.4514596656125, 103.9001902350364, 54.59588162581248
321, 1603471461351121364, 0, 3.86720193182385e-15, 73.45444967725, 104.23766959210081, 54.61120414808998
322, 1603471461361888256, 0, 2.9004014488678877e-15, 73.45743968888749, 104.57514894916523, 54.62652667036748
323, 1603471461372654848, 0, 1.933600965911925e-15, 73.460429700525, 104.91262830622964, 54.64184919264499
324, 1603471461383421696, 0, 9.668004829559626e-16, 73.4634197121625, 105.25010766329405, 54.6571717149225
325, 1603471461394188364, 0, 0.0, 73.4664097238, 105.58758702035847, 54.6724942372
326, 1603471461404954880, 0, 0.0, 73.4693997354249, 105.95927369565587, 54.68781675947493
327, 1603471461415721728, 0, 0.0, 73.47238974704979, 106.33096037095328, 54.70313928174986
328, 1603471461426488576, 0, 0.0, 73.47537975867469, 106.70264704625069, 54.7184618040248
329, 1603471461437255364, 0, 0.0, 73.4783697702996, 107.07433372154809, 54.73378432629973
330, 1603471461448022272, 0, 0.0, 73.48135978192467, 107.58740693611102, 54.749106848574726
331, 1603471461458788864, 0, 0.0, 73.48434979354974, 108.10048015067395, 54.76442937084973
332, 1603471461469555712, 0, 0.0, 73.48733980517481, 108.61355336523688, 54.77975189312474
333, 1603471461480322364, 0, 0.0, 73.49032981679989, 109.12662657979982, 54.79507441539974
334, 1603471461491088896, 0, 0.0, 73.49331982842489, 109.63969979437482, 54.81039693767479
335, 1603471461501855744, 0, 0.0, 73.49630984004989, 110.15277300894982, 54.82571945994984
336, 1603471461512622592, 0, 0.0, 73.49929985167489, 110.66584622352482, 54.84104198222489
337, 1603471461523389364, 0, 0.0, 73.50228986329991, 111.17891943809981, 54.856364504499936
338, 1603471461534156544, 0, 0.463192089066575, 73.50527987494016, 111.22880056360066, 54.87168702678159
339, 1603471461544923392, 0, 0.92638417813315, 73.50826988658042, 111.27868168910149, 54.88700954906325
340, 1603471461555690496, 0, 1.389576267199725, 73.51125989822067, 111.32856281460232, 54.90233207134491
341, 1603471461566457364, 0, 1.8527683562663, 73.51424990986092, 111.37844394010317, 54.917654593626565
342, 1603471461577223936, 0, 2.315960445332875, 73.51723992150117, 111.42832506560401, 54.93297711590824
343, 1603471461587990784, 0, 2.77915253439945, 73.52022993314142, 111.47820619110485, 54.94829963818991
344, 1603471461598757632, 0, 3.2423446234660247, 73.52321994478169, 111.52808731660568, 54.96362216047157
345, 1603471461609524364, 0, 3.7055367125326, 73.52620995642194, 111.57796844210651, 54.978944682753244
346, 1603471461620291328, 0, 4.221963784461486, 73.54175250525853, 111.65905728422291, 54.95774067595936
347, 1603471461631057920, 0, 4.738390856390371, 73.5572950540951, 111.74014612633931, 54.93653666916548
348, 1603471461641824768, 0, 5.254817928319256, 73.57283760293168, 111.82123496845571, 54.9153326623716
349, 1603471461652591364, 0, 5.7712450002481415, 73.58838015176828, 111.9023238105721, 54.89412865557772
350, 1603471461663357952, 0, 6.287672072177028, 73.60392270060487, 111.98341265268849, 54.87292464878382
351, 1603471461674124800, 0, 6.804099144105913, 73.61946524944145, 112.06450149480489, 54.851720641989935
352, 1603471461684891648, 0, 7.320526216034798, 73.63500779827804, 112.14559033692129, 54.83051663519605
353, 1603471461695658364, 0, 7.836953287963684, 73.65055034711463, 112.22667917903769, 54.809312628402154
354, 1603471461706424832, 0, 8.353380359892569, 73.66609289595121, 112.30776802115409, 54.788108621608266
355, 1603471461717191680, 0, 8.869807431821455, 73.6816354447878, 112.38885686327048, 54.76690461481438
356, 1603471461727958528, 0, 9.386234503750341, 73.6971779936244, 112.46994570538686, 54.74570060802049
357, 1603471461738725364, 0, 9.902661575679225, 73.71272054246097, 112.55103454750326, 54.724496601226605
358, 1603471461749492480, 0, 10.419088647608111, 73.72826309129755, 112.63212338961966, 54.703292594432725
359, 1603471461760259328, 0, 10.935515719536998, 73.74380564013414, 112.71321223173605, 54.682088587638845
360, 1603471461771026432, 0, 11.451942791465882, 73.75934818897073, 112.79430107385244, 54.660884580844964
361, 1603471461781793364, 0, 11.968369863394768, 73.77489073780731, 112.87538991596884, 54.639680574051084
362, 1603471461792559872, 0, 12.484796935323654, 73.7904332866439, 112.95647875808524, 54.618476567257204
363, 1603471461803326720, 0, 13.001224007252539, 73.8059758354805, 113.03756760020164, 54.59727256046332
364, 1603471461814093568, 0, 13.517651079181423, 73.82151838431707, 113.11865644231804, 54.57606855366943
365, 1603471461824860364, 0, 14.03407815111031, 73.83706093315367, 113.19974528443443, 54.55486454687555
366, 1603471461835627264, 0, 14.550505223039195, 73.85260348199026, 113.28083412655081, 54.53366054008166
367, 1603471461846393856, 0, 15.06693229496808, 73.86814603082684, 113.36192296866722, 54.512456533287775
368, 1603471461857160704, 0, 15.583359366896966, 73.88368857966341, 113.44301181078362, 54.49125252649389
369, 1603471461867927364, 0, 16.099786438825852, 73.8992311285, 113.5241006529, 54.4700485197
370, 1603471461878693888, 0, 16.712593838160853, 73.91477367733751, 113.6051894950125, 54.44884451290454
371, 1603471461889460736, 0, 17.325401237495853, 73.93031622617501, 113.686278337125, 54.427640506109086
372, 1603471461900227584, 0, 17.938208636830854, 73.94585877501251, 113.7673671792375, 54.40643649931363
373, 1603471461910994364, 0, 18.551016036165855, 73.96140132385001, 113.84845602134999, 54.38523249251817
374, 1603471461921761280, 0, 19.163823435500856, 73.97694387268751, 113.92954486346248, 54.36402848572271
375, 1603471461932527872, 0, 19.776630834835856, 73.99248642152502, 114.01063370557497, 54.34282447892726
376, 1603471461943294720, 0, 20.389438234170854, 74.00802897036252, 114.09172254768748, 54.32162047213181
377, 1603471461954061364, 0, 21.002245633505854, 74.02357151920002, 114.17281138979997, 54.300416465336355
378, 1603471461964828160, 0, 21.62690934296419, 74.03911406804168, 114.25390023191665, 54.42754845730832
379, 1603471461975595264, 0, 22.251573052422522, 74.05465661688335, 114.33498907403333, 54.55468044928029
380, 1603471461986362368, 0, 22.876236761880854, 74.07019916572501, 114.41607791615, 54.68181244125226
381, 1603471461997129364, 0, 23.500900471339186, 74.08574171456668, 114.49716675826667, 54.80894443322423
382, 1603471462007896320, 0, 24.125564180797518, 74.10128426340835, 114.57825560038333, 54.9360764251962
383, 1603471462018662912, 0, 24.75022789025585, 74.11682681225001, 114.65934444249999, 55.06320841716817
384, 1603471462029429760, 0, 25.374891599714182, 74.13236936109168, 114.74043328461664, 55.19034040914014
385, 1603471462040196364, 0, 25.999555309172518, 74.14791190993334, 114.82152212673331, 55.31747240111211
386, 1603471462050962944, 0, 26.624219018630853, 74.163454458775, 114.90261096884998, 55.444604393084084
387, 1603471462061729792, 0, 27.248882728089185, 74.17899700761667, 114.98369981096666, 55.571736385056056
388, 1603471462072496640, 0, 27.873546437547517, 74.19453955645834, 115.06478865308333, 55.69886837702803
389, 1603471462083263364, 0, 28.49821014700585, 74.2100821053, 115.1458774952, 55.826000369
390, 1603471462094030336, 0, 29.26195080800585, 74.225624654125, 115.226966337325, 55.8452516346
391, 1603471462104796928, 0, 30.025691469005853, 74.24116720295001, 115.30805517945001, 55.864502900199994
392, 1603471462115563520, 0, 30.789432130005856, 74.256709751775, 115.389144021575, 55.8837541658
393, 1603471462126330364, 0, 31.553172791005856, 74.2722523006, 115.4702328637, 55.9030054314
394, 1603471462137097216, 0, 32.209824199315506, 74.28779484943317, 115.55132170581436, 55.9222566969964
395, 1603471462147863808, 0, 32.866475607625155, 74.30333739826632, 115.6324105479287, 55.941507962592794
396, 1603471462158630656, 0, 33.523127015934804, 74.31887994709948, 115.71349939004304, 55.96075922818919
397, 1603471462169397364, 0, 34.179778424244454, 74.33442249593264, 115.7945882321574, 55.980010493785585
398, 1603471462180164096, 0, 34.8364298325541, 74.34996504476581, 115.87567707427175, 55.999261759381966
399, 1603471462190931200, 0, 35.49308124086375, 74.36550759359898, 115.95676591638609, 56.018513024978354
400, 1603471462201698304, 0, 36.1497326491734, 74.38105014243214, 116.03785475850043, 56.03776429057474
401, 1603471462212465364, 0, 36.80638405748305, 74.3965926912653, 116.11894360061478, 56.05701555617112
402, 1603471462223232256, 0, 37.4630354657927, 74.41213524009845, 116.20003244272914, 56.07626682176752
403, 1603471462233998848, 0, 38.11968687410235, 74.42767778893162, 116.28112128484348, 56.095518087363914
404, 1603471462244765696, 0, 38.776338282412, 74.44322033776479, 116.36221012695782, 56.11476935296031
405, 1603471462255532364, 0, 39.43298969072165, 74.45876288659794, 116.44329896907217, 56.134020618556704
406, 1603471462266298880, 0, 40.24366119579544, 74.46740003762912, 116.44859774823306, 56.08845729013305
407, 1603471462277065728, 0, 41.05433270086924, 74.47603718866031, 116.45389652739394, 56.0428939617094
408, 1603471462287832576, 0, 41.86500420594303, 74.4846743396915, 116.45919530655482, 55.997330633285756
409, 1603471462298599364, 0, 42.67567571101682, 74.49331149072268, 116.4644940857157, 55.9517673048621
410, 1603471462309366272, 0, 43.48634721609062, 74.50194864175386, 116.46979286487658, 55.906203976438455
411, 1603471462320132864, 0, 44.29701872116441, 74.51058579278504, 116.47509164403746, 55.86064064801481
412, 1603471462330899712, 0, 45.107690226238205, 74.51922294381622, 116.48039042319834, 55.81507731959116
413, 1603471462341666364, 0, 45.918361731312004, 74.5278600948474, 116.48568920235921, 55.769513991167514
414, 1603471462352432896, 0, 46.729033236385796, 74.53649724587858, 116.4909879815201, 55.72395066274386
415, 1603471462363199744, 0, 47.53970474145959, 74.54513439690976, 116.49628676068099, 55.67838733432021
416, 1603471462373966592, 0, 48.350376246533386, 74.55377154794095, 116.50158553984187, 55.632824005896566
417, 1603471462384733364, 0, 49.16104775160718, 74.56240869897213, 116.50688431900275, 55.58726067747291
418, 1603471462395500544, 0, 49.97171925668097, 74.57104585000332, 116.51218309816363, 55.54169734904926
419, 1603471462406267392, 0, 50.78239076175477, 74.57968300103451, 116.51748187732451, 55.4961340206256
420, 1603471462417034496, 0, 51.59306226682856, 74.58832015206569, 116.5227806564854, 55.450570692201936
421, 1603471462427801364, 0, 52.40373377190235, 74.59695730309687, 116.52807943564628, 55.40500736377828
422, 1603471462438567936, 0, 53.21440527697615, 74.60559445412805, 116.53337821480716, 55.359444035354635
423, 1603471462449334784, 0, 54.02507678204994, 74.61423160515923, 116.53867699396804, 55.31388070693099
424, 1603471462460101632, 0, 54.835748287123735, 74.62286875619041, 116.54397577312892, 55.26831737850734
425, 1603471462470868364, 0, 55.646419792197534, 74.6315059072216, 116.54927455228979, 55.222754050083694
426, 1603471462481635328, 0, 56.457091297271326, 74.64014305825278, 116.55457333145068, 55.17719072166004
427, 1603471462492401920, 0, 57.26776280234512, 74.64878020928396, 116.55987211061156, 55.13162739323639
428, 1603471462503168768, 0, 58.07843430741892, 74.65741736031515, 116.56517088977245, 55.086064064812746
429, 1603471462513935364, 0, 58.88910581249271, 74.66605451134633, 116.57046966893333, 55.04050073638909
430, 1603471462524701952, 0, 59.6997773175665, 74.67469166237751, 116.57576844809421, 54.994937407965445
431, 1603471462535468800, 0, 60.5104488226403, 74.68332881340869, 116.58106722725509, 54.9493740795418
432, 1603471462546235648, 0, 61.32112032771409, 74.69196596443987, 116.58636600641597, 54.90381075111815
433, 1603471462557002364, 0, 62.13179183278788, 74.70060311547105, 116.59166478557685, 54.858247422694504
434, 1603471462567768832, 0, 62.94246333786168, 74.70924026650223, 116.59696356473773, 54.81268409427086
435, 1603471462578535680, 0, 63.753134842935474, 74.71787741753343, 116.60226234389862, 54.76712076584721
436, 1603471462589302528, 0, 64.56380634800927, 74.72651456856461, 116.6075611230595, 54.72155743742356
437, 1603471462600069364, 0, 65.37447785308306, 74.73515171959579, 116.61285990222036, 54.675994108999916
438, 1603471462610836480, 0, 66.35221653360324, 74.73330046667449, 116.55747012107113, 54.63043078057509
439, 1603471462621603328, 0, 67.3299552141234, 74.7314492137532, 116.50208033992192, 54.58486745215026
440, 1603471462632370432, 0, 68.30769389464356, 74.72959796083188, 116.4466905587727, 54.53930412372544
441, 1603471462643137364, 0, 69.28543257516372, 74.72774670791058, 116.39130077762348, 54.49374079530061
442, 1603471462653903872, 0, 70.26317125568389, 74.72589545498928, 116.33591099647427, 54.44817746687579
443, 1603471462664670720, 0, 71.24090993620405, 74.72404420206797, 116.28052121532505, 54.402614138450964
444, 1603471462675437568, 0, 72.21864861672421, 74.72219294914667, 116.22513143417584, 54.35705081002614
445, 1603471462686204364, 0, 73.19638729724439, 74.72034169622538, 116.16974165302663, 54.31148748160132
446, 1603471462696971264, 0, 74.17412597776456, 74.71849044330408, 116.11435187187743, 54.265924153176485
447, 1603471462707737856, 0, 75.15186465828472, 74.71663919038278, 116.05896209072822, 54.22036082475166
448, 1603471462718504704, 0, 76.12960333880488, 74.71478793746147, 116.003572309579, 54.17479749632683
449, 1603471462729271364, 0, 77.10734201932505, 74.71293668454017, 115.94818252842978, 54.129234167902
450, 1603471462740037888, 0, 78.08508069984521, 74.71108543161887, 115.89279274728057, 54.08367083947718
451, 1603471462750804736, 0, 79.06281938036537, 74.70923417869756, 115.83740296613135, 54.03810751105235
452, 1603471462761571584, 0, 80.04055806088553, 74.70738292577626, 115.78201318498213, 53.992544182627526
453, 1603471462772338364, 0, 81.01829674140569, 74.70553167285496, 115.72662340383292, 53.94698085420271
454, 1603471462783105280, 0, 81.99603542192585, 74.70368041993366, 115.6712336226837, 53.90141752577789
455, 1603471462793871872, 0, 82.97377410244601, 74.70182916701236, 115.61584384153448, 53.85585419735306
456, 1603471462804638720, 0, 83.95151278296618, 74.69997791409105, 115.56045406038527, 53.810290868928234
457, 1603471462815405364, 0, 84.92925146348635, 74.69812666116975, 115.50506427923604, 53.764727540503415
458, 1603471462826172160, 0, 85.90699014400653, 74.69627540824845, 115.44967449808684, 53.719164212078596
459, 1603471462836939264, 0, 86.88472882452669, 74.69442415532714, 115.39428471693762, 53.67360088365377
460, 1603471462847706368, 0, 87.86246750504685, 74.69257290240584, 115.3388949357884, 53.62803755522894
461, 1603471462858473364, 0, 88.84020618556701, 74.69072164948454, 115.28350515463919, 53.58247422680412
462, 1603471462869240320, 0, 89.88825233555771, 74.67139175257398, 115.1911499345602, 53.606636597941105
463, 1603471462880006912, 0, 90.9362984855484, 74.6520618556634, 115.09879471448122, 53.630798969078086
464, 1603471462890773760, 0, 91.98434463553912, 74.63273195875283, 115.00643949440223, 53.65496134021507
465, 1603471462901540364, 0, 93.03239078552981, 74.61340206184227, 114.91408427432326, 53.67912371135205
466, 1603471462912306944, 0, 94.08043693552051, 74.59407216493169, 114.82172905424429, 53.70328608248902
467, 1603471462923073792, 0, 95.12848308551122, 74.57474226802111, 114.7293738341653, 53.727448453625996
468, 1603471462933840640, 0, 96.17652923550192, 74.55541237111055, 114.63701861408632, 53.75161082476297
469, 1603471462944607364, 0, 97.22457538549261, 74.53608247419997, 114.54466339400734, 53.775773195899944
470, 1603471462955374336, 0, 98.24301802625426, 74.51675257729164, 114.48191168316237, 53.79993556703328
471, 1603471462966140928, 0, 99.26146066701591, 74.49742268038332, 114.41915997231737, 53.82409793816662
472, 1603471462976907520, 0, 100.27990330777757, 74.47809278347499, 114.35640826147238, 53.84826030929995
473, 1603471462987674364, 0, 101.29834594853922, 74.45876288656666, 114.2936565506274, 53.87242268043329
474, 1603471462998441216, 0, 102.31678858930087, 74.43943298965833, 114.23090483978241, 53.896585051566625
475, 1603471463009207808, 0, 103.33523123006253, 74.42010309275, 114.16815312893742, 53.92074742269996
476, 1603471463019974656, 0, 104.3536738708242, 74.40077319584167, 114.10540141809243, 53.9449097938333
477, 1603471463030741364, 0, 105.37211651158584, 74.38144329893333, 114.04264970724743, 53.96907216496663
478, 1603471463041508096, 0, 106.39055915234749, 74.362113402025, 113.97989799640246, 53.99323453609996
479, 1603471463052275200, 0, 107.40900179310916, 74.34278350511667, 113.91714628555746, 54.01739690723329
480, 1603471463063042304, 0, 108.4274444338708, 74.32345360820835, 113.85439457471247, 54.04155927836662
481, 1603471463073809364, 0, 109.44588707463245, 74.30412371130002, 113.79164286386748, 54.065721649499956
482, 1603471463084576256, 0, 110.6262182304054, 74.28479381439375, 113.56700263801285, 54.0898840206312
483, 1603471463095342848, 0, 111.80654938617835, 74.26546391748748, 113.34236241215822, 54.11404639176244
484, 1603471463106109696, 0, 112.98688054195128, 74.24613402058121, 113.11772218630361, 54.13820876289368
485, 1603471463116876364, 0, 114.16721169772423, 74.22680412367494, 112.89308196044898, 54.16237113402492
486, 1603471463127642880, 0, 115.34754285349717, 74.20747422676867, 112.66844173459435, 54.18653350515617
487, 1603471463138409728, 0, 116.5278740092701, 74.1881443298624, 112.44380150873971, 54.21069587628742
488, 1603471463149176576, 0, 117.70820516504305, 74.16881443295613, 112.21916128288508, 54.234858247418664
489, 1603471463159943364, 0, 118.888536320816, 74.14948453604985, 111.99452105703045, 54.25902061854991
490, 1603471463170710272, 0, 120.06886747658895, 74.13015463914358, 111.76988083117583, 54.28318298968115
491, 1603471463181476864, 0, 121.2491986323619, 74.11082474223731, 111.5452406053212, 54.30734536081239
492, 1603471463192243712, 0, 122.42952978813483, 74.09149484533104, 111.32060037946658, 54.33150773194363
493, 1603471463203010364, 0, 123.60986094390778, 74.07216494842477, 111.09596015361195, 54.35567010307487
494, 1603471463213776896, 0, 124.79019209968072, 74.0528350515185, 110.87131992775733, 54.37983247420611
495, 1603471463224543744, 0, 125.97052325545366, 74.03350515461223, 110.6466797019027, 54.40399484533735
496, 1603471463235310592, 0, 127.1508544112266, 74.01417525770596, 110.42203947604807, 54.42815721646859
497, 1603471463246077364, 0, 128.33118556699955, 73.99484536079969, 110.19739925019344, 54.45231958759984
498, 1603471463256844544, 0, 129.42815721647466, 73.97551546389977, 109.46828139642008, 54.47648195872486
499, 1603471463267611392, 0, 130.52512886594977, 73.95618556699984, 108.73916354264672, 54.50064432984989
500, 1603471463278378496, 0, 131.62210051542488, 73.9368556700999, 108.01004568887336, 54.52480670097492
501, 1603471463289145364, 0, 132.71907216489998, 73.91752577319998, 107.2809278351, 54.54896907209995
502, 1603471463299911936, 0, 133.81604381439058, 73.89819587629225, 106.18395618560942, 54.57313144324209
503, 1603471463310678784, 0, 134.91301546388115, 73.87886597938453, 105.08698453611882, 54.59729381438424
504, 1603471463321445632, 0, 136.00998711337175, 73.8595360824768, 103.99001288662824, 54.621456185526384
505, 1603471463332212364, 0, 137.10695876286235, 73.84020618556906, 102.89304123713765, 54.64561855666852
506, 1603471463342979328, 0, 138.20393041235295, 73.82087628866134, 101.79606958764705, 54.66978092781067
507, 1603471463353745920, 0, 139.30090206184354, 73.8015463917536, 100.69909793815644, 54.69394329895282
508, 1603471463364512768, 0, 140.39787371133414, 73.78221649484587, 99.60212628866583, 54.71810567009497
509, 1603471463375279364, 0, 141.49484536082474, 73.76288659793815, 98.50515463917523, 54.74226804123712
510, 1603471463386045952, 0, 142.67396907216494, 73.76288659793815, 97.32603092783502, 54.71327319587628
511, 1603471463396812800, 0, 143.85309278350516, 73.76288659793815, 96.14690721649481, 54.684278350515456
512, 1603471463407579648, 0, 145.0322164948454, 73.76288659793815, 94.9677835051546, 54.65528350515463
513, 1603471463418346364, 0, 146.21134020618558, 73.76288659793815, 93.78865979381439, 54.6262886597938
514, 1603471463429112832, 0, 147.39046391752578, 73.76288659793815, 92.6095360824742, 54.59729381443298
515, 1603471463439879680, 0, 148.56958762886597, 73.76288659793815, 91.43041237113398, 54.56829896907216
516, 1603471463450646528, 0, 149.74871134020617, 73.76288659793815, 90.25128865979377, 54.53930412371134
517, 1603471463461413364, 0, 150.9278350515464, 73.76288659793815, 89.07216494845358, 54.51030927835052
518, 1603471463472180480, 0, 152.10695876288662, 73.76288659793815, 87.89304123711338, 54.48131443298969
519, 1603471463482947328, 0, 153.28608247422682, 73.76288659793815, 86.71391752577318, 54.452319587628864
520, 1603471463493714432, 0, 154.465206185567, 73.76288659793815, 85.53479381443299, 54.423324742268036
521, 1603471463504481364, 0, 155.6443298969072, 73.76288659793815, 84.35567010309279, 54.39432989690721
522, 1603471463515247872, 0, 156.8234536082474, 73.76288659793815, 83.17654639175258, 54.36533505154639
523, 1603471463526014720, 0, 158.00257731958763, 73.76288659793815, 81.99742268041237, 54.33634020618557
524, 1603471463536781568, 0, 159.18170103092785, 73.76288659793815, 80.81829896907216, 54.30734536082475
525, 1603471463547548364, 0, 160.36082474226805, 73.76288659793815, 79.63917525773195, 54.27835051546393
526, 1603471463558315264, 0, 161.53994845360825, 73.76288659793815, 78.46005154639174, 54.2493556701031
527, 1603471463569081856, 0, 162.71907216494847, 73.76288659793815, 77.28092783505153, 54.22036082474227
528, 1603471463579848704, 0, 163.8981958762887, 73.76288659793815, 76.10180412371132, 54.191365979381445
529, 1603471463590615364, 0, 165.0773195876289, 73.76288659793815, 74.92268041237111, 54.16237113402062
530, 1603471463601381888, 0, 166.2564432989691, 73.76288659793815, 73.7435567010309, 54.13337628865979
531, 1603471463612148736, 0, 167.43556701030928, 73.76288659793815, 72.56443298969069, 54.10438144329897
532, 1603471463622915584, 0, 168.61469072164948, 73.76288659793815, 71.38530927835049, 54.07538659793815
533, 1603471463633682364, 0, 169.7938144329897, 73.76288659793815, 70.20618556701028, 54.04639175257732
534, 1603471463644449280, 0, 170.98674521354934, 73.87886597938144, 69.01325478645063, 53.86413843888071
535, 1603471463655215872, 0, 172.179675994109, 73.99484536082474, 67.820324005891, 53.681885125184095
536, 1603471463665982720, 0, 173.37260677466867, 74.11082474226805, 66.62739322533135, 53.49963181148748
537, 1603471463676749364, 0, 174.5655375552283, 74.22680412371135, 65.4344624447717, 53.31737849779087
538, 1603471463687516160, 0, 175.75846833578794, 74.34278350515464, 64.24153166421206, 53.13512518409426
539, 1603471463698283264, 0, 176.9513991163476, 74.45876288659795, 63.04860088365241, 52.952871870397644
540, 1603471463709050368, 0, 178.14432989690724, 74.57474226804125, 61.85567010309277, 52.77061855670103
541, 1603471463719817364, 0, 179.33726067746687, 74.69072164948454, 60.66273932253313, 52.58836524300442
542, 1603471463730584320, 0, 180.53019145802654, 74.80670103092784, 59.46980854197348, 52.406111929307805
543, 1603471463741350912, 0, 181.72312223858617, 74.92268041237114, 58.27687776141383, 52.22385861561119
544, 1603471463752117760, 0, 182.9160530191458, 75.03865979381445, 57.08394698085418, 52.04160530191458
545, 1603471463762884364, 0, 184.10898379970547, 75.15463917525774, 55.89101620029453, 51.859351988217966
546, 1603471463773650944, 0, 185.3019145802651, 75.27061855670104, 54.69808541973488, 51.67709867452136
547, 1603471463784417792, 0, 186.49484536082474, 75.38659793814433, 53.50515463917523, 51.49484536082475
548, 1603471463795184640, 0, 187.6877761413844, 75.50257731958763, 52.31222385861558, 51.312592047128135
549, 1603471463805951364, 0, 188.88070692194404, 75.61855670103093, 51.11929307805593, 51.13033873343153
550, 1603471463816718336, 0, 190.07363770250367, 75.73453608247422, 49.92636229749628, 50.948085419734916
551, 1603471463827484928, 0, 191.26656848306334, 75.85051546391753, 48.73343151693663, 50.7658321060383
552, 1603471463838251520, 0, 192.459499263623, 75.96649484536083, 47.540500736376984, 50.58357879234169
553, 1603471463849018364, 0, 193.65243004418264, 76.08247422680412, 46.347569955817335, 50.40132547864508
554, 1603471463859785216, 0, 194.84536082474227, 76.19845360824742, 45.15463917525769, 50.219072164948464
555, 1603471463870551808, 0, 196.03829160530194, 76.31443298969072, 43.96170839469805, 50.03681885125185
556, 1603471463881318656, 0, 197.23122238586157, 76.43041237113403, 42.76877761413841, 49.85456553755524
557, 1603471463892085364, 0, 198.4241531664212, 76.54639175257732, 41.575846833578765, 49.672312223858626
558, 1603471463902852096, 0, 199.61708394698087, 76.66237113402062, 40.382916053019116, 49.49005891016201
559, 1603471463913619200, 0, 200.8100147275405, 76.77835051546393, 39.18998527245947, 49.3078055964654
560, 1603471463924386304, 0, 202.00294550810014, 76.89432989690722, 37.99705449189982, 49.12555228276878
561, 1603471463935153364, 0, 203.1958762886598, 77.01030927835052, 36.804123711340175, 48.94329896907217
562, 1603471463945920256, 0, 204.4000723124449, 76.92502462971893, 35.599927687555066, 48.924835142314976
563, 1603471463956686848, 0, 205.60426833623, 76.83973998108735, 34.39573166376995, 48.906371315557784
564, 1603471463967453696, 0, 206.80846436001514, 76.75445533245576, 33.19153563998484, 48.88790748880059
565, 1603471463978220364, 0, 208.01266038380024, 76.66917068382418, 31.987339616199733, 48.8694436620434
566, 1603471463988986880, 0, 209.21685640760018, 76.82719110191186, 30.783143592399767, 48.41289012373571
567, 1603471463999753728, 0, 210.42105243140008, 76.98521151999957, 29.5789475685998, 47.95633658542802
568, 1603471464010520576, 0, 211.62524845520002, 77.14323193808727, 28.374751544799835, 47.499783047120324
569, 1603471464021287364, 0, 212.82944447899996, 77.30125235617496, 27.17055552099987, 47.04322950881263
570, 1603471464032054272, 0, 214.0336405027999, 77.45927277426264, 25.966359497199896, 46.586675970504935
571, 1603471464042820864, 0, 215.23783652659984, 77.61729319235035, 24.762163473399923, 46.13012243219724
572, 1603471464053587712, 0, 216.44203255039977, 77.77531361043805, 23.55796744959995, 45.67356889388954
573, 1603471464064354364, 0, 217.6462285741997, 77.93333402852573, 22.35377142579998, 45.21701535558184
574, 1603471464075120896, 0, 218.8504245979856, 78.22448505747676, 21.149575402014143, 44.06095739297503
575, 1603471464085887744, 0, 220.0546206217715, 78.51563608642779, 19.94537937822831, 42.90489943036821
576, 1603471464096654592, 0, 221.25881664555737, 78.80678711537882, 18.741183354442477, 41.748841467761395
577, 1603471464107421364, 0, 222.46301266934327, 79.09793814432985, 17.53698733065664, 40.59278350515458
578, 1603471464118188544, 0, 223.58293343488242, 79.00028474925726, 16.417066565117477, 40.303838962081045
579, 1603471464128955392, 0, 224.70285420042157, 78.90263135418468, 15.297145799578312, 40.01489441900752
580, 1603471464139722496, 0, 225.82277496596072, 78.8049779591121, 14.177225034039147, 39.72594987593399
581, 1603471464150489364, 0, 226.94269573149987, 78.70732456403951, 13.057304268499983, 39.43700533286046
582, 1603471464161255936, 0, 228.06261649702486, 78.94778065685425, 11.937383502974985, 38.80995130192075
583, 1603471464172022784, 0, 229.18253726254986, 79.18823674966899, 10.817462737449986, 38.182897270981044
584, 1603471464182789632, 0, 230.30245802807485, 79.42869284248371, 9.697541971924988, 37.55584324004134
585, 1603471464193556364, 0, 231.42237879359985, 79.66914893529845, 8.577621206399987, 36.92878920910164
586, 1603471464204323328, 0, 232.5422995591174, 80.4541812891027, 7.457700440882456, 35.757158917135506
587, 1603471464215089920, 0, 233.66222032463497, 81.23921364290696, 6.337779675364924, 34.585528625169374
588, 1603471464225856768, 0, 234.78214109015255, 82.02424599671122, 5.2178589098473935, 33.41389833320325
589, 1603471464236623364, 0, 235.90206185567013, 82.80927835051547, 4.097938144329862, 32.24226804123712
590, 1603471464247389952, 0, 235.90206185567013, 82.80927835051547, 4.097938144329862, 32.24226804123712
591, 1603471464258156800, 0, 235.90206185567013, 82.80927835051547, 4.097938144329862, 32.24226804123712
592, 1603471464268923648, 0, 235.90206185567013, 82.80927835051547, 4.097938144329862, 32.24226804123712
593, 1603471464279690364
594, 1603471464290456832
595, 1603471464301223680
596, 1603471464311990528
597, 1603471464322757364
598, 1603471464333524480
599, 1603471464344291328
600, 1603471464355058432
601, 1603471464365825364
602, 1603471464376591872
603, 1603471464387358720
604, 1603471464398125568
605, 1603471464408892364
606, 1603471464419659264
607, 1603471464430425856
608, 1603471464441192704
609, 1603471464451959364
610, 1603471464462725888
611, 1603471464473492736
612, 1603471464484259584
613, 1603471464495026364
614, 1603471464505793280
615, 1603471464516559872
616, 1603471464527326720
617, 1603471464538093364
618, 1603471464548860160
619, 1603471464559627264
620, 1603471464570394368
621, 1603471464581161364
622, 1603471464591928320
623, 1603471464602694912
624, 1603471464613461760
625, 1603471464624228364
626, 1603471464634994944
627, 1603471464645761792
628, 1603471464656528640
629, 1603471464667295364
630, 1603471464678062336
631, 1603471464688828928
632, 1603471464699595520
633, 1603471464710362364
