1, 1581957173378467936, 0, 0.0, 112.49999999999999, 3.214285714285714, 13.5
2, 1581957173383851008, 0, 0.0, 112.37822164948332, 3.771815169365474, 13.9189662564022
3, 1581957173389234432, 0, 0.0, 112.25644329896667, 4.329344624445234, 14.3379325128044
4, 1581957173394617856, 0, 0.0, 112.13466494845001, 4.886874079524994, 14.7568987692066
5, 1581957173400001280, 0, 0.0, 112.01288659793335, 5.444403534604755, 15.1758650256088
6, 1581957173405384704, 0, 0.0, 111.89110824741668, 6.001932989684515, 15.594831282011
7, 1581957173410768128, 0, 0.0, 111.76932989690002, 6.559462444764275, 16.0137975384132
8, 1581957173416151552, 0, 0.0, 111.64755154638335, 7.116991899844035, 16.4327637948154
9, 1581957173421534936, 0, 0.0, 111.52577319586669, 7.674521354923796, 16.8517300512176
10, 1581957173426918400, 0, 0.0, 111.40399484535003, 8.232050810003557, 17.270696307619797
11, 1581957173432301824, 0, 0.0, 111.28221649483336, 8.789580265083316, 17.689662564021994
12, 1581957173437685248, 0, 0.0, 111.16043814431671, 9.347109720163076, 18.10862882042419
13, 1581957173443068416, 0, 0.0, 111.03865979380005, 9.904639175242835, 18.527595076826387
14, 1581957173448451840, 0, 0.0, 110.91688144328339, 10.462168630322594, 18.946561333228583
15, 1581957173453835264, 0, 0.0, 110.79510309276674, 11.019698085402355, 19.36552758963078
16, 1581957173459218688, 0, 0.0, 110.67332474225007, 11.577227540482117, 19.784493846032976
17, 1581957173464601936, 0, 0.0, 110.55154639173341, 12.134756995561876, 20.203460102435173
18, 1581957173469985024, 0, 0.0, 110.42976804121675, 12.692286450641635, 20.622426358837373
19, 1581957173475368448, 0, 0.0, 110.30798969070008, 13.249815905721396, 21.041392615239577
20, 1581957173480751872, 0, 0.0, 110.18621134018342, 13.807345360801158, 21.46035887164178
21, 1581957173486135296, 0, 0.0, 110.06443298966676, 14.364874815880917, 21.87932512804398
22, 1581957173491518720, 0, 0.0, 109.94265463915009, 14.922404270960676, 22.29829138444618
23, 1581957173496902144, 0, 0.0, 109.82087628863343, 15.479933726040437, 22.71725764084838
24, 1581957173502285568, 0, 0.0, 109.69909793811678, 16.0374631811202, 23.13622389725058
25, 1581957173507668936, 0, 0.0, 109.57731958760012, 16.594992636199958, 23.555190153652784
26, 1581957173513052416, 0, 0.0, 109.45554123708644, 17.15252209128282, 23.706702109255673
27, 1581957173518435840, 0, 0.0, 109.33376288657277, 17.710051546365683, 23.858214064858558
28, 1581957173523819008, 0, 0.0, 109.2119845360591, 18.267581001448548, 24.009726020461446
29, 1581957173529202432, 0, 0.0, 109.09020618554544, 18.825110456531412, 24.161237976064335
30, 1581957173534585856, 0, 0.0, 108.96842783503178, 19.382639911614277, 24.31274993166722
31, 1581957173539969280, 0, 0.0, 108.84664948451811, 19.94016936669714, 24.46426188727011
32, 1581957173545352704, 0, 0.0, 108.72487113400445, 20.497698821780006, 24.615773842872997
33, 1581957173550735936, 0, 0.0, 108.60309278349078, 21.055228276862866, 24.767285798475882
34, 1581957173556119296, 0, 0.0, 108.48131443297711, 21.612757731945727, 24.918797754078767
35, 1581957173561502720, 0, 0.0, 108.35953608246345, 22.170287187028592, 25.070309709681652
36, 1581957173566886400, 0, 0.0, 108.23775773194978, 22.727816642111456, 25.221821665284537
37, 1581957173572269824, 0, 0.0, 108.11597938143612, 23.28534609719432, 25.373333620887426
38, 1581957173577653248, 0, 0.0, 107.99420103092245, 23.842875552277185, 25.524845576490314
39, 1581957173583036928, 0, 0.0, 107.87242268040879, 24.40040500736005, 25.6763575320932
40, 1581957173588420352, 0, 0.0, 107.75064432989512, 24.957934462442914, 25.827869487696084
41, 1581957173593803936, 0, 0.0, 107.62886597938144, 25.515463917525775, 25.97938144329897
42, 1581957173599187456, 0, 4.120415349124291e-16, 107.59349192008222, 26.099502945509343, 26.02303974413007
43, 1581957173604570880, 0, 8.240830698248582e-16, 107.55811786078297, 26.683541973492915, 26.06669804496117
44, 1581957173609954304, 0, 1.2361246047372872e-15, 107.52274380148373, 27.267581001476483, 26.11035634579227
45, 1581957173615337472, 0, 1.6481661396497164e-15, 107.48736974218448, 27.85162002946005, 26.15401464662337
46, 1581957173620720896, 0, 2.0602076745621455e-15, 107.45199568288524, 28.43565905744362, 26.19767294745447
47, 1581957173626104320, 0, 2.4722492094745745e-15, 107.41662162358601, 29.019698085427187, 26.24133124828557
48, 1581957173631487744, 0, 2.884290744387004e-15, 107.38124756428678, 29.60373711341076, 26.28498954911667
49, 1581957173636870936, 0, 3.2963322792994328e-15, 107.34587350498754, 30.187776141394327, 26.32864784994777
50, 1581957173642254080, 0, 3.708373814211862e-15, 107.3104994456883, 30.771815169377895, 26.372306150778865
51, 1581957173647637504, 0, 4.120415349124291e-15, 107.27512538638906, 31.355854197361467, 26.41596445160996
52, 1581957173653020928, 0, 4.53245688403672e-15, 107.23975132708983, 31.939893225345035, 26.459622752441053
53, 1581957173658404352, 0, 4.944498418949149e-15, 107.20437726779059, 32.5239322533286, 26.503281053272147
54, 1581957173663787776, 0, 5.356539953861578e-15, 107.16900320849135, 33.107971281312174, 26.54693935410324
55, 1581957173669171200, 0, 5.768581488774008e-15, 107.13362914919212, 33.69201030929574, 26.590597654934335
56, 1581957173674554624, 0, 6.180623023686437e-15, 107.09825508989289, 34.27604933727931, 26.63425595576543
57, 1581957173679937936, 0, 6.5926645585988656e-15, 107.06288103059364, 34.86008836526288, 26.677914256596523
58, 1581957173685321472, 0, 7.004706093511294e-15, 107.0275069712944, 35.44412739324645, 26.72157255742762
59, 1581957173690704896, 0, 7.416747628423723e-15, 106.99213291199517, 36.02816642123002, 26.765230858258718
60, 1581957173696088064, 0, 7.828789163336153e-15, 106.95675885269594, 36.61220544921359, 26.808889159089816
61, 1581957173701471488, 0, 8.240830698248582e-15, 106.9213847933967, 37.196244477197155, 26.852547459920913
62, 1581957173706854912, 0, 8.652872233161012e-15, 106.88601073409745, 37.780283505180726, 26.89620576075201
63, 1581957173712238336, 0, 9.06491376807344e-15, 106.85063667479822, 38.3643225331643, 26.93986406158311
64, 1581957173717621760, 0, 9.476955302985869e-15, 106.815262615499, 38.94836156114786, 26.983522362414206
65, 1581957173723004936, 0, 9.888996837898298e-15, 106.77988855619975, 39.532400589131434, 27.027180663245304
66, 1581957173728388096, 0, 1.0301038372810727e-14, 106.7445144969005, 40.116439617115006, 27.0708389640764
67, 1581957173733771520, 0, 1.0713079907723157e-14, 106.70914043760128, 40.70047864509857, 27.114497264907502
68, 1581957173739154944, 0, 1.1125121442635586e-14, 106.67376637830205, 41.28451767308214, 27.158155565738603
69, 1581957173744538368, 0, 1.1537162977548015e-14, 106.6383923190028, 41.868556701065714, 27.2018138665697
70, 1581957173749921792, 0, 1.1949204512460445e-14, 106.60301825970356, 42.45259572904928, 27.245472167400802
71, 1581957173755305216, 0, 1.2361246047372874e-14, 106.56764420040432, 43.03663475703285, 27.289130468231903
72, 1581957173760688640, 0, 1.2773287582285302e-14, 106.53227014110507, 43.62067378501642, 27.332788769063
73, 1581957173766071936, 0, 1.3185329117197731e-14, 106.49689608180584, 44.204712812999986, 27.376447069894102
74, 1581957173771455232, 0, 1.263594040398116e-14, 106.515066648844, 44.78875184098066, 27.366560744387343
75, 1581957173776838656, 0, 1.2086551690764586e-14, 106.53323721588217, 45.37279086896133, 27.356674418880587
76, 1581957173782222336, 0, 1.1537162977548014e-14, 106.55140778292032, 45.956829896942, 27.34678809337383
77, 1581957173787605760, 0, 1.0987774264331442e-14, 106.56957834995848, 46.54086892492267, 27.336901767867076
78, 1581957173792989184, 0, 1.043838555111487e-14, 106.58774891699663, 47.12490795290334, 27.32701544236032
79, 1581957173798372864, 0, 9.888996837898298e-15, 106.60591948403479, 47.70894698088401, 27.317129116853565
80, 1581957173803756288, 0, 9.339608124681726e-15, 106.62409005107295, 48.29298600886468, 27.30724279134681
81, 1581957173809139936, 0, 8.790219411465154e-15, 106.64226061811111, 48.87702503684535, 27.297356465840053
82, 1581957173814523392, 0, 8.240830698248582e-15, 106.66043118514926, 49.461064064826026, 27.287470140333298
83, 1581957173819906816, 0, 7.69144198503201e-15, 106.67860175218743, 50.0451030928067, 27.27758381482654
84, 1581957173825290240, 0, 7.142053271815438e-15, 106.69677231922559, 50.629142120787364, 27.26769748931978
85, 1581957173830673408, 0, 6.5926645585988656e-15, 106.71494288626374, 51.21318114876804, 27.257811163813024
86, 1581957173836056832, 0, 6.043275845382293e-15, 106.73311345330191, 51.79722017674871, 27.247924838306268
87, 1581957173841440256, 0, 5.493887132165721e-15, 106.75128402034007, 52.381259204729375, 27.23803851279951
88, 1581957173846823680, 0, 4.944498418949149e-15, 106.76945458737822, 52.96529823271005, 27.22815218729275
89, 1581957173852206936, 0, 4.395109705732577e-15, 106.78762515441639, 53.54933726069072, 27.218265861785994
90, 1581957173857590016, 0, 3.845720992516005e-15, 106.80579572145454, 54.13337628867139, 27.20837953627924
91, 1581957173862973440, 0, 3.2963322792994328e-15, 106.8239662884927, 54.717415316652065, 27.198493210772487
92, 1581957173868356864, 0, 2.7469435660828605e-15, 106.84213685553087, 55.30145434463273, 27.188606885265735
93, 1581957173873740288, 0, 2.1975548528662885e-15, 106.86030742256902, 55.8854933726134, 27.17872055975898
94, 1581957173879123712, 0, 1.6481661396497164e-15, 106.87847798960718, 56.469532400594076, 27.168834234252223
95, 1581957173884507136, 0, 1.0987774264331443e-15, 106.89664855664535, 57.05357142857474, 27.158947908745468
96, 1581957173889890560, 0, 5.493887132165721e-16, 106.9148191236835, 57.637610456555414, 27.149061583238712
97, 1581957173895273936, 0, 0.0, 106.93298969072166, 58.22164948453609, 27.13917525773196
98, 1581957173900657408, 0, 0.447630654870262, 106.93621134020779, 58.374923747813554, 27.135953608248705
99, 1581957173906040832, 0, 0.895261309740524, 106.93943298969391, 58.52819801109103, 27.132731958765454
100, 1581957173911424000, 0, 1.342891964610786, 106.94265463918003, 58.6814722743685, 27.129510309282203
101, 1581957173916807424, 0, 1.790522619481048, 106.94587628866617, 58.83474653764597, 27.126288659798952
102, 1581957173922190848, 0, 2.23815327435131, 106.9490979381523, 58.98802080092344, 27.1230670103157
103, 1581957173927574272, 0, 2.685783929221572, 106.95231958763843, 59.14129506420091, 27.119845360832446
104, 1581957173932957696, 0, 3.1334145840918337, 106.95554123712455, 59.294569327478385, 27.11662371134919
105, 1581957173938340936, 0, 3.581045238962096, 106.95876288661069, 59.44784359075585, 27.11340206186594
106, 1581957173943724032, 0, 4.028675893832358, 106.96198453609682, 59.60111785403332, 27.11018041238269
107, 1581957173949107456, 0, 4.47630654870262, 106.96520618558294, 59.75439211731079, 27.10695876289944
108, 1581957173954490880, 0, 4.923937203572882, 106.96842783506906, 59.90766638058827, 27.103737113416187
109, 1581957173959874304, 0, 5.371567858443144, 106.9716494845552, 60.060940643865735, 27.100515463932933
110, 1581957173965257728, 0, 5.819198513313406, 106.97487113404134, 60.2142149071432, 27.097293814449678
111, 1581957173970641152, 0, 6.266829168183667, 106.97809278352746, 60.367489170420676, 27.094072164966427
112, 1581957173976024576, 0, 6.71445982305393, 106.98131443301358, 60.52076343369815, 27.090850515483176
113, 1581957173981407936, 0, 7.162090477924192, 106.98453608249972, 60.67403769697562, 27.087628865999925
114, 1581957173986791680, 0, 7.752420506297202, 106.98775773198307, 60.68461258674746, 27.084407216516595
115, 1581957173992175104, 0, 8.342750534670213, 106.9909793814664, 60.695187476519315, 27.081185567033266
116, 1581957173997558528, 0, 8.933080563043223, 106.99420103094974, 60.70576236629117, 27.077963917549937
117, 1581957174002941952, 0, 9.523410591416232, 106.99742268043309, 60.716337256063014, 27.074742268066604
118, 1581957174008325632, 0, 10.11374061978924, 107.00064432991644, 60.726912145834866, 27.07152061858327
119, 1581957174013709056, 0, 10.70407064816225, 107.00386597939979, 60.73748703560672, 27.068298969099942
120, 1581957174019092480, 0, 11.294400676535261, 107.00708762888314, 60.748061925378565, 27.065077319616613
121, 1581957174024475936, 0, 11.884730704908272, 107.01030927836648, 60.75863681515042, 27.061855670133284
122, 1581957174029859072, 0, 12.475060733281282, 107.01353092784981, 60.76921170492227, 27.058634020649954
123, 1581957174035242496, 0, 13.06539076165429, 107.01675257733316, 60.779786594694116, 27.05541237116663
124, 1581957174040625920, 0, 13.6557207900273, 107.01997422681652, 60.79036148446596, 27.052190721683303
125, 1581957174046009344, 0, 14.24605081840031, 107.02319587629987, 60.80093637423781, 27.048969072199974
126, 1581957174051392768, 0, 14.83638084677332, 107.02641752578322, 60.81151126400965, 27.045747422716644
127, 1581957174056776192, 0, 15.426710875146329, 107.02963917526655, 60.822086153781505, 27.04252577323332
128, 1581957174062159616, 0, 16.017040903519337, 107.03286082474989, 60.83266104355336, 27.039304123749993
129, 1581957174067542936, 0, 16.607370931892348, 107.03608247423324, 60.843235933325204, 27.036082474266664
130, 1581957174072926464, 0, 17.197700960265358, 107.03930412371659, 60.85381082309705, 27.03286082478333
131, 1581957174078309888, 0, 17.78803098863837, 107.04252577319993, 60.8643857128689, 27.029639175299998
132, 1581957174083693056, 0, 18.37836101701138, 107.04574742268326, 60.874960602640755, 27.026417525816665
133, 1581957174089076480, 0, 18.96869104538439, 107.04896907216661, 60.8855354924126, 27.023195876333332
134, 1581957174094459904, 0, 19.5590210737574, 107.05219072164996, 60.896110382184446, 27.01997422685
135, 1581957174099843328, 0, 20.14935110213041, 107.05541237113331, 60.9066852719563, 27.016752577366667
136, 1581957174105226752, 0, 20.73968113050342, 107.05863402061667, 60.91726016172815, 27.013530927883334
137, 1581957174110609936, 0, 21.330011158876427, 107.0618556701, 60.9278350515, 27.0103092784
138, 1581957174115993088, 0, 21.917475372017208, 107.06507731958465, 60.995489690676706, 27.007087628913922
139, 1581957174121376512, 0, 22.50493958515799, 107.06829896906928, 61.063144329853415, 27.00386597942784
140, 1581957174126759936, 0, 23.092403798298772, 107.0715206185539, 61.130798969030124, 27.000644329941757
141, 1581957174132143360, 0, 23.679868011439552, 107.07474226803853, 61.19845360820683, 26.997422680455678
142, 1581957174137526784, 0, 24.267332224580336, 107.07796391752316, 61.26610824738354, 26.9942010309696
143, 1581957174142910208, 0, 24.854796437721117, 107.0811855670078, 61.33376288656025, 26.990979381483516
144, 1581957174148293632, 0, 25.442260650861897, 107.08440721649242, 61.40141752573696, 26.987757731997434
145, 1581957174153676936, 0, 26.02972486400268, 107.08762886597707, 61.46907216491366, 26.984536082511354
146, 1581957174159060480, 0, 26.617189077143465, 107.09085051546171, 61.536726804090364, 26.981314433025275
147, 1581957174164443904, 0, 27.204653290284245, 107.09407216494634, 61.60438144326707, 26.978092783539193
148, 1581957174169827328, 0, 27.792117503425025, 107.09729381443097, 61.67203608244378, 26.97487113405311
149, 1581957174175210496, 0, 28.37958171656581, 107.1005154639156, 61.73969072162049, 26.97164948456703
150, 1581957174180593920, 0, 28.967045929706593, 107.10373711340023, 61.8073453607972, 26.968427835080952
151, 1581957174185977344, 0, 29.554510142847374, 107.10695876288486, 61.87499999997391, 26.96520618559487
152, 1581957174191360512, 0, 30.141974355988154, 107.11018041236949, 61.94265463915062, 26.961984536108787
153, 1581957174196743936, 0, 30.729438569128938, 107.11340206185412, 62.01030927832732, 26.958762886622708
154, 1581957174202127360, 0, 31.31690278226972, 107.11662371133875, 62.07796391750402, 26.95554123713662
155, 1581957174207511040, 0, 31.904366995410502, 107.11984536082338, 62.14561855668073, 26.952319587650535
156, 1581957174212894464, 0, 32.49183120855128, 107.123067010308, 62.21327319585744, 26.94909793816445
157, 1581957174218277888, 0, 33.079295421692066, 107.12628865979265, 62.28092783503415, 26.945876288678363
158, 1581957174223661568, 0, 33.66675963483284, 107.1295103092773, 62.34858247421086, 26.942654639192277
159, 1581957174229044992, 0, 34.25422384797363, 107.13273195876192, 62.41623711338757, 26.93943298970619
160, 1581957174234428416, 0, 34.84168806111441, 107.13595360824655, 62.483891752564276, 26.936211340220105
161, 1581957174239811936, 0, 35.42915227425519, 107.13917525773118, 62.551546391740985, 26.93298969073402
162, 1581957174245195008, 0, 36.01661648739597, 107.14239690721581, 62.619201030917694, 26.929768041247936
163, 1581957174250578432, 0, 36.604080700536755, 107.14561855670044, 62.6868556700944, 26.926546391761853
164, 1581957174255961856, 0, 37.19154491367753, 107.14884020618507, 62.75451030927111, 26.92332474227577
165, 1581957174261345280, 0, 37.779009126818316, 107.15206185566971, 62.82216494844781, 26.920103092789688
166, 1581957174266728704, 0, 38.3664733399591, 107.15528350515436, 62.889819587624515, 26.916881443303605
167, 1581957174272112128, 0, 38.95393755309988, 107.15850515463899, 62.957474226801224, 26.913659793817523
168, 1581957174277495552, 0, 39.54140176624066, 107.16172680412362, 63.02512886597793, 26.910438144331444
169, 1581957174282878936, 0, 40.128865979381445, 107.16494845360825, 63.09278350515464, 26.90721649484536
170, 1581957174288262400, 0, 40.805412371134025, 107.13288221536027, 63.08311855670104, 26.9263961351552
171, 1581957174293645824, 0, 41.4819587628866, 107.10081597711228, 63.073453608247426, 26.945575775465045
172, 1581957174299028992, 0, 42.15850515463917, 107.06874973886428, 63.063788659793815, 26.964755415774885
173, 1581957174304412416, 0, 42.83505154639175, 107.0366835006163, 63.05412371134021, 26.983935056084725
174, 1581957174309795840, 0, 43.511597938144334, 107.00461726236831, 63.044458762886606, 27.00311469639457
175, 1581957174315179264, 0, 44.18814432989691, 106.97255102412032, 63.034793814432994, 27.02229433670441
176, 1581957174320562688, 0, 44.86469072164948, 106.94048478587234, 63.02512886597938, 27.04147397701425
177, 1581957174325945936, 0, 45.54123711340206, 106.90841854762435, 63.01546391752578, 27.060653617324093
178, 1581957174331329024, 0, 46.21778350515464, 106.87635230937636, 63.005798969072174, 27.079833257633936
179, 1581957174336712448, 0, 46.894329896907216, 106.84428607112838, 62.99613402061856, 27.099012897943776
180, 1581957174342095872, 0, 47.57087628865979, 106.81221983288039, 62.98646907216495, 27.118192538253616
181, 1581957174347479296, 0, 48.24742268041237, 106.7801535946324, 62.97680412371135, 27.13737217856346
182, 1581957174352862720, 0, 48.92396907216495, 106.74808735638442, 62.96713917525774, 27.156551818873304
183, 1581957174358246144, 0, 49.600515463917525, 106.71602111813642, 62.95747422680413, 27.175731459183144
184, 1581957174363629568, 0, 50.2770618556701, 106.68395487988843, 62.94780927835052, 27.194911099492984
185, 1581957174369012936, 0, 50.95360824742268, 106.65188864164045, 62.938144329896915, 27.214090739802828
186, 1581957174374396416, 0, 51.63015463917526, 106.61982240339248, 62.9284793814433, 27.23327038011267
187, 1581957174379779840, 0, 52.30670103092783, 106.58775616514448, 62.91881443298969, 27.25245002042252
188, 1581957174385163264, 0, 52.98324742268041, 106.55568992689649, 62.90914948453608, 27.271629660732366
189, 1581957174390546432, 0, 53.65979381443299, 106.52362368864851, 62.89948453608247, 27.29080930104221
190, 1581957174395929856, 0, 54.33634020618557, 106.49155745040052, 62.88981958762886, 27.309988941352053
191, 1581957174401313280, 0, 55.01288659793815, 106.45949121215253, 62.880154639175245, 27.3291685816619
192, 1581957174406696704, 0, 55.68943298969073, 106.42742497390455, 62.87048969072164, 27.348348221971747
193, 1581957174412079936, 0, 56.3659793814433, 106.39535873565656, 62.86082474226803, 27.36752786228159
194, 1581957174417463296, 0, 57.04252577319588, 106.36329249740857, 62.85115979381442, 27.386707502591435
195, 1581957174422846720, 0, 57.71907216494846, 106.33122625916059, 62.84149484536081, 27.405887142901275
196, 1581957174428230144, 0, 58.39561855670104, 106.2991600209126, 62.83182989690721, 27.425066783211115
197, 1581957174433613824, 0, 59.07216494845361, 106.2670937826646, 62.8221649484536, 27.44424642352096
198, 1581957174438997504, 0, 59.748711340206185, 106.23502754441662, 62.812499999999986, 27.463426063830802
199, 1581957174444380928, 0, 60.425257731958766, 106.20296130616863, 62.80283505154638, 27.482605704140642
200, 1581957174449764352, 0, 61.10180412371135, 106.17089506792064, 62.79317010309278, 27.501785344450482
201, 1581957174455147936, 0, 61.77835051546392, 106.13882882967266, 62.783505154639165, 27.520964984760326
202, 1581957174460531456, 0, 62.454896907216494, 106.10676259142468, 62.773840206185554, 27.540144625070166
203, 1581957174465914880, 0, 63.131443298969074, 106.07469635317669, 62.76417525773195, 27.559324265380006
204, 1581957174471298048, 0, 63.807989690721655, 106.0426301149287, 62.75451030927834, 27.578503905689846
205, 1581957174476681472, 0, 64.48453608247424, 106.01056387668072, 62.744845360824726, 27.597683545999686
206, 1581957174482064896, 0, 65.16108247422682, 105.97849763843274, 62.73518041237112, 27.616863186309526
207, 1581957174487448320, 0, 65.83762886597938, 105.94643140018475, 62.72551546391751, 27.636042826619367
208, 1581957174492831744, 0, 66.51417525773196, 105.91436516193676, 62.7158505154639, 27.655222466929207
209, 1581957174498214936, 0, 67.19072164948454, 105.88229892368878, 62.706185567010294, 27.674402107239047
210, 1581957174503598080, 0, 67.86726804123712, 105.8502326854408, 62.69652061855669, 27.69358174754889
211, 1581957174508981504, 0, 68.5438144329897, 105.81816644719281, 62.68685567010308, 27.71276138785873
212, 1581957174514364928, 0, 69.22036082474227, 105.78610020894482, 62.67719072164947, 27.73194102816857
213, 1581957174519748352, 0, 69.89690721649485, 105.75403397069684, 62.66752577319586, 27.751120668478414
214, 1581957174525131776, 0, 70.57345360824743, 105.72196773244885, 62.65786082474226, 27.770300308788258
215, 1581957174530515200, 0, 71.25, 105.68990149420085, 62.648195876288646, 27.789479949098098
216, 1581957174535898624, 0, 71.92654639175258, 105.65783525595288, 62.638530927835035, 27.808659589407938
217, 1581957174541281936, 0, 72.60309278350516, 105.62576901770488, 62.62886597938143, 27.82783922971778
218, 1581957174546665472, 0, 73.27963917525774, 105.59370277945689, 62.619201030927826, 27.847018870027625
219, 1581957174552048896, 0, 73.95618556701032, 105.56163654120891, 62.609536082474214, 27.866198510337473
220, 1581957174557432320, 0, 74.63273195876289, 105.52957030296092, 62.5998711340206, 27.88537815064732
221, 1581957174562815488, 0, 75.30927835051547, 105.49750406471293, 62.590206185567, 27.904557790957163
222, 1581957174568198912, 0, 75.98582474226805, 105.46543782646495, 62.580541237113394, 27.923737431267007
223, 1581957174573582336, 0, 76.66237113402062, 105.43337158821696, 62.57087628865978, 27.942917071576854
224, 1581957174578965760, 0, 77.3389175257732, 105.40130534996896, 62.56121134020617, 27.9620967118867
225, 1581957174584348936, 0, 78.01546391752578, 105.36923911172099, 62.55154639175257, 27.981276352196545
226, 1581957174589732096, 0, 78.69201030927836, 105.33717287347301, 62.54188144329896, 28.00045599250639
227, 1581957174595115520, 0, 79.36855670103094, 105.30510663522502, 62.53221649484535, 28.01963563281623
228, 1581957174600498944, 0, 80.0451030927835, 105.27304039697702, 62.52255154639174, 28.03881527312607
229, 1581957174605882368, 0, 80.72164948453609, 105.24097415872905, 62.512886597938135, 28.057994913435913
230, 1581957174611265792, 0, 81.39819587628867, 105.20890792048105, 62.50322164948453, 28.077174553745756
231, 1581957174616649216, 0, 82.07474226804123, 105.17684168223306, 62.49355670103092, 28.096354194055596
232, 1581957174622032640, 0, 82.75128865979381, 105.14477544398508, 62.48389175257731, 28.115533834365436
233, 1581957174627415936, 0, 83.4278350515464, 105.11270920573709, 62.4742268041237, 28.13471347467528
234, 1581957174632799744, 0, 84.10438144329898, 105.0806429674891, 62.4645618556701, 28.153893114985124
235, 1581957174638183168, 0, 84.78092783505156, 105.04857672924112, 62.45489690721649, 28.173072755294967
236, 1581957174643566592, 0, 85.45747422680412, 105.01651049099313, 62.445231958762875, 28.19225239560481
237, 1581957174648950016, 0, 86.1340206185567, 104.98444425274513, 62.43556701030927, 28.211432035914655
238, 1581957174654333440, 0, 86.81056701030928, 104.95237801449716, 62.425902061855666, 28.2306116762245
239, 1581957174659716864, 0, 87.48711340206185, 104.92031177624916, 62.41623711340206, 28.249791316534342
240, 1581957174665100288, 0, 88.16365979381443, 104.88824553800117, 62.40657216494846, 28.268970956844186
241, 1581957174670483936, 0, 88.84020618556701, 104.8561792997532, 62.396907216494846, 28.28815059715403
242, 1581957174675867392, 0, 89.54574742268042, 104.82129533136178, 62.36211340206185, 28.28824075111245
243, 1581957174681250816, 0, 90.25128865979381, 104.78641136297037, 62.327319587628864, 28.288330905070872
244, 1581957174686633984, 0, 90.95682989690721, 104.75152739457896, 62.29252577319588, 28.288421059029293
245, 1581957174692017408, 0, 91.66237113402062, 104.71664342618755, 62.25773195876289, 28.288511212987714
246, 1581957174697400832, 0, 92.36791237113403, 104.68175945779613, 62.2229381443299, 28.288601366946136
247, 1581957174702784256, 0, 93.07345360824743, 104.64687548940472, 62.18814432989691, 28.288691520904557
248, 1581957174708167680, 0, 93.77899484536084, 104.6119915210133, 62.15335051546391, 28.288781674862978
249, 1581957174713550936, 0, 94.48453608247424, 104.57710755262188, 62.118556701030926, 28.2888718288214
250, 1581957174718934016, 0, 95.19007731958763, 104.54222358423047, 62.08376288659794, 28.288961982779824
251, 1581957174724317440, 0, 95.89561855670104, 104.50733961583904, 62.048969072164944, 28.289052136738253
252, 1581957174729700864, 0, 96.60115979381445, 104.47245564744763, 62.01417525773195, 28.28914229069668
253, 1581957174735084288, 0, 97.30670103092784, 104.43757167905622, 61.97938144329896, 28.289232444655106
254, 1581957174740467712, 0, 98.01224226804123, 104.40268771066481, 61.944587628865975, 28.28932259861353
255, 1581957174745851136, 0, 98.71778350515464, 104.3678037422734, 61.90979381443298, 28.28941275257196
256, 1581957174751234560, 0, 99.42332474226805, 104.33291977388198, 61.874999999999986, 28.289502906530387
257, 1581957174756617936, 0, 100.12886597938144, 104.29803580549057, 61.840206185567, 28.289593060488812
258, 1581957174762001408, 0, 100.83440721649484, 104.26315183709916, 61.80541237113401, 28.289683214447237
259, 1581957174767384832, 0, 101.53994845360825, 104.22826786870775, 61.770618556701024, 28.28977336840566
260, 1581957174772768256, 0, 102.24548969072166, 104.19338390031633, 61.735824742268036, 28.28986352236408
261, 1581957174778151424, 0, 102.95103092783506, 104.15849993192492, 61.70103092783504, 28.289953676322504
262, 1581957174783534848, 0, 103.65657216494847, 104.12361596353351, 61.66623711340205, 28.29004383028093
263, 1581957174788918272, 0, 104.36211340206187, 104.0887319951421, 61.63144329896906, 28.29013398423935
264, 1581957174794301696, 0, 105.06765463917526, 104.05384802675067, 61.59664948453607, 28.29022413819777
265, 1581957174799684936, 0, 105.77319587628867, 104.01896405835926, 61.561855670103085, 28.290314292156197
266, 1581957174805068032, 0, 106.47873711340208, 103.98408008996785, 61.5270618556701, 28.29040444611462
267, 1581957174810451456, 0, 107.18427835051547, 103.94919612157642, 61.49226804123711, 28.290494600073043
268, 1581957174815834880, 0, 107.88981958762886, 103.91431215318501, 61.45747422680412, 28.290584754031464
269, 1581957174821218304, 0, 108.59536082474227, 103.8794281847936, 61.422680412371136, 28.29067490798989
270, 1581957174826601728, 0, 109.30090206185568, 103.84454421640218, 61.38788659793815, 28.290765061948314
271, 1581957174831985152, 0, 110.00644329896907, 103.80966024801077, 61.35309278350516, 28.290855215906735
272, 1581957174837368576, 0, 110.71198453608247, 103.77477627961936, 61.318298969072174, 28.290945369865156
273, 1581957174842751936, 0, 111.41752577319588, 103.73989231122795, 61.28350515463919, 28.29103552382358
274, 1581957174848135680, 0, 112.12306701030928, 103.70500834283654, 61.24871134020619, 28.291125677782006
275, 1581957174853519104, 0, 112.82860824742268, 103.67012437444512, 61.2139175257732, 28.291215831740434
276, 1581957174858902528, 0, 113.53414948453607, 103.63524040605371, 61.17912371134021, 28.291305985698862
277, 1581957174864285952, 0, 114.23969072164948, 103.6003564376623, 61.144329896907216, 28.291396139657287
278, 1581957174869669376, 0, 114.94523195876289, 103.56547246927089, 61.10953608247422, 28.291486293615712
279, 1581957174875053056, 0, 115.6507731958763, 103.53058850087947, 61.074742268041234, 28.29157644757414
280, 1581957174880436480, 0, 116.3563144329897, 103.49570453248805, 61.03994845360824, 28.29166660153257
281, 1581957174885819936, 0, 117.0618556701031, 103.46082056409664, 61.005154639175245, 28.291756755490994
282, 1581957174891203072, 0, 117.7673969072165, 103.42593659570522, 60.97036082474226, 28.29184690944942
283, 1581957174896586496, 0, 118.4729381443299, 103.3910526273138, 60.93556701030927, 28.29193706340784
284, 1581957174901969920, 0, 119.17847938144331, 103.35616865892239, 60.90077319587628, 28.29202721736626
285, 1581957174907353344, 0, 119.88402061855672, 103.32128469053097, 60.86597938144329, 28.292117371324686
286, 1581957174912736768, 0, 120.58956185567013, 103.28640072213956, 60.831185567010294, 28.29220752528311
287, 1581957174918120192, 0, 121.29510309278352, 103.25151675374815, 60.79639175257731, 28.292297679241532
288, 1581957174923503616, 0, 122.00064432989691, 103.21663278535674, 60.76159793814432, 28.292387833199953
289, 1581957174928886936, 0, 122.70618556701032, 103.18174881696532, 60.72680412371133, 28.292477987158378
290, 1581957174934270464, 0, 123.41172680412373, 103.14686484857391, 60.692010309278345, 28.292568141116803
291, 1581957174939653888, 0, 124.11726804123712, 103.1119808801825, 60.65721649484535, 28.292658295075224
292, 1581957174945037312, 0, 124.82280927835052, 103.07709691179109, 60.622422680412356, 28.292748449033645
293, 1581957174950420480, 0, 125.52835051546393, 103.04221294339968, 60.58762886597937, 28.29283860299207
294, 1581957174955803904, 0, 126.23389175257734, 103.00732897500826, 60.55283505154638, 28.292928756950495
295, 1581957174961187328, 0, 126.93943298969073, 102.97244500661685, 60.51804123711339, 28.293018910908916
296, 1581957174966570752, 0, 127.64497422680412, 102.93756103822543, 60.48324742268039, 28.293109064867338
297, 1581957174971953936, 0, 128.35051546391753, 102.90267706983401, 60.448453608247405, 28.293199218825762
298, 1581957174977337088, 0, 129.05605670103094, 102.8677931014426, 60.41365979381442, 28.29328937278419
299, 1581957174982720512, 0, 129.76159793814435, 102.83290913305117, 60.37886597938143, 28.29337952674262
300, 1581957174988103936, 0, 130.46713917525773, 102.79802516465976, 60.34407216494844, 28.293469680701048
301, 1581957174993487360, 0, 131.17268041237114, 102.76314119626835, 60.309278350515456, 28.293559834659476
302, 1581957174998870784, 0, 131.87822164948454, 102.72825722787694, 60.27448453608247, 28.293649988617904
303, 1581957175004254208, 0, 132.58376288659792, 102.69337325948553, 60.23969072164948, 28.293740142576333
304, 1581957175009637632, 0, 133.28930412371133, 102.6584892910941, 60.204896907216494, 28.29383029653476
305, 1581957175015020936, 0, 133.99484536082474, 102.62360532270269, 60.170103092783506, 28.29392045049319
306, 1581957175020404480, 0, 134.70038659793815, 102.58872135431128, 60.13530927835052, 28.294010604451614
307, 1581957175025787904, 0, 135.40592783505156, 102.55383738591985, 60.10051546391753, 28.294100758410035
308, 1581957175031171072, 0, 136.11146907216494, 102.51895341752844, 60.065721649484544, 28.294190912368457
309, 1581957175036554496, 0, 136.81701030927834, 102.48406944913702, 60.03092783505156, 28.29428106632688
310, 1581957175041937920, 0, 137.52255154639175, 102.44918548074561, 59.99613402061857, 28.294371220285306
311, 1581957175047321088, 0, 138.22809278350513, 102.4143015123542, 59.96134020618558, 28.294461374243728
312, 1581957175052704512, 0, 138.93363402061854, 102.37941754396279, 59.926546391752595, 28.29455152820215
313, 1581957175058087936, 0, 139.63917525773195, 102.34453357557138, 59.89175257731961, 28.294641682160574
314, 1581957175063471360, 0, 140.34471649484536, 102.30964960717996, 59.85695876288662, 28.294731836119
315, 1581957175068854784, 0, 141.05025773195877, 102.27476563878855, 59.822164948453626, 28.29482199007742
316, 1581957175074238464, 0, 141.75579896907217, 102.23988167039714, 59.78737113402063, 28.29491214403584
317, 1581957175079621888, 0, 142.46134020618558, 102.20499770200573, 59.752577319587644, 28.295002297994266
318, 1581957175085005312, 0, 143.166881443299, 102.17011373361431, 59.71778350515466, 28.29509245195269
319, 1581957175090388992, 0, 143.8724226804124, 102.1352297652229, 59.68298969072166, 28.295182605911112
320, 1581957175095772416, 0, 144.57796391752578, 102.10034579683148, 59.64819587628867, 28.295272759869533
321, 1581957175101155936, 0, 145.2835051546392, 102.06546182844006, 59.61340206185568, 28.295362913827958
322, 1581957175106539008, 0, 145.9890463917526, 102.03057786004865, 59.57860824742269, 28.295453067786383
323, 1581957175111922432, 0, 146.69458762886597, 101.99569389165723, 59.5438144329897, 28.29554322174481
324, 1581957175117305856, 0, 147.40012886597938, 101.96080992326581, 59.509020618556704, 28.29563337570324
325, 1581957175122689280, 0, 148.1056701030928, 101.9259259548744, 59.47422680412372, 28.295723529661664
326, 1581957175128072704, 0, 148.8112113402062, 101.89104198648299, 59.43943298969073, 28.29581368362009
327, 1581957175133456128, 0, 149.5167525773196, 101.85615801809158, 59.404639175257735, 28.295903837578518
328, 1581957175138839552, 0, 150.222293814433, 101.82127404970016, 59.36984536082474, 28.295993991536946
329, 1581957175144222936, 0, 150.9278350515464, 101.78639008130875, 59.33505154639175, 28.29608414549537
330, 1581957175149606400, 0, 151.6333762886598, 101.75150611291734, 59.300257731958766, 28.296174299453796
331, 1581957175154989824, 0, 152.33891752577318, 101.71662214452593, 59.26546391752577, 28.296264453412217
332, 1581957175160373248, 0, 153.0444587628866, 101.68173817613452, 59.23067010309278, 28.29635460737064
333, 1581957175165756416, 0, 153.75, 101.6468542077431, 59.19587628865979, 28.296444761329063
334, 1581957175171139840, 0, 154.4555412371134, 101.61197023935169, 59.1610824742268, 28.296534915287488
335, 1581957175176523264, 0, 155.16108247422682, 101.57708627096028, 59.12628865979381, 28.29662506924591
336, 1581957175181906688, 0, 155.86662371134022, 101.54220230256885, 59.09149484536081, 28.29671522320433
337, 1581957175187289936, 0, 156.57216494845363, 101.50731833417744, 59.056701030927826, 28.296805377162755
338, 1581957175192673024, 0, 157.27770618556704, 101.47243436578603, 59.02190721649484, 28.29689553112118
339, 1581957175198056448, 0, 157.98324742268045, 101.4375503973946, 58.987113402061844, 28.2969856850796
340, 1581957175203439872, 0, 158.68878865979383, 101.40266642900319, 58.95231958762885, 28.297075839038023
341, 1581957175208823296, 0, 159.39432989690724, 101.36778246061178, 58.91752577319586, 28.297165992996447
342, 1581957175214206720, 0, 160.09987113402065, 101.33289849222037, 58.882731958762875, 28.297256146954872
343, 1581957175219590144, 0, 160.80541237113403, 101.29801452382895, 58.84793814432988, 28.297346300913294
344, 1581957175224973568, 0, 161.51095360824743, 101.26313055543754, 58.813144329896886, 28.297436454871715
345, 1581957175230356936, 0, 162.21649484536084, 101.22824658704613, 58.7783505154639, 28.29752660883014
346, 1581957175235740416, 0, 162.92203608247425, 101.19336261865472, 58.74355670103091, 28.297616762788564
347, 1581957175241123840, 0, 163.62757731958766, 101.1584786502633, 58.708762886597924, 28.297706916746993
348, 1581957175246507008, 0, 164.33311855670104, 101.1235946818719, 58.67396907216494, 28.29779707070542
349, 1581957175251890432, 0, 165.03865979381445, 101.08871071348048, 58.63917525773195, 28.297887224663846
350, 1581957175257273856, 0, 165.74420103092785, 101.05382674508907, 58.60438144329896, 28.29797737862227
351, 1581957175262657280, 0, 166.44974226804123, 101.01894277669766, 58.569587628865975, 28.2980675325807
352, 1581957175268040704, 0, 167.15528350515464, 100.98405880830623, 58.53479381443299, 28.298157686539128
353, 1581957175273423936, 0, 167.86082474226805, 100.94917483991482, 58.5, 28.298247840497552
354, 1581957175278807296, 0, 168.56636597938146, 100.9142908715234, 58.46520618556701, 28.298337994455977
355, 1581957175284190720, 0, 169.27190721649487, 100.87940690313198, 58.430412371134025, 28.298428148414402
356, 1581957175289574400, 0, 169.97744845360825, 100.84452293474057, 58.39561855670104, 28.298518302372827
357, 1581957175294957824, 0, 170.68298969072166, 100.80963896634915, 58.36082474226804, 28.29860845633125
358, 1581957175300341248, 0, 171.38853092783506, 100.77475499795774, 58.32603092783505, 28.298698610289676
359, 1581957175305724928, 0, 172.09407216494844, 100.73987102956633, 58.29123711340206, 28.2987887642481
360, 1581957175311108352, 0, 172.79961340206185, 100.70498706117492, 58.256443298969074, 28.298878918206526
361, 1581957175316491936, 0, 173.50515463917526, 100.6701030927835, 58.22164948453609, 28.29896907216495
362, 1581957175321875456, 0, 174.19274668630177, 100.63696612665953, 58.051132179677616, 28.265832106035887
363, 1581957175327258880, 0, 174.8803387334283, 100.60382916053555, 57.880614874819145, 28.232695139906824
364, 1581957175332642304, 0, 175.5679307805548, 100.57069219441158, 57.710097569960666, 28.19955817377776
365, 1581957175338025472, 0, 176.25552282768132, 100.5375552282876, 57.539580265102195, 28.166421207648696
366, 1581957175343408896, 0, 176.94311487480783, 100.50441826216363, 57.369062960243724, 28.133284241519632
367, 1581957175348792320, 0, 177.63070692193435, 100.47128129603965, 57.198545655385246, 28.10014727539057
368, 1581957175354175744, 0, 178.31829896906086, 100.43814432991567, 57.028028350526775, 28.067010309261505
369, 1581957175359558936, 0, 179.00589101618738, 100.40500736379168, 56.8575110456683, 28.03387334313244
370, 1581957175364942080, 0, 179.6934830633139, 100.37187039766769, 56.686993740809825, 28.000736377003385
371, 1581957175370325504, 0, 180.3810751104404, 100.33873343154372, 56.51647643595135, 27.967599410874325
372, 1581957175375708928, 0, 181.06866715756692, 100.30559646541974, 56.34595913109287, 27.934462444745265
373, 1581957175381092352, 0, 181.75625920469344, 100.27245949929576, 56.17544182623439, 27.901325478616208
374, 1581957175386475776, 0, 182.44385125181995, 100.23932253317179, 56.00492452137591, 27.868188512487148
375, 1581957175391859200, 0, 183.13144329894646, 100.20618556704781, 55.834407216517434, 27.835051546358088
376, 1581957175397242624, 0, 183.819035346073, 100.17304860092383, 55.663889911658956, 27.80191458022903
377, 1581957175402625936, 0, 184.50662739319952, 100.13991163479986, 55.49337260680048, 27.76877761409997
378, 1581957175408009472, 0, 185.1942194403283, 100.10677466867213, 54.8057805596717, 27.73564064797428
379, 1581957175413392896, 0, 185.88181148745707, 100.0736377025444, 54.11818851254293, 27.702503681848583
380, 1581957175418776064, 0, 186.56940353458583, 100.04050073641667, 53.430596465414155, 27.669366715722887
381, 1581957175424159488, 0, 187.25699558171462, 100.00736377028895, 52.74300441828538, 27.63622974959719
382, 1581957175429542912, 0, 187.9445876288434, 99.97422680416122, 52.055412371156606, 27.603092783471496
383, 1581957175434926336, 0, 188.63217967597217, 99.94108983803349, 51.36782032402783, 27.5699558173458
384, 1581957175440309760, 0, 189.31977172310093, 99.90795287190576, 50.68022827689906, 27.536818851220104
385, 1581957175445692936, 0, 190.00736377022972, 99.87481590577804, 49.992636229770284, 27.50368188509441
386, 1581957175451076096, 0, 190.6949558173585, 99.84167893965031, 49.30504418264151, 27.470544918968713
387, 1581957175456459520, 0, 191.38254786448726, 99.80854197352258, 48.617452135512735, 27.437407952843017
388, 1581957175461842944, 0, 192.07013991161602, 99.77540500739485, 47.92986008838396, 27.40427098671732
389, 1581957175467226368, 0, 192.7577319587448, 99.74226804126712, 47.24226804125519, 27.371134020591626
390, 1581957175472609792, 0, 193.4453240058736, 99.7091310751394, 46.55467599412641, 27.33799705446593
391, 1581957175477993216, 0, 194.13291605300236, 99.67599410901167, 45.86708394699764, 27.304860088340234
392, 1581957175483376640, 0, 194.82050810013112, 99.64285714288394, 45.179491899868864, 27.27172312221454
393, 1581957175488759936, 0, 195.5081001472599, 99.60972017675621, 44.49189985274009, 27.238586156088843
394, 1581957175494143232, 0, 196.1956921943887, 99.57658321062848, 43.80430780561131, 27.205449189963147
395, 1581957175499526656, 0, 196.88328424151746, 99.54344624450076, 43.11671575848253, 27.172312223837455
396, 1581957175504910336, 0, 197.57087628864625, 99.51030927837303, 42.429123711353746, 27.139175257711763
397, 1581957175510293760, 0, 198.25846833577504, 99.4771723122453, 41.741531664224965, 27.106038291586067
398, 1581957175515677184, 0, 198.9460603829038, 99.44403534611757, 41.053939617096184, 27.07290132546037
399, 1581957175521060864, 0, 199.63365243003258, 99.41089837998985, 40.3663475699674, 27.03976435933468
400, 1581957175526444288, 0, 200.32124447716137, 99.37776141386212, 39.67875552283862, 27.006627393208987
401, 1581957175531827936, 0, 201.00883652429013, 99.34462444773438, 38.99116347570984, 26.97349042708329
402, 1581957175537211392, 0, 201.6964285714189, 99.31148748160665, 38.303571428581066, 26.940353460957596
403, 1581957175542594816, 0, 202.38402061854768, 99.27835051547892, 37.61597938145229, 26.9072164948319
404, 1581957175547978240, 0, 203.07161266567647, 99.24521354935119, 36.92838733432352, 26.874079528706204
405, 1581957175553361408, 0, 203.75920471280523, 99.21207658322346, 36.24079528719474, 26.84094256258051
406, 1581957175558744832, 0, 204.446796759934, 99.17893961709574, 35.55320324006597, 26.807805596454813
407, 1581957175564128256, 0, 205.13438880706278, 99.14580265096801, 34.865611192937195, 26.774668630329117
408, 1581957175569511680, 0, 205.82198085419157, 99.11266568484028, 34.17801914580842, 26.74153166420342
409, 1581957175574894936, 0, 206.50957290132033, 99.07952871871255, 33.490427098679646, 26.708394698077726
410, 1581957175580278016, 0, 207.19716494844909, 99.04639175258482, 32.80283505155087, 26.67525773195203
411, 1581957175585661440, 0, 207.88475699557787, 99.0132547864571, 32.1152430044221, 26.642120765826334
412, 1581957175591044864, 0, 208.57234904270666, 98.98011782032937, 31.427650957293324, 26.60898379970064
413, 1581957175596428288, 0, 209.25994108983542, 98.94698085420164, 30.74005891016455, 26.575846833574946
414, 1581957175601811712, 0, 209.94753313696418, 98.91384388807391, 30.052466863035775, 26.542709867449254
415, 1581957175607195136, 0, 210.63512518409297, 98.88070692194619, 29.364874815907, 26.50957290132356
416, 1581957175612578560, 0, 211.32271723122176, 98.84756995581846, 28.677282768778227, 26.476435935197863
417, 1581957175617961936, 0, 212.01030927835052, 98.81443298969073, 27.98969072164945, 26.443298969072167
418, 1581957175623345408, 0, 212.6916881443299, 98.88692010309279, 27.30831185567007, 26.35631443298969
419, 1581957175628728832, 0, 213.37306701030928, 98.95940721649485, 26.626932989690687, 26.269329896907216
420, 1581957175634112000, 0, 214.05444587628867, 99.03189432989691, 25.945554123711304, 26.18234536082474
421, 1581957175639495424, 0, 214.73582474226805, 99.10438144329898, 25.26417525773192, 26.09536082474227
422, 1581957175644878848, 0, 215.41720360824743, 99.17686855670104, 24.582796391752538, 26.008376288659797
423, 1581957175650262272, 0, 216.09858247422682, 99.2493556701031, 23.901417525773155, 25.92139175257732
424, 1581957175655645696, 0, 216.7799613402062, 99.32184278350516, 23.220038659793772, 25.834407216494846
425, 1581957175661028936, 0, 217.46134020618558, 99.39432989690722, 22.53865979381439, 25.74742268041237
426, 1581957175666412032, 0, 218.14271907216497, 99.46681701030928, 21.85728092783501, 25.660438144329895
427, 1581957175671795456, 0, 218.82409793814435, 99.53930412371135, 21.17590206185563, 25.573453608247423
428, 1581957175677178880, 0, 219.50547680412373, 99.61179123711341, 20.494523195876248, 25.48646907216495
429, 1581957175682562304, 0, 220.1868556701031, 99.68427835051547, 19.81314432989687, 25.399484536082475
430, 1581957175687945728, 0, 220.8682345360825, 99.75676546391753, 19.13176546391749, 25.3125
431, 1581957175693329152, 0, 221.54961340206188, 99.8292525773196, 18.450386597938106, 25.225515463917525
432, 1581957175698712576, 0, 222.23099226804123, 99.90173969072166, 17.769007731958727, 25.13853092783505
433, 1581957175704095936, 0, 222.91237113402062, 99.97422680412372, 17.087628865979347, 25.051546391752577
434, 1581957175709479680, 0, 223.49226804123805, 100.06459211364651, 16.507731958761887, 24.690562525531263
435, 1581957175714863104, 0, 224.0721649484555, 100.15495742316932, 15.92783505154443, 24.329578659309952
436, 1581957175720246528, 0, 224.65206185567297, 100.24532273269213, 15.347938144326971, 23.96859479308864
437, 1581957175725629952, 0, 225.23195876289043, 100.33568804221494, 14.76804123710951, 23.60761092686733
438, 1581957175731013632, 0, 225.8118556701079, 100.42605335173775, 14.18814432989205, 23.24662706064602
439, 1581957175736397056, 0, 226.39175257732532, 100.51641866126056, 13.608247422674593, 22.885643194424706
440, 1581957175741780480, 0, 226.97164948454275, 100.60678397078337, 13.028350515457134, 22.52465932820339
441, 1581957175747163936, 0, 227.5515463917602, 100.69714928030618, 12.448453608239674, 22.16367546198208
442, 1581957175752547072, 0, 228.13144329897767, 100.78751458982899, 11.868556701022214, 21.80269159576077
443, 1581957175757930496, 0, 228.71134020619513, 100.8778798993518, 11.288659793804754, 21.441707729539456
444, 1581957175763313920, 0, 229.2912371134126, 100.9682452088746, 10.708762886587294, 21.08072386331814
445, 1581957175768697344, 0, 229.87113402063002, 101.05861051839742, 10.128865979369834, 20.71973999709683
446, 1581957175774080768, 0, 230.45103092784746, 101.14897582792022, 9.548969072152374, 20.35875613087552
447, 1581957175779464192, 0, 231.03092783506492, 101.23934113744303, 8.969072164934914, 19.99777226465421
448, 1581957175784847616, 0, 231.61082474228238, 101.32970644696584, 8.389175257717454, 19.6367883984329
449, 1581957175790230936, 0, 232.19072164949984, 101.42007175648864, 7.809278350499996, 19.275804532211584
450, 1581957175795614464, 0, 232.77061855671442, 101.93521742610281, 7.22938144328543, 18.49004030589132
451, 1581957175800997888, 0, 233.350515463929, 102.450363095717, 6.649484536070864, 17.70427607957106
452, 1581957175806381056, 0, 233.93041237114358, 102.96550876533118, 6.069587628856299, 16.9185118532508
453, 1581957175811764480, 0, 234.51030927835816, 103.48065443494535, 5.4896907216417326, 16.132747626930534
454, 1581957175817147904, 0, 235.09020618557275, 103.99580010455952, 4.909793814427167, 15.346983400610272
455, 1581957175822531328, 0, 235.67010309278731, 104.5109457741737, 4.329896907212602, 14.56121917429001
456, 1581957175827914752, 0, 236.2500000000019, 105.02609144378789, 3.749999999998036, 13.775454947969747
457, 1581957175833297936, 0, 236.8298969072165, 105.54123711340206, 3.17010309278347, 12.989690721649485
458, 1581957175838681088, 0, 236.8298969072165, 105.54123711340206, 3.17010309278347, 12.989690721649485
459, 1581957175844064512, 0, 236.8298969072165, 105.54123711340206, 3.17010309278347, 12.989690721649485
460, 1581957175849447936, 0, 236.8298969072165, 105.54123711340206, 3.17010309278347, 12.989690721649485
461, 1581957175854831360, 0, 236.8298969072165, 105.54123711340206, 3.17010309278347, 12.989690721649485
462, 1581957175860214784, 0, 236.8298969072165, 105.54123711340206, 3.17010309278347, 12.989690721649485
463, 1581957175865598208, 0, 236.8298969072165, 105.54123711340206, 3.17010309278347, 12.989690721649485
464, 1581957175870981632, 0, 236.8298969072165, 105.54123711340206, 3.17010309278347, 12.989690721649485
465, 1581957175876364936
