57, 0, 237.53635585970915, 74.73743623269144, 2.463644140290843, 18.675737420003532, -1, -1, -1, -1
58, 0, 237.12574850299399, 74.63392222969568, 2.874251497005985, 18.65093662402576, -1, -1, -1, -1
59, 0, 236.71514114627885, 74.53040822669993, 3.2848588537211265, 18.626135828047985, -1, -1, -1, -1
60, 0, 236.30453378956372, 74.42689422370418, 3.695466210436268, 18.601335032070214, -1, -1, -1, -1
61, 0, 235.89392643284856, 74.32338022070843, 4.10607356715141, 18.576534236092442, -1, -1, -1, -1
62, 0, 235.48331907613343, 74.21986621771268, 4.516680923866551, 18.55173344011467, -1, -1, -1, -1
63, 0, 235.0727117194183, 74.11635221471693, 4.927288280581693, 18.5269326441369, -1, -1, -1, -1
64, 0, 234.66210436270313, 74.01283821172117, 5.3378956372968345, 18.502131848159124, -1, -1, -1, -1
65, 0, 234.251497005988, 73.90932420872541, 5.748502994011976, 18.477331052181352, -1, -1, -1, -1
66, 0, 233.99486740804105, 73.75534644995723, 6.0051325919589384, 18.682634730538922, -1, -1, -1, -1
67, 0, 233.73823781009406, 73.60136869118905, 6.261762189905902, 18.887938408896495, -1, -1, -1, -1
68, 0, 233.4816082121471, 73.44739093242087, 6.518391787852865, 19.093242087254065, -1, -1, -1, -1
69, 0, 233.22497861420015, 73.2934131736527, 6.775021385799828, 19.298545765611635, -1, -1, -1, -1
70, 0, 232.9683490162532, 73.13943541488452, 7.0316509837467915, 19.503849443969205, -1, -1, -1, -1
71, 0, 232.71171941830625, 72.98545765611634, 7.288280581693755, 19.709153122326775, -1, -1, -1, -1
72, 0, 232.45508982035926, 72.83147989734816, 7.544910179640718, 19.914456800684345, -1, -1, -1, -1
73, 0, 232.1984602224123, 72.67750213857998, 7.801539777587681, 20.119760479041915, -1, -1, -1, -1
74, 0, 231.81039307716202, 72.66131443384216, 8.189606922837962, 20.147339891861463, -1, -1, -1, -1
75, 0, 231.42232593191176, 72.64512672910433, 8.577674068088243, 20.17491930468101, -1, -1, -1, -1
76, 0, 231.03425878666147, 72.62893902436652, 8.965741213338521, 20.202498717500553, -1, -1, -1, -1
77, 0, 230.64619164141118, 72.6127513196287, 9.353808358588802, 20.230078130320102, -1, -1, -1, -1
78, 0, 230.25812449616092, 72.59656361489087, 9.741875503839083, 20.25765754313965, -1, -1, -1, -1
79, 0, 229.87005735091063, 72.58037591015305, 10.129942649089362, 20.285236955959196, -1, -1, -1, -1
80, 0, 229.48199020566034, 72.56418820541523, 10.518009794339642, 20.31281636877874, -1, -1, -1, -1
81, 0, 229.09392306041008, 72.5480005006774, 10.906076939589923, 20.34039578159829, -1, -1, -1, -1
82, 0, 228.70585591515982, 72.53181279593957, 11.294144084840196, 20.367975194417838, -1, -1, -1, -1
83, 0, 228.31778876990953, 72.51562509120176, 11.68221123009047, 20.395554607237383, -1, -1, -1, -1
84, 0, 227.92972162465924, 72.49943738646394, 12.070278375340745, 20.423134020056928, -1, -1, -1, -1
85, 0, 227.54165447940898, 72.48324968172611, 12.458345520591019, 20.450713432876476, -1, -1, -1, -1
86, 0, 227.15358733415871, 72.46706197698829, 12.846412665841292, 20.47829284569602, -1, -1, -1, -1
87, 0, 226.76552018890843, 72.45087427225047, 13.234479811091568, 20.505872258515566, -1, -1, -1, -1
88, 0, 226.37745304365814, 72.43468656751264, 13.622546956341841, 20.533451671335115, -1, -1, -1, -1
89, 0, 225.98938589840787, 72.41849886277483, 14.010614101592115, 20.56103108415466, -1, -1, -1, -1
90, 0, 225.62547384382106, 72.23654283548143, 14.374526156178925, 20.73161485974223, -1, -1, -1, -1
91, 0, 225.26156178923426, 72.05458680818802, 14.738438210765736, 20.902198635329796, -1, -1, -1, -1
92, 0, 224.89764973464747, 71.87263078089461, 15.102350265352545, 21.072782410917362, -1, -1, -1, -1
93, 0, 224.53373768006065, 71.6906747536012, 15.466262319939355, 21.24336618650493, -1, -1, -1, -1
94, 0, 224.16982562547383, 71.50871872630779, 15.830174374526166, 21.413949962092495, -1, -1, -1, -1
95, 0, 223.80591357088701, 71.3267626990144, 16.194086429112975, 21.58453373768006, -1, -1, -1, -1
96, 0, 223.4420015163002, 71.144806671721, 16.557998483699784, 21.755117513267628, -1, -1, -1, -1
97, 0, 223.0780894617134, 70.96285064442759, 16.921910538286596, 21.925701288855194, -1, -1, -1, -1
98, 0, 222.7141774071266, 70.78089461713418, 17.2858225928734, 22.09628506444276, -1, -1, -1, -1
99, 0, 222.3502653525398, 70.59893858984078, 17.649734647460207, 22.266868840030327, -1, -1, -1, -1
100, 0, 221.98635329795297, 70.41698256254739, 18.013646702047012, 22.437452615617893, -1, -1, -1, -1
101, 0, 221.62244124336615, 70.23502653525398, 18.37755875663382, 22.60803639120546, -1, -1, -1, -1
102, 0, 221.25852918877933, 70.05307050796057, 18.74147081122063, 22.778620166793026, -1, -1, -1, -1
103, 0, 220.89461713419254, 69.87111448066716, 19.105382865807435, 22.949203942380592, -1, -1, -1, -1
104, 0, 220.53070507960575, 69.68915845337375, 19.46929492039424, 23.11978771796816, -1, -1, -1, -1
105, 0, 220.16679302501893, 69.50720242608035, 19.833206974981046, 23.290371493555725, -1, -1, -1, -1
106, 0, 219.829416224414, 69.40129719813592, 20.170583775586007, 23.419021224911177, -1, -1, -1, -1
107, 0, 219.49203942380902, 69.29539197019147, 20.507960576190968, 23.547670956266625, -1, -1, -1, -1
108, 0, 219.15466262320405, 69.18948674224703, 20.845337376795925, 23.676320687622074, -1, -1, -1, -1
109, 0, 218.8172858225991, 69.08358151430258, 21.182714177400886, 23.804970418977526, -1, -1, -1, -1
110, 0, 218.47990902199416, 68.97767628635813, 21.520090978005847, 23.933620150332978, -1, -1, -1, -1
111, 0, 218.1425322213892, 68.8717710584137, 21.857467778610804, 24.062269881688426, -1, -1, -1, -1
112, 0, 217.80515542078422, 68.76586583046927, 22.194844579215765, 24.190919613043874, -1, -1, -1, -1
113, 0, 217.46777862017927, 68.65996060252482, 22.532221379820726, 24.319569344399326, -1, -1, -1, -1
114, 0, 217.13040181957433, 68.55405537458037, 22.86959818042568, 24.44821907575478, -1, -1, -1, -1
115, 0, 216.79302501896936, 68.44815014663592, 23.206974981030633, 24.576868807110227, -1, -1, -1, -1
116, 0, 216.4556482183644, 68.34224491869148, 23.544351781635587, 24.705518538465675, -1, -1, -1, -1
117, 0, 216.11827141775944, 68.23633969074704, 23.88172858224054, 24.834168269821127, -1, -1, -1, -1
118, 0, 215.7808946171545, 68.13043446280261, 24.219105382845495, 24.96281800117658, -1, -1, -1, -1
119, 0, 215.44351781654956, 68.02452923485816, 24.55648218345045, 25.091467732532028, -1, -1, -1, -1
120, 0, 215.10614101594462, 67.91862400691372, 24.893858984055402, 25.220117463887476, -1, -1, -1, -1
121, 0, 214.76876421533964, 67.81271877896927, 25.231235784660356, 25.348767195242928, -1, -1, -1, -1
122, 0, 214.43138741473467, 67.70681355102482, 25.568612585265313, 25.47741692659838, -1, -1, -1, -1
123, 0, 214.09401061412973, 67.60090832308039, 25.905989385870274, 25.60606665795383, -1, -1, -1, -1
124, 0, 213.7566338135248, 67.49500309513596, 26.243366186475235, 25.734716389309277, -1, -1, -1, -1
125, 0, 213.41925701291981, 67.38909786719151, 26.580742987080193, 25.86336612066473, -1, -1, -1, -1
126, 0, 213.08188021231484, 67.28319263924706, 26.918119787685153, 25.992015852020177, -1, -1, -1, -1
127, 0, 212.7445034117099, 67.17728741130261, 27.255496588290114, 26.120665583375626, -1, -1, -1, -1
128, 0, 212.40712661110496, 67.07138218335817, 27.59287338889507, 26.249315314731078, -1, -1, -1, -1
129, 0, 212.06974981049999, 66.96547695541373, 27.930250189500033, 26.377965046086526, -1, -1, -1, -1
130, 0, 211.7323730098919, 66.95007816516258, 28.26762699010812, 26.416108339750032, -1, -1, -1, -1
131, 0, 211.39499620928382, 66.93467937491141, 28.605003790716204, 26.454251633413534, -1, -1, -1, -1
132, 0, 211.05761940867575, 66.91928058466026, 28.942380591324287, 26.49239492707704, -1, -1, -1, -1
133, 0, 210.72024260806765, 66.9038817944091, 29.27975739193237, 26.530538220740546, -1, -1, -1, -1
134, 0, 210.38286580745955, 66.88848300415793, 29.617134192540455, 26.568681514404048, -1, -1, -1, -1
135, 0, 210.04548900685148, 66.87308421390678, 29.954510993148542, 26.606824808067554, -1, -1, -1, -1
136, 0, 209.7081122062434, 66.85768542365562, 30.29188779375663, 26.64496810173106, -1, -1, -1, -1
137, 0, 209.37073540563532, 66.84228663340446, 30.629264594364713, 26.683111395394562, -1, -1, -1, -1
138, 0, 209.03335860502722, 66.82688784315329, 30.966641394972793, 26.721254689058064, -1, -1, -1, -1
139, 0, 208.69598180441915, 66.81148905290213, 31.304018195580873, 26.759397982721566, -1, -1, -1, -1
140, 0, 208.35860500381108, 66.79609026265098, 31.641394996188954, 26.79754127638507, -1, -1, -1, -1
141, 0, 208.02122820320298, 66.78069147239981, 31.978771796797034, 26.83568457004857, -1, -1, -1, -1
142, 0, 207.68385140259488, 66.76529268214865, 32.31614859740512, 26.873827863712073, -1, -1, -1, -1
143, 0, 207.3464746019868, 66.7498938918975, 32.653525398013194, 26.911971157375575, -1, -1, -1, -1
144, 0, 207.00909780137874, 66.73449510164633, 32.99090219862127, 26.950114451039077, -1, -1, -1, -1
145, 0, 206.67172100077065, 66.71909631139518, 33.328278999229354, 26.98825774470258, -1, -1, -1, -1
146, 0, 206.33434420016255, 66.70369752114402, 33.66565579983744, 27.02640103836608, -1, -1, -1, -1
147, 0, 205.99696739955448, 66.68829873089285, 34.00303260044552, 27.064544332029588, -1, -1, -1, -1
148, 0, 205.6595905989464, 66.6728999406417, 34.340409401053606, 27.102687625693093, -1, -1, -1, -1
149, 0, 205.3222137983383, 66.65750115039054, 34.67778620166168, 27.140830919356596, -1, -1, -1, -1
150, 0, 204.9848369977302, 66.64210236013938, 35.01516300226976, 27.178974213020098, -1, -1, -1, -1
151, 0, 204.64746019712214, 66.62670356988822, 35.35253980287784, 27.217117506683604, -1, -1, -1, -1
152, 0, 204.31008339651407, 66.61130477963707, 35.689916603485926, 27.25526080034711, -1, -1, -1, -1
153, 0, 203.97270659590598, 66.5959059893859, 36.02729340409401, 27.29340409401061, -1, -1, -1, -1
154, 0, 203.6163760424564, 66.60727824109173, 36.3836239575436, 27.285822592873387, -1, -1, -1, -1
155, 0, 203.2600454890068, 66.61865049279757, 36.739954510993186, 27.27824109173616, -1, -1, -1, -1
156, 0, 202.90371493555722, 66.6300227445034, 37.09628506444277, 27.27065959059893, -1, -1, -1, -1
157, 0, 202.54738438210762, 66.64139499620924, 37.452615617892356, 27.263078089461708, -1, -1, -1, -1
158, 0, 202.19105382865803, 66.65276724791508, 37.808946171341944, 27.255496588324483, -1, -1, -1, -1
159, 0, 201.83472327520846, 66.66413949962092, 38.165276724791525, 27.247915087187256, -1, -1, -1, -1
160, 0, 201.4783927217589, 66.67551175132675, 38.52160727824111, 27.240333586050028, -1, -1, -1, -1
161, 0, 201.1220621683093, 66.6868840030326, 38.8779378316907, 27.232752084912804, -1, -1, -1, -1
162, 0, 200.7657316148597, 66.69825625473845, 39.23426838514028, 27.22517058377558, -1, -1, -1, -1
163, 0, 200.40940106141014, 66.70962850644429, 39.590598938589864, 27.217589082638355, -1, -1, -1, -1
164, 0, 200.05307050796057, 66.72100075815013, 39.946929492039445, 27.21000758150113, -1, -1, -1, -1
165, 0, 199.69673995451097, 66.73237300985596, 40.303260045489026, 27.202426080363907, -1, -1, -1, -1
166, 0, 199.34040940106138, 66.7437452615618, 40.65959059893861, 27.194844579226682, -1, -1, -1, -1
167, 0, 198.9840788476118, 66.75511751326763, 41.01592115238819, 27.187263078089458, -1, -1, -1, -1
168, 0, 198.62774829416225, 66.76648976497347, 41.37225170583777, 27.179681576952234, -1, -1, -1, -1
169, 0, 198.27141774071265, 66.77786201667931, 41.72858225928735, 27.17210007581501, -1, -1, -1, -1
170, 0, 197.91508718726305, 66.78923426838514, 42.08491281273693, 27.164518574677786, -1, -1, -1, -1
171, 0, 197.5587566338135, 66.80060652009098, 42.44124336618651, 27.15693707354056, -1, -1, -1, -1
172, 0, 197.20242608036392, 66.81197877179682, 42.79757391963609, 27.149355572403337, -1, -1, -1, -1
173, 0, 196.84609552691433, 66.82335102350265, 43.153904473085674, 27.141774071266113, -1, -1, -1, -1
174, 0, 196.48976497346473, 66.83472327520849, 43.510235026535256, 27.13419257012889, -1, -1, -1, -1
175, 0, 196.13343442001516, 66.84609552691433, 43.86656557998484, 27.126611068991664, -1, -1, -1, -1
176, 0, 195.7771038665656, 66.85746777862016, 44.22289613343442, 27.11902956785444, -1, -1, -1, -1
177, 0, 195.420773313116, 66.868840030326, 44.579226686884, 27.111448066717216, -1, -1, -1, -1
178, 0, 195.0644427596664, 66.88021228203183, 44.93555724033358, 27.10386656557999, -1, -1, -1, -1
179, 0, 194.70811220621684, 66.89158453373767, 45.29188779378317, 27.096285064442764, -1, -1, -1, -1
180, 0, 194.35178165276727, 66.90295678544351, 45.648218347232756, 27.088703563305536, -1, -1, -1, -1
181, 0, 193.99545109931768, 66.91432903714934, 46.00454890068234, 27.081122062168312, -1, -1, -1, -1
182, 0, 193.63912054586808, 66.92570128885518, 46.36087945413192, 27.073540561031088, -1, -1, -1, -1
183, 0, 193.2827899924185, 66.93707354056102, 46.71721000758151, 27.06595905989386, -1, -1, -1, -1
184, 0, 192.9264594389689, 66.94844579226685, 47.073540561031095, 27.058377558756632, -1, -1, -1, -1
185, 0, 192.57012888551932, 66.9598180439727, 47.429871114480676, 27.050796057619408, -1, -1, -1, -1
186, 0, 192.21379833206976, 66.97119029567855, 47.78620166793026, 27.043214556482184, -1, -1, -1, -1
187, 0, 191.85746777862016, 66.98256254738439, 48.142532221379845, 27.03563305534496, -1, -1, -1, -1
188, 0, 191.50113722517057, 66.99393479909023, 48.49886277482943, 27.028051554207735, -1, -1, -1, -1
189, 0, 191.14480667172097, 67.00530705079606, 48.855193328279015, 27.02047005307051, -1, -1, -1, -1
190, 0, 190.78847611827138, 67.0166793025019, 49.211523881728596, 27.012888551933287, -1, -1, -1, -1
191, 0, 190.4321455648218, 67.02805155420774, 49.567854435178184, 27.005307050796063, -1, -1, -1, -1
192, 0, 190.07581501137224, 67.03942380591357, 49.92418498862777, 26.99772554965884, -1, -1, -1, -1
193, 0, 189.71948445792265, 67.05079605761941, 50.28051554207735, 26.990144048521614, -1, -1, -1, -1
194, 0, 189.36315390447305, 67.06216830932524, 50.636846095526934, 26.98256254738439, -1, -1, -1, -1
195, 0, 189.00682335102348, 67.07354056103108, 50.993176648976515, 26.974981046247162, -1, -1, -1, -1
196, 0, 188.65049279757392, 67.08491281273692, 51.349507202426096, 26.967399545109934, -1, -1, -1, -1
197, 0, 188.29416224412432, 67.09628506444275, 51.70583775587568, 26.95981804397271, -1, -1, -1, -1
198, 0, 187.93783169067473, 67.10765731614859, 52.06216830932526, 26.952236542835486, -1, -1, -1, -1
199, 0, 187.58150113722516, 67.11902956785443, 52.41849886277484, 26.944655041698258, -1, -1, -1, -1
200, 0, 187.2251705837756, 67.13040181956026, 52.77482941622442, 26.93707354056103, -1, -1, -1, -1
201, 0, 186.868840030326, 67.14177407126611, 53.131159969673995, 26.929492039423806, -1, -1, -1, -1
202, 0, 186.54586808188063, 67.13246048043698, 53.26955825232996, 26.96609903435357, -1, -1, -1, -1
203, 0, 186.22289613343526, 67.12314688960785, 53.40795653498593, 27.00270602928333, -1, -1, -1, -1
204, 0, 185.89992418498989, 67.11383329877873, 53.54635481764189, 27.039313024213094, -1, -1, -1, -1
205, 0, 185.5769522365445, 67.1045197079496, 53.684753100297854, 27.075920019142856, -1, -1, -1, -1
206, 0, 185.25398028809914, 67.09520611712048, 53.82315138295382, 27.11252701407262, -1, -1, -1, -1
207, 0, 184.93100833965377, 67.08589252629135, 53.96154966560978, 27.14913400900238, -1, -1, -1, -1
208, 0, 184.6080363912084, 67.07657893546221, 54.09994794826574, 27.185741003932144, -1, -1, -1, -1
209, 0, 184.28506444276303, 67.06726534463309, 54.23834623092171, 27.222347998861906, -1, -1, -1, -1
210, 0, 183.96209249431766, 67.05795175380396, 54.37674451357767, 27.258954993791672, -1, -1, -1, -1
211, 0, 183.6391205458723, 67.04863816297483, 54.51514279623363, 27.29556198872144, -1, -1, -1, -1
212, 0, 183.31614859742692, 67.03932457214569, 54.653541078889596, 27.3321689836512, -1, -1, -1, -1
213, 0, 182.99317664898155, 67.03001098131656, 54.79193936154556, 27.368775978580967, -1, -1, -1, -1
214, 0, 182.67020470053617, 67.02069739048744, 54.93033764420152, 27.405382973510733, -1, -1, -1, -1
215, 0, 182.3472327520908, 67.0113837996583, 55.068735926857485, 27.441989968440495, -1, -1, -1, -1
216, 0, 182.02426080364546, 67.00207020882917, 55.20713420951345, 27.47859696337026, -1, -1, -1, -1
217, 0, 181.7012888552001, 66.99275661800004, 55.34553249216941, 27.515203958300027, -1, -1, -1, -1
218, 0, 181.37831690675023, 66.98344302716644, 55.405764964348926, 27.551810953221143, -1, -1, -1, -1
219, 0, 181.05534495830034, 66.97412943633284, 55.46599743652844, 27.58841794814226, -1, -1, -1, -1
220, 0, 180.73237300985045, 66.96481584549925, 55.526229908707954, 27.62502494306338, -1, -1, -1, -1
221, 0, 180.40940106140056, 66.95550225466565, 55.58646238088747, 27.661631937984495, -1, -1, -1, -1
222, 0, 180.08642911295067, 66.94618866383205, 55.64669485306698, 27.69823893290561, -1, -1, -1, -1
223, 0, 179.76345716450078, 66.93687507299845, 55.7069273252465, 27.73484592782673, -1, -1, -1, -1
224, 0, 179.4404852160509, 66.92756148216485, 55.767159797426004, 27.771452922747848, -1, -1, -1, -1
225, 0, 179.117513267601, 66.91824789133125, 55.82739226960552, 27.808059917668963, -1, -1, -1, -1
226, 0, 178.79454131915682, 66.97770728440052, 55.85220602985905, 27.775893928690316, -1, -1, -1, -1
227, 0, 178.47156937071264, 67.0371666774698, 55.87701979011257, 27.74372793971167, -1, -1, -1, -1
228, 0, 178.1485974222685, 67.09662607053909, 55.90183355036609, 27.71156195073302, -1, -1, -1, -1
229, 0, 177.82562547382432, 67.15608546360836, 55.926647310619614, 27.679395961754377, -1, -1, -1, -1
230, 0, 177.50265352538014, 67.21554485667764, 55.95146107087314, 27.647229972775733, -1, -1, -1, -1
231, 0, 177.179681576936, 67.27500424974693, 55.97627483112666, 27.615063983797086, -1, -1, -1, -1
232, 0, 176.8567096284918, 67.3344636428162, 56.00108859138018, 27.58289799481844, -1, -1, -1, -1
233, 0, 176.53373768004764, 67.39392303588548, 56.025902351633704, 27.55073200583979, -1, -1, -1, -1
234, 0, 176.2107657316035, 67.45338242895477, 56.050716111887226, 27.518566016861143, -1, -1, -1, -1
235, 0, 175.8877937831593, 67.51284182202404, 56.07552987214074, 27.486400027882496, -1, -1, -1, -1
236, 0, 175.56482183471513, 67.57230121509332, 56.10034363239426, 27.45423403890385, -1, -1, -1, -1
237, 0, 175.24184988627098, 67.63176060816261, 56.12515739264778, 27.4220680499252, -1, -1, -1, -1
238, 0, 174.9188779378268, 67.69122000123188, 56.1499711529013, 27.389902060946554, -1, -1, -1, -1
239, 0, 174.59590598938263, 67.75067939430116, 56.174784913154824, 27.357736071967906, -1, -1, -1, -1
240, 0, 174.27293404093848, 67.81013878737045, 56.199598673408346, 27.32557008298926, -1, -1, -1, -1
241, 0, 173.9499620924943, 67.86959818043972, 56.22441243366186, 27.29340409401061, -1, -1, -1, -1
242, 0, 173.6580742987112, 67.83819966020263, 56.24336618650511, 27.32480261424977, -1, -1, -1, -1
243, 0, 173.36618650492812, 67.80680113996554, 56.26231993934836, 27.356201134488927, -1, -1, -1, -1
244, 0, 173.07429871114505, 67.77540261972845, 56.28127369219161, 27.387599654728085, -1, -1, -1, -1
245, 0, 172.78241091736197, 67.74400409949136, 56.300227445034864, 27.418998174967243, -1, -1, -1, -1
246, 0, 172.4905231235789, 67.71260557925427, 56.319181197878116, 27.4503966952064, -1, -1, -1, -1
247, 0, 172.1986353297958, 67.68120705901718, 56.33813495072137, 27.48179521544556, -1, -1, -1, -1
248, 0, 171.9067475360127, 67.64980853878009, 56.35708870356462, 27.513193735684716, -1, -1, -1, -1
249, 0, 171.6148597422296, 67.618410018543, 56.37604245640787, 27.544592255923874, -1, -1, -1, -1
250, 0, 171.32297194844654, 67.58701149830591, 56.39499620925113, 27.57599077616303, -1, -1, -1, -1
251, 0, 171.03108415466343, 67.55561297806884, 56.41394996209439, 27.60738929640219, -1, -1, -1, -1
252, 0, 170.73919636088033, 67.52421445783175, 56.43290371493765, 27.638787816641347, -1, -1, -1, -1
253, 0, 170.44730856709725, 67.49281593759466, 56.45185746778091, 27.670186336880505, -1, -1, -1, -1
254, 0, 170.15542077331418, 67.46141741735757, 56.47081122062417, 27.701584857119663, -1, -1, -1, -1
255, 0, 169.86353297953107, 67.43001889712048, 56.48976497346743, 27.73298337735882, -1, -1, -1, -1
256, 0, 169.57164518574797, 67.39862037688339, 56.50871872631069, 27.76438189759798, -1, -1, -1, -1
257, 0, 169.2797573919649, 67.3672218566463, 56.52767247915395, 27.795780417837136, -1, -1, -1, -1
258, 0, 168.98786959818182, 67.3358233364092, 56.5466262319972, 27.827178938076294, -1, -1, -1, -1
259, 0, 168.6959818043987, 67.30442481617212, 56.565579984840454, 27.85857745831545, -1, -1, -1, -1
260, 0, 168.4040940106156, 67.27302629593503, 56.584533737683714, 27.88997597855461, -1, -1, -1, -1
261, 0, 168.11220621683253, 67.24162777569794, 56.603487490526966, 27.921374498793764, -1, -1, -1, -1
262, 0, 167.82031842304946, 67.21022925546085, 56.62244124337022, 27.952773019032918, -1, -1, -1, -1
263, 0, 167.52843062926638, 67.17883073522376, 56.64139499621348, 27.984171539272076, -1, -1, -1, -1
264, 0, 167.2365428354833, 67.14743221498667, 56.66034874905673, 28.015570059511234, -1, -1, -1, -1
265, 0, 166.9446550417002, 67.11603369474958, 56.67930250189998, 28.04696857975039, -1, -1, -1, -1
266, 0, 166.65276724791892, 67.11994413671562, 56.69825625474373, 28.043058137784342, -1, -1, -1, -1
267, 0, 166.36087945413766, 67.12385457868167, 56.71721000758748, 28.039147695818293, -1, -1, -1, -1
268, 0, 166.0689916603564, 67.12776502064773, 56.73616376043124, 28.035237253852245, -1, -1, -1, -1
269, 0, 165.77710386657515, 67.13167546261377, 56.75511751327499, 28.0313268118862, -1, -1, -1, -1
270, 0, 165.4852160727939, 67.13558590457981, 56.77407126611874, 28.027416369920154, -1, -1, -1, -1
271, 0, 165.19332827901263, 67.13949634654587, 56.793025018962496, 28.023505927954105, -1, -1, -1, -1
272, 0, 164.90144048523138, 67.14340678851192, 56.811978771806245, 28.019595485988056, -1, -1, -1, -1
273, 0, 164.60955269145012, 67.14731723047797, 56.830932524649995, 28.015685044022007, -1, -1, -1, -1
274, 0, 164.31766489766886, 67.15122767244401, 56.849886277493745, 28.011774602055958, -1, -1, -1, -1
275, 0, 164.0257771038876, 67.15513811441006, 56.868840030337495, 28.007864160089913, -1, -1, -1, -1
276, 0, 163.73388931010635, 67.15904855637612, 56.887793783181245, 28.003953718123867, -1, -1, -1, -1
277, 0, 163.4420015163251, 67.16295899834216, 56.906747536024994, 28.000043276157818, -1, -1, -1, -1
278, 0, 163.15011372254384, 67.1668694403082, 56.925701288868744, 27.996132834191773, -1, -1, -1, -1
279, 0, 162.85822592876258, 67.17077988227426, 56.944655041712494, 27.992222392225727, -1, -1, -1, -1
280, 0, 162.56633813498132, 67.17469032424032, 56.96360879455624, 27.98831195025968, -1, -1, -1, -1
281, 0, 162.27445034120004, 67.17860076620636, 56.982562547399986, 27.984401508293633, -1, -1, -1, -1
282, 0, 161.98256254741278, 67.2877199463972, 57.00151630024109, 27.87528232809658, -1, -1, -1, -1
283, 0, 161.69067475362556, 67.39683912658805, 57.02047005308221, 27.766163147899526, -1, -1, -1, -1
284, 0, 161.39878695983833, 67.5059583067789, 57.03942380592332, 27.657043967702474, -1, -1, -1, -1
285, 0, 161.1068991660511, 67.61507748696974, 57.058377558764434, 27.547924787505423, -1, -1, -1, -1
286, 0, 160.81501137226388, 67.72419666716058, 57.07733131160555, 27.438805607308367, -1, -1, -1, -1
287, 0, 160.52312357847666, 67.83331584735143, 57.09628506444666, 27.329686427111316, -1, -1, -1, -1
288, 0, 160.23123578468943, 67.94243502754227, 57.115238817287775, 27.220567246914264, -1, -1, -1, -1
289, 0, 159.93934799090218, 68.05155420773313, 57.13419257012888, 27.11144806671721, -1, -1, -1, -1
290, 0, 159.6699131043325, 68.04980463054682, 57.13932844240705, 27.121945529829404, -1, -1, -1, -1
291, 0, 159.4004782177628, 68.04805505336051, 57.14446431468522, 27.1324429929416, -1, -1, -1, -1
292, 0, 159.13104333119313, 68.04630547617421, 57.14960018696339, 27.142940456053793, -1, -1, -1, -1
293, 0, 158.86160844462344, 68.04455589898791, 57.15473605924156, 27.153437919165984, -1, -1, -1, -1
294, 0, 158.59217355805376, 68.0428063218016, 57.15987193151973, 27.163935382278176, -1, -1, -1, -1
295, 0, 158.32273867148407, 68.0410567446153, 57.1650078037979, 27.17443284539037, -1, -1, -1, -1
296, 0, 158.0533037849144, 68.039307167429, 57.170143676076066, 27.184930308502565, -1, -1, -1, -1
297, 0, 157.7838688983447, 68.03755759024268, 57.17527954835424, 27.19542777161476, -1, -1, -1, -1
298, 0, 157.51443401177505, 68.03580801305637, 57.180415420632414, 27.205925234726955, -1, -1, -1, -1
299, 0, 157.24499912520537, 68.03405843587007, 57.18555129291058, 27.216422697839146, -1, -1, -1, -1
300, 0, 156.97556423863568, 68.03230885868376, 57.19068716518875, 27.226920160951337, -1, -1, -1, -1
301, 0, 156.706129352066, 68.03055928149746, 57.19582303746692, 27.237417624063532, -1, -1, -1, -1
302, 0, 156.43669446549632, 68.02880970431116, 57.2009589097451, 27.247915087175727, -1, -1, -1, -1
303, 0, 156.16725957892663, 68.02706012712486, 57.206094782023264, 27.258412550287918, -1, -1, -1, -1
304, 0, 155.89782469235695, 68.02531054993855, 57.21123065430143, 27.26891001340011, -1, -1, -1, -1
305, 0, 155.62838980578726, 68.02356097275224, 57.216366526579606, 27.279407476512304, -1, -1, -1, -1
306, 0, 155.35895491921758, 68.02181139556592, 57.22150239885778, 27.2899049396245, -1, -1, -1, -1
307, 0, 155.0895200326479, 68.02006181837962, 57.22663827113595, 27.30040240273669, -1, -1, -1, -1
308, 0, 154.8200851460782, 68.01831224119331, 57.231774143414114, 27.31089986584888, -1, -1, -1, -1
309, 0, 154.55065025950853, 68.01656266400701, 57.23691001569229, 27.321397328961076, -1, -1, -1, -1
310, 0, 154.28121537293885, 68.01481308682071, 57.24204588797046, 27.33189479207327, -1, -1, -1, -1
311, 0, 154.01178048636916, 68.0130635096344, 57.24718176024863, 27.342392255185462, -1, -1, -1, -1
312, 0, 153.74234559979948, 68.0113139324481, 57.2523176325268, 27.352889718297654, -1, -1, -1, -1
313, 0, 153.4729107132298, 68.00956435526179, 57.25745350480497, 27.36338718140985, -1, -1, -1, -1
314, 0, 153.2034758266601, 68.00781477807547, 57.26258937708314, 27.37388464452204, -1, -1, -1, -1
315, 0, 152.93404094009043, 68.00606520088917, 57.267725249361305, 27.38438210763423, -1, -1, -1, -1
316, 0, 152.66460605352074, 68.00431562370287, 57.27286112163947, 27.394879570746422, -1, -1, -1, -1
317, 0, 152.39517116695106, 68.00256604651656, 57.27799699391764, 27.405377033858613, -1, -1, -1, -1
318, 0, 152.12573628038137, 68.00081646933026, 57.28313286619581, 27.415874496970805, -1, -1, -1, -1
319, 0, 151.8563013938117, 67.99906689214396, 57.288268738473974, 27.426371960082996, -1, -1, -1, -1
320, 0, 151.586866507242, 67.99731731495766, 57.29340461075214, 27.436869423195187, -1, -1, -1, -1
321, 0, 151.31743162067235, 67.99556773777135, 57.29854048303031, 27.44736688630738, -1, -1, -1, -1
322, 0, 151.04799673410267, 67.99381816058505, 57.30367635530848, 27.457864349419573, -1, -1, -1, -1
323, 0, 150.77856184753298, 67.99206858339875, 57.30881222758665, 27.468361812531764, -1, -1, -1, -1
324, 0, 150.5091269609633, 67.99031900621245, 57.31394809986482, 27.478859275643956, -1, -1, -1, -1
325, 0, 150.23969207439362, 67.98856942902613, 57.31908397214299, 27.48935673875615, -1, -1, -1, -1
326, 0, 149.97025718782393, 67.98681985183981, 57.324219844421165, 27.499854201868345, -1, -1, -1, -1
327, 0, 149.70082230125425, 67.98507027465351, 57.32935571669933, 27.510351664980536, -1, -1, -1, -1
328, 0, 149.43138741468456, 67.9833206974672, 57.3344915889775, 27.520849128092728, -1, -1, -1, -1
329, 0, 149.16195252811488, 67.9815711202809, 57.339627461255674, 27.531346591204922, -1, -1, -1, -1
330, 0, 148.89251764154523, 67.9798215430946, 57.34476333353385, 27.541844054317117, -1, -1, -1, -1
331, 0, 148.62308275497554, 67.9780719659083, 57.349899205812015, 27.55234151742931, -1, -1, -1, -1
332, 0, 148.35364786840586, 67.976322388722, 57.35503507809018, 27.5628389805415, -1, -1, -1, -1
333, 0, 148.08421298183617, 67.97457281153568, 57.36017095036836, 27.573336443653695, -1, -1, -1, -1
334, 0, 147.8147780952665, 67.97282323434936, 57.36530682264653, 27.58383390676589, -1, -1, -1, -1
335, 0, 147.5453432086968, 67.97107365716306, 57.3704426949247, 27.59433136987808, -1, -1, -1, -1
336, 0, 147.27590832212712, 67.96932407997676, 57.375578567202865, 27.604828832990272, -1, -1, -1, -1
337, 0, 147.00647343555744, 67.96757450279046, 57.38071443948104, 27.615326296102467, -1, -1, -1, -1
338, 0, 146.73703854898775, 67.96582492560415, 57.385850311759214, 27.62582375921466, -1, -1, -1, -1
339, 0, 146.46760366241807, 67.96407534841785, 57.39098618403738, 27.636321222326853, -1, -1, -1, -1
340, 0, 146.1981687758484, 67.96232577123155, 57.39612205631555, 27.646818685439044, -1, -1, -1, -1
341, 0, 145.9287338892787, 67.96057619404523, 57.40125792859372, 27.65731614855124, -1, -1, -1, -1
342, 0, 145.65929900270902, 67.95882661685891, 57.40639380087189, 27.66781361166343, -1, -1, -1, -1
343, 0, 145.38986411613934, 67.95707703967261, 57.411529673150056, 27.67831107477562, -1, -1, -1, -1
344, 0, 145.12042922956965, 67.95532746248631, 57.41666554542823, 27.688808537887816, -1, -1, -1, -1
345, 0, 144.85099434299997, 67.9535778853, 57.4218014177064, 27.699306001000007, -1, -1, -1, -1
346, 0, 144.5815594564333, 67.92110280210599, 57.44992632183113, 27.74052897012318, -1, -1, -1, -1
347, 0, 144.31212456986663, 67.88862771891198, 57.478051225955866, 27.781751939246348, -1, -1, -1, -1
348, 0, 144.04268968329995, 67.85615263571796, 57.5061761300806, 27.82297490836952, -1, -1, -1, -1
349, 0, 143.77325479673328, 67.82367755252396, 57.53430103420533, 27.864197877492693, -1, -1, -1, -1
350, 0, 143.5038199101666, 67.79120246932996, 57.56242593833006, 27.90542084661586, -1, -1, -1, -1
351, 0, 143.23438502359994, 67.75872738613594, 57.59055084245479, 27.946643815739034, -1, -1, -1, -1
352, 0, 142.96495013703327, 67.72625230294193, 57.61867574657952, 27.987866784862206, -1, -1, -1, -1
353, 0, 142.6955152504666, 67.69377721974791, 57.64680065070425, 28.029089753985375, -1, -1, -1, -1
354, 0, 142.42608036389993, 67.6613021365539, 57.67492555482898, 28.070312723108547, -1, -1, -1, -1
355, 0, 142.15664547733326, 67.62882705335988, 57.70305045895371, 28.11153569223172, -1, -1, -1, -1
356, 0, 141.88721059076659, 67.59635197016587, 57.73117536307844, 28.15275866135489, -1, -1, -1, -1
357, 0, 141.61777570419991, 67.56387688697187, 57.75930026720317, 28.193981630478063, -1, -1, -1, -1
358, 0, 141.34834081763324, 67.53140180377787, 57.787425171327904, 28.235204599601236, -1, -1, -1, -1
359, 0, 141.07890593106657, 67.49892672058385, 57.815550075452634, 28.276427568724408, -1, -1, -1, -1
360, 0, 140.8094710444999, 67.46645163738984, 57.843674979577365, 28.31765053784758, -1, -1, -1, -1
361, 0, 140.5400361579332, 67.43397655419582, 57.871799883702096, 28.358873506970752, -1, -1, -1, -1
362, 0, 140.27060127136653, 67.40150147100181, 57.899924787826826, 28.40009647609392, -1, -1, -1, -1
363, 0, 140.00116638479986, 67.36902638780779, 57.92804969195156, 28.441319445217093, -1, -1, -1, -1
364, 0, 139.7317314982332, 67.33655130461378, 57.95617459607628, 28.482542414340266, -1, -1, -1, -1
365, 0, 139.46229661166652, 67.30407622141978, 57.98429950020101, 28.523765383463434, -1, -1, -1, -1
366, 0, 139.19286172509985, 67.27160113822578, 58.01242440432574, 28.564988352586603, -1, -1, -1, -1
367, 0, 138.92342683853317, 67.23912605503176, 58.040549308450466, 28.606211321709775, -1, -1, -1, -1
368, 0, 138.6539919519665, 67.20665097183775, 58.068674212575196, 28.647434290832948, -1, -1, -1, -1
369, 0, 138.38455706539983, 67.17417588864373, 58.09679911669993, 28.688657259956116, -1, -1, -1, -1
370, 0, 138.11512217882978, 67.20315181746857, 58.12492402082783, 28.66842921706118, -1, -1, -1, -1
371, 0, 137.8456872922597, 67.2321277462934, 58.153048924955726, 28.648201174166243, -1, -1, -1, -1
372, 0, 137.57625240568962, 67.26110367511824, 58.18117382908363, 28.627973131271304, -1, -1, -1, -1
373, 0, 137.30681751911953, 67.29007960394307, 58.20929873321153, 28.60774508837637, -1, -1, -1, -1
374, 0, 137.03738263254945, 67.3190555327679, 58.23742363733943, 28.587517045481434, -1, -1, -1, -1
375, 0, 136.76794774597937, 67.34803146159274, 58.26554854146734, 28.567289002586495, -1, -1, -1, -1
376, 0, 136.4985128594093, 67.37700739041756, 58.29367344559524, 28.547060959691557, -1, -1, -1, -1
377, 0, 136.2290779728392, 67.4059833192424, 58.32179834972314, 28.52683291679662, -1, -1, -1, -1
378, 0, 135.95964308626912, 67.43495924806723, 58.34992325385103, 28.506604873901686, -1, -1, -1, -1
379, 0, 135.69020819969904, 67.46393517689205, 58.37804815797893, 28.486376831006748, -1, -1, -1, -1
380, 0, 135.42077331312896, 67.49291110571689, 58.40617306210683, 28.46614878811181, -1, -1, -1, -1
381, 0, 135.15133842655888, 67.52188703454172, 58.43429796623472, 28.445920745216874, -1, -1, -1, -1
382, 0, 134.8819035399888, 67.55086296336655, 58.462422870362616, 28.42569270232194, -1, -1, -1, -1
383, 0, 134.61246865341872, 67.57983889219139, 58.490547774490516, 28.405464659427, -1, -1, -1, -1
384, 0, 134.34303376684863, 67.60881482101622, 58.518672678618415, 28.38523661653206, -1, -1, -1, -1
385, 0, 134.07359888027858, 67.63779074984106, 58.54679758274631, 28.365008573637127, -1, -1, -1, -1
386, 0, 133.80416399370853, 67.6667666786659, 58.57492248687421, 28.34478053074219, -1, -1, -1, -1
387, 0, 133.53472910713845, 67.69574260749073, 58.60304739100211, 28.324552487847253, -1, -1, -1, -1
388, 0, 133.26529422056836, 67.72471853631556, 58.631172295130014, 28.304324444952314, -1, -1, -1, -1
389, 0, 132.99585933399828, 67.7536944651404, 58.659297199257914, 28.28409640205738, -1, -1, -1, -1
390, 0, 132.7264244474282, 67.78267039396523, 58.68742210338581, 28.263868359162444, -1, -1, -1, -1
391, 0, 132.45698956085812, 67.81164632279007, 58.71554700751372, 28.243640316267506, -1, -1, -1, -1
392, 0, 132.18755467428804, 67.84062225161489, 58.74367191164162, 28.223412273372567, -1, -1, -1, -1
393, 0, 131.91811978771796, 67.86959818043972, 58.77179681576952, 28.203184230477632, -1, -1, -1, -1
394, 0, 131.6702047005282, 67.78916556144901, 58.77179681577333, 28.217183231219245, -1, -1, -1, -1
395, 0, 131.42228961333845, 67.70873294245828, 58.77179681577713, 28.231182231960858, -1, -1, -1, -1
396, 0, 131.1743745261487, 67.62830032346756, 58.77179681578093, 28.24518123270247, -1, -1, -1, -1
397, 0, 130.92645943895894, 67.54786770447683, 58.77179681578474, 28.259180233444084, -1, -1, -1, -1
398, 0, 130.67854435176918, 67.4674350854861, 58.77179681578854, 28.273179234185697, -1, -1, -1, -1
399, 0, 130.43062926457944, 67.38700246649539, 58.77179681579234, 28.28717823492731, -1, -1, -1, -1
400, 0, 130.1827141773897, 67.30656984750468, 58.77179681579615, 28.301177235668924, -1, -1, -1, -1
401, 0, 129.93479909019993, 67.22613722851395, 58.77179681579995, 28.31517623641054, -1, -1, -1, -1
402, 0, 129.70056301984675, 67.2350741861818, 58.75811779896566, 28.311093624834882, -1, -1, -1, -1
403, 0, 129.46632694949358, 67.24401114384966, 58.744438782131354, 28.30701101325922, -1, -1, -1, -1
404, 0, 129.2320908791404, 67.25294810151752, 58.73075976529705, 28.30292840168356, -1, -1, -1, -1
405, 0, 128.9978548087872, 67.26188505918539, 58.71708074846275, 28.298845790107897, -1, -1, -1, -1
406, 0, 128.763618738434, 67.27082201685326, 58.703401731628446, 28.294763178532236, -1, -1, -1, -1
407, 0, 128.5293826680808, 67.27975897452112, 58.68972271479415, 28.290680566956578, -1, -1, -1, -1
408, 0, 128.29514659772764, 67.28869593218897, 58.676043697959855, 28.28659795538092, -1, -1, -1, -1
409, 0, 128.06091052737446, 67.29763288985683, 58.66236468112555, 28.282515343805258, -1, -1, -1, -1
410, 0, 127.82667445702128, 67.30656984752468, 58.64868566429125, 28.278432732229597, -1, -1, -1, -1
411, 0, 127.59243838666809, 67.31550680519256, 58.63500664745695, 28.274350120653935, -1, -1, -1, -1
412, 0, 127.3582023163149, 67.32444376286043, 58.621327630622645, 28.270267509078273, -1, -1, -1, -1
413, 0, 127.12396624596173, 67.33338072052828, 58.60764861378834, 28.266184897502615, -1, -1, -1, -1
414, 0, 126.88973017560855, 67.34231767819614, 58.59396959695404, 28.262102285926957, -1, -1, -1, -1
415, 0, 126.65549410525537, 67.351254635864, 58.58029058011974, 28.258019674351296, -1, -1, -1, -1
416, 0, 126.4212580349022, 67.36019159353185, 58.566611563285434, 28.253937062775634, -1, -1, -1, -1
417, 0, 126.187021964549, 67.36912855119972, 58.552932546451125, 28.249854451199973, -1, -1, -1, -1
418, 0, 125.93519858683777, 67.37073303253365, 58.55684083697484, 28.253104315958552, -1, -1, -1, -1
419, 0, 125.68337520912655, 67.37233751386758, 58.56074912749857, 28.256354180717132, -1, -1, -1, -1
420, 0, 125.43155183141533, 67.3739419952015, 58.564657418022286, 28.25960404547571, -1, -1, -1, -1
421, 0, 125.1797284537041, 67.37554647653543, 58.568565708546004, 28.262853910234288, -1, -1, -1, -1
422, 0, 124.92790507599287, 67.37715095786936, 58.57247399906973, 28.266103774992864, -1, -1, -1, -1
423, 0, 124.67608169828165, 67.37875543920329, 58.57638228959345, 28.269353639751444, -1, -1, -1, -1
424, 0, 124.42425832057043, 67.38035992053722, 58.580290580117165, 28.272603504510023, -1, -1, -1, -1
425, 0, 124.1724349428592, 67.38196440187114, 58.58419887064089, 28.275853369268603, -1, -1, -1, -1
426, 0, 123.92061156514796, 67.38356888320507, 58.588107161164615, 28.279103234027183, -1, -1, -1, -1
427, 0, 123.66878818743675, 67.385173364539, 58.59201545168833, 28.282353098785762, -1, -1, -1, -1
428, 0, 123.41696480972553, 67.38677784587293, 58.59592374221205, 28.285602963544342, -1, -1, -1, -1
429, 0, 123.1651414320143, 67.38838232720686, 58.599832032735776, 28.28885282830292, -1, -1, -1, -1
430, 0, 122.91331805430306, 67.38998680854078, 58.6037403232595, 28.2921026930615, -1, -1, -1, -1
431, 0, 122.66149467659184, 67.39159128987471, 58.60764861378322, 28.29535255782008, -1, -1, -1, -1
432, 0, 122.40967129888062, 67.39319577120864, 58.61155690430694, 28.29860242257866, -1, -1, -1, -1
433, 0, 122.15784792116939, 67.39480025254257, 58.61546519483066, 28.30185228733724, -1, -1, -1, -1
434, 0, 121.90602454345816, 67.3964047338765, 58.61937348535439, 28.305102152095824, -1, -1, -1, -1
435, 0, 121.65420116574694, 67.39800921521041, 58.62328177587811, 28.308352016854407, -1, -1, -1, -1
436, 0, 121.40237778803572, 67.39961369654434, 58.62719006640184, 28.31160188161299, -1, -1, -1, -1
437, 0, 121.1505544103245, 67.40121817787826, 58.631098356925555, 28.314851746371573, -1, -1, -1, -1
438, 0, 120.89873103261328, 67.40282265921219, 58.63500664744927, 28.318101611130157, -1, -1, -1, -1
439, 0, 120.64690765490205, 67.40442714054612, 58.638914937973, 28.32135147588874, -1, -1, -1, -1
440, 0, 120.39508427719082, 67.40603162188005, 58.642823228496724, 28.324601340647323, -1, -1, -1, -1
441, 0, 120.1432608994796, 67.40763610321397, 58.64673151902045, 28.327851205405906, -1, -1, -1, -1
442, 0, 119.89143752176838, 67.4092405845479, 58.650639809544174, 28.331101070164486, -1, -1, -1, -1
443, 0, 119.63961414405715, 67.41084506588183, 58.65454810006789, 28.334350934923066, -1, -1, -1, -1
444, 0, 119.38779076634592, 67.41244954721576, 58.65845639059161, 28.337600799681645, -1, -1, -1, -1
445, 0, 119.1359673886347, 67.41405402854969, 58.662364681115335, 28.340850664440225, -1, -1, -1, -1
446, 0, 118.88414401092348, 67.41565850988361, 58.66627297163906, 28.344100529198805, -1, -1, -1, -1
447, 0, 118.63232063321225, 67.41726299121754, 58.67018126216278, 28.347350393957385, -1, -1, -1, -1
448, 0, 118.38049725550101, 67.41886747255147, 58.674089552686496, 28.350600258715964, -1, -1, -1, -1
449, 0, 118.1286738777898, 67.4204719538854, 58.67799784321022, 28.353850123474544, -1, -1, -1, -1
450, 0, 117.87685050007858, 67.42207643521932, 58.681906133733946, 28.357099988233124, -1, -1, -1, -1
451, 0, 117.62502712236734, 67.42368091655325, 58.685814424257664, 28.360349852991703, -1, -1, -1, -1
452, 0, 117.37320374465611, 67.42528539788718, 58.68972271478138, 28.363599717750283, -1, -1, -1, -1
453, 0, 117.12138036694489, 67.42688987922111, 58.69363100530511, 28.366849582508863, -1, -1, -1, -1
454, 0, 116.86955698923367, 67.42849436055504, 58.69753929582883, 28.370099447267442, -1, -1, -1, -1
455, 0, 116.61773361152244, 67.43009884188896, 58.70144758635255, 28.373349312026022, -1, -1, -1, -1
456, 0, 116.3659102338112, 67.43170332322289, 58.70535587687627, 28.3765991767846, -1, -1, -1, -1
457, 0, 116.11408685609999, 67.43330780455682, 58.70926416739999, 28.37984904154318, -1, -1, -1, -1
458, 0, 115.86226347838979, 67.4605759530495, 58.71317245792309, 28.35743523914575, -1, -1, -1, -1
459, 0, 115.6104401006796, 67.48784410154218, 58.717080748446186, 28.335021436748317, -1, -1, -1, -1
460, 0, 115.3586167229694, 67.51511225003486, 58.72098903896928, 28.312607634350883, -1, -1, -1, -1
461, 0, 115.10679334525922, 67.54238039852754, 58.72489732949238, 28.290193831953452, -1, -1, -1, -1
462, 0, 114.85496996754904, 67.56964854702022, 58.72880562001548, 28.26778002955602, -1, -1, -1, -1
463, 0, 114.60314658983884, 67.5969166955129, 58.73271391053857, 28.245366227158588, -1, -1, -1, -1
464, 0, 114.35132321212865, 67.62418484400558, 58.736622201061664, 28.222952424761154, -1, -1, -1, -1
465, 0, 114.09949983441845, 67.65145299249826, 58.740530491584764, 28.200538622363723, -1, -1, -1, -1
466, 0, 113.84767645670826, 67.67872114099094, 58.744438782107856, 28.178124819966285, -1, -1, -1, -1
467, 0, 113.59585307899806, 67.70598928948363, 58.74834707263095, 28.155711017568848, -1, -1, -1, -1
468, 0, 113.34402970128787, 67.7332574379763, 58.75225536315405, 28.13329721517141, -1, -1, -1, -1
469, 0, 113.09220632357768, 67.76052558646899, 58.75616365367714, 28.110883412773976, -1, -1, -1, -1
470, 0, 112.8403829458675, 67.78779373496167, 58.760071944200234, 28.088469610376542, -1, -1, -1, -1
471, 0, 112.58855956815731, 67.81506188345435, 58.763980234723334, 28.066055807979104, -1, -1, -1, -1
472, 0, 112.33673619044711, 67.84233003194703, 58.76788852524643, 28.043642005581667, -1, -1, -1, -1
473, 0, 112.08491281273692, 67.86959818043972, 58.77179681576952, 28.02122820318423, -1, -1, -1, -1
474, 0, 111.73058987679832, 67.86959818043476, 58.866832412807305, 28.021228203186197, -1, -1, -1, -1
475, 0, 111.37626694085974, 67.86959818042979, 58.96186800984509, 28.02122820318817, -1, -1, -1, -1
476, 0, 111.02194400492115, 67.86959818042483, 59.05690360688287, 28.02122820319014, -1, -1, -1, -1
477, 0, 110.66762106898256, 67.86959818041987, 59.151939203920655, 28.02122820319211, -1, -1, -1, -1
478, 0, 110.31329813304396, 67.8695981804149, 59.24697480095844, 28.021228203194077, -1, -1, -1, -1
479, 0, 109.95897519710537, 67.86959818040994, 59.34201039799622, 28.02122820319605, -1, -1, -1, -1
480, 0, 109.60465226116679, 67.86959818040498, 59.437045995034005, 28.02122820319802, -1, -1, -1, -1
481, 0, 109.2503293252282, 67.8695981804, 59.53208159207179, 28.02122820319999, -1, -1, -1, -1
482, 0, 108.99526892847388, 67.8695981804, 59.52785464993445, 28.02122820319999, -1, -1, -1, -1
483, 0, 108.74020853171955, 67.8695981804, 59.523627707797104, 28.02122820319999, -1, -1, -1, -1
484, 0, 108.48514813496521, 67.8695981804, 59.51940076565977, 28.02122820319999, -1, -1, -1, -1
485, 0, 108.2300877382109, 67.8695981804, 59.515173823522424, 28.021228203199986, -1, -1, -1, -1
486, 0, 107.97502734145658, 67.8695981804, 59.51094688138508, 28.021228203199982, -1, -1, -1, -1
487, 0, 107.71996694470226, 67.8695981804, 59.506719939247745, 28.021228203199982, -1, -1, -1, -1
488, 0, 107.46490654794795, 67.8695981804, 59.5024929971104, 28.021228203199982, -1, -1, -1, -1
489, 0, 107.20984615119362, 67.86959818039999, 59.49826605497306, 28.021228203199982, -1, -1, -1, -1
490, 0, 106.95478575443929, 67.86959818039999, 59.49403911283571, 28.02122820319998, -1, -1, -1, -1
491, 0, 106.69972535768497, 67.86959818039999, 59.489812170698364, 28.021228203199975, -1, -1, -1, -1
492, 0, 106.44466496093065, 67.86959818039999, 59.48558522856102, 28.02122820319997, -1, -1, -1, -1
493, 0, 106.18960456417634, 67.86959818039999, 59.48135828642367, 28.021228203199968, -1, -1, -1, -1
494, 0, 105.93454416742202, 67.86959818039999, 59.47713134428632, 28.021228203199964, -1, -1, -1, -1
495, 0, 105.6794837706677, 67.86959818039999, 59.47290440214898, 28.02122820319996, -1, -1, -1, -1
496, 0, 105.42442337391338, 67.86959818039999, 59.468677460011634, 28.021228203199957, -1, -1, -1, -1
497, 0, 105.16936297715905, 67.86959818039999, 59.46445051787428, 28.021228203199954, -1, -1, -1, -1
498, 0, 104.91430258040472, 67.86959818039998, 59.46022357573694, 28.021228203199954, -1, -1, -1, -1
499, 0, 104.6592421836504, 67.86959818039998, 59.4559966335996, 28.02122820319995, -1, -1, -1, -1
500, 0, 104.40418178689609, 67.86959818039998, 59.45176969146226, 28.021228203199946, -1, -1, -1, -1
501, 0, 104.14912139014177, 67.86959818039998, 59.44754274932492, 28.021228203199946, -1, -1, -1, -1
502, 0, 103.89406099338746, 67.86959818039998, 59.443315807187574, 28.021228203199946, -1, -1, -1, -1
503, 0, 103.63900059663312, 67.86959818039998, 59.43908886505024, 28.021228203199943, -1, -1, -1, -1
504, 0, 103.3839401998788, 67.86959818039998, 59.434861922912894, 28.02122820319994, -1, -1, -1, -1
505, 0, 103.12887980312448, 67.86959818039998, 59.43063498077555, 28.02122820319994, -1, -1, -1, -1
506, 0, 102.87573675819901, 67.8695981804008, 59.42449068680848, 28.021228203199612, -1, -1, -1, -1
507, 0, 102.62259371327355, 67.86959818040162, 59.418346392841414, 28.021228203199286, -1, -1, -1, -1
508, 0, 102.36945066834808, 67.86959818040245, 59.412202098874346, 28.02122820319896, -1, -1, -1, -1
509, 0, 102.11630762342261, 67.86959818040329, 59.406057804907284, 28.021228203198632, -1, -1, -1, -1
510, 0, 101.86316457849715, 67.86959818040413, 59.39991351094022, 28.021228203198305, -1, -1, -1, -1
511, 0, 101.61002153357168, 67.86959818040495, 59.393769216973155, 28.02122820319798, -1, -1, -1, -1
512, 0, 101.3568784886462, 67.86959818040577, 59.387624923006086, 28.02122820319765, -1, -1, -1, -1
513, 0, 101.10373544372074, 67.8695981804066, 59.38148062903902, 28.021228203197325, -1, -1, -1, -1
514, 0, 100.85059239879527, 67.86959818040742, 59.37533633507195, 28.021228203196998, -1, -1, -1, -1
515, 0, 100.59744935386979, 67.86959818040825, 59.36919204110488, 28.02122820319667, -1, -1, -1, -1
516, 0, 100.34430630894433, 67.86959818040907, 59.36304774713781, 28.021228203196344, -1, -1, -1, -1
517, 0, 100.09116326401886, 67.86959818040991, 59.35690345317075, 28.021228203196017, -1, -1, -1, -1
518, 0, 99.8380202190934, 67.86959818041075, 59.35075915920369, 28.02122820319569, -1, -1, -1, -1
519, 0, 99.58487717416793, 67.86959818041157, 59.34461486523662, 28.021228203195363, -1, -1, -1, -1
520, 0, 99.33173412924246, 67.8695981804124, 59.33847057126955, 28.021228203195037, -1, -1, -1, -1
521, 0, 99.078591084317, 67.86959818041322, 59.332326277302485, 28.02122820319471, -1, -1, -1, -1
522, 0, 98.82544803939153, 67.86959818041404, 59.32618198333542, 28.021228203194383, -1, -1, -1, -1
523, 0, 98.57230499446607, 67.86959818041487, 59.32003768936835, 28.021228203194056, -1, -1, -1, -1
524, 0, 98.3191619495406, 67.8695981804157, 59.31389339540128, 28.02122820319373, -1, -1, -1, -1
525, 0, 98.06601890461513, 67.86959818041653, 59.307749101434204, 28.021228203193402, -1, -1, -1, -1
526, 0, 97.81287585968967, 67.86959818041737, 59.30160480746713, 28.021228203193076, -1, -1, -1, -1
527, 0, 97.5597328147642, 67.8695981804182, 59.29546051350006, 28.02122820319275, -1, -1, -1, -1
528, 0, 97.30658976983872, 67.86959818041902, 59.28931621953299, 28.021228203192422, -1, -1, -1, -1
529, 0, 97.05344672491326, 67.86959818041984, 59.283171925565924, 28.021228203192095, -1, -1, -1, -1
530, 0, 96.80030367998779, 67.86959818042067, 59.277027631598855, 28.021228203191768, -1, -1, -1, -1
531, 0, 96.54716063506231, 67.8695981804215, 59.27088333763179, 28.021228203191438, -1, -1, -1, -1
532, 0, 96.29401759013685, 67.86959818042234, 59.26473904366472, 28.021228203191107, -1, -1, -1, -1
533, 0, 96.04087454521138, 67.86959818042317, 59.25859474969766, 28.02122820319078, -1, -1, -1, -1
534, 0, 95.78773150028591, 67.86959818042399, 59.252450455730596, 28.021228203190454, -1, -1, -1, -1
535, 0, 95.53458845536045, 67.86959818042482, 59.24630616176353, 28.021228203190123, -1, -1, -1, -1
536, 0, 95.28144541043498, 67.86959818042564, 59.24016186779646, 28.021228203189793, -1, -1, -1, -1
537, 0, 95.02830236550952, 67.86959818042648, 59.23401757382939, 28.021228203189466, -1, -1, -1, -1
538, 0, 94.77515932058405, 67.86959818042732, 59.22787327986232, 28.02122820318914, -1, -1, -1, -1
539, 0, 94.52201627565859, 67.86959818042814, 59.221728985895254, 28.021228203188812, -1, -1, -1, -1
540, 0, 94.26887323073312, 67.86959818042897, 59.215584691928186, 28.021228203188485, -1, -1, -1, -1
541, 0, 94.01573018580766, 67.86959818042979, 59.209440397961124, 28.02122820318816, -1, -1, -1, -1
542, 0, 93.76258714088219, 67.86959818043061, 59.20329610399406, 28.02122820318783, -1, -1, -1, -1
543, 0, 93.50944409595672, 67.86959818043144, 59.197151810026995, 28.021228203187505, -1, -1, -1, -1
544, 0, 93.25630105103124, 67.86959818043226, 59.191007516059926, 28.021228203187178, -1, -1, -1, -1
545, 0, 93.00315800610578, 67.8695981804331, 59.18486322209286, 28.02122820318685, -1, -1, -1, -1
546, 0, 92.75001496118031, 67.86959818043394, 59.17871892812579, 28.021228203186524, -1, -1, -1, -1
547, 0, 92.49687191625483, 67.86959818043476, 59.17257463415872, 28.021228203186197, -1, -1, -1, -1
548, 0, 92.24372887132937, 67.86959818043559, 59.16643034019165, 28.02122820318587, -1, -1, -1, -1
549, 0, 91.9905858264039, 67.86959818043641, 59.16028604622459, 28.02122820318554, -1, -1, -1, -1
550, 0, 91.73744278147844, 67.86959818043724, 59.15414175225753, 28.02122820318521, -1, -1, -1, -1
551, 0, 91.48429973655297, 67.86959818043806, 59.14799745829046, 28.021228203184883, -1, -1, -1, -1
552, 0, 91.2311566916275, 67.86959818043889, 59.14185316432339, 28.021228203184556, -1, -1, -1, -1
553, 0, 90.97801364670204, 67.86959818043972, 59.135708870356325, 28.02122820318423, -1, -1, -1, -1
554, 0, 90.69267351299193, 67.87373354469639, 59.135708870356325, 28.029498931697567, -1, -1, -1, -1
555, 0, 90.40733337928182, 67.87786890895306, 59.135708870356325, 28.037769660210905, -1, -1, -1, -1
556, 0, 90.1219932455717, 67.88200427320973, 59.135708870356325, 28.046040388724244, -1, -1, -1, -1
557, 0, 89.8366531118616, 67.8861396374664, 59.135708870356325, 28.054311117237578, -1, -1, -1, -1
558, 0, 89.55131297815149, 67.89027500172307, 59.135708870356325, 28.062581845750913, -1, -1, -1, -1
559, 0, 89.26597284444136, 67.89441036597974, 59.135708870356325, 28.07085257426425, -1, -1, -1, -1
560, 0, 88.98063271073126, 67.8985457302364, 59.135708870356325, 28.07912330277759, -1, -1, -1, -1
561, 0, 88.69529257702115, 67.90268109449308, 59.135708870356325, 28.087394031290927, -1, -1, -1, -1
562, 0, 88.40995244331104, 67.90681645874974, 59.135708870356325, 28.095664759804265, -1, -1, -1, -1
563, 0, 88.12461230960093, 67.9109518230064, 59.135708870356325, 28.1039354883176, -1, -1, -1, -1
564, 0, 87.83927217589081, 67.91508718726307, 59.135708870356325, 28.112206216830934, -1, -1, -1, -1
565, 0, 87.5539320421807, 67.91922255151974, 59.135708870356325, 28.120476945344272, -1, -1, -1, -1
566, 0, 87.2685919084706, 67.9233579157764, 59.135708870356325, 28.12874767385761, -1, -1, -1, -1
567, 0, 86.98325177476048, 67.92749328003308, 59.135708870356325, 28.137018402370945, -1, -1, -1, -1
568, 0, 86.69791164105037, 67.93162864428975, 59.135708870356325, 28.14528913088428, -1, -1, -1, -1
569, 0, 86.41257150734026, 67.93576400854641, 59.135708870356325, 28.153559859397618, -1, -1, -1, -1
570, 0, 86.12723137363015, 67.93989937280308, 59.135708870356325, 28.161830587910956, -1, -1, -1, -1
571, 0, 85.84189123992005, 67.94403473705975, 59.135708870356325, 28.17010131642429, -1, -1, -1, -1
572, 0, 85.55655110620992, 67.94817010131642, 59.135708870356325, 28.178372044937625, -1, -1, -1, -1
573, 0, 85.27121097249982, 67.95230546557309, 59.135708870356325, 28.186642773450963, -1, -1, -1, -1
574, 0, 84.98587083878971, 67.95644082982976, 59.135708870356325, 28.1949135019643, -1, -1, -1, -1
575, 0, 84.70053070507959, 67.96057619408643, 59.135708870356325, 28.203184230477635, -1, -1, -1, -1
576, 0, 84.41519057136948, 67.9647115583431, 59.135708870356325, 28.21145495899097, -1, -1, -1, -1
577, 0, 84.12985043765937, 67.96884692259977, 59.135708870356325, 28.219725687504308, -1, -1, -1, -1
578, 0, 83.84451030394926, 67.97298228685644, 59.135708870356325, 28.227996416017646, -1, -1, -1, -1
579, 0, 83.55917017023916, 67.9771176511131, 59.135708870356325, 28.236267144530984, -1, -1, -1, -1
580, 0, 83.27383003652903, 67.98125301536977, 59.135708870356325, 28.244537873044322, -1, -1, -1, -1
581, 0, 82.98848990281893, 67.98538837962644, 59.135708870356325, 28.25280860155766, -1, -1, -1, -1
582, 0, 82.70314976910882, 67.98952374388311, 59.135708870356325, 28.261079330071, -1, -1, -1, -1
583, 0, 82.4178096353987, 67.99365910813978, 59.135708870356325, 28.269350058584337, -1, -1, -1, -1
584, 0, 82.13246950168859, 67.99779447239644, 59.135708870356325, 28.277620787097675, -1, -1, -1, -1
585, 0, 81.84712936797848, 68.0019298366531, 59.135708870356325, 28.285891515611013, -1, -1, -1, -1
586, 0, 81.56178923426837, 68.00606520090977, 59.135708870356325, 28.294162244124347, -1, -1, -1, -1
587, 0, 81.27644910055827, 68.01020056516644, 59.135708870356325, 28.302432972637682, -1, -1, -1, -1
588, 0, 80.99110896684815, 68.01433592942311, 59.135708870356325, 28.310703701151017, -1, -1, -1, -1
589, 0, 80.70576883313804, 68.01847129367978, 59.135708870356325, 28.31897442966435, -1, -1, -1, -1
590, 0, 80.42042869942793, 68.02260665793645, 59.135708870356325, 28.327245158177686, -1, -1, -1, -1
591, 0, 80.13508856571781, 68.02674202219312, 59.135708870356325, 28.33551588669102, -1, -1, -1, -1
592, 0, 79.8497484320077, 68.03087738644979, 59.135708870356325, 28.343786615204355, -1, -1, -1, -1
593, 0, 79.5644082982976, 68.03501275070646, 59.135708870356325, 28.35205734371769, -1, -1, -1, -1
594, 0, 79.27906816458749, 68.03914811496313, 59.135708870356325, 28.360328072231027, -1, -1, -1, -1
595, 0, 78.99372803087738, 68.04328347921978, 59.135708870356325, 28.368598800744365, -1, -1, -1, -1
596, 0, 78.70838789716726, 68.04741884347645, 59.135708870356325, 28.376869529257704, -1, -1, -1, -1
597, 0, 78.42304776345715, 68.05155420773312, 59.135708870356325, 28.38514025777104, -1, -1, -1, -1
598, 0, 78.13770762974704, 68.05568957198979, 59.135708870356325, 28.39341098628438, -1, -1, -1, -1
599, 0, 77.85236749603692, 68.05982493624646, 59.135708870356325, 28.401681714797718, -1, -1, -1, -1
600, 0, 77.56702736232681, 68.06396030050313, 59.135708870356325, 28.409952443311056, -1, -1, -1, -1
601, 0, 77.2816872286167, 68.0680956647598, 59.135708870356325, 28.418223171824394, -1, -1, -1, -1
602, 0, 76.9963470949066, 68.07223102901646, 59.135708870356325, 28.42649390033773, -1, -1, -1, -1
603, 0, 76.71100696119649, 68.07636639327313, 59.135708870356325, 28.434764628851063, -1, -1, -1, -1
604, 0, 76.42566682748638, 68.0805017575298, 59.135708870356325, 28.443035357364398, -1, -1, -1, -1
605, 0, 76.14032669377627, 68.08463712178647, 59.13570887035632, 28.451306085877732, -1, -1, -1, -1
606, 0, 75.85498656006617, 68.08877248604314, 59.13570887035631, 28.459576814391067, -1, -1, -1, -1
607, 0, 75.56964642635606, 68.09290785029981, 59.13570887035631, 28.4678475429044, -1, -1, -1, -1
608, 0, 75.28430629264594, 68.09704321455648, 59.13570887035631, 28.476118271417736, -1, -1, -1, -1
609, 0, 74.99896615893583, 68.10117857881315, 59.13570887035631, 28.48438899993107, -1, -1, -1, -1
610, 0, 74.71362602522572, 68.10531394306982, 59.13570887035631, 28.49265972844441, -1, -1, -1, -1
611, 0, 74.4282858915156, 68.10944930732649, 59.13570887035631, 28.500930456957747, -1, -1, -1, -1
612, 0, 74.14294575780549, 68.11358467158315, 59.13570887035631, 28.509201185471085, -1, -1, -1, -1
613, 0, 73.85760562409538, 68.11772003583982, 59.13570887035631, 28.517471913984423, -1, -1, -1, -1
614, 0, 73.57226549038528, 68.12185540009649, 59.13570887035631, 28.52574264249776, -1, -1, -1, -1
615, 0, 73.28692535667517, 68.12599076435316, 59.13570887035631, 28.5340133710111, -1, -1, -1, -1
616, 0, 73.00158522296505, 68.13012612860982, 59.13570887035631, 28.542284099524437, -1, -1, -1, -1
617, 0, 72.71624508925494, 68.13426149286649, 59.13570887035631, 28.550554828037775, -1, -1, -1, -1
618, 0, 72.43090495554483, 68.13839685712315, 59.13570887035631, 28.558825556551113, -1, -1, -1, -1
619, 0, 72.14556482183471, 68.14253222137982, 59.13570887035631, 28.567096285064448, -1, -1, -1, -1
620, 0, 71.8602246881246, 68.1466675856365, 59.13570887035631, 28.575367013577782, -1, -1, -1, -1
621, 0, 71.5748845544145, 68.15080294989316, 59.13570887035631, 28.58363774209112, -1, -1, -1, -1
622, 0, 71.28954442070439, 68.15493831414983, 59.13570887035631, 28.59190847060446, -1, -1, -1, -1
623, 0, 71.00420428699428, 68.1590736784065, 59.13570887035631, 28.600179199117793, -1, -1, -1, -1
624, 0, 70.71886415328416, 68.16320904266317, 59.13570887035631, 28.608449927631128, -1, -1, -1, -1
625, 0, 70.43352401957405, 68.16734440691984, 59.13570887035631, 28.616720656144466, -1, -1, -1, -1
626, 0, 70.14818388586394, 68.17147977117651, 59.13570887035631, 28.624991384657804, -1, -1, -1, -1
627, 0, 69.86284375215382, 68.17561513543316, 59.13570887035631, 28.63326211317114, -1, -1, -1, -1
628, 0, 69.57750361844371, 68.17975049968983, 59.13570887035631, 28.641532841684473, -1, -1, -1, -1
629, 0, 69.2921634847336, 68.1838858639465, 59.13570887035632, 28.64980357019781, -1, -1, -1, -1
630, 0, 69.0068233510235, 68.18802122820317, 59.135708870356325, 28.65807429871115, -1, -1, -1, -1
631, 0, 68.72148321731339, 68.19215659245984, 59.135708870356325, 28.666345027224484, -1, -1, -1, -1
632, 0, 68.43614308360327, 68.19629195671651, 59.135708870356325, 28.67461575573782, -1, -1, -1, -1
633, 0, 68.15080294989316, 68.20042732097318, 59.135708870356325, 28.682886484251156, -1, -1, -1, -1
634, 0, 67.86546281618305, 68.20456268522985, 59.135708870356325, 28.691157212764494, -1, -1, -1, -1
635, 0, 67.58012268247293, 68.20869804948651, 59.135708870356325, 28.69942794127783, -1, -1, -1, -1
636, 0, 67.29478254876283, 68.21283341374318, 59.135708870356325, 28.707698669791164, -1, -1, -1, -1
637, 0, 67.00944241505272, 68.21696877799985, 59.135708870356325, 28.7159693983045, -1, -1, -1, -1
638, 0, 66.72410228134261, 68.22110414225652, 59.135708870356325, 28.72424012681784, -1, -1, -1, -1
639, 0, 66.4387621476325, 68.22523950651319, 59.135708870356325, 28.732510855331174, -1, -1, -1, -1
640, 0, 66.15342201392238, 68.22937487076986, 59.135708870356325, 28.74078158384451, -1, -1, -1, -1
641, 0, 65.86808188021227, 68.23351023502653, 59.135708870356325, 28.749052312357847, -1, -1, -1, -1
642, 0, 65.54965883244881, 68.25878190548394, 59.135708870356325, 28.75157947940359, -1, -1, -1, -1
643, 0, 65.23123578468537, 68.28405357594136, 59.135708870356325, 28.75410664644933, -1, -1, -1, -1
644, 0, 64.91281273692191, 68.30932524639877, 59.135708870356325, 28.75663381349507, -1, -1, -1, -1
645, 0, 64.59438968915845, 68.3345969168562, 59.135708870356325, 28.759160980540813, -1, -1, -1, -1
646, 0, 64.27596664139499, 68.35986858731363, 59.135708870356325, 28.761688147586554, -1, -1, -1, -1
647, 0, 63.95754359363153, 68.38514025777104, 59.135708870356325, 28.764215314632295, -1, -1, -1, -1
648, 0, 63.63912054586807, 68.41041192822846, 59.135708870356325, 28.766742481678037, -1, -1, -1, -1
649, 0, 63.320697498104614, 68.43568359868587, 59.13570887035633, 28.76926964872378, -1, -1, -1, -1
650, 0, 63.00227445034116, 68.46095526914328, 59.135708870356325, 28.77179681576952, -1, -1, -1, -1
651, 0, 62.6838514025777, 68.4862269396007, 59.135708870356325, 28.77432398281526, -1, -1, -1, -1
652, 0, 62.36542835481424, 68.51149861005811, 59.135708870356325, 28.776851149861002, -1, -1, -1, -1
653, 0, 62.04700530705079, 68.53677028051554, 59.135708870356325, 28.779378316906744, -1, -1, -1, -1
654, 0, 61.728582259287336, 68.56204195097297, 59.135708870356325, 28.781905483952485, -1, -1, -1, -1
655, 0, 61.410159211523876, 68.58731362143038, 59.135708870356325, 28.784432650998227, -1, -1, -1, -1
656, 0, 61.091736163760416, 68.6125852918878, 59.135708870356325, 28.786959818043968, -1, -1, -1, -1
657, 0, 60.77331311599696, 68.63785696234521, 59.13570887035632, 28.78948698508971, -1, -1, -1, -1
658, 0, 60.45489006823351, 68.66312863280262, 59.135708870356325, 28.79201415213545, -1, -1, -1, -1
659, 0, 60.13646702047005, 68.68840030326004, 59.135708870356325, 28.794541319181196, -1, -1, -1, -1
660, 0, 59.81804397270659, 68.71367197371745, 59.135708870356325, 28.79706848622694, -1, -1, -1, -1
661, 0, 59.49962092494313, 68.73894364417487, 59.135708870356325, 28.799595653272682, -1, -1, -1, -1
662, 0, 59.18119787717967, 68.76421531463228, 59.135708870356325, 28.802122820318424, -1, -1, -1, -1
663, 0, 58.86277482941622, 68.7894869850897, 59.135708870356325, 28.80464998736417, -1, -1, -1, -1
664, 0, 58.544351781652765, 68.81475865554711, 59.135708870356325, 28.807177154409914, -1, -1, -1, -1
665, 0, 58.225928733889305, 68.84003032600454, 59.135708870356325, 28.809704321455655, -1, -1, -1, -1
666, 0, 57.907505686125845, 68.86530199646197, 59.135708870356325, 28.812231488501396, -1, -1, -1, -1
667, 0, 57.58908263836239, 68.89057366691938, 59.135708870356325, 28.814758655547138, -1, -1, -1, -1
668, 0, 57.27065959059894, 68.9158453373768, 59.135708870356325, 28.81728582259288, -1, -1, -1, -1
669, 0, 56.95223654283548, 68.94111700783421, 59.135708870356325, 28.81981298963862, -1, -1, -1, -1
670, 0, 56.63381349507202, 68.96638867829162, 59.135708870356325, 28.822340156684362, -1, -1, -1, -1
671, 0, 56.31539044730856, 68.99166034874904, 59.135708870356325, 28.824867323730103, -1, -1, -1, -1
672, 0, 55.9969673995451, 69.01693201920645, 59.135708870356325, 28.827394490775845, -1, -1, -1, -1
673, 0, 55.678544351781646, 69.04220368966388, 59.13570887035633, 28.829921657821586, -1, -1, -1, -1
674, 0, 55.36012130401819, 69.0674753601213, 59.135708870356325, 28.832448824867328, -1, -1, -1, -1
675, 0, 55.04169825625473, 69.09274703057872, 59.135708870356325, 28.834975991913065, -1, -1, -1, -1
676, 0, 54.72327520849127, 69.11801870103614, 59.135708870356325, 28.837503158958803, -1, -1, -1, -1
677, 0, 54.40485216072781, 69.14329037149355, 59.135708870356325, 28.840030326004545, -1, -1, -1, -1
678, 0, 54.08642911296435, 69.16856204195096, 59.135708870356325, 28.842557493050286, -1, -1, -1, -1
679, 0, 53.7680060652009, 69.19383371240838, 59.135708870356325, 28.845084660096024, -1, -1, -1, -1
680, 0, 53.44958301743745, 69.21910538286579, 59.135708870356325, 28.847611827141762, -1, -1, -1, -1
681, 0, 53.13115996967399, 69.24437705332322, 59.135708870356325, 28.850138994187503, -1, -1, -1, -1
682, 0, 52.81273692191053, 69.26964872378065, 59.135708870356325, 28.852666161233245, -1, -1, -1, -1
683, 0, 52.494313874147075, 69.29492039423806, 59.135708870356325, 28.855193328278986, -1, -1, -1, -1
684, 0, 52.17589082638362, 69.32019206469548, 59.135708870356325, 28.857720495324727, -1, -1, -1, -1
685, 0, 51.85746777862016, 69.34546373515289, 59.135708870356325, 28.86024766237047, -1, -1, -1, -1
686, 0, 51.5390447308567, 69.3707354056103, 59.135708870356325, 28.86277482941621, -1, -1, -1, -1
687, 0, 51.22062168309325, 69.39600707606772, 59.135708870356325, 28.86530199646195, -1, -1, -1, -1
688, 0, 50.902198635329796, 69.42127874652513, 59.135708870356325, 28.867829163507693, -1, -1, -1, -1
689, 0, 50.583775587566336, 69.44655041698256, 59.135708870356325, 28.870356330553435, -1, -1, -1, -1
690, 0, 50.265352539802876, 69.47182208743999, 59.135708870356325, 28.872883497599176, -1, -1, -1, -1
691, 0, 49.94692949203942, 69.4970937578974, 59.135708870356325, 28.87541066464492, -1, -1, -1, -1
692, 0, 49.62850644427597, 69.52236542835482, 59.135708870356325, 28.877937831690666, -1, -1, -1, -1
693, 0, 49.31008339651251, 69.54763709881223, 59.135708870356325, 28.880464998736407, -1, -1, -1, -1
694, 0, 48.99166034874905, 69.57290876926965, 59.135708870356325, 28.88299216578215, -1, -1, -1, -1
695, 0, 48.67323730098559, 69.59818043972706, 59.135708870356325, 28.885519332827894, -1, -1, -1, -1
696, 0, 48.35481425322213, 69.62345211018447, 59.135708870356325, 28.88804649987364, -1, -1, -1, -1
697, 0, 48.03639120545868, 69.64872378064189, 59.13570887035632, 28.89057366691938, -1, -1, -1, -1
698, 0, 47.717968157695225, 69.6739954510993, 59.135708870356325, 28.89310083396512, -1, -1, -1, -1
699, 0, 47.399545109931765, 69.69926712155672, 59.135708870356325, 28.895628001010863, -1, -1, -1, -1
700, 0, 47.081122062168305, 69.72453879201413, 59.135708870356325, 28.898155168056604, -1, -1, -1, -1
701, 0, 46.762699014404845, 69.74981046247156, 59.135708870356325, 28.900682335102346, -1, -1, -1, -1
702, 0, 46.444275966641385, 69.77508213292899, 59.135708870356325, 28.903209502148087, -1, -1, -1, -1
703, 0, 46.12585291887793, 69.8003538033864, 59.135708870356325, 28.90573666919383, -1, -1, -1, -1
704, 0, 45.80742987111448, 69.82562547384381, 59.135708870356325, 28.90826383623957, -1, -1, -1, -1
705, 0, 45.48900682335102, 69.85089714430123, 59.135708870356325, 28.91079100328531, -1, -1, -1, -1
706, 0, 45.17058377558756, 69.87616881475864, 59.135708870356325, 28.913318170331053, -1, -1, -1, -1
707, 0, 44.852160727824106, 69.90144048521606, 59.135708870356325, 28.915845337376794, -1, -1, -1, -1
708, 0, 44.53373768006065, 69.92671215567347, 59.135708870356325, 28.918372504422535, -1, -1, -1, -1
709, 0, 44.21531463229719, 69.9519838261309, 59.135708870356325, 28.92089967146828, -1, -1, -1, -1
710, 0, 43.89689158453373, 69.97725549658833, 59.135708870356325, 28.923426838514025, -1, -1, -1, -1
711, 0, 43.57846853677028, 70.00252716704574, 59.135708870356325, 28.925954005559767, -1, -1, -1, -1
712, 0, 43.26004548900683, 70.02779883750316, 59.135708870356325, 28.928481172605508, -1, -1, -1, -1
713, 0, 42.94162244124337, 70.05307050796057, 59.135708870356325, 28.93100833965125, -1, -1, -1, -1
714, 0, 42.59540839101294, 69.96797718041296, 59.126909095824274, 29.05614055700987, -1, -1, -1, -1
715, 0, 42.24919434078251, 69.88288385286535, 59.11810932129222, 29.181272774368484, -1, -1, -1, -1
716, 0, 41.90298029055208, 69.79779052531774, 59.10930954676017, 29.3064049917271, -1, -1, -1, -1
717, 0, 41.55676624032166, 69.71269719777013, 59.10050977222812, 29.431537209085718, -1, -1, -1, -1
718, 0, 41.210552190091235, 69.62760387022252, 59.09170999769607, 29.556669426444333, -1, -1, -1, -1
719, 0, 40.864338139860806, 69.5425105426749, 59.08291022316402, 29.68180164380295, -1, -1, -1, -1
720, 0, 40.518124089630376, 69.4574172151273, 59.07411044863197, 29.806933861161568, -1, -1, -1, -1
721, 0, 40.17191003939995, 69.37232388757967, 59.06531067409991, 29.932066078520183, -1, -1, -1, -1
722, 0, 39.82569598916245, 69.3878607720128, 59.05651089957283, 29.956568083903704, -1, -1, -1, -1
723, 0, 39.47948193892495, 69.40339765644595, 59.04771112504575, 29.98107008928723, -1, -1, -1, -1
724, 0, 39.13326788868745, 69.41893454087909, 59.03891135051867, 30.005572094670754, -1, -1, -1, -1
725, 0, 38.78705383844995, 69.43447142531224, 59.03011157599158, 30.03007410005428, -1, -1, -1, -1
726, 0, 38.44083978821245, 69.45000830974539, 59.0213118014645, 30.054576105437803, -1, -1, -1, -1
727, 0, 38.09462573797495, 69.46554519417853, 59.012512026937415, 30.079078110821328, -1, -1, -1, -1
728, 0, 37.74841168773745, 69.48108207861168, 59.00371225241033, 30.103580116204853, -1, -1, -1, -1
729, 0, 37.40219763749995, 69.49661896304481, 58.99491247788325, 30.128082121588378, -1, -1, -1, -1
730, 0, 37.05598358726245, 69.51215584747794, 58.98611270335616, 30.152584126971902, -1, -1, -1, -1
731, 0, 36.709769537024954, 69.52769273191109, 58.97731292882908, 30.177086132355427, -1, -1, -1, -1
732, 0, 36.363555486787455, 69.54322961634423, 58.968513154301995, 30.201588137738952, -1, -1, -1, -1
733, 0, 36.017341436549955, 69.55876650077738, 58.95971337977491, 30.226090143122477, -1, -1, -1, -1
734, 0, 35.671127386312456, 69.57430338521053, 58.95091360524783, 30.250592148506, -1, -1, -1, -1
735, 0, 35.32491333607496, 69.58984026964367, 58.94211383072074, 30.275094153889526, -1, -1, -1, -1
736, 0, 34.978699285837465, 69.60537715407682, 58.933314056193666, 30.29959615927305, -1, -1, -1, -1
737, 0, 34.632485235599965, 69.62091403850995, 58.92451428166658, 30.324098164656576, -1, -1, -1, -1
738, 0, 34.286271185362466, 69.63645092294308, 58.9157145071395, 30.3486001700401, -1, -1, -1, -1
739, 0, 33.94005713512497, 69.65198780737623, 58.90691473261242, 30.373102175423625, -1, -1, -1, -1
740, 0, 33.59384308488747, 69.66752469180938, 58.898114958085344, 30.39760418080715, -1, -1, -1, -1
741, 0, 33.24762903464997, 69.68306157624252, 58.88931518355826, 30.422106186190675, -1, -1, -1, -1
742, 0, 32.90141498441247, 69.69859846067567, 58.880515409031176, 30.4466081915742, -1, -1, -1, -1
743, 0, 32.55520093417497, 69.71413534510882, 58.8717156345041, 30.471110196957724, -1, -1, -1, -1
744, 0, 32.20898688393747, 69.72967222954196, 58.86291585997702, 30.49561220234125, -1, -1, -1, -1
745, 0, 31.86277283369997, 69.7452091139751, 58.85411608544994, 30.520114207724774, -1, -1, -1, -1
746, 0, 31.51655878346247, 69.76074599840823, 58.845316310922854, 30.5446162131083, -1, -1, -1, -1
747, 0, 31.170344733224972, 69.77628288284137, 58.83651653639578, 30.569118218491827, -1, -1, -1, -1
748, 0, 30.824130682987473, 69.79181976727452, 58.82771676186869, 30.593620223875355, -1, -1, -1, -1
749, 0, 30.477916632749977, 69.80735665170766, 58.81891698734161, 30.61812222925888, -1, -1, -1, -1
750, 0, 30.13170258251248, 69.82289353614081, 58.810117212814525, 30.642624234642405, -1, -1, -1, -1
751, 0, 29.785488532274982, 69.83843042057396, 58.80131743828744, 30.667126240025933, -1, -1, -1, -1
752, 0, 29.439274482037483, 69.8539673050071, 58.79251766376036, 30.69162824540946, -1, -1, -1, -1
753, 0, 29.093060431799984, 69.86950418944024, 58.78371788923327, 30.716130250792986, -1, -1, -1, -1
754, 0, 28.746846381562484, 69.88504107387337, 58.77491811470619, 30.74063225617651, -1, -1, -1, -1
755, 0, 28.400632331324985, 69.90057795830651, 58.766118340179105, 30.765134261560036, -1, -1, -1, -1
756, 0, 28.054418281087486, 69.91611484273966, 58.75731856565203, 30.78963626694356, -1, -1, -1, -1
757, 0, 27.708204230849987, 69.9316517271728, 58.748518791124944, 30.814138272327085, -1, -1, -1, -1
758, 0, 27.361990180612487, 69.94718861160595, 58.73971901659786, 30.83864027771061, -1, -1, -1, -1
759, 0, 27.015776130374988, 69.9627254960391, 58.73091924207078, 30.863142283094135, -1, -1, -1, -1
760, 0, 26.66956208013749, 69.97826238047224, 58.7221194675437, 30.88764428847766, -1, -1, -1, -1
761, 0, 26.32334802989999, 69.99379926490538, 58.713319693016615, 30.912146293861184, -1, -1, -1, -1
762, 0, 25.97713397966249, 70.00933614933851, 58.70451991848953, 30.93664829924471, -1, -1, -1, -1
763, 0, 25.63091992942499, 70.02487303377166, 58.69572014396245, 30.961150304628234, -1, -1, -1, -1
764, 0, 25.28470587918749, 70.0404099182048, 58.68692036943537, 30.98565231001176, -1, -1, -1, -1
765, 0, 24.938491828949992, 70.05594680263795, 58.678120594908286, 31.010154315395283, -1, -1, -1, -1
766, 0, 24.592277778712493, 70.0714836870711, 58.6693208203812, 31.034656320778808, -1, -1, -1, -1
767, 0, 24.246063728474994, 70.08702057150424, 58.660521045854125, 31.059158326162333, -1, -1, -1, -1
768, 0, 23.899849678237494, 70.10255745593739, 58.65172127132704, 31.083660331545858, -1, -1, -1, -1
769, 0, 23.553635628, 70.11809434037052, 58.64292149679996, 31.10816233692938, -1, -1, -1, -1
770, 0, 23.193102167231487, 70.15655880733908, 58.64844113280434, 31.109736759774762, -1, -1, -1, -1
771, 0, 22.832568706462972, 70.19502327430766, 58.653960768808716, 31.11131118262015, -1, -1, -1, -1
772, 0, 22.47203524569446, 70.23348774127622, 58.659480404813095, 31.112885605465532, -1, -1, -1, -1
773, 0, 22.11150178492595, 70.27195220824478, 58.66500004081748, 31.114460028310916, -1, -1, -1, -1
774, 0, 21.750968324157437, 70.31041667521336, 58.67051967682187, 31.1160344511563, -1, -1, -1, -1
775, 0, 21.390434863388926, 70.34888114218192, 58.67603931282625, 31.117608874001682, -1, -1, -1, -1
776, 0, 21.02990140262041, 70.38734560915049, 58.68155894883063, 31.119183296847066, -1, -1, -1, -1
777, 0, 20.6693679418519, 70.42581007611906, 58.68707858483501, 31.12075771969245, -1, -1, -1, -1
778, 0, 20.308834481083387, 70.46427454308764, 58.692598220839386, 31.122332142537832, -1, -1, -1, -1
779, 0, 19.948301020314872, 70.5027390100562, 58.69811785684377, 31.123906565383216, -1, -1, -1, -1
780, 0, 19.58776755954636, 70.54120347702477, 58.70363749284816, 31.1254809882286, -1, -1, -1, -1
781, 0, 19.22723409877785, 70.57966794399334, 58.70915712885254, 31.127055411073982, -1, -1, -1, -1
782, 0, 18.866700638009338, 70.6181324109619, 58.71467676485692, 31.128629833919366, -1, -1, -1, -1
783, 0, 18.506167177240826, 70.65659687793047, 58.7201964008613, 31.13020425676475, -1, -1, -1, -1
784, 0, 18.145633716472314, 70.69506134489905, 58.72571603686568, 31.131778679610132, -1, -1, -1, -1
785, 0, 17.785100255703803, 70.73352581186761, 58.73123567287006, 31.133353102455516, -1, -1, -1, -1
786, 0, 17.42456679493529, 70.77199027883617, 58.73675530887445, 31.1349275253009, -1, -1, -1, -1
787, 0, 17.06403333416678, 70.81045474580475, 58.74227494487883, 31.136501948146282, -1, -1, -1, -1
788, 0, 16.703499873398265, 70.84891921277331, 58.74779458088321, 31.138076370991666, -1, -1, -1, -1
789, 0, 16.342966412629753, 70.88738367974187, 58.75331421688759, 31.13965079383705, -1, -1, -1, -1
790, 0, 15.982432951861242, 70.92584814671045, 58.75883385289197, 31.141225216682432, -1, -1, -1, -1
791, 0, 15.621899491092728, 70.96431261367901, 58.764353488896354, 31.142799639527816, -1, -1, -1, -1
792, 0, 15.261366030324215, 71.00277708064758, 58.76987312490074, 31.1443740623732, -1, -1, -1, -1
793, 0, 14.900832569555703, 71.04124154761615, 58.77539276090512, 31.145948485218582, -1, -1, -1, -1
794, 0, 14.540299108787192, 71.07970601458472, 58.7809123969095, 31.14752290806397, -1, -1, -1, -1
795, 0, 14.179765648018678, 71.11817048155328, 58.78643203291388, 31.149097330909356, -1, -1, -1, -1
796, 0, 13.819232187250165, 71.15663494852186, 58.79195166891826, 31.150671753754743, -1, -1, -1, -1
797, 0, 13.458698726481654, 71.19509941549042, 58.79747130492264, 31.15224617660013, -1, -1, -1, -1
798, 0, 13.098165265713142, 71.23356388245898, 58.80299094092702, 31.153820599445517, -1, -1, -1, -1
799, 0, 12.73763180494463, 71.27202834942756, 58.8085105769314, 31.155395022290904, -1, -1, -1, -1
800, 0, 12.377098344176119, 71.31049281639612, 58.814030212935776, 31.15696944513629, -1, -1, -1, -1
801, 0, 12.016564883407606, 71.34895728336468, 58.81954984894016, 31.158543867981678, -1, -1, -1, -1
802, 0, 11.656031422639092, 71.38742175033326, 58.82506948494455, 31.16011829082706, -1, -1, -1, -1
803, 0, 11.29549796187058, 71.42588621730182, 58.83058912094893, 31.161692713672444, -1, -1, -1, -1
804, 0, 10.934964501102069, 71.46435068427039, 58.83610875695331, 31.163267136517828, -1, -1, -1, -1
805, 0, 10.574431040333558, 71.50281515123896, 58.84162839295769, 31.16484155936321, -1, -1, -1, -1
806, 0, 10.213897579565046, 71.54127961820753, 58.84714802896207, 31.166415982208594, -1, -1, -1, -1
807, 0, 9.853364118796533, 71.57974408517609, 58.852667664966454, 31.167990405053978, -1, -1, -1, -1
808, 0, 9.49283065802802, 71.61820855214467, 58.85818730097084, 31.16956482789936, -1, -1, -1, -1
809, 0, 9.132297197259508, 71.65667301911323, 58.86370693697522, 31.171139250744744, -1, -1, -1, -1
810, 0, 8.771763736490996, 71.69513748608179, 58.8692265729796, 31.172713673590128, -1, -1, -1, -1
811, 0, 8.411230275722483, 71.73360195305037, 58.87474620898398, 31.17428809643551, -1, -1, -1, -1
812, 0, 8.05069681495397, 71.77206642001893, 58.88026584498836, 31.17586251928089, -1, -1, -1, -1
813, 0, 7.690163354185457, 71.8105308869875, 58.885785480992745, 31.177436942126274, -1, -1, -1, -1
814, 0, 7.329629893416945, 71.84899535395607, 58.89130511699713, 31.179011364971657, -1, -1, -1, -1
815, 0, 6.969096432648431, 71.88745982092463, 58.89682475300151, 31.180585787817037, -1, -1, -1, -1
816, 0, 6.608562971879919, 71.9259242878932, 58.90234438900589, 31.18216021066242, -1, -1, -1, -1
817, 0, 6.248029511111406, 71.96438875486177, 58.90786402501027, 31.183734633507804, -1, -1, -1, -1
818, 0, 5.9548220209633795, 72.01554069385405, 58.82627520880558, 31.21677902455683, -1, -1, -1, -1
819, 0, 5.661614530815353, 72.06669263284633, 58.74468639260089, 31.24982341560585, -1, -1, -1, -1
820, 0, 5.368407040667326, 72.11784457183859, 58.6630975763962, 31.28286780665487, -1, -1, -1, -1
821, 0, 5.075199550519299, 72.16899651083087, 58.58150876019151, 31.315912197703895, -1, -1, -1, -1
822, 0, 4.781992060371272, 72.22014844982314, 58.499919943986825, 31.348956588752916, -1, -1, -1, -1
823, 0, 4.488784570223245, 72.2713003888154, 58.41833112778214, 31.382000979801937, -1, -1, -1, -1
824, 0, 4.195577080075219, 72.32245232780768, 58.33674231157745, 31.41504537085096, -1, -1, -1, -1
825, 0, 3.902369589927192, 72.37360426679996, 58.25515349537276, 31.448089761899983, -1, -1, -1, -1
826, 0, 3.414573391186293, 72.42475620578746, 58.36815338776367, 31.481134152949984, -1, -1, -1, -1
827, 0, 2.9267771924453942, 72.47590814477496, 58.48115328015459, 31.51417854399999, -1, -1, -1, -1
828, 0, 2.438980993704495, 72.52706008376246, 58.594153172545504, 31.547222935049994, -1, -1, -1, -1
829, 0, 1.951184794963596, 72.57821202274997, 58.70715306493642, 31.5802673261, -1, -1, -1, -1
830, 0, 1.4633885962226971, 72.62936396173747, 58.82015295732734, 31.613311717150005, -1, -1, -1, -1
831, 0, 0.975592397481798, 72.68051590072497, 58.93315284971825, 31.64635610820001, -1, -1, -1, -1
832, 0, 0.487796198740899, 72.73166783971247, 59.04615274210916, 31.679400499250015, -1, -1, -1, -1
833, 0, 0.0, 72.78281977869997, 59.159152634500074, 31.712444890300016, -1, -1, -1, -1
834, 0, 1.6160941677636837e-15, 72.83397171768748, 58.78435632813756, 31.796920489333793, -1, -1, -1, -1
835, 0, 3.2321883355273674e-15, 72.88512365667498, 58.40956002177505, 31.881396088367573, -1, -1, -1, -1
836, 0, 4.8482825032910515e-15, 72.93627559566248, 58.03476371541254, 31.96587168740135, -1, -1, -1, -1
837, 0, 6.464376671054735e-15, 72.98742753464998, 57.659967409050026, 32.05034728643513, -1, -1, -1, -1
838, 0, 8.080470838818418e-15, 73.03857947363748, 57.285171102687514, 32.13482288546891, -1, -1, -1, -1
839, 0, 9.696565006582103e-15, 73.08973141262499, 56.910374796325, 32.21929848450268, -1, -1, -1, -1
840, 0, 1.1312659174345786e-14, 73.14088335161249, 56.53557848996249, 32.30377408353645, -1, -1, -1, -1
841, 0, 1.292875334210947e-14, 73.19203529059999, 56.16078218359998, 32.38824968257023, -1, -1, -1, -1
842, 0, 1.2524729800168548e-14, 73.24318722959384, 55.785985877244606, 32.40843627162489, -1, -1, -1, -1
843, 0, 1.2120706258227627e-14, 73.29433916858768, 55.411189570889235, 32.42862286067955, -1, -1, -1, -1
844, 0, 1.1716682716286706e-14, 73.34549110758152, 55.03639326453387, 32.44880944973421, -1, -1, -1, -1
845, 0, 1.1312659174345786e-14, 73.39664304657538, 54.6615969581785, 32.46899603878888, -1, -1, -1, -1
846, 0, 1.0908635632404867e-14, 73.44779498556922, 54.28680065182313, 32.48918262784355, -1, -1, -1, -1
847, 0, 1.0504612090463945e-14, 73.49894692456306, 53.912004345467764, 32.50936921689821, -1, -1, -1, -1
848, 0, 1.0100588548523024e-14, 73.55009886355691, 53.53720803911239, 32.52955580595287, -1, -1, -1, -1
849, 0, 9.696565006582103e-15, 73.60125080255075, 53.16241173275702, 32.54974239500753, -1, -1, -1, -1
850, 0, 9.292541464641182e-15, 73.65240274154459, 52.78761542640165, 32.56992898406219, -1, -1, -1, -1
851, 0, 8.88851792270026e-15, 73.70355468053845, 52.41281912004628, 32.59011557311685, -1, -1, -1, -1
852, 0, 8.48449438075934e-15, 73.75470661953229, 52.03802281369091, 32.61030216217151, -1, -1, -1, -1
853, 0, 8.080470838818418e-15, 73.80585855852613, 51.66322650733554, 32.63048875122617, -1, -1, -1, -1
854, 0, 7.676447296877497e-15, 73.85701049751998, 51.288430200980166, 32.65067534028083, -1, -1, -1, -1
855, 0, 7.272423754936576e-15, 73.90816243651382, 50.913633894624795, 32.67086192933549, -1, -1, -1, -1
856, 0, 6.868400212995655e-15, 73.95931437550766, 50.53883758826943, 32.69104851839015, -1, -1, -1, -1
857, 0, 6.464376671054735e-15, 74.01046631450151, 50.16404128191406, 32.71123510744481, -1, -1, -1, -1
858, 0, 6.0603531291138136e-15, 74.06161825349537, 49.78924497555869, 32.73142169649947, -1, -1, -1, -1
859, 0, 5.656329587172892e-15, 74.11277019248921, 49.414448669203324, 32.75160828555413, -1, -1, -1, -1
860, 0, 5.252306045231971e-15, 74.16392213148305, 49.03965236284795, 32.77179487460879, -1, -1, -1, -1
861, 0, 4.848282503291051e-15, 74.2150740704769, 48.66485605649258, 32.79198146366345, -1, -1, -1, -1
862, 0, 4.44425896135013e-15, 74.26622600947074, 48.29005975013721, 32.81216805271811, -1, -1, -1, -1
863, 0, 4.040235419409209e-15, 74.31737794846458, 47.91526344378184, 32.83235464177277, -1, -1, -1, -1
864, 0, 3.636211877468288e-15, 74.36852988745844, 47.54046713742647, 32.85254123082743, -1, -1, -1, -1
865, 0, 3.2321883355273666e-15, 74.41968182645228, 47.1656708310711, 32.87272781988209, -1, -1, -1, -1
866, 0, 2.8281647935864458e-15, 74.47083376544612, 46.790874524715726, 32.89291440893675, -1, -1, -1, -1
867, 0, 2.424141251645525e-15, 74.52198570443997, 46.416078218360354, 32.913100997991414, -1, -1, -1, -1
868, 0, 2.020117709704604e-15, 74.57313764343381, 46.04128191200498, 32.93328758704608, -1, -1, -1, -1
869, 0, 1.6160941677636833e-15, 74.62428958242765, 45.66648560564961, 32.95347417610074, -1, -1, -1, -1
870, 0, 1.2120706258227625e-15, 74.6754415214215, 45.29168929929424, 32.9736607651554, -1, -1, -1, -1
871, 0, 8.080470838818417e-16, 74.72659346041534, 44.91689299293887, 32.99384735421006, -1, -1, -1, -1
872, 0, 4.0402354194092083e-16, 74.77774539940918, 44.542096686583506, 33.01403394326472, -1, -1, -1, -1
873, 0, 0.0, 74.82889733840304, 44.167300380228134, 33.03422053231939, -1, -1, -1, -1
874, 0, 0.0, 74.89733840304183, 43.787072243346, 32.92775665399239, -1, -1, -1, -1
875, 0, 0.0, 74.9657794676806, 43.40684410646388, 32.8212927756654, -1, -1, -1, -1
876, 0, 0.0, 75.03422053231938, 43.02661596958175, 32.7148288973384, -1, -1, -1, -1
877, 0, 0.0, 75.10266159695817, 42.64638783269962, 32.6083650190114, -1, -1, -1, -1
878, 0, 0.0, 75.17110266159696, 42.266159695817485, 32.5019011406844, -1, -1, -1, -1
879, 0, 0.0, 75.23954372623574, 41.885931558935354, 32.395437262357405, -1, -1, -1, -1
880, 0, 0.0, 75.30798479087451, 41.50570342205323, 32.288973384030406, -1, -1, -1, -1
881, 0, 0.0, 75.3764258555133, 41.1254752851711, 32.18250950570341, -1, -1, -1, -1
882, 0, 0.0, 75.4448669201521, 40.74524714828897, 32.076045627376416, -1, -1, -1, -1
883, 0, 0.0, 75.51330798479087, 40.365019011406844, 31.969581749049418, -1, -1, -1, -1
884, 0, 0.0, 75.58174904942965, 39.98479087452471, 31.863117870722423, -1, -1, -1, -1
885, 0, 0.0, 75.65019011406844, 39.60456273764258, 31.756653992395428, -1, -1, -1, -1
886, 0, 0.0, 75.71863117870723, 39.22433460076045, 31.650190114068433, -1, -1, -1, -1
887, 0, 0.0, 75.787072243346, 38.84410646387832, 31.54372623574144, -1, -1, -1, -1
888, 0, 0.0, 75.85551330798478, 38.463878326996195, 31.437262357414443, -1, -1, -1, -1
889, 0, 0.0, 75.92395437262357, 38.083650190114064, 31.33079847908745, -1, -1, -1, -1
890, 0, 0.0, 75.99239543726236, 37.70342205323193, 31.22433460076045, -1, -1, -1, -1
891, 0, 0.0, 76.06083650190114, 37.32319391634981, 31.117870722433455, -1, -1, -1, -1
892, 0, 0.0, 76.12927756653991, 36.94296577946768, 31.01140684410646, -1, -1, -1, -1
893, 0, 0.0, 76.1977186311787, 36.562737642585546, 30.904942965779462, -1, -1, -1, -1
894, 0, 0.0, 76.26615969581749, 36.18250950570342, 30.798479087452463, -1, -1, -1, -1
895, 0, 0.0, 76.33460076045627, 35.80228136882129, 30.69201520912547, -1, -1, -1, -1
896, 0, 0.0, 76.40304182509504, 35.42205323193916, 30.585551330798474, -1, -1, -1, -1
897, 0, 0.0, 76.47148288973384, 35.041825095057035, 30.479087452471475, -1, -1, -1, -1
898, 0, 0.0, 76.53992395437263, 34.661596958174904, 30.372623574144477, -1, -1, -1, -1
899, 0, 0.0, 76.6083650190114, 34.28136882129277, 30.266159695817482, -1, -1, -1, -1
900, 0, 0.0, 76.67680608365018, 33.90114068441065, 30.159695817490487, -1, -1, -1, -1
901, 0, 0.0, 76.74524714828897, 33.52091254752852, 30.05323193916349, -1, -1, -1, -1
902, 0, 0.0, 76.81368821292776, 33.14068441064639, 29.94676806083649, -1, -1, -1, -1
903, 0, 0.0, 76.88212927756653, 32.76045627376426, 29.840304182509495, -1, -1, -1, -1
904, 0, 0.0, 76.95057034220531, 32.38022813688213, 29.7338403041825, -1, -1, -1, -1
905, 0, 0.0, 77.0190114068441, 32.0, 29.627376425855502, -1, -1, -1, -1
906, 0, 0.0, 77.08745247148289, 31.61977186311787, 29.520912547528507, -1, -1, -1, -1
907, 0, 0.0, 77.15589353612167, 31.23954372623574, 29.414448669201512, -1, -1, -1, -1
908, 0, 0.0, 77.22433460076044, 30.859315589353614, 29.307984790874517, -1, -1, -1, -1
909, 0, 0.0, 77.29277566539923, 30.479087452471482, 29.201520912547522, -1, -1, -1, -1
910, 0, 0.0, 77.36121673003802, 30.09885931558935, 29.095057034220527, -1, -1, -1, -1
911, 0, 0.0, 77.4296577946768, 29.718631178707223, 28.988593155893533, -1, -1, -1, -1
912, 0, 0.0, 77.49809885931558, 29.338403041825096, 28.882129277566538, -1, -1, -1, -1
913, 0, 0.0, 77.56653992395437, 28.958174904942965, 28.775665399239543, -1, -1, -1, -1
914, 0, 0.0, 77.63498098859316, 28.577946768060833, 28.669201520912544, -1, -1, -1, -1
915, 0, 0.0, 77.70342205323193, 28.197718631178706, 28.56273764258555, -1, -1, -1, -1
916, 0, 0.0, 77.77186311787071, 27.817490494296578, 28.456273764258555, -1, -1, -1, -1
917, 0, 0.0, 77.8403041825095, 27.437262357414447, 28.349809885931556, -1, -1, -1, -1
918, 0, 0.0, 77.90874524714829, 27.057034220532316, 28.24334600760456, -1, -1, -1, -1
919, 0, 0.0, 77.97718631178707, 26.676806083650188, 28.136882129277566, -1, -1, -1, -1
920, 0, 0.0, 78.04562737642584, 26.29657794676806, 28.030418250950568, -1, -1, -1, -1
921, 0, 0.0, 78.11406844106463, 25.91634980988593, 27.923954372623573, -1, -1, -1, -1
922, 0, 0.0, 78.16425855513307, 25.542205323193915, 27.946768060836497, -1, -1, -1, -1
923, 0, 0.0, 78.21444866920152, 25.1680608365019, 27.969581749049425, -1, -1, -1, -1
924, 0, 0.0, 78.26463878326996, 24.793916349809884, 27.992395437262353, -1, -1, -1, -1
925, 0, 0.0, 78.3148288973384, 24.41977186311787, 28.01520912547528, -1, -1, -1, -1
926, 0, 0.0, 78.36501901140684, 24.045627376425855, 28.038022813688208, -1, -1, -1, -1
927, 0, 0.0, 78.41520912547529, 23.671482889733838, 28.060836501901136, -1, -1, -1, -1
928, 0, 0.0, 78.46539923954373, 23.297338403041824, 28.083650190114064, -1, -1, -1, -1
929, 0, 0.0, 78.51558935361216, 22.92319391634981, 28.10646387832699, -1, -1, -1, -1
930, 0, 0.0, 78.56577946768058, 22.549049429657792, 28.12927756653992, -1, -1, -1, -1
931, 0, 0.0, 78.61596958174903, 22.174904942965778, 28.152091254752847, -1, -1, -1, -1
932, 0, 0.0, 78.66615969581747, 21.800760456273764, 28.174904942965775, -1, -1, -1, -1
933, 0, 0.0, 78.71634980988591, 21.426615969581746, 28.197718631178702, -1, -1, -1, -1
934, 0, 0.0, 78.76653992395435, 21.052471482889732, 28.22053231939163, -1, -1, -1, -1
935, 0, 0.0, 78.8167300380228, 20.67832699619772, 28.243346007604558, -1, -1, -1, -1
936, 0, 0.0, 78.86692015209124, 20.3041825095057, 28.266159695817485, -1, -1, -1, -1
937, 0, 0.0, 78.91711026615968, 19.930038022813687, 28.288973384030413, -1, -1, -1, -1
938, 0, 0.0, 78.96730038022812, 19.555893536121673, 28.31178707224334, -1, -1, -1, -1
939, 0, 0.0, 79.01749049429657, 19.181749049429655, 28.33460076045627, -1, -1, -1, -1
940, 0, 0.0, 79.06768060836501, 18.80760456273764, 28.357414448669196, -1, -1, -1, -1
941, 0, 0.0, 79.11787072243345, 18.433460076045627, 28.380228136882124, -1, -1, -1, -1
942, 0, 0.0, 79.1680608365019, 18.05931558935361, 28.403041825095052, -1, -1, -1, -1
943, 0, 0.0, 79.21825095057034, 17.685171102661595, 28.42585551330798, -1, -1, -1, -1
944, 0, 0.0, 79.26844106463878, 17.31102661596958, 28.448669201520907, -1, -1, -1, -1
945, 0, 0.0, 79.31863117870722, 16.936882129277564, 28.471482889733835, -1, -1, -1, -1
946, 0, 0.0, 79.36882129277566, 16.56273764258555, 28.494296577946763, -1, -1, -1, -1
947, 0, 0.0, 79.4190114068441, 16.188593155893535, 28.51711026615969, -1, -1, -1, -1
948, 0, 0.0, 79.46920152091255, 15.81444866920152, 28.539923954372618, -1, -1, -1, -1
949, 0, 0.0, 79.51939163498099, 15.440304182509504, 28.562737642585546, -1, -1, -1, -1
950, 0, 0.0, 79.56958174904943, 15.06615969581749, 28.585551330798474, -1, -1, -1, -1
951, 0, 0.0, 79.61977186311788, 14.692015209125474, 28.6083650190114, -1, -1, -1, -1
952, 0, 0.0, 79.66996197718632, 14.317870722433458, 28.63117870722433, -1, -1, -1, -1
953, 0, 0.0, 79.72015209125475, 13.943726235741444, 28.653992395437257, -1, -1, -1, -1
954, 0, 0.0, 79.77034220532317, 13.56958174904943, 28.676806083650185, -1, -1, -1, -1
955, 0, 0.0, 79.82053231939162, 13.195437262357414, 28.699619771863112, -1, -1, -1, -1
956, 0, 0.0, 79.87072243346006, 12.821292775665398, 28.72243346007604, -1, -1, -1, -1
957, 0, 0.0, 79.9209125475285, 12.447148288973384, 28.745247148288968, -1, -1, -1, -1
958, 0, 0.0, 79.97110266159694, 12.073003802281368, 28.768060836501895, -1, -1, -1, -1
959, 0, 0.0, 80.02129277566539, 11.698859315589353, 28.790874524714823, -1, -1, -1, -1
960, 0, 0.0, 80.07148288973383, 11.324714828897338, 28.81368821292775, -1, -1, -1, -1
961, 0, 0.0, 80.12167300380227, 10.950570342205323, 28.836501901140682, -1, -1, -1, -1
962, 0, 0.0, 80.34783259162717, 10.578932747867157, 28.607182507007153, -1, -1, -1, -1
963, 0, 0.0, 80.57399217945206, 10.207295153528992, 28.377863112873627, -1, -1, -1, -1
964, 0, 0.0, 80.80015176727696, 9.835657559190828, 28.1485437187401, -1, -1, -1, -1
965, 0, 0.0, 81.02631135510184, 9.464019964852664, 27.919224324606574, -1, -1, -1, -1
966, 0, 0.0, 81.25247094292672, 9.0923823705145, 27.68990493047305, -1, -1, -1, -1
967, 0, 0.0, 81.47863053075162, 8.720744776176334, 27.46058553633952, -1, -1, -1, -1
968, 0, 0.0, 81.70479011857651, 8.34910718183817, 27.23126614220599, -1, -1, -1, -1
969, 0, 0.0, 81.9309497064014, 7.977469587500004, 27.001946748072463, -1, -1, -1, -1
970, 0, 5.716971907572805e-16, 82.3207597003256, 7.605831993150323, 26.136209107985465, -1, -1, -1, -1
971, 0, 1.143394381514561e-15, 82.71056969424978, 7.234194398800641, 25.270471467898467, -1, -1, -1, -1
972, 0, 1.7150915722718416e-15, 83.10037968817397, 6.862556804450959, 24.40473382781147, -1, -1, -1, -1
973, 0, 2.286788763029122e-15, 83.49018968209816, 6.490919210101277, 23.538996187724468, -1, -1, -1, -1
974, 0, 2.8584859537864025e-15, 83.87999967602235, 6.119281615751595, 22.673258547637467, -1, -1, -1, -1
975, 0, 3.4301831445436833e-15, 84.26980966994654, 5.747644021401912, 21.80752090755047, -1, -1, -1, -1
976, 0, 4.001880335300964e-15, 84.65961966387073, 5.37600642705223, 20.94178326746347, -1, -1, -1, -1
977, 0, 4.573577526058244e-15, 85.04942965779492, 5.004368832702548, 20.076045627376473, -1, -1, -1, -1
978, 0, 4.001880335300964e-15, 85.77946768060858, 4.629773298956935, 19.482889733840345, -1, -1, -1, -1
979, 0, 3.4301831445436833e-15, 86.50950570342224, 4.255177765211322, 18.889733840304217, -1, -1, -1, -1
980, 0, 2.8584859537864025e-15, 87.2395437262359, 3.8805822314657084, 18.29657794676809, -1, -1, -1, -1
981, 0, 2.286788763029122e-15, 87.96958174904955, 3.505986697720095, 17.70342205323196, -1, -1, -1, -1
982, 0, 1.7150915722718416e-15, 88.69961977186321, 3.131391163974482, 17.110266159695833, -1, -1, -1, -1
983, 0, 1.143394381514561e-15, 89.42965779467687, 2.7567956302288685, 16.517110266159705, -1, -1, -1, -1
984, 0, 5.716971907572805e-16, 90.15969581749053, 2.3822000964832553, 15.923954372623578, -1, -1, -1, -1
985, 0, 0.0, 90.88973384030417, 2.007604562737642, 15.330798479087452, -1, -1, -1, -1
