15, 0, 237.53635585970915, 74.73743623269144, 2.463644140290843, 18.675737420003532, -1, -1, -1, -1
16, 0, 235.89392643284856, 74.32338022070843, 4.10607356715141, 18.576534236092442, -1, -1, -1, -1
17, 0, 234.251497005988, 73.90932420872541, 5.748502994011976, 18.477331052181352, -1, -1, -1, -1
18, 0, 233.22497861420015, 73.2934131736527, 6.775021385799828, 19.298545765611635, -1, -1, -1, -1
19, 0, 232.1984602224123, 72.67750213857998, 7.801539777587681, 20.119760479041915, -1, -1, -1, -1
20, 0, 230.64619164141118, 72.6127513196287, 9.353808358588802, 20.230078130320102, -1, -1, -1, -1
21, 0, 229.09392306041008, 72.5480005006774, 10.906076939589923, 20.34039578159829, -1, -1, -1, -1
22, 0, 227.54165447940898, 72.48324968172611, 12.458345520591019, 20.450713432876476, -1, -1, -1, -1
23, 0, 225.98938589840787, 72.41849886277483, 14.010614101592115, 20.56103108415466, -1, -1, -1, -1
24, 0, 224.53373768006065, 71.6906747536012, 15.466262319939355, 21.24336618650493, -1, -1, -1, -1
25, 0, 223.0780894617134, 70.96285064442759, 16.921910538286596, 21.925701288855194, -1, -1, -1, -1
26, 0, 221.62244124336615, 70.23502653525398, 18.37755875663382, 22.60803639120546, -1, -1, -1, -1
27, 0, 220.16679302501893, 69.50720242608035, 19.833206974981046, 23.290371493555725, -1, -1, -1, -1
28, 0, 218.8172858225991, 69.08358151430258, 21.182714177400886, 23.804970418977526, -1, -1, -1, -1
29, 0, 217.46777862017927, 68.65996060252482, 22.532221379820726, 24.319569344399326, -1, -1, -1, -1
30, 0, 216.11827141775944, 68.23633969074704, 23.88172858224054, 24.834168269821127, -1, -1, -1, -1
31, 0, 214.76876421533964, 67.81271877896927, 25.231235784660356, 25.348767195242928, -1, -1, -1, -1
32, 0, 213.41925701291981, 67.38909786719151, 26.580742987080193, 25.86336612066473, -1, -1, -1, -1
33, 0, 212.06974981049999, 66.96547695541373, 27.930250189500033, 26.377965046086526, -1, -1, -1, -1
34, 0, 210.72024260806765, 66.9038817944091, 29.27975739193237, 26.530538220740546, -1, -1, -1, -1
35, 0, 209.37073540563532, 66.84228663340446, 30.629264594364713, 26.683111395394562, -1, -1, -1, -1
36, 0, 208.02122820320298, 66.78069147239981, 31.978771796797034, 26.83568457004857, -1, -1, -1, -1
37, 0, 206.67172100077065, 66.71909631139518, 33.328278999229354, 26.98825774470258, -1, -1, -1, -1
38, 0, 205.3222137983383, 66.65750115039054, 34.67778620166168, 27.140830919356596, -1, -1, -1, -1
39, 0, 203.97270659590598, 66.5959059893859, 36.02729340409401, 27.29340409401061, -1, -1, -1, -1
40, 0, 202.54738438210762, 66.64139499620924, 37.452615617892356, 27.263078089461708, -1, -1, -1, -1
41, 0, 201.1220621683093, 66.6868840030326, 38.8779378316907, 27.232752084912804, -1, -1, -1, -1
42, 0, 199.69673995451097, 66.73237300985596, 40.303260045489026, 27.202426080363907, -1, -1, -1, -1
43, 0, 198.27141774071265, 66.77786201667931, 41.72858225928735, 27.17210007581501, -1, -1, -1, -1
44, 0, 196.84609552691433, 66.82335102350265, 43.153904473085674, 27.141774071266113, -1, -1, -1, -1
45, 0, 195.420773313116, 66.868840030326, 44.579226686884, 27.111448066717216, -1, -1, -1, -1
46, 0, 193.99545109931768, 66.91432903714934, 46.00454890068234, 27.081122062168312, -1, -1, -1, -1
47, 0, 192.57012888551932, 66.9598180439727, 47.429871114480676, 27.050796057619408, -1, -1, -1, -1
48, 0, 191.14480667172097, 67.00530705079606, 48.855193328279015, 27.02047005307051, -1, -1, -1, -1
49, 0, 189.71948445792265, 67.05079605761941, 50.28051554207735, 26.990144048521614, -1, -1, -1, -1
50, 0, 188.29416224412432, 67.09628506444275, 51.70583775587568, 26.95981804397271, -1, -1, -1, -1
51, 0, 186.868840030326, 67.14177407126611, 53.131159969673995, 26.929492039423806, -1, -1, -1, -1
52, 0, 185.5769522365445, 67.1045197079496, 53.684753100297854, 27.075920019142856, -1, -1, -1, -1
53, 0, 184.28506444276303, 67.06726534463309, 54.23834623092171, 27.222347998861906, -1, -1, -1, -1
54, 0, 182.99317664898155, 67.03001098131656, 54.79193936154556, 27.368775978580967, -1, -1, -1, -1
55, 0, 181.7012888552001, 66.99275661800004, 55.34553249216941, 27.515203958300027, -1, -1, -1, -1
56, 0, 180.40940106140056, 66.95550225466565, 55.58646238088747, 27.661631937984495, -1, -1, -1, -1
57, 0, 179.117513267601, 66.91824789133125, 55.82739226960552, 27.808059917668963, -1, -1, -1, -1
58, 0, 177.82562547382432, 67.15608546360836, 55.926647310619614, 27.679395961754377, -1, -1, -1, -1
59, 0, 176.53373768004764, 67.39392303588548, 56.025902351633704, 27.55073200583979, -1, -1, -1, -1
60, 0, 175.24184988627098, 67.63176060816261, 56.12515739264778, 27.4220680499252, -1, -1, -1, -1
61, 0, 173.9499620924943, 67.86959818043972, 56.22441243366186, 27.29340409401061, -1, -1, -1, -1
62, 0, 172.78241091736197, 67.74400409949136, 56.300227445034864, 27.418998174967243, -1, -1, -1, -1
63, 0, 171.6148597422296, 67.618410018543, 56.37604245640787, 27.544592255923874, -1, -1, -1, -1
64, 0, 170.44730856709725, 67.49281593759466, 56.45185746778091, 27.670186336880505, -1, -1, -1, -1
65, 0, 169.2797573919649, 67.3672218566463, 56.52767247915395, 27.795780417837136, -1, -1, -1, -1
66, 0, 168.11220621683253, 67.24162777569794, 56.603487490526966, 27.921374498793764, -1, -1, -1, -1
67, 0, 166.9446550417002, 67.11603369474958, 56.67930250189998, 28.04696857975039, -1, -1, -1, -1
68, 0, 165.77710386657515, 67.13167546261377, 56.75511751327499, 28.0313268118862, -1, -1, -1, -1
69, 0, 164.60955269145012, 67.14731723047797, 56.830932524649995, 28.015685044022007, -1, -1, -1, -1
70, 0, 163.4420015163251, 67.16295899834216, 56.906747536024994, 28.000043276157818, -1, -1, -1, -1
71, 0, 162.27445034120004, 67.17860076620636, 56.982562547399986, 27.984401508293633, -1, -1, -1, -1
72, 0, 161.1068991660511, 67.61507748696974, 57.058377558764434, 27.547924787505423, -1, -1, -1, -1
73, 0, 159.93934799090218, 68.05155420773313, 57.13419257012888, 27.11144806671721, -1, -1, -1, -1
74, 0, 158.86160844462344, 68.04455589898791, 57.15473605924156, 27.153437919165984, -1, -1, -1, -1
75, 0, 157.7838688983447, 68.03755759024268, 57.17527954835424, 27.19542777161476, -1, -1, -1, -1
76, 0, 156.706129352066, 68.03055928149746, 57.19582303746692, 27.237417624063532, -1, -1, -1, -1
77, 0, 155.62838980578726, 68.02356097275224, 57.216366526579606, 27.279407476512304, -1, -1, -1, -1
78, 0, 154.55065025950853, 68.01656266400701, 57.23691001569229, 27.321397328961076, -1, -1, -1, -1
79, 0, 153.4729107132298, 68.00956435526179, 57.25745350480497, 27.36338718140985, -1, -1, -1, -1
80, 0, 152.39517116695106, 68.00256604651656, 57.27799699391764, 27.405377033858613, -1, -1, -1, -1
81, 0, 151.31743162067235, 67.99556773777135, 57.29854048303031, 27.44736688630738, -1, -1, -1, -1
82, 0, 150.23969207439362, 67.98856942902613, 57.31908397214299, 27.48935673875615, -1, -1, -1, -1
83, 0, 149.16195252811488, 67.9815711202809, 57.339627461255674, 27.531346591204922, -1, -1, -1, -1
84, 0, 148.08421298183617, 67.97457281153568, 57.36017095036836, 27.573336443653695, -1, -1, -1, -1
85, 0, 147.00647343555744, 67.96757450279046, 57.38071443948104, 27.615326296102467, -1, -1, -1, -1
86, 0, 145.9287338892787, 67.96057619404523, 57.40125792859372, 27.65731614855124, -1, -1, -1, -1
87, 0, 144.85099434299997, 67.9535778853, 57.4218014177064, 27.699306001000007, -1, -1, -1, -1
88, 0, 143.77325479673328, 67.82367755252396, 57.53430103420533, 27.864197877492693, -1, -1, -1, -1
89, 0, 142.6955152504666, 67.69377721974791, 57.64680065070425, 28.029089753985375, -1, -1, -1, -1
90, 0, 141.61777570419991, 67.56387688697187, 57.75930026720317, 28.193981630478063, -1, -1, -1, -1
91, 0, 140.5400361579332, 67.43397655419582, 57.871799883702096, 28.358873506970752, -1, -1, -1, -1
92, 0, 139.46229661166652, 67.30407622141978, 57.98429950020101, 28.523765383463434, -1, -1, -1, -1
93, 0, 138.38455706539983, 67.17417588864373, 58.09679911669993, 28.688657259956116, -1, -1, -1, -1
94, 0, 137.30681751911953, 67.29007960394307, 58.20929873321153, 28.60774508837637, -1, -1, -1, -1
95, 0, 136.2290779728392, 67.4059833192424, 58.32179834972314, 28.52683291679662, -1, -1, -1, -1
96, 0, 135.15133842655888, 67.52188703454172, 58.43429796623472, 28.445920745216874, -1, -1, -1, -1
97, 0, 134.07359888027858, 67.63779074984106, 58.54679758274631, 28.365008573637127, -1, -1, -1, -1
98, 0, 132.99585933399828, 67.7536944651404, 58.659297199257914, 28.28409640205738, -1, -1, -1, -1
99, 0, 131.91811978771796, 67.86959818043972, 58.77179681576952, 28.203184230477632, -1, -1, -1, -1
100, 0, 130.92645943895894, 67.54786770447683, 58.77179681578474, 28.259180233444084, -1, -1, -1, -1
101, 0, 129.93479909019993, 67.22613722851395, 58.77179681579995, 28.31517623641054, -1, -1, -1, -1
102, 0, 128.9978548087872, 67.26188505918539, 58.71708074846275, 28.298845790107897, -1, -1, -1, -1
103, 0, 128.06091052737446, 67.29763288985683, 58.66236468112555, 28.282515343805258, -1, -1, -1, -1
104, 0, 127.12396624596173, 67.33338072052828, 58.60764861378834, 28.266184897502615, -1, -1, -1, -1
105, 0, 126.187021964549, 67.36912855119972, 58.552932546451125, 28.249854451199973, -1, -1, -1, -1
106, 0, 125.1797284537041, 67.37554647653543, 58.568565708546004, 28.262853910234288, -1, -1, -1, -1
107, 0, 124.1724349428592, 67.38196440187114, 58.58419887064089, 28.275853369268603, -1, -1, -1, -1
108, 0, 123.1651414320143, 67.38838232720686, 58.599832032735776, 28.28885282830292, -1, -1, -1, -1
109, 0, 122.15784792116939, 67.39480025254257, 58.61546519483066, 28.30185228733724, -1, -1, -1, -1
110, 0, 121.1505544103245, 67.40121817787826, 58.631098356925555, 28.314851746371573, -1, -1, -1, -1
111, 0, 120.1432608994796, 67.40763610321397, 58.64673151902045, 28.327851205405906, -1, -1, -1, -1
112, 0, 119.1359673886347, 67.41405402854969, 58.662364681115335, 28.340850664440225, -1, -1, -1, -1
113, 0, 118.1286738777898, 67.4204719538854, 58.67799784321022, 28.353850123474544, -1, -1, -1, -1
114, 0, 117.12138036694489, 67.42688987922111, 58.69363100530511, 28.366849582508863, -1, -1, -1, -1
115, 0, 116.11408685609999, 67.43330780455682, 58.70926416739999, 28.37984904154318, -1, -1, -1, -1
116, 0, 115.10679334525922, 67.54238039852754, 58.72489732949238, 28.290193831953452, -1, -1, -1, -1
117, 0, 114.09949983441845, 67.65145299249826, 58.740530491584764, 28.200538622363723, -1, -1, -1, -1
118, 0, 113.09220632357768, 67.76052558646899, 58.75616365367714, 28.110883412773976, -1, -1, -1, -1
119, 0, 112.08491281273692, 67.86959818043972, 58.77179681576952, 28.02122820318423, -1, -1, -1, -1
120, 0, 110.66762106898256, 67.86959818041987, 59.151939203920655, 28.02122820319211, -1, -1, -1, -1
121, 0, 109.2503293252282, 67.8695981804, 59.53208159207179, 28.02122820319999, -1, -1, -1, -1
122, 0, 108.2300877382109, 67.8695981804, 59.515173823522424, 28.021228203199986, -1, -1, -1, -1
123, 0, 107.20984615119362, 67.86959818039999, 59.49826605497306, 28.021228203199982, -1, -1, -1, -1
124, 0, 106.18960456417634, 67.86959818039999, 59.48135828642367, 28.021228203199968, -1, -1, -1, -1
125, 0, 105.16936297715905, 67.86959818039999, 59.46445051787428, 28.021228203199954, -1, -1, -1, -1
126, 0, 104.14912139014177, 67.86959818039998, 59.44754274932492, 28.021228203199946, -1, -1, -1, -1
127, 0, 103.12887980312448, 67.86959818039998, 59.43063498077555, 28.02122820319994, -1, -1, -1, -1
128, 0, 102.11630762342261, 67.86959818040329, 59.406057804907284, 28.021228203198632, -1, -1, -1, -1
129, 0, 101.10373544372074, 67.8695981804066, 59.38148062903902, 28.021228203197325, -1, -1, -1, -1
130, 0, 100.09116326401886, 67.86959818040991, 59.35690345317075, 28.021228203196017, -1, -1, -1, -1
131, 0, 99.078591084317, 67.86959818041322, 59.332326277302485, 28.02122820319471, -1, -1, -1, -1
132, 0, 98.06601890461513, 67.86959818041653, 59.307749101434204, 28.021228203193402, -1, -1, -1, -1
133, 0, 97.05344672491326, 67.86959818041984, 59.283171925565924, 28.021228203192095, -1, -1, -1, -1
134, 0, 96.04087454521138, 67.86959818042317, 59.25859474969766, 28.02122820319078, -1, -1, -1, -1
135, 0, 95.02830236550952, 67.86959818042648, 59.23401757382939, 28.021228203189466, -1, -1, -1, -1
136, 0, 94.01573018580766, 67.86959818042979, 59.209440397961124, 28.02122820318816, -1, -1, -1, -1
137, 0, 93.00315800610578, 67.8695981804331, 59.18486322209286, 28.02122820318685, -1, -1, -1, -1
138, 0, 91.9905858264039, 67.86959818043641, 59.16028604622459, 28.02122820318554, -1, -1, -1, -1
139, 0, 90.97801364670204, 67.86959818043972, 59.135708870356325, 28.02122820318423, -1, -1, -1, -1
140, 0, 89.8366531118616, 67.8861396374664, 59.135708870356325, 28.054311117237578, -1, -1, -1, -1
141, 0, 88.69529257702115, 67.90268109449308, 59.135708870356325, 28.087394031290927, -1, -1, -1, -1
142, 0, 87.5539320421807, 67.91922255151974, 59.135708870356325, 28.120476945344272, -1, -1, -1, -1
143, 0, 86.41257150734026, 67.93576400854641, 59.135708870356325, 28.153559859397618, -1, -1, -1, -1
144, 0, 85.27121097249982, 67.95230546557309, 59.135708870356325, 28.186642773450963, -1, -1, -1, -1
145, 0, 84.12985043765937, 67.96884692259977, 59.135708870356325, 28.219725687504308, -1, -1, -1, -1
146, 0, 82.98848990281893, 67.98538837962644, 59.135708870356325, 28.25280860155766, -1, -1, -1, -1
147, 0, 81.84712936797848, 68.0019298366531, 59.135708870356325, 28.285891515611013, -1, -1, -1, -1
148, 0, 80.70576883313804, 68.01847129367978, 59.135708870356325, 28.31897442966435, -1, -1, -1, -1
149, 0, 79.5644082982976, 68.03501275070646, 59.135708870356325, 28.35205734371769, -1, -1, -1, -1
150, 0, 78.42304776345715, 68.05155420773312, 59.135708870356325, 28.38514025777104, -1, -1, -1, -1
151, 0, 77.2816872286167, 68.0680956647598, 59.135708870356325, 28.418223171824394, -1, -1, -1, -1
152, 0, 76.14032669377627, 68.08463712178647, 59.13570887035632, 28.451306085877732, -1, -1, -1, -1
153, 0, 74.99896615893583, 68.10117857881315, 59.13570887035631, 28.48438899993107, -1, -1, -1, -1
154, 0, 73.85760562409538, 68.11772003583982, 59.13570887035631, 28.517471913984423, -1, -1, -1, -1
155, 0, 72.71624508925494, 68.13426149286649, 59.13570887035631, 28.550554828037775, -1, -1, -1, -1
156, 0, 71.5748845544145, 68.15080294989316, 59.13570887035631, 28.58363774209112, -1, -1, -1, -1
157, 0, 70.43352401957405, 68.16734440691984, 59.13570887035631, 28.616720656144466, -1, -1, -1, -1
158, 0, 69.2921634847336, 68.1838858639465, 59.13570887035632, 28.64980357019781, -1, -1, -1, -1
159, 0, 68.15080294989316, 68.20042732097318, 59.135708870356325, 28.682886484251156, -1, -1, -1, -1
160, 0, 67.00944241505272, 68.21696877799985, 59.135708870356325, 28.7159693983045, -1, -1, -1, -1
161, 0, 65.86808188021227, 68.23351023502653, 59.135708870356325, 28.749052312357847, -1, -1, -1, -1
162, 0, 64.59438968915845, 68.3345969168562, 59.135708870356325, 28.759160980540813, -1, -1, -1, -1
163, 0, 63.320697498104614, 68.43568359868587, 59.13570887035633, 28.76926964872378, -1, -1, -1, -1
164, 0, 62.04700530705079, 68.53677028051554, 59.135708870356325, 28.779378316906744, -1, -1, -1, -1
165, 0, 60.77331311599696, 68.63785696234521, 59.13570887035632, 28.78948698508971, -1, -1, -1, -1
166, 0, 59.49962092494313, 68.73894364417487, 59.135708870356325, 28.799595653272682, -1, -1, -1, -1
167, 0, 58.225928733889305, 68.84003032600454, 59.135708870356325, 28.809704321455655, -1, -1, -1, -1
168, 0, 56.95223654283548, 68.94111700783421, 59.135708870356325, 28.81981298963862, -1, -1, -1, -1
169, 0, 55.678544351781646, 69.04220368966388, 59.13570887035633, 28.829921657821586, -1, -1, -1, -1
170, 0, 54.40485216072781, 69.14329037149355, 59.135708870356325, 28.840030326004545, -1, -1, -1, -1
171, 0, 53.13115996967399, 69.24437705332322, 59.135708870356325, 28.850138994187503, -1, -1, -1, -1
172, 0, 51.85746777862016, 69.34546373515289, 59.135708870356325, 28.86024766237047, -1, -1, -1, -1
173, 0, 50.583775587566336, 69.44655041698256, 59.135708870356325, 28.870356330553435, -1, -1, -1, -1
174, 0, 49.31008339651251, 69.54763709881223, 59.135708870356325, 28.880464998736407, -1, -1, -1, -1
175, 0, 48.03639120545868, 69.64872378064189, 59.13570887035632, 28.89057366691938, -1, -1, -1, -1
176, 0, 46.762699014404845, 69.74981046247156, 59.135708870356325, 28.900682335102346, -1, -1, -1, -1
177, 0, 45.48900682335102, 69.85089714430123, 59.135708870356325, 28.91079100328531, -1, -1, -1, -1
178, 0, 44.21531463229719, 69.9519838261309, 59.135708870356325, 28.92089967146828, -1, -1, -1, -1
179, 0, 42.94162244124337, 70.05307050796057, 59.135708870356325, 28.93100833965125, -1, -1, -1, -1
180, 0, 41.55676624032166, 69.71269719777013, 59.10050977222812, 29.431537209085718, -1, -1, -1, -1
181, 0, 40.17191003939995, 69.37232388757967, 59.06531067409991, 29.932066078520183, -1, -1, -1, -1
182, 0, 38.78705383844995, 69.43447142531224, 59.03011157599158, 30.03007410005428, -1, -1, -1, -1
183, 0, 37.40219763749995, 69.49661896304481, 58.99491247788325, 30.128082121588378, -1, -1, -1, -1
184, 0, 36.017341436549955, 69.55876650077738, 58.95971337977491, 30.226090143122477, -1, -1, -1, -1
185, 0, 34.632485235599965, 69.62091403850995, 58.92451428166658, 30.324098164656576, -1, -1, -1, -1
186, 0, 33.24762903464997, 69.68306157624252, 58.88931518355826, 30.422106186190675, -1, -1, -1, -1
187, 0, 31.86277283369997, 69.7452091139751, 58.85411608544994, 30.520114207724774, -1, -1, -1, -1
188, 0, 30.477916632749977, 69.80735665170766, 58.81891698734161, 30.61812222925888, -1, -1, -1, -1
189, 0, 29.093060431799984, 69.86950418944024, 58.78371788923327, 30.716130250792986, -1, -1, -1, -1
190, 0, 27.708204230849987, 69.9316517271728, 58.748518791124944, 30.814138272327085, -1, -1, -1, -1
191, 0, 26.32334802989999, 69.99379926490538, 58.713319693016615, 30.912146293861184, -1, -1, -1, -1
192, 0, 24.938491828949992, 70.05594680263795, 58.678120594908286, 31.010154315395283, -1, -1, -1, -1
193, 0, 23.553635628, 70.11809434037052, 58.64292149679996, 31.10816233692938, -1, -1, -1, -1
194, 0, 22.11150178492595, 70.27195220824478, 58.66500004081748, 31.114460028310916, -1, -1, -1, -1
195, 0, 20.6693679418519, 70.42581007611906, 58.68707858483501, 31.12075771969245, -1, -1, -1, -1
196, 0, 19.22723409877785, 70.57966794399334, 58.70915712885254, 31.127055411073982, -1, -1, -1, -1
197, 0, 17.785100255703803, 70.73352581186761, 58.73123567287006, 31.133353102455516, -1, -1, -1, -1
198, 0, 16.342966412629753, 70.88738367974187, 58.75331421688759, 31.13965079383705, -1, -1, -1, -1
199, 0, 14.900832569555703, 71.04124154761615, 58.77539276090512, 31.145948485218582, -1, -1, -1, -1
200, 0, 13.458698726481654, 71.19509941549042, 58.79747130492264, 31.15224617660013, -1, -1, -1, -1
201, 0, 12.016564883407606, 71.34895728336468, 58.81954984894016, 31.158543867981678, -1, -1, -1, -1
202, 0, 10.574431040333558, 71.50281515123896, 58.84162839295769, 31.16484155936321, -1, -1, -1, -1
203, 0, 9.132297197259508, 71.65667301911323, 58.86370693697522, 31.171139250744744, -1, -1, -1, -1
204, 0, 7.690163354185457, 71.8105308869875, 58.885785480992745, 31.177436942126274, -1, -1, -1, -1
205, 0, 6.248029511111406, 71.96438875486177, 58.90786402501027, 31.183734633507804, -1, -1, -1, -1
206, 0, 5.075199550519299, 72.16899651083087, 58.58150876019151, 31.315912197703895, -1, -1, -1, -1
207, 0, 3.902369589927192, 72.37360426679996, 58.25515349537276, 31.448089761899983, -1, -1, -1, -1
208, 0, 1.951184794963596, 72.57821202274997, 58.70715306493642, 31.5802673261, -1, -1, -1, -1
209, 0, 0, 72.78281977869997, 59.159152634500074, 31.712444890300016, -1, -1, -1, -1
210, 0, 6.464376671054735e-15, 72.98742753464998, 57.659967409050026, 32.05034728643513, -1, -1, -1, -1
211, 0, 1.292875334210947e-14, 73.19203529059999, 56.16078218359998, 32.38824968257023, -1, -1, -1, -1
212, 0, 1.1312659174345786e-14, 73.39664304657538, 54.6615969581785, 32.46899603878888, -1, -1, -1, -1
213, 0, 9.696565006582103e-15, 73.60125080255075, 53.16241173275702, 32.54974239500753, -1, -1, -1, -1
214, 0, 8.080470838818418e-15, 73.80585855852613, 51.66322650733554, 32.63048875122617, -1, -1, -1, -1
215, 0, 6.464376671054735e-15, 74.01046631450151, 50.16404128191406, 32.71123510744481, -1, -1, -1, -1
216, 0, 4.848282503291051e-15, 74.2150740704769, 48.66485605649258, 32.79198146366345, -1, -1, -1, -1
217, 0, 3.2321883355273666e-15, 74.41968182645228, 47.1656708310711, 32.87272781988209, -1, -1, -1, -1
218, 0, 1.6160941677636833e-15, 74.62428958242765, 45.66648560564961, 32.95347417610074, -1, -1, -1, -1
219, 0, 0, 74.82889733840304, 44.167300380228134, 33.03422053231939, -1, -1, -1, -1
220, 0, 0.0, 75.10266159695817, 42.64638783269962, 32.6083650190114, -1, -1, -1, -1
221, 0, 0.0, 75.3764258555133, 41.1254752851711, 32.18250950570341, -1, -1, -1, -1
222, 0, 0.0, 75.65019011406844, 39.60456273764258, 31.756653992395428, -1, -1, -1, -1
223, 0, 0.0, 75.92395437262357, 38.083650190114064, 31.33079847908745, -1, -1, -1, -1
224, 0, 0.0, 76.1977186311787, 36.562737642585546, 30.904942965779462, -1, -1, -1, -1
225, 0, 0.0, 76.47148288973384, 35.041825095057035, 30.479087452471475, -1, -1, -1, -1
226, 0, 0.0, 76.74524714828897, 33.52091254752852, 30.05323193916349, -1, -1, -1, -1
227, 0, 0.0, 77.0190114068441, 32.0, 29.627376425855502, -1, -1, -1, -1
228, 0, 0.0, 77.29277566539923, 30.479087452471482, 29.201520912547522, -1, -1, -1, -1
229, 0, 0.0, 77.56653992395437, 28.958174904942965, 28.775665399239543, -1, -1, -1, -1
230, 0, 0.0, 77.8403041825095, 27.437262357414447, 28.349809885931556, -1, -1, -1, -1
231, 0, 0, 78.11406844106463, 25.91634980988593, 27.923954372623573, -1, -1, -1, -1
232, 0, 0.0, 78.3148288973384, 24.41977186311787, 28.01520912547528, -1, -1, -1, -1
233, 0, 0.0, 78.51558935361216, 22.92319391634981, 28.10646387832699, -1, -1, -1, -1
234, 0, 0.0, 78.71634980988591, 21.426615969581746, 28.197718631178702, -1, -1, -1, -1
235, 0, 0.0, 78.91711026615968, 19.930038022813687, 28.288973384030413, -1, -1, -1, -1
236, 0, 0.0, 79.11787072243345, 18.433460076045627, 28.380228136882124, -1, -1, -1, -1
237, 0, 0.0, 79.31863117870722, 16.936882129277564, 28.471482889733835, -1, -1, -1, -1
238, 0, 0.0, 79.51939163498099, 15.440304182509504, 28.562737642585546, -1, -1, -1, -1
239, 0, 0.0, 79.72015209125475, 13.943726235741444, 28.653992395437257, -1, -1, -1, -1
240, 0, 0.0, 79.9209125475285, 12.447148288973384, 28.745247148288968, -1, -1, -1, -1
241, 0, 0, 80.12167300380227, 10.950570342205323, 28.836501901140682, -1, -1, -1, -1
242, 0, 0.0, 81.02631135510184, 9.464019964852664, 27.919224324606574, -1, -1, -1, -1
243, 0, 0, 81.9309497064014, 7.977469587500004, 27.001946748072463, -1, -1, -1, -1
244, 0, 2.286788763029122e-15, 83.49018968209816, 6.490919210101277, 23.538996187724468, -1, -1, -1, -1
245, 0, 4.573577526058244e-15, 85.04942965779492, 5.004368832702548, 20.076045627376473, -1, -1, -1, -1
246, 0, 2.286788763029122e-15, 87.96958174904955, 3.505986697720095, 17.70342205323196, -1, -1, -1, -1
247, 0, 0, 90.88973384030417, 2.007604562737642, 15.330798479087452, -1, -1, -1, -1
