8, 0, 235.49999999999997, 75.42857142857143, 4.5, 13.285714285714285, -1, -1, -1, -1
9, 0, 233.38888279602068, 72.84802879173394, 6.611117203979202, 15.997565927583038, -1, -1, -1, -1
10, 0, 230.97569955820003, 72.68401442553395, 9.02430044179994, 17.50115343416601, -1, -1, -1, -1
11, 0, 228.66632383550908, 72.01584431347429, 11.286450662719943, 18.76308811361281, -1, -1, -1, -1
12, 0, 226.3569481128181, 71.34767420141463, 13.548600883639978, 20.025022793059605, -1, -1, -1, -1
13, 0, 224.04757239012713, 70.67950408935496, 15.810751104559955, 21.2869574725064, -1, -1, -1, -1
14, 0, 221.73819666743614, 70.01133397729531, 18.07290132547999, 22.548892151953197, -1, -1, -1, -1
15, 0, 219.42882094474518, 69.34316386523565, 20.3350515464, 23.8108268314, -1, -1, -1, -1
16, 0, 217.23948887726345, 68.58575143322912, 22.60309278349999, 25.019544088794646, -1, -1, -1, -1
17, 0, 215.05015680978173, 67.82833900122257, 24.87113402060001, 26.228261346189328, -1, -1, -1, -1
18, 0, 212.8608247423, 67.07092656921604, 27.139175257699996, 27.436978603583977, -1, -1, -1, -1
19, 0, 210.59278350516635, 66.40873392649459, 29.407216494833307, 28.314348562871984, -1, -1, -1, -1
20, 0, 208.3247422680327, 65.74654128377315, 31.67525773196661, 29.191718522159988, -1, -1, -1, -1
21, 0, 206.05670103089906, 65.0843486410517, 33.9432989690999, 30.069088481447988, -1, -1, -1, -1
22, 0, 203.78865979379526, 65.19368947204134, 36.211340206204056, 30.17492496701344, -1, -1, -1, -1
23, 0, 201.52061855669143, 65.30303030303098, 38.4793814433082, 30.280761452578886, -1, -1, -1, -1
24, 0, 199.25257731958763, 65.41237113402062, 40.747422680412335, 30.38659793814433, -1, -1, -1, -1
25, 0, 197.1069587628866, 65.433185371665, 42.89304123711338, 30.51075792730407, -1, -1, -1, -1
26, 0, 194.96134020618555, 65.4539996093094, 45.03865979381442, 30.63491791646379, -1, -1, -1, -1
27, 0, 192.81572164948452, 65.4748138469538, 47.184278350515456, 30.759077905623528, -1, -1, -1, -1
28, 0, 190.6701030927835, 65.4956280845982, 49.32989690721644, 30.883237894783264, -1, -1, -1, -1
29, 0, 188.52448453608247, 65.51644232224258, 51.475515463917475, 31.007397883943, -1, -1, -1, -1
30, 0, 186.37886597938143, 65.53725655988697, 53.62113402061851, 31.131557873102736, -1, -1, -1, -1
31, 0, 184.2332474226804, 65.55807079753137, 55.76675257731955, 31.255717862262458, -1, -1, -1, -1
32, 0, 182.08762886597935, 65.57888503517576, 57.91237113402059, 31.3798778514222, -1, -1, -1, -1
33, 0, 180.1806740633395, 65.66347627408783, 59.819325936660476, 31.34683300426107, -1, -1, -1, -1
34, 0, 178.27371926069966, 65.7480675129999, 61.72628073930032, 31.31378815709995, -1, -1, -1, -1
35, 0, 176.36676445809974, 65.83265875189994, 63.633235541900255, 31.280743309899968, -1, -1, -1, -1
36, 0, 174.4598096555002, 65.91724999080009, 64.46333915913615, 31.247698462700033, -1, -1, -1, -1
37, 0, 172.55285485286572, 66.00184122975347, 64.65267450812146, 31.214653615520845, -1, -1, -1, -1
38, 0, 170.64590005023123, 66.08643246870685, 64.84200985710677, 31.181608768341647, -1, -1, -1, -1
39, 0, 168.73894524759672, 66.17102370766021, 65.03134520609214, 31.148563921162477, -1, -1, -1, -1
40, 0, 166.83199044496223, 66.25561494661359, 65.22068055507745, 31.11551907398328, -1, -1, -1, -1
41, 0, 164.92503564232774, 66.34020618556697, 65.41001590406277, 31.0824742268041, -1, -1, -1, -1
42, 0, 163.56878785699405, 66.37552923534726, 65.53509794792154, 31.118523104065844, -1, -1, -1, -1
43, 0, 162.21254007166036, 66.41085228512753, 65.6601799917803, 31.154571981327607, -1, -1, -1, -1
44, 0, 160.85629228632666, 66.44617533490782, 65.78526203563908, 31.190620858589355, -1, -1, -1, -1
45, 0, 159.50004450099297, 66.4814983846881, 65.91034407949783, 31.226669735851118, -1, -1, -1, -1
46, 0, 158.14379671565928, 66.51682143446838, 66.03542612335661, 31.262718613112867, -1, -1, -1, -1
47, 0, 156.78754893032556, 66.55214448424866, 66.1605081672154, 31.29876749037463, -1, -1, -1, -1
48, 0, 155.43130114499186, 66.58746753402895, 66.28559021107418, 31.334816367636364, -1, -1, -1, -1
49, 0, 154.07505335965817, 66.62279058380922, 66.41067225493293, 31.370865244898127, -1, -1, -1, -1
50, 0, 152.71880557432448, 66.65811363358951, 66.53575429879172, 31.406914122159876, -1, -1, -1, -1
51, 0, 151.36255778899078, 66.69343668336978, 66.66083634265047, 31.44296299942164, -1, -1, -1, -1
52, 0, 150.0063100036571, 66.72875973315007, 66.78591838650925, 31.479011876683387, -1, -1, -1, -1
53, 0, 148.6500622183234, 66.76408278293034, 66.911000430368, 31.51506075394515, -1, -1, -1, -1
54, 0, 147.2938144329897, 66.79940583271063, 67.0360824742268, 31.551109631206906, -1, -1, -1, -1
55, 0, 146.25, 66.8494482732313, 67.10235640648011, 31.550772639876214, -1, -1, -1, -1
56, 0, 145.20618556701032, 66.89949071375197, 67.16863033873341, 31.55043564854553, -1, -1, -1, -1
57, 0, 144.16237113402065, 66.94953315427264, 67.2349042709867, 31.550098657214846, -1, -1, -1, -1
58, 0, 143.11855670103094, 66.99957559479331, 67.30117820324006, 31.549761665884162, -1, -1, -1, -1
59, 0, 142.07474226804123, 67.04961803531398, 67.36745213549338, 31.549424674553478, -1, -1, -1, -1
60, 0, 141.03092783505156, 67.09966047583465, 67.43372606774668, 31.549087683222794, -1, -1, -1, -1
61, 0, 139.98711340206188, 67.14970291635532, 67.49999999999997, 31.54875069189211, -1, -1, -1, -1
62, 0, 138.94329896907217, 67.19974535687598, 67.5662739322533, 31.548413700561426, -1, -1, -1, -1
63, 0, 137.89948453608247, 67.24978779739665, 67.63254786450662, 31.54807670923074, -1, -1, -1, -1
64, 0, 136.8556701030928, 67.29983023791732, 67.69882179675992, 31.547739717900058, -1, -1, -1, -1
65, 0, 135.8118556701031, 67.34987267843799, 67.76509572901324, 31.547402726569373, -1, -1, -1, -1
66, 0, 134.7680412371134, 67.39991511895866, 67.83136966126656, 31.54706573523869, -1, -1, -1, -1
67, 0, 133.7242268041237, 67.44995755947933, 67.89764359351989, 31.546728743908005, -1, -1, -1, -1
68, 0, 132.68041237113403, 67.5, 67.9639175257732, 31.54639175257732, -1, -1, -1, -1
69, 0, 131.63136683970143, 67.53761493452222, 68.00780161604283, 31.52131512955762, -1, -1, -1, -1
70, 0, 130.58232130826883, 67.57522986904445, 68.05168570631247, 31.49623850653792, -1, -1, -1, -1
71, 0, 129.53327577683623, 67.61284480356667, 68.09556979658211, 31.471161883518207, -1, -1, -1, -1
72, 0, 128.48423024540364, 67.6504597380889, 68.13945388685175, 31.446085260498506, -1, -1, -1, -1
73, 0, 127.43518471397104, 67.68807467261111, 68.18333797712143, 31.42100863747882, -1, -1, -1, -1
74, 0, 126.38613918253844, 67.72568960713333, 68.22722206739107, 31.39593201445912, -1, -1, -1, -1
75, 0, 125.33709365110585, 67.76330454165556, 68.27110615766071, 31.370855391439406, -1, -1, -1, -1
76, 0, 124.28804811967325, 67.80091947617778, 68.31499024793035, 31.345778768419706, -1, -1, -1, -1
77, 0, 123.23900258824065, 67.8385344107, 68.3588743382, 31.320702145400002, -1, -1, -1, -1
78, 0, 121.99031073945507, 67.86029087844332, 68.40275842848, 31.29562552239001, -1, -1, -1, -1
79, 0, 120.74161889066949, 67.88204734618665, 68.44664251876, 31.270548899380003, -1, -1, -1, -1
80, 0, 119.4929270418839, 67.90380381392997, 68.49052660904, 31.24547227637001, -1, -1, -1, -1
81, 0, 118.24423519309832, 67.92556028167328, 68.53441069932, 31.220395653360015, -1, -1, -1, -1
82, 0, 116.99554334431272, 67.94731674941661, 68.5782947896, 31.195319030349992, -1, -1, -1, -1
83, 0, 115.74685149552714, 67.96907321715993, 68.62217887988, 31.170242407339998, -1, -1, -1, -1
84, 0, 114.49815964674156, 67.99082968490325, 68.66606297016, 31.145165784330004, -1, -1, -1, -1
85, 0, 113.24946779795597, 68.01258615264656, 68.70994706044, 31.12008916132001, -1, -1, -1, -1
86, 0, 112.00077594917039, 68.03434262038989, 68.75383115072, 31.09501253831, -1, -1, -1, -1
87, 0, 110.7520841003848, 68.05609908813321, 68.797715241, 31.069935915300004, -1, -1, -1, -1
88, 0, 109.23235553309213, 68.08454416091706, 68.84159933127502, 31.044859292287512, -1, -1, -1, -1
89, 0, 107.71262696579947, 68.11298923370092, 68.88548342154999, 31.019782669275003, -1, -1, -1, -1
90, 0, 106.1928983985068, 68.14143430648477, 68.929367511825, 30.994706046262507, -1, -1, -1, -1
91, 0, 104.67316983121412, 68.16987937926862, 68.97325160209999, 30.969629423250012, -1, -1, -1, -1
92, 0, 103.15344126392147, 68.19832445205249, 69.01713569237499, 30.944552800237503, -1, -1, -1, -1
93, 0, 101.63371269662879, 68.22676952483634, 69.06101978265, 30.919476177225008, -1, -1, -1, -1
94, 0, 100.11398412933613, 68.2552145976202, 69.10490387292498, 30.894399554212498, -1, -1, -1, -1
95, 0, 98.59425556204346, 68.28365967040405, 69.1487879632, 30.8693229312, -1, -1, -1, -1
96, 0, 96.62142794398343, 68.3444689610956, 69.19267205347793, 30.844246308183102, -1, -1, -1, -1
97, 0, 94.64860032592343, 68.40527825178715, 69.23655614375586, 30.819169685166187, -1, -1, -1, -1
98, 0, 92.67577270786342, 68.46608754247872, 69.28044023403379, 30.794093062149273, -1, -1, -1, -1
99, 0, 90.70294508980339, 68.52689683317027, 69.32432432431173, 30.769016439132372, -1, -1, -1, -1
100, 0, 88.73011747174337, 68.58770612386182, 69.36820841458967, 30.743939816115457, -1, -1, -1, -1
101, 0, 86.75728985368336, 68.64851541455337, 69.41209250486763, 30.718863193098557, -1, -1, -1, -1
102, 0, 84.78446223562335, 68.70932470524492, 69.45597659514556, 30.693786570081656, -1, -1, -1, -1
103, 0, 82.81163461756333, 68.77013399593649, 69.4998606854235, 30.66870994706474, -1, -1, -1, -1
104, 0, 80.8388069995033, 68.83094328662804, 69.54374477570144, 30.643633324047826, -1, -1, -1, -1
105, 0, 78.8659793814433, 68.8917525773196, 69.58762886597938, 30.61855670103093, -1, -1, -1, -1
106, 0, 76.86773070278295, 68.95501405810684, 69.26628991577374, 30.618556701030926, -1, -1, -1, -1
107, 0, 74.8694820241226, 69.0182755388941, 68.94495096556811, 30.618556701030926, -1, -1, -1, -1
108, 0, 72.87123334546226, 69.08153701968135, 68.62361201536248, 30.618556701030926, -1, -1, -1, -1
109, 0, 70.87298466680191, 69.1447985004686, 68.30227306515685, 30.61855670103094, -1, -1, -1, -1
110, 0, 68.87473598814157, 69.20805998125586, 67.98093411495122, 30.618556701030926, -1, -1, -1, -1
111, 0, 66.87648730948122, 69.2713214620431, 67.65959516474557, 30.61855670103094, -1, -1, -1, -1
112, 0, 64.87823863082087, 69.33458294283037, 67.33825621453994, 30.618556701030926, -1, -1, -1, -1
113, 0, 62.87998995216052, 69.39784442361761, 67.01691726433432, 30.61855670103094, -1, -1, -1, -1
114, 0, 60.881741273500175, 69.46110590440486, 66.69557831412868, 30.61855670103094, -1, -1, -1, -1
115, 0, 58.88349259483983, 69.52436738519212, 66.37423936392307, 30.61855670103094, -1, -1, -1, -1
116, 0, 56.88524391617948, 69.58762886597937, 66.05290041371744, 30.618556701030936, -1, -1, -1, -1
117, 0, 54.27586328556954, 69.61487426919444, 65.98406975740285, 30.603050365027073, -1, -1, -1, -1
118, 0, 51.66648265495961, 69.64211967240952, 65.91523910108826, 30.587544029023206, -1, -1, -1, -1
119, 0, 49.057102024349675, 69.6693650756246, 65.84640844477369, 30.57203769301934, -1, -1, -1, -1
120, 0, 46.447721393739734, 69.69661047883967, 65.7775777884591, 30.55653135701546, -1, -1, -1, -1
121, 0, 43.83834076312979, 69.72385588205475, 65.70874713214452, 30.541025021011592, -1, -1, -1, -1
122, 0, 41.22896013251986, 69.75110128526983, 65.63991647582995, 30.525518685007725, -1, -1, -1, -1
123, 0, 38.619579501909925, 69.7783466884849, 65.57108581951536, 30.51001234900386, -1, -1, -1, -1
124, 0, 36.010198871299984, 69.80559209169998, 65.50225516320079, 30.494506013, -1, -1, -1, -1
125, 0, 33.400818240699984, 69.83283749491534, 65.17855629082922, 30.478999676998924, -1, -1, -1, -1
126, 0, 30.791437610099987, 69.86008289813068, 64.85485741845768, 30.463493340997857, -1, -1, -1, -1
127, 0, 28.18205697949999, 69.88732830134605, 64.53115854608613, 30.44798700499679, -1, -1, -1, -1
128, 0, 25.57267634889999, 69.9145737045614, 64.2074596737146, 30.43248066899571, -1, -1, -1, -1
129, 0, 22.963295718299992, 69.94181910777677, 63.883760801343044, 30.41697433299464, -1, -1, -1, -1
130, 0, 20.353915087699995, 69.96906451099211, 63.560061928971486, 30.401467996993574, -1, -1, -1, -1
131, 0, 17.744534457099995, 69.99630991420747, 63.23636305659995, 30.38596166099251, -1, -1, -1, -1
132, 0, 15.13515382648814, 69.67599000865013, 63.048593899433996, 30.718020633755657, -1, -1, -1, -1
133, 0, 12.525773195876283, 69.35567010309279, 62.86082474226803, 31.050079606518818, -1, -1, -1, -1
134, 0, 9.645962279108156, 69.4948453608446, 62.81795524667509, 30.91414381081411, -1, -1, -1, -1
135, 0, 6.766151362340029, 69.6340206185964, 62.77508575108213, 30.778208015109385, -1, -1, -1, -1
136, 0, 3.8863404455719017, 69.77319587634818, 62.73221625548918, 30.64227221940469, -1, -1, -1, -1
137, 0, 1.006529528803774, 69.91237113409998, 62.689346759896225, 30.506336423699985, -1, -1, -1, -1
138, 0, 0, 70.05154639179985, 60.773195876299894, 30.370400627999953, -1, -1, -1, -1
139, 0, 0.0, 70.19072164952235, 57.85051546392651, 30.23446483229688, -1, -1, -1, -1
140, 0, 0.0, 70.32989690724486, 54.92783505155313, 30.09852903659379, -1, -1, -1, -1
141, 0, 0.0, 70.46907216496736, 52.00515463917975, 29.962593240890712, -1, -1, -1, -1
142, 0, 0.0, 70.60824742268987, 49.082474226806376, 29.82665744518762, -1, -1, -1, -1
143, 0, 0, 70.74742268041237, 46.159793814432994, 29.690721649484537, -1, -1, -1, -1
144, 0, 0.0, 70.82474226804123, 43.06701030927835, 29.61340206185568, -1, -1, -1, -1
145, 0, 0.0, 70.9020618556701, 39.97422680412372, 29.536082474226816, -1, -1, -1, -1
146, 0, 0.0, 70.97938144329898, 36.881443298969074, 29.45876288659794, -1, -1, -1, -1
147, 0, 0.0, 71.05670103092784, 33.78865979381443, 29.381443298969074, -1, -1, -1, -1
148, 0, 0.0, 71.1340206185567, 30.695876288659797, 29.30412371134021, -1, -1, -1, -1
149, 0, 0.0, 71.21134020618557, 27.603092783505154, 29.226804123711347, -1, -1, -1, -1
150, 0, 0.0, 71.28865979381445, 24.510309278350515, 29.14948453608247, -1, -1, -1, -1
151, 0, 0.0, 71.36597938144331, 21.417525773195877, 29.072164948453604, -1, -1, -1, -1
152, 0, 0, 71.44329896907217, 18.324742268041238, 28.994845360824744, -1, -1, -1, -1
153, 0, 0.0, 71.75257731958763, 15.38659793814433, 26.907216494845372, -1, -1, -1, -1
154, 0, 0.0, 72.0618556701031, 12.448453608247423, 24.819587628865975, -1, -1, -1, -1
155, 0, 0, 72.37113402061856, 9.510309278350515, 22.7319587628866, -1, -1, -1, -1
156, 0, 0, 74.92268041239994, 6.7268041237, 19.318855560967624, -1, -1, -1, -1
157, 0, 0, 77.47422680412372, 3.943298969072165, 13.68556701030928, -1, -1, -1, -1
