41, 0, 0.0, 84.20103092783505, 5.103092783505155, 30.61855670103093, -1, -1, -1, -1
42, 0, 0.0, 83.6381049782182, 6.842783505153863, 32.09716971958128, -1, -1, -1, -1
43, 0, 0.0, 83.07517902860135, 8.58247422680257, 33.57578273813163, -1, -1, -1, -1
44, 0, 0.0, 82.5122530789845, 10.32216494845128, 35.054395756681984, -1, -1, -1, -1
45, 0, 0.0, 81.94932712936765, 12.061855670099987, 36.53300877523233, -1, -1, -1, -1
46, 0, 8.240830698248583e-16, 81.62307782125076, 13.80154639174999, 37.77494515229014, -1, -1, -1, -1
47, 0, 1.6481661396497166e-15, 81.29682851313387, 15.541237113399994, 39.01688152934794, -1, -1, -1, -1
48, 0, 2.472249209474575e-15, 80.97057920501699, 17.280927835049997, 40.25881790640575, -1, -1, -1, -1
49, 0, 3.296332279299433e-15, 80.6443298969001, 19.0206185567, 41.50075428346356, -1, -1, -1, -1
50, 0, 2.472249209474575e-15, 80.1997422680359, 20.760309278349744, 42.37556571259766, -1, -1, -1, -1
51, 0, 1.6481661396497166e-15, 79.7551546391717, 22.499999999999485, 43.250377141731775, -1, -1, -1, -1
52, 0, 8.240830698248583e-16, 79.3105670103075, 24.239690721649225, 44.12518857086589, -1, -1, -1, -1
53, 0, 0.0, 78.8659793814433, 25.97938144329897, 45.0, -1, -1, -1, -1
54, 0, 0.0, 78.38043850265268, 27.734863755823362, 45.54353056952263, -1, -1, -1, -1
55, 0, 0.0, 77.89489762386206, 29.49034606834775, 46.08706113904527, -1, -1, -1, -1
56, 0, 0.0, 77.40935674507145, 31.24582838087214, 46.630591708567906, -1, -1, -1, -1
57, 0, 0.0, 76.92381586628083, 33.00131069339653, 47.174122278090536, -1, -1, -1, -1
58, 0, 0.0, 76.43827498749022, 34.756793005920926, 47.71765284761317, -1, -1, -1, -1
59, 0, 0.0, 75.9527341086996, 36.51227531844532, 48.261183417135804, -1, -1, -1, -1
60, 0, 0.0, 75.46719322990899, 38.26775763096971, 48.80471398665844, -1, -1, -1, -1
61, 0, 0.0, 74.98165235111837, 40.023239943494104, 49.34824455618107, -1, -1, -1, -1
62, 0, 0.0, 74.91874833216778, 41.52044417500706, 49.4691382658464, -1, -1, -1, -1
63, 0, 0.0, 74.8558443132172, 43.01764840652, 49.59003197551172, -1, -1, -1, -1
64, 0, 0.0, 74.79294029426661, 44.51485263803295, 49.710925685177045, -1, -1, -1, -1
65, 0, 0.0, 74.73003627531602, 46.0120568695459, 49.83181939484237, -1, -1, -1, -1
66, 0, 0.0, 74.66713225636545, 47.50926110105885, 49.952713104507694, -1, -1, -1, -1
67, 0, 0.0, 74.60422823741486, 49.00646533257179, 50.07360681417301, -1, -1, -1, -1
68, 0, 0.0, 74.54132421846427, 50.503669564084746, 50.19450052383833, -1, -1, -1, -1
69, 0, 0.0, 74.47842019951369, 52.00087379559769, 50.31539423350365, -1, -1, -1, -1
70, 0, 0.0, 74.4155161805631, 53.49807802711064, 50.43628794316898, -1, -1, -1, -1
71, 0, 0.0, 74.35261216161251, 54.99528225862359, 50.5571816528343, -1, -1, -1, -1
72, 0, 0.0, 74.28970814266194, 56.49248649013654, 50.67807536249963, -1, -1, -1, -1
73, 0, 0.0, 74.22680412371135, 57.98969072164949, 50.79896907216495, -1, -1, -1, -1
74, 0, 0.0, 74.22036082473352, 59.570572199467804, 50.850515463923706, -1, -1, -1, -1
75, 0, 0.0, 74.21391752575568, 61.15145367728613, 50.90206185568246, -1, -1, -1, -1
76, 0, 0.0, 74.20747422677783, 62.73233515510445, 50.95360824744122, -1, -1, -1, -1
77, 0, 0.0, 74.20103092779999, 64.31321663292277, 51.00515463919997, -1, -1, -1, -1
78, 0, 2.685361029878315e-16, 74.19458762883332, 65.53908314847673, 51.05670103094998, -1, -1, -1, -1
79, 0, 5.37072205975663e-16, 74.18814432986666, 66.7649496640307, 51.10824742269998, -1, -1, -1, -1
80, 0, 8.056083089634946e-16, 74.1817010309, 67.99081617958464, 51.15979381444998, -1, -1, -1, -1
81, 0, 1.074144411951326e-15, 74.17525773193333, 69.2166826951386, 51.21134020619999, -1, -1, -1, -1
82, 0, 1.3426805149391576e-15, 74.16881443296667, 70.44254921069256, 51.26288659795, -1, -1, -1, -1
83, 0, 1.6112166179269891e-15, 74.16237113400001, 71.66841572624651, 51.3144329897, -1, -1, -1, -1
84, 0, 1.879752720914821e-15, 74.15592783503334, 72.89428224180047, 51.36597938145, -1, -1, -1, -1
85, 0, 2.148288823902652e-15, 74.14948453606668, 74.12014875735443, 51.41752577320001, -1, -1, -1, -1
86, 0, 2.4168249268904835e-15, 74.14304123710002, 75.34601527290839, 51.46907216495002, -1, -1, -1, -1
87, 0, 2.685361029878315e-15, 74.13659793813335, 76.57188178846235, 51.52061855670002, -1, -1, -1, -1
88, 0, 2.953897132866147e-15, 74.13015463916668, 77.7977483040163, 51.57216494845002, -1, -1, -1, -1
89, 0, 3.2224332358539782e-15, 74.12371134020002, 79.02361481957026, 51.62371134020003, -1, -1, -1, -1
90, 0, 2.4168249268904835e-15, 74.11726804125001, 80.25271808864858, 51.67525773195002, -1, -1, -1, -1
91, 0, 1.6112166179269891e-15, 74.11082474230001, 81.48182135772689, 51.726804123700006, -1, -1, -1, -1
92, 0, 8.056083089634946e-16, 74.10438144335001, 82.7109246268052, 51.77835051544999, -1, -1, -1, -1
93, 0, 0.0, 74.0979381444, 83.9400278958835, 51.82989690719998, -1, -1, -1, -1
94, 0, 0.0, 74.091494845425, 84.959940037974, 51.881443298949975, -1, -1, -1, -1
95, 0, 0.0, 74.08505154645, 85.97985218006448, 51.932989690699976, -1, -1, -1, -1
96, 0, 0.0, 74.078608247475, 86.99976432215499, 51.98453608244998, -1, -1, -1, -1
97, 0, 0.0, 74.0721649485, 88.01967646424548, 52.03608247419997, -1, -1, -1, -1
98, 0, 0.0, 74.06572164952502, 89.0624535233693, 52.087628865949966, -1, -1, -1, -1
99, 0, 0.0, 74.05927835055002, 90.1052305824931, 52.13917525769996, -1, -1, -1, -1
100, 0, 0.0, 74.05283505157502, 91.14800764161691, 52.190721649449955, -1, -1, -1, -1
101, 0, 0.0, 74.04639175260002, 92.19078470074072, 52.24226804119996, -1, -1, -1, -1
102, 0, 0.0, 74.03994845362811, 93.07673042758113, 52.29381443295718, -1, -1, -1, -1
103, 0, 0.0, 74.0335051546562, 93.96267615442153, 52.345360824714405, -1, -1, -1, -1
104, 0, 0.0, 74.02706185568428, 94.84862188126192, 52.396907216471625, -1, -1, -1, -1
105, 0, 0.0, 74.02061855671238, 95.73456760810232, 52.448453608228846, -1, -1, -1, -1
106, 0, 0.0, 74.01417525774048, 96.62051333494273, 52.499999999986066, -1, -1, -1, -1
107, 0, 0.0, 74.00773195876856, 97.50645906178312, 52.55154639174329, -1, -1, -1, -1
108, 0, 0.0, 74.00128865979664, 98.39240478862352, 52.603092783500514, -1, -1, -1, -1
109, 0, 0.0, 73.99484536082474, 99.27835051546393, 52.654639175257735, -1, -1, -1, -1
110, 0, 0.027580116624797753, 73.99425040813568, 99.98989963826057, 52.67180261101038, -1, -1, -1, -1
111, 0, 0.05516023324959551, 73.99365545544664, 100.70144876105722, 52.688966046763014, -1, -1, -1, -1
112, 0, 0.08274034987439326, 73.9930605027576, 101.41299788385388, 52.70612948251566, -1, -1, -1, -1
113, 0, 0.11032046649919101, 73.99246555006854, 102.12454700665052, 52.7232929182683, -1, -1, -1, -1
114, 0, 0.13790058312398876, 73.9918705973795, 102.83609612944717, 52.740456354020935, -1, -1, -1, -1
115, 0, 0.16548069974878651, 73.99127564469046, 103.54764525224383, 52.75761978977357, -1, -1, -1, -1
116, 0, 0.19306081637358427, 73.9906806920014, 104.25919437504047, 52.77478322552621, -1, -1, -1, -1
117, 0, 0.22064093299838203, 73.99008573931236, 104.97074349783712, 52.79194666127884, -1, -1, -1, -1
118, 0, 0.24822104962317976, 73.98949078662332, 105.68229262063377, 52.80911009703148, -1, -1, -1, -1
119, 0, 0.2758011662479775, 73.98889583393427, 106.39384174343041, 52.826273532784114, -1, -1, -1, -1
120, 0, 0.30338128287277527, 73.98830088124522, 107.10539086622707, 52.84343696853675, -1, -1, -1, -1
121, 0, 0.33096139949757303, 73.98770592855618, 107.81693998902372, 52.860600404289386, -1, -1, -1, -1
122, 0, 0.3585415161223708, 73.98711097586713, 108.52848911182036, 52.87776384004203, -1, -1, -1, -1
123, 0, 0.38612163274716854, 73.98651602317808, 109.24003823461702, 52.89492727579467, -1, -1, -1, -1
124, 0, 0.4137017493719663, 73.98592107048904, 109.95158735741367, 52.91209071154732, -1, -1, -1, -1
125, 0, 0.44128186599676406, 73.98532611779999, 110.66313648021031, 52.929254147299964, -1, -1, -1, -1
126, 0, 0.8104362122152486, 73.98473116510375, 110.77754864637838, 52.9464175830592, -1, -1, -1, -1
127, 0, 1.1795905584337332, 73.98413621240752, 110.89196081254644, 52.963581018818445, -1, -1, -1, -1
128, 0, 1.5487449046522177, 73.9835412597113, 111.00637297871451, 52.98074445457768, -1, -1, -1, -1
129, 0, 1.9178992508707025, 73.98294630701507, 111.12078514488257, 52.99790789033692, -1, -1, -1, -1
130, 0, 2.287053597089187, 73.98235135431884, 111.23519731105064, 53.015071326096155, -1, -1, -1, -1
131, 0, 2.6562079433076717, 73.98175640162262, 111.3496094772187, 53.03223476185539, -1, -1, -1, -1
132, 0, 3.0253622895261563, 73.9811614489264, 111.46402164338677, 53.04939819761463, -1, -1, -1, -1
133, 0, 3.394516635744641, 73.98056649623017, 111.57843380955484, 53.066561633373865, -1, -1, -1, -1
134, 0, 3.7636709819631253, 73.97997154353394, 111.6928459757229, 53.08372506913311, -1, -1, -1, -1
135, 0, 4.13282532818161, 73.97937659083772, 111.80725814189097, 53.10088850489235, -1, -1, -1, -1
136, 0, 4.501979674400095, 73.97878163814148, 111.92167030805903, 53.1180519406516, -1, -1, -1, -1
137, 0, 4.871134020618579, 73.97818668544525, 112.0360824742271, 53.135215376410834, -1, -1, -1, -1
138, 0, 5.238287208041033, 73.98479762436799, 112.07648471016574, 53.154928931670284, -1, -1, -1, -1
139, 0, 5.6054403954634875, 73.99140856329072, 112.11688694610439, 53.17464248692974, -1, -1, -1, -1
140, 0, 5.972593582885942, 73.99801950221345, 112.15728918204303, 53.1943560421892, -1, -1, -1, -1
141, 0, 6.339746770308396, 74.0046304411362, 112.19769141798169, 53.214069597448656, -1, -1, -1, -1
142, 0, 6.706899957730849, 74.01124138005895, 112.23809365392034, 53.233783152708114, -1, -1, -1, -1
143, 0, 7.074053145153304, 74.01785231898168, 112.27849588985899, 53.25349670796757, -1, -1, -1, -1
144, 0, 7.441206332575758, 74.02446325790442, 112.31889812579763, 53.27321026322703, -1, -1, -1, -1
145, 0, 7.808359519998213, 74.03107419682715, 112.35930036173627, 53.292923818486486, -1, -1, -1, -1
146, 0, 8.175512707420667, 74.03768513574988, 112.39970259767492, 53.31263737374595, -1, -1, -1, -1
147, 0, 8.542665894843122, 74.04429607467262, 112.44010483361356, 53.332350929005415, -1, -1, -1, -1
148, 0, 8.909819082265575, 74.05090701359535, 112.4805070695522, 53.35206448426488, -1, -1, -1, -1
149, 0, 9.276972269688029, 74.05751795251808, 112.52090930549085, 53.371778039524344, -1, -1, -1, -1
150, 0, 9.644125457110484, 74.06412889144082, 112.56131154142949, 53.3914915947838, -1, -1, -1, -1
151, 0, 10.011278644532936, 74.07073983036355, 112.60171377736813, 53.41120515004326, -1, -1, -1, -1
152, 0, 10.37843183195539, 74.07735076928628, 112.64211601330678, 53.430918705302716, -1, -1, -1, -1
153, 0, 10.745585019377845, 74.08396170820903, 112.68251824924543, 53.45063226056217, -1, -1, -1, -1
154, 0, 11.1127382068003, 74.09057264713178, 112.72292048518408, 53.47034581582163, -1, -1, -1, -1
155, 0, 11.479891394222754, 74.09718358605451, 112.76332272112272, 53.49005937108109, -1, -1, -1, -1
156, 0, 11.847044581645207, 74.10379452497725, 112.80372495706136, 53.509772926340545, -1, -1, -1, -1
157, 0, 12.214197769067662, 74.11040546389998, 112.844127193, 53.5294864816, -1, -1, -1, -1
158, 0, 12.44955620484972, 74.11701640282499, 112.8845294289375, 53.5492000368625, -1, -1, -1, -1
159, 0, 12.684914640631778, 74.12362734174998, 112.924931664875, 53.568913592125, -1, -1, -1, -1
160, 0, 12.920273076413837, 74.13023828067497, 112.96533390081251, 53.5886271473875, -1, -1, -1, -1
161, 0, 13.155631512195896, 74.13684921959998, 113.00573613675002, 53.60834070265, -1, -1, -1, -1
162, 0, 13.390989947977955, 74.14346015852499, 113.04613837268752, 53.628054257912495, -1, -1, -1, -1
163, 0, 13.626348383760014, 74.15007109744998, 113.08654060862501, 53.647767813175, -1, -1, -1, -1
164, 0, 13.861706819542073, 74.15668203637497, 113.1269428445625, 53.66748136843751, -1, -1, -1, -1
165, 0, 14.097065255324132, 74.16329297529998, 113.16734508050001, 53.687194923700005, -1, -1, -1, -1
166, 0, 14.332423691106191, 74.16990391422499, 113.2077473164375, 53.706908478962504, -1, -1, -1, -1
167, 0, 14.56778212688825, 74.17651485315, 113.248149552375, 53.726622034225, -1, -1, -1, -1
168, 0, 14.803140562670308, 74.183125792075, 113.2885517883125, 53.7463355894875, -1, -1, -1, -1
169, 0, 15.038498998452367, 74.189736731, 113.32895402425, 53.76604914475, -1, -1, -1, -1
170, 0, 15.273857434234426, 74.19634766992499, 113.36935626018749, 53.7857627000125, -1, -1, -1, -1
171, 0, 15.509215870016483, 74.20295860885, 113.409758496125, 53.805476255274996, -1, -1, -1, -1
172, 0, 15.744574305798542, 74.209569547775, 113.4501607320625, 53.825189810537495, -1, -1, -1, -1
173, 0, 15.979932741580601, 74.2161804867, 113.490562968, 53.8449033658, -1, -1, -1, -1
174, 0, 16.09325899992252, 74.22279142562337, 113.53096520393467, 53.86461692105, -1, -1, -1, -1
175, 0, 16.206585258264433, 74.22940236454674, 113.57136743986933, 53.88433047629999, -1, -1, -1, -1
176, 0, 16.319911516606346, 74.23601330347012, 113.611769675804, 53.90404403154999, -1, -1, -1, -1
177, 0, 16.43323777494826, 74.24262424239349, 113.65217191173868, 53.92375758679999, -1, -1, -1, -1
178, 0, 16.608486646756074, 74.23500971606381, 113.66072836408085, 53.943471142057575, -1, -1, -1, -1
179, 0, 16.783735518563887, 74.22739518973415, 113.66928481642303, 53.96318469731517, -1, -1, -1, -1
180, 0, 16.958984390371697, 74.21978066340448, 113.6778412687652, 53.98289825257277, -1, -1, -1, -1
181, 0, 17.13423326217951, 74.2121661370748, 113.68639772110738, 54.00261180783036, -1, -1, -1, -1
182, 0, 17.309482133987323, 74.20455161074514, 113.69495417344956, 54.02232536308795, -1, -1, -1, -1
183, 0, 17.484731005795133, 74.19693708441547, 113.70351062579175, 54.04203891834554, -1, -1, -1, -1
184, 0, 17.659979877602947, 74.18932255808579, 113.71206707813393, 54.06175247360313, -1, -1, -1, -1
185, 0, 17.83522874941076, 74.18170803175613, 113.7206235304761, 54.08146602886072, -1, -1, -1, -1
186, 0, 18.010477621218573, 74.17409350542646, 113.72917998281828, 54.10117958411831, -1, -1, -1, -1
187, 0, 18.185726493026387, 74.16647897909678, 113.73773643516046, 54.1208931393759, -1, -1, -1, -1
188, 0, 18.3609753648342, 74.15886445276712, 113.74629288750262, 54.14060669463349, -1, -1, -1, -1
189, 0, 18.536224236642013, 74.15124992643744, 113.7548493398448, 54.160320249891086, -1, -1, -1, -1
190, 0, 18.711473108449827, 74.14363540010777, 113.76340579218697, 54.18003380514868, -1, -1, -1, -1
191, 0, 18.88672198025764, 74.13602087377811, 113.77196224452913, 54.199747360406285, -1, -1, -1, -1
192, 0, 19.06197085206545, 74.12840634744843, 113.78051869687131, 54.21946091566389, -1, -1, -1, -1
193, 0, 19.237219723873263, 74.12079182111876, 113.78907514921349, 54.23917447092148, -1, -1, -1, -1
194, 0, 19.412468595681077, 74.11317729478908, 113.79763160155566, 54.25888802617908, -1, -1, -1, -1
195, 0, 19.587717467488886, 74.10556276845941, 113.80618805389784, 54.27860158143667, -1, -1, -1, -1
196, 0, 19.7629663392967, 74.09794824212975, 113.81474450624002, 54.29831513669426, -1, -1, -1, -1
197, 0, 19.938215211104513, 74.09033371580007, 113.8233009585822, 54.31802869195185, -1, -1, -1, -1
198, 0, 20.113464082912326, 74.0827191894704, 113.83185741092437, 54.33774224720944, -1, -1, -1, -1
199, 0, 20.28871295472014, 74.07510466314073, 113.84041386326655, 54.35745580246703, -1, -1, -1, -1
200, 0, 20.46396182652795, 74.06749013681107, 113.84897031560874, 54.37716935772462, -1, -1, -1, -1
201, 0, 20.639210698335763, 74.0598756104814, 113.85752676795092, 54.39688291298221, -1, -1, -1, -1
202, 0, 20.814459570143576, 74.05226108415172, 113.86608322029309, 54.4165964682398, -1, -1, -1, -1
203, 0, 20.989708441951386, 74.04464655782206, 113.87463967263527, 54.4363100234974, -1, -1, -1, -1
204, 0, 21.1649573137592, 74.03703203149239, 113.88319612497745, 54.456023578754994, -1, -1, -1, -1
205, 0, 21.340206185567013, 74.02941750516271, 113.89175257731962, 54.47573713401258, -1, -1, -1, -1
206, 0, 21.50257731958763, 74.04430522028285, 113.90335051546396, 54.46084941889244, -1, -1, -1, -1
207, 0, 21.66494845360825, 74.05919293540299, 113.91494845360828, 54.4459617037723, -1, -1, -1, -1
208, 0, 21.82731958762887, 74.07408065052313, 113.92654639175261, 54.43107398865216, -1, -1, -1, -1
209, 0, 21.989690721649488, 74.08896836564327, 113.93814432989694, 54.41618627353202, -1, -1, -1, -1
210, 0, 22.152061855670105, 74.1038560807634, 113.94974226804126, 54.40129855841188, -1, -1, -1, -1
211, 0, 22.314432989690722, 74.11874379588355, 113.96134020618558, 54.386410843291735, -1, -1, -1, -1
212, 0, 22.47680412371134, 74.1336315110037, 113.9729381443299, 54.37152312817159, -1, -1, -1, -1
213, 0, 22.63917525773196, 74.14851922612384, 113.98453608247424, 54.35663541305145, -1, -1, -1, -1
214, 0, 22.80154639175258, 74.16340694124398, 113.99613402061857, 54.34174769793131, -1, -1, -1, -1
215, 0, 22.963917525773198, 74.17829465636412, 114.0077319587629, 54.32685998281117, -1, -1, -1, -1
216, 0, 23.126288659793815, 74.19318237148426, 114.01932989690724, 54.31197226769103, -1, -1, -1, -1
217, 0, 23.288659793814436, 74.2080700866044, 114.03092783505157, 54.297084552570894, -1, -1, -1, -1
218, 0, 23.451030927835056, 74.22295780172453, 114.0425257731959, 54.282196837450755, -1, -1, -1, -1
219, 0, 23.613402061855673, 74.23784551684469, 114.05412371134022, 54.26730912233061, -1, -1, -1, -1
220, 0, 23.77577319587629, 74.25273323196483, 114.06572164948454, 54.25242140721046, -1, -1, -1, -1
221, 0, 23.93814432989691, 74.26762094708496, 114.07731958762886, 54.237533692090324, -1, -1, -1, -1
222, 0, 24.10051546391753, 74.2825086622051, 114.0889175257732, 54.222645976970185, -1, -1, -1, -1
223, 0, 24.26288659793815, 74.29739637732524, 114.10051546391753, 54.207758261850046, -1, -1, -1, -1
224, 0, 24.425257731958766, 74.31228409244538, 114.11211340206187, 54.19287054672991, -1, -1, -1, -1
225, 0, 24.587628865979383, 74.32717180756552, 114.1237113402062, 54.17798283160977, -1, -1, -1, -1
226, 0, 24.75, 74.34205952268566, 114.13530927835053, 54.16309511648963, -1, -1, -1, -1
227, 0, 24.91237113402062, 74.3569472378058, 114.14690721649487, 54.14820740136949, -1, -1, -1, -1
228, 0, 25.07474226804124, 74.37183495292594, 114.1585051546392, 54.13331968624935, -1, -1, -1, -1
229, 0, 25.23711340206186, 74.38672266804608, 114.17010309278353, 54.11843197112921, -1, -1, -1, -1
230, 0, 25.399484536082475, 74.40161038316622, 114.18170103092785, 54.10354425600907, -1, -1, -1, -1
231, 0, 25.561855670103096, 74.41649809828635, 114.19329896907217, 54.08865654088893, -1, -1, -1, -1
232, 0, 25.724226804123717, 74.43138581340651, 114.2048969072165, 54.07376882576878, -1, -1, -1, -1
233, 0, 25.886597938144334, 74.44627352852665, 114.21649484536083, 54.05888111064864, -1, -1, -1, -1
234, 0, 26.04896907216495, 74.46116124364679, 114.22809278350516, 54.043993395528496, -1, -1, -1, -1
235, 0, 26.211340206185568, 74.47604895876692, 114.2396907216495, 54.02910568040835, -1, -1, -1, -1
236, 0, 26.373711340206185, 74.49093667388706, 114.25128865979383, 54.0142179652882, -1, -1, -1, -1
237, 0, 26.536082474226806, 74.5058243890072, 114.26288659793816, 53.99933025016806, -1, -1, -1, -1
238, 0, 26.698453608247426, 74.52071210412734, 114.2744845360825, 53.98444253504792, -1, -1, -1, -1
239, 0, 26.860824742268044, 74.5355998192475, 114.28608247422682, 53.96955481992777, -1, -1, -1, -1
240, 0, 27.02319587628866, 74.55048753436763, 114.29768041237114, 53.954667104807626, -1, -1, -1, -1
241, 0, 27.18556701030928, 74.56537524948777, 114.30927835051546, 53.93977938968749, -1, -1, -1, -1
242, 0, 27.347938144329902, 74.58026296460791, 114.32087628865979, 53.92489167456735, -1, -1, -1, -1
243, 0, 27.51030927835052, 74.59515067972805, 114.33247422680412, 53.91000395944721, -1, -1, -1, -1
244, 0, 27.672680412371136, 74.61003839484819, 114.34407216494846, 53.89511624432707, -1, -1, -1, -1
245, 0, 27.835051546391753, 74.62492610996833, 114.35567010309279, 53.88022852920693, -1, -1, -1, -1
246, 0, 27.99742268041237, 74.63981382508847, 114.36726804123712, 53.86534081408679, -1, -1, -1, -1
247, 0, 28.15979381443299, 74.6547015402086, 114.37886597938146, 53.85045309896665, -1, -1, -1, -1
248, 0, 28.32216494845361, 74.66958925532875, 114.39046391752579, 53.835565383846514, -1, -1, -1, -1
249, 0, 28.48453608247423, 74.68447697044888, 114.40206185567013, 53.820677668726375, -1, -1, -1, -1
250, 0, 28.646907216494846, 74.69936468556902, 114.41365979381445, 53.80578995360624, -1, -1, -1, -1
251, 0, 28.809278350515466, 74.71425240068916, 114.42525773195877, 53.79090223848609, -1, -1, -1, -1
252, 0, 28.971649484536087, 74.72914011580932, 114.43685567010309, 53.776014523365944, -1, -1, -1, -1
253, 0, 29.134020618556704, 74.74402783092945, 114.44845360824742, 53.761126808245805, -1, -1, -1, -1
254, 0, 29.29639175257732, 74.7589155460496, 114.46005154639175, 53.746239093125666, -1, -1, -1, -1
255, 0, 29.458762886597942, 74.77380326116973, 114.47164948453607, 53.73135137800553, -1, -1, -1, -1
256, 0, 29.621134020618562, 74.78869097628987, 114.4832474226804, 53.71646366288539, -1, -1, -1, -1
257, 0, 29.78350515463918, 74.80357869141001, 114.49484536082474, 53.70157594776525, -1, -1, -1, -1
258, 0, 29.945876288659797, 74.81846640653015, 114.50644329896906, 53.68668823264511, -1, -1, -1, -1
259, 0, 30.108247422680414, 74.8333541216503, 114.5180412371134, 53.671800517524964, -1, -1, -1, -1
260, 0, 30.27061855670103, 74.84824183677044, 114.52963917525773, 53.65691280240482, -1, -1, -1, -1
261, 0, 30.43298969072165, 74.86312955189058, 114.54123711340205, 53.64202508728468, -1, -1, -1, -1
262, 0, 30.595360824742272, 74.87801726701072, 114.55283505154638, 53.62713737216454, -1, -1, -1, -1
263, 0, 30.75773195876289, 74.89290498213086, 114.56443298969072, 53.6122496570444, -1, -1, -1, -1
264, 0, 30.920103092783506, 74.907792697251, 114.57603092783505, 53.59736194192426, -1, -1, -1, -1
265, 0, 31.082474226804127, 74.92268041237114, 114.58762886597938, 53.58247422680412, -1, -1, -1, -1
266, 0, 31.284737777788933, 74.92318101589845, 114.60675910061774, 53.58569587628729, -1, -1, -1, -1
267, 0, 31.48700132877374, 74.92368161942576, 114.62588933525609, 53.58891752577045, -1, -1, -1, -1
268, 0, 31.689264879758547, 74.92418222295308, 114.64501956989446, 53.59213917525361, -1, -1, -1, -1
269, 0, 31.891528430743353, 74.9246828264804, 114.66414980453281, 53.59536082473677, -1, -1, -1, -1
270, 0, 32.09379198172816, 74.92518343000773, 114.68328003917117, 53.59858247421994, -1, -1, -1, -1
271, 0, 32.29605553271297, 74.92568403353505, 114.70241027380953, 53.6018041237031, -1, -1, -1, -1
272, 0, 32.49831908369778, 74.92618463706236, 114.7215405084479, 53.605025773186256, -1, -1, -1, -1
273, 0, 32.70058263468258, 74.92668524058968, 114.74067074308627, 53.60824742266942, -1, -1, -1, -1
274, 0, 32.902846185667386, 74.92718584411699, 114.75980097772462, 53.61146907215259, -1, -1, -1, -1
275, 0, 33.105109736652196, 74.9276864476443, 114.77893121236298, 53.614690721635746, -1, -1, -1, -1
276, 0, 33.307373287637006, 74.92818705117162, 114.79806144700133, 53.617912371118905, -1, -1, -1, -1
277, 0, 33.50963683862181, 74.92868765469895, 114.81719168163968, 53.62113402060207, -1, -1, -1, -1
278, 0, 33.71190038960661, 74.92918825822628, 114.83632191627805, 53.62435567008522, -1, -1, -1, -1
279, 0, 33.91416394059142, 74.92968886175359, 114.8554521509164, 53.62757731956838, -1, -1, -1, -1
280, 0, 34.11642749157623, 74.9301894652809, 114.87458238555476, 53.63079896905154, -1, -1, -1, -1
281, 0, 34.318691042561035, 74.93069006880822, 114.89371262019313, 53.63402061853469, -1, -1, -1, -1
282, 0, 34.52095459354584, 74.93119067233553, 114.9128428548315, 53.63724226801786, -1, -1, -1, -1
283, 0, 34.72321814453065, 74.93169127586285, 114.93197308946985, 53.640463917501016, -1, -1, -1, -1
284, 0, 34.92548169551546, 74.93219187939016, 114.9511033241082, 53.643685566984175, -1, -1, -1, -1
285, 0, 35.12774524650026, 74.93269248291749, 114.97023355874657, 53.64690721646734, -1, -1, -1, -1
286, 0, 35.330008797485064, 74.93319308644482, 114.98936379338492, 53.65012886595051, -1, -1, -1, -1
287, 0, 35.532272348469874, 74.93369368997213, 115.00849402802328, 53.65335051543367, -1, -1, -1, -1
288, 0, 35.734535899454684, 74.93419429349944, 115.02762426266165, 53.65657216491684, -1, -1, -1, -1
289, 0, 35.93679945043949, 74.93469489702676, 115.0467544973, 53.6597938144, -1, -1, -1, -1
290, 0, 36.22359037339358, 74.92110760523113, 115.06588473194168, 53.663015463883326, -1, -1, -1, -1
291, 0, 36.510381296347674, 74.9075203134355, 115.08501496658334, 53.66623711336666, -1, -1, -1, -1
292, 0, 36.79717221930177, 74.89393302163987, 115.10414520122501, 53.66945876284999, -1, -1, -1, -1
293, 0, 37.08396314225587, 74.88034572984425, 115.12327543586667, 53.67268041233332, -1, -1, -1, -1
294, 0, 37.370754065209965, 74.86675843804863, 115.14240567050834, 53.67590206181666, -1, -1, -1, -1
295, 0, 37.657544988164055, 74.853171146253, 115.16153590515, 53.679123711299994, -1, -1, -1, -1
296, 0, 37.944335911118145, 74.83958385445737, 115.18066613979167, 53.68234536078333, -1, -1, -1, -1
297, 0, 38.23112683407224, 74.82599656266176, 115.19979637443335, 53.685567010266666, -1, -1, -1, -1
298, 0, 38.51791775702634, 74.81240927086614, 115.21892660907501, 53.68878865975, -1, -1, -1, -1
299, 0, 38.804708679980436, 74.79882197907051, 115.23805684371668, 53.69201030923333, -1, -1, -1, -1
300, 0, 39.09149960293453, 74.78523468727488, 115.25718707835834, 53.69523195871666, -1, -1, -1, -1
301, 0, 39.37829052588862, 74.77164739547925, 115.276317313, 53.6984536082, -1, -1, -1, -1
302, 0, 39.61468516718283, 74.73421428177063, 115.20721071898976, 53.70167525767499, -1, -1, -1, -1
303, 0, 39.851079808477024, 74.69678116806202, 115.13810412497949, 53.704896907149994, -1, -1, -1, -1
304, 0, 40.08747444977122, 74.6593480543534, 115.06899753096923, 53.708118556624996, -1, -1, -1, -1
305, 0, 40.323869091065426, 74.62191494064479, 114.99989093695896, 53.71134020609999, -1, -1, -1, -1
306, 0, 40.66557289343022, 74.63131386163919, 115.05963535536611, 53.71456185558749, -1, -1, -1, -1
307, 0, 41.00727669579503, 74.64071278263359, 115.11937977377326, 53.71778350507498, -1, -1, -1, -1
308, 0, 41.348980498159825, 74.65011170362799, 115.17912419218041, 53.72100515456248, -1, -1, -1, -1
309, 0, 41.69068430052462, 74.65951062462238, 115.23886861058756, 53.72422680404998, -1, -1, -1, -1
310, 0, 42.03238810288942, 74.66890954561678, 115.29861302899471, 53.72744845353748, -1, -1, -1, -1
311, 0, 42.37409190525422, 74.67830846661118, 115.35835744740186, 53.73067010302498, -1, -1, -1, -1
312, 0, 42.71579570761902, 74.68770738760558, 115.418101865809, 53.73389175251248, -1, -1, -1, -1
313, 0, 43.05749950998382, 74.69710630859998, 115.47784628421617, 53.73711340199997, -1, -1, -1, -1
314, 0, 43.438649419263314, 74.70650522959045, 115.49814459571098, 53.740335051487094, -1, -1, -1, -1
315, 0, 43.8197993285428, 74.71590415058091, 115.51844290720581, 53.74355670097421, -1, -1, -1, -1
316, 0, 44.200949237822286, 74.72530307157137, 115.53874121870064, 53.74677835046133, -1, -1, -1, -1
317, 0, 44.58209914710178, 74.73470199256184, 115.55903953019546, 53.74999999994844, -1, -1, -1, -1
318, 0, 44.96324905638127, 74.7441009135523, 115.57933784169029, 53.75322164943556, -1, -1, -1, -1
319, 0, 45.34439896566076, 74.75349983454277, 115.59963615318512, 53.75644329892267, -1, -1, -1, -1
320, 0, 45.725548874940245, 74.76289875553323, 115.61993446467994, 53.75966494840978, -1, -1, -1, -1
321, 0, 46.10669878421974, 74.77229767652368, 115.64023277617477, 53.762886597896895, -1, -1, -1, -1
322, 0, 46.48784869349923, 74.78169659751413, 115.6605310876696, 53.76610824738401, -1, -1, -1, -1
323, 0, 46.86899860277872, 74.79109551850459, 115.68082939916441, 53.76932989687112, -1, -1, -1, -1
324, 0, 47.25014851205821, 74.80049443949505, 115.70112771065922, 53.77255154635823, -1, -1, -1, -1
325, 0, 47.6312984213377, 74.80989336048552, 115.72142602215405, 53.775773195845346, -1, -1, -1, -1
326, 0, 48.01244833061719, 74.81929228147598, 115.74172433364888, 53.77899484533246, -1, -1, -1, -1
327, 0, 48.39359823989668, 74.82869120246644, 115.7620226451437, 53.78221649481958, -1, -1, -1, -1
328, 0, 48.774748149176176, 74.83809012345691, 115.78232095663853, 53.785438144306696, -1, -1, -1, -1
329, 0, 49.15589805845566, 74.84748904444737, 115.80261926813334, 53.78865979379381, -1, -1, -1, -1
330, 0, 49.53704796773515, 74.85688796543783, 115.82291757962815, 53.79188144328093, -1, -1, -1, -1
331, 0, 49.91819787701464, 74.8662868864283, 115.84321589112298, 53.795103092768045, -1, -1, -1, -1
332, 0, 50.299347786294135, 74.87568580741876, 115.86351420261781, 53.79832474225516, -1, -1, -1, -1
333, 0, 50.68049769557362, 74.88508472840923, 115.88381251411263, 53.80154639174228, -1, -1, -1, -1
334, 0, 51.06164760485311, 74.89448364939969, 115.90411082560746, 53.80476804122939, -1, -1, -1, -1
335, 0, 51.4427975141326, 74.90388257039015, 115.92440913710229, 53.8079896907165, -1, -1, -1, -1
336, 0, 51.82394742341209, 74.91328149138062, 115.94470744859711, 53.81121134020361, -1, -1, -1, -1
337, 0, 52.20509733269158, 74.92268041237107, 115.96500576009193, 53.81443298969072, -1, -1, -1, -1
338, 0, 52.68657299602421, 74.91921757789012, 115.9774466341348, 53.837820521716466, -1, -1, -1, -1
339, 0, 53.16804865935684, 74.91575474340917, 115.98988750817767, 53.86120805374222, -1, -1, -1, -1
340, 0, 53.64952432268947, 74.91229190892821, 116.00232838222055, 53.88459558576797, -1, -1, -1, -1
341, 0, 54.13099998602211, 74.90882907444725, 116.01476925626343, 53.90798311779372, -1, -1, -1, -1
342, 0, 54.61247564935474, 74.9053662399663, 116.02721013030632, 53.93137064981947, -1, -1, -1, -1
343, 0, 55.09395131268737, 74.90190340548534, 116.0396510043492, 53.95475818184523, -1, -1, -1, -1
344, 0, 55.575426976020005, 74.89844057100439, 116.05209187839208, 53.97814571387099, -1, -1, -1, -1
345, 0, 56.056902639352636, 74.89497773652344, 116.06453275243496, 54.00153324589674, -1, -1, -1, -1
346, 0, 56.538378302685274, 74.8915149020425, 116.07697362647784, 54.02492077792249, -1, -1, -1, -1
347, 0, 57.019853966017905, 74.88805206756155, 116.08941450052072, 54.04830830994824, -1, -1, -1, -1
348, 0, 57.501329629350536, 74.88458923308059, 116.1018553745636, 54.07169584197399, -1, -1, -1, -1
349, 0, 57.98280529268317, 74.88112639859963, 116.1142962486065, 54.095083373999735, -1, -1, -1, -1
350, 0, 58.566907929825526, 74.87766356411413, 116.10380200673674, 54.118470906022225, -1, -1, -1, -1
351, 0, 59.151010566967884, 74.87420072962863, 116.093307764867, 54.14185843804471, -1, -1, -1, -1
352, 0, 59.73511320411025, 74.87073789514312, 116.08281352299726, 54.16524597006719, -1, -1, -1, -1
353, 0, 60.31921584125261, 74.86727506065763, 116.0723192811275, 54.18863350208967, -1, -1, -1, -1
354, 0, 60.903318478394965, 74.86381222617213, 116.06182503925777, 54.212021034112155, -1, -1, -1, -1
355, 0, 61.48742111553732, 74.86034939168663, 116.05133079738802, 54.23540856613464, -1, -1, -1, -1
356, 0, 62.07152375267968, 74.85688655720112, 116.04083655551827, 54.25879609815712, -1, -1, -1, -1
357, 0, 62.65562638982204, 74.85342372271562, 116.03034231364853, 54.2821836301796, -1, -1, -1, -1
358, 0, 63.2397290269644, 74.84996088823013, 116.01984807177878, 54.305571162202085, -1, -1, -1, -1
359, 0, 63.82383166410676, 74.84649805374463, 116.00935382990903, 54.328958694224575, -1, -1, -1, -1
360, 0, 64.40793430124913, 74.84303521925912, 115.9988595880393, 54.352346226247064, -1, -1, -1, -1
361, 0, 64.99203693839148, 74.83957238477362, 115.98836534616954, 54.37573375826955, -1, -1, -1, -1
362, 0, 65.47835497609867, 74.84462245165521, 116.15096966379713, 54.35255522265216, -1, -1, -1, -1
363, 0, 65.96467301380585, 74.8496725185368, 116.3135739814247, 54.329376687034774, -1, -1, -1, -1
364, 0, 66.45099105151303, 74.8547225854184, 116.47617829905226, 54.30619815141739, -1, -1, -1, -1
365, 0, 66.93730908922021, 74.8597726523, 116.63878261667983, 54.2830196158, -1, -1, -1, -1
366, 0, 67.61712747739887, 74.86482271919166, 116.60788658382201, 54.259841080183335, -1, -1, -1, -1
367, 0, 68.29694586557753, 74.86987278608333, 116.57699055096418, 54.23666254456667, -1, -1, -1, -1
368, 0, 68.97676425375619, 74.874922852975, 116.54609451810636, 54.213484008950005, -1, -1, -1, -1
369, 0, 69.65658264193485, 74.87997291986666, 116.51519848524853, 54.19030547333334, -1, -1, -1, -1
370, 0, 70.3364010301135, 74.88502298675832, 116.48430245239071, 54.167126937716674, -1, -1, -1, -1
371, 0, 71.01621941829217, 74.89007305364999, 116.45340641953288, 54.1439484021, -1, -1, -1, -1
372, 0, 71.69603780647083, 74.89512312054165, 116.42251038667504, 54.12076986648333, -1, -1, -1, -1
373, 0, 72.3758561946495, 74.90017318743332, 116.39161435381722, 54.09759133086666, -1, -1, -1, -1
374, 0, 73.05567458282816, 74.905223254325, 116.36071832095939, 54.07441279525, -1, -1, -1, -1
375, 0, 73.73549297100682, 74.91027332121666, 116.32982228810155, 54.05123425963333, -1, -1, -1, -1
376, 0, 74.41531135918548, 74.91532338810833, 116.29892625524371, 54.02805572401667, -1, -1, -1, -1
377, 0, 75.09512974736414, 74.920373455, 116.26803022238589, 54.0048771884, -1, -1, -1, -1
378, 0, 75.7749481355428, 74.92542352189167, 116.23713418952806, 53.98169865278334, -1, -1, -1, -1
379, 0, 76.45476652372146, 74.93047358878334, 116.20623815667024, 53.95852011716668, -1, -1, -1, -1
380, 0, 77.13458491190012, 74.93552365567501, 116.17534212381241, 53.93534158155002, -1, -1, -1, -1
381, 0, 77.81440330007878, 74.94057372256667, 116.14444609095459, 53.912163045933355, -1, -1, -1, -1
382, 0, 78.49422168825745, 74.94562378945832, 116.11355005809676, 53.88898451031669, -1, -1, -1, -1
383, 0, 79.17404007643611, 74.95067385635, 116.08265402523892, 53.86580597470002, -1, -1, -1, -1
384, 0, 79.85385846461477, 74.95572392324166, 116.0517579923811, 53.842627439083344, -1, -1, -1, -1
385, 0, 80.53367685279343, 74.96077399013333, 116.02086195952327, 53.81944890346668, -1, -1, -1, -1
386, 0, 81.2134952409721, 74.965824057025, 115.98996592666545, 53.79627036785001, -1, -1, -1, -1
387, 0, 81.89331362915075, 74.97087412391667, 115.95906989380762, 53.77309183223335, -1, -1, -1, -1
388, 0, 82.57313201732941, 74.97592419080834, 115.92817386094978, 53.74991329661668, -1, -1, -1, -1
389, 0, 83.25295040550807, 74.9809742577, 115.89727782809196, 53.72673476100002, -1, -1, -1, -1
390, 0, 84.01667602530907, 74.98602432459998, 115.78247456361595, 53.703556225375, -1, -1, -1, -1
391, 0, 84.78040164511005, 74.99107439149998, 115.66767129913995, 53.68037768974999, -1, -1, -1, -1
392, 0, 85.54412726491103, 74.99612445839998, 115.55286803466394, 53.65719915412498, -1, -1, -1, -1
393, 0, 86.30785288471202, 75.00117452529996, 115.43806477018794, 53.63402061849997, -1, -1, -1, -1
394, 0, 87.00450896688747, 75.00257620587541, 115.34097680519095, 53.63079896902498, -1, -1, -1, -1
395, 0, 87.70116504906291, 75.00397788645085, 115.24388884019396, 53.627577319549985, -1, -1, -1, -1
396, 0, 88.39782113123835, 75.0053795670263, 115.14680087519699, 53.62435567007499, -1, -1, -1, -1
397, 0, 89.0944772134138, 75.00678124760174, 115.0497129102, 53.6211340206, -1, -1, -1, -1
398, 0, 90.10485199311438, 74.9857560388013, 115.04581637279595, 53.617912371124994, -1, -1, -1, -1
399, 0, 91.11522677281496, 74.96473083000086, 115.04191983539191, 53.614690721649986, -1, -1, -1, -1
400, 0, 92.12560155251555, 74.94370562120042, 115.03802329798786, 53.61146907217498, -1, -1, -1, -1
401, 0, 93.13597633221615, 74.92268041239998, 115.03412676058382, 53.60824742269997, -1, -1, -1, -1
402, 0, 93.84578341440047, 74.92268041239637, 114.94931967839744, 53.60502577321299, -1, -1, -1, -1
403, 0, 94.55559049658478, 74.92268041239276, 114.86451259621106, 53.601804123726, -1, -1, -1, -1
404, 0, 95.26539757876911, 74.92268041238916, 114.77970551402468, 53.59858247423902, -1, -1, -1, -1
405, 0, 95.97520466095344, 74.92268041238556, 114.69489843183831, 53.595360824752035, -1, -1, -1, -1
406, 0, 96.68501174313776, 74.92268041238196, 114.61009134965192, 53.59213917526506, -1, -1, -1, -1
407, 0, 97.39481882532209, 74.92268041237836, 114.52528426746555, 53.58891752577808, -1, -1, -1, -1
408, 0, 98.1046259075064, 74.92268041237475, 114.44047718527918, 53.5856958762911, -1, -1, -1, -1
409, 0, 98.81443298969073, 74.92268041237114, 114.35567010309279, 53.58247422680412, -1, -1, -1, -1
410, 0, 99.70802650957032, 74.92654639175431, 114.25288693265377, 53.58247422680398, -1, -1, -1, -1
411, 0, 100.60162002944992, 74.93041237113749, 114.15010376221474, 53.58247422680383, -1, -1, -1, -1
412, 0, 101.49521354932952, 74.93427835052066, 114.0473205917757, 53.58247422680368, -1, -1, -1, -1
413, 0, 102.38880706920911, 74.93814432990384, 113.94453742133668, 53.58247422680354, -1, -1, -1, -1
414, 0, 103.2824005890887, 74.94201030928701, 113.84175425089765, 53.58247422680339, -1, -1, -1, -1
415, 0, 104.1759941089683, 74.94587628867018, 113.73897108045861, 53.58247422680324, -1, -1, -1, -1
416, 0, 105.0695876288479, 74.94974226805334, 113.63618791001957, 53.58247422680309, -1, -1, -1, -1
417, 0, 105.96318114872749, 74.95360824743652, 113.53340473958055, 53.582474226802944, -1, -1, -1, -1
418, 0, 106.85677466860707, 74.9574742268197, 113.43062156914152, 53.5824742268028, -1, -1, -1, -1
419, 0, 107.75036818848668, 74.96134020620286, 113.3278383987025, 53.58247422680265, -1, -1, -1, -1
420, 0, 108.64396170836628, 74.96520618558604, 113.22505522826347, 53.5824742268025, -1, -1, -1, -1
421, 0, 109.53755522824586, 74.96907216496922, 113.12227205782445, 53.58247422680236, -1, -1, -1, -1
422, 0, 110.43114874812545, 74.9729381443524, 113.01948888738542, 53.582474226802205, -1, -1, -1, -1
423, 0, 111.32474226800505, 74.97680412373558, 112.91670571694638, 53.582474226802056, -1, -1, -1, -1
424, 0, 112.21833578788466, 74.98067010311874, 112.81392254650734, 53.58247422680191, -1, -1, -1, -1
425, 0, 113.11192930776424, 74.98453608250192, 112.71113937606832, 53.58247422680175, -1, -1, -1, -1
426, 0, 114.00552282764383, 74.9884020618851, 112.60835620562929, 53.58247422680161, -1, -1, -1, -1
427, 0, 114.89911634752343, 74.99226804126826, 112.50557303519027, 53.58247422680146, -1, -1, -1, -1
428, 0, 115.79270986740303, 74.99613402065144, 112.40278986475124, 53.58247422680131, -1, -1, -1, -1
429, 0, 116.68630338728262, 75.00000000003462, 112.30000669431222, 53.58247422680117, -1, -1, -1, -1
430, 0, 117.57989690716221, 75.00386597941778, 112.19722352387319, 53.58247422680102, -1, -1, -1, -1
431, 0, 118.47349042704181, 75.00773195880096, 112.09444035343417, 53.58247422680087, -1, -1, -1, -1
432, 0, 119.36708394692141, 75.01159793818414, 111.99165718299514, 53.58247422680072, -1, -1, -1, -1
433, 0, 120.260677466801, 75.0154639175673, 111.88887401255612, 53.58247422680057, -1, -1, -1, -1
434, 0, 121.15427098668059, 75.01932989695048, 111.78609084211709, 53.58247422680043, -1, -1, -1, -1
435, 0, 122.04786450656019, 75.02319587633366, 111.68330767167805, 53.58247422680029, -1, -1, -1, -1
436, 0, 122.94145802643979, 75.02706185571682, 111.58052450123903, 53.582474226800144, -1, -1, -1, -1
437, 0, 123.83505154631938, 75.0309278351, 111.4777413308, 53.5824742268, -1, -1, -1, -1
438, 0, 124.92947516394906, 75.03479381447482, 111.3749581603658, 53.58247422679989, -1, -1, -1, -1
439, 0, 126.02389878157877, 75.03865979384963, 111.2721749899316, 53.582474226799775, -1, -1, -1, -1
440, 0, 127.11832239920845, 75.04252577322444, 111.1693918194974, 53.58247422679966, -1, -1, -1, -1
441, 0, 128.21274601683814, 75.04639175259925, 111.0666086490632, 53.58247422679955, -1, -1, -1, -1
442, 0, 129.23395032797856, 75.05025773197441, 110.22556567144743, 53.58247422679964, -1, -1, -1, -1
443, 0, 130.25515463911898, 75.05412371134958, 109.38452269383166, 53.58247422679973, -1, -1, -1, -1
444, 0, 131.2763589502594, 75.05798969072472, 108.5434797162159, 53.582474226799825, -1, -1, -1, -1
445, 0, 132.29756326139986, 75.06185567009989, 107.70243673860013, 53.58247422679992, -1, -1, -1, -1
446, 0, 133.31876757255486, 75.06572164947988, 106.68123242744514, 53.58247422679992, -1, -1, -1, -1
447, 0, 134.33997188370984, 75.06958762885988, 105.66002811629016, 53.58247422679991, -1, -1, -1, -1
448, 0, 135.3611761948648, 75.07345360823987, 104.63882380513519, 53.5824742267999, -1, -1, -1, -1
449, 0, 136.38238050601979, 75.07731958761987, 103.61761949398021, 53.5824742267999, -1, -1, -1, -1
450, 0, 137.40358481717476, 75.08118556699986, 102.59641518282523, 53.582474226799896, -1, -1, -1, -1
451, 0, 138.42478912832976, 75.08505154637986, 101.57521087167024, 53.58247422679989, -1, -1, -1, -1
452, 0, 139.44599343948477, 75.08891752575985, 100.55400656051525, 53.58247422679988, -1, -1, -1, -1
453, 0, 140.46719775063974, 75.09278350513985, 99.53280224936026, 53.582474226799874, -1, -1, -1, -1
454, 0, 141.48840206179472, 75.09664948451984, 98.51159793820527, 53.582474226799874, -1, -1, -1, -1
455, 0, 142.5096063729497, 75.10051546389982, 97.49039362705028, 53.58247422679988, -1, -1, -1, -1
456, 0, 143.53081068410467, 75.10438144327982, 96.46918931589529, 53.58247422679989, -1, -1, -1, -1
457, 0, 144.55201499525967, 75.10824742265982, 95.4479850047403, 53.58247422679989, -1, -1, -1, -1
458, 0, 145.57321930641467, 75.11211340203981, 94.42678069358531, 53.58247422679988, -1, -1, -1, -1
459, 0, 146.59442361756965, 75.1159793814198, 93.40557638243033, 53.582474226799874, -1, -1, -1, -1
460, 0, 147.61562792872462, 75.1198453607998, 92.38437207127534, 53.58247422679987, -1, -1, -1, -1
461, 0, 148.63683223987962, 75.1237113401798, 91.36316776012035, 53.58247422679986, -1, -1, -1, -1
462, 0, 149.65803655103463, 75.12757731955979, 90.34196344896537, 53.58247422679985, -1, -1, -1, -1
463, 0, 150.6792408621896, 75.13144329893979, 89.32075913781038, 53.582474226799846, -1, -1, -1, -1
464, 0, 151.70044517334458, 75.13530927831978, 88.2995548266554, 53.58247422679984, -1, -1, -1, -1
465, 0, 152.72164948449955, 75.13917525769978, 87.27835051550042, 53.58247422679983, -1, -1, -1, -1
466, 0, 153.68427835048806, 75.14304123708926, 86.31572164951191, 53.582474226800905, -1, -1, -1, -1
467, 0, 154.64690721647656, 75.14690721647875, 85.3530927835234, 53.58247422680198, -1, -1, -1, -1
468, 0, 155.60953608246507, 75.15077319586825, 84.39046391753487, 53.58247422680305, -1, -1, -1, -1
469, 0, 156.5721649484536, 75.15463917525774, 83.42783505154637, 53.58247422680412, -1, -1, -1, -1
470, 0, 157.64497422680648, 75.12407803651342, 82.35502577319346, 53.57437557173209, -1, -1, -1, -1
471, 0, 158.7177835051594, 75.09351689776909, 81.28221649484057, 53.56627691666006, -1, -1, -1, -1
472, 0, 159.7905927835123, 75.06295575902476, 80.20940721648768, 53.558178261588026, -1, -1, -1, -1
473, 0, 160.8634020618652, 75.03239462028043, 79.13659793813477, 53.55007960651599, -1, -1, -1, -1
474, 0, 161.9362113402181, 75.0018334815361, 78.06378865978186, 53.54198095144395, -1, -1, -1, -1
475, 0, 163.00902061857101, 74.97127234279176, 76.99097938142896, 53.533882296371914, -1, -1, -1, -1
476, 0, 164.08182989692392, 74.94071120404743, 75.91817010307605, 53.525783641299874, -1, -1, -1, -1
477, 0, 165.1546391752768, 74.9101500653031, 74.84536082472314, 53.517684986227835, -1, -1, -1, -1
478, 0, 166.22744845362968, 74.87958892655877, 73.77255154637024, 53.50958633115579, -1, -1, -1, -1
479, 0, 167.30025773198258, 74.84902778781444, 72.69974226801735, 53.50148767608375, -1, -1, -1, -1
480, 0, 168.3730670103355, 74.8184666490701, 71.62693298966445, 53.49338902101171, -1, -1, -1, -1
481, 0, 169.4458762886884, 74.78790551032579, 70.55412371131155, 53.48529036593966, -1, -1, -1, -1
482, 0, 170.5186855670413, 74.75734437158147, 69.48131443295865, 53.47719171086762, -1, -1, -1, -1
483, 0, 171.5914948453942, 74.72678323283714, 68.40850515460576, 53.46909305579558, -1, -1, -1, -1
484, 0, 172.66430412374712, 74.6962220940928, 67.33569587625286, 53.46099440072355, -1, -1, -1, -1
485, 0, 173.7371134021, 74.66566095534847, 66.26288659789996, 53.45289574565151, -1, -1, -1, -1
486, 0, 174.80992268044577, 74.95874199572373, 65.1900773195542, 53.121154911465695, -1, -1, -1, -1
487, 0, 175.8827319587915, 75.25182303609898, 64.11726804120846, 52.78941407727987, -1, -1, -1, -1
488, 0, 176.95554123713725, 75.54490407647424, 63.0444587628627, 52.45767324309405, -1, -1, -1, -1
489, 0, 178.028350515483, 75.8379851168495, 61.971649484516945, 52.12593240890823, -1, -1, -1, -1
490, 0, 179.10115979382874, 76.13106615722475, 60.89884020617121, 51.794191574722404, -1, -1, -1, -1
491, 0, 180.1739690721745, 76.4241471976, 59.82603092782547, 51.46245074053659, -1, -1, -1, -1
492, 0, 181.24677835052023, 76.71722823797526, 58.75322164947973, 51.13070990635077, -1, -1, -1, -1
493, 0, 182.31958762886597, 77.01030927835052, 57.68041237113399, 50.79896907216495, -1, -1, -1, -1
494, 0, 183.3857057890529, 77.03402322422352, 56.614294210947065, 50.68287299849854, -1, -1, -1, -1
495, 0, 184.4518239492398, 77.05773717009652, 55.548176050760134, 50.566776924832126, -1, -1, -1, -1
496, 0, 185.5179421094267, 77.08145111596951, 54.4820578905732, 50.450680851165714, -1, -1, -1, -1
497, 0, 186.58406026961364, 77.10516506184251, 53.41593973038627, 50.3345847774993, -1, -1, -1, -1
498, 0, 187.65017842980055, 77.12887900771551, 52.349821570199346, 50.21848870383289, -1, -1, -1, -1
499, 0, 188.71629658998745, 77.15259295358851, 51.28370341001242, 50.10239263016647, -1, -1, -1, -1
500, 0, 189.78241475017438, 77.17630689946151, 50.2175852498255, 49.98629655650005, -1, -1, -1, -1
501, 0, 190.84853291036129, 77.20002084533452, 49.15146708963857, 49.87020048283364, -1, -1, -1, -1
502, 0, 191.9146510705482, 77.22373479120752, 48.08534892945164, 49.754104409167226, -1, -1, -1, -1
503, 0, 192.98076923073512, 77.24744873708052, 47.01923076926471, 49.638008335500814, -1, -1, -1, -1
504, 0, 194.04688739092205, 77.27116268295352, 45.95311260907778, 49.5219122618344, -1, -1, -1, -1
505, 0, 195.11300555110896, 77.29487662882651, 44.886994448890846, 49.40581618816799, -1, -1, -1, -1
506, 0, 196.17912371129586, 77.31859057469953, 43.820876288703914, 49.28972011450158, -1, -1, -1, -1
507, 0, 197.2452418714828, 77.34230452057253, 42.75475812851698, 49.17362404083516, -1, -1, -1, -1
508, 0, 198.31136003166972, 77.36601846644552, 41.68863996833005, 49.05752796716874, -1, -1, -1, -1
509, 0, 199.37747819185662, 77.38973241231852, 40.62252180814312, 48.941431893502326, -1, -1, -1, -1
510, 0, 200.44359635204353, 77.41344635819152, 39.55640364795619, 48.825335819835914, -1, -1, -1, -1
511, 0, 201.50971451223046, 77.43716030406452, 38.490285487769256, 48.7092397461695, -1, -1, -1, -1
512, 0, 202.5758326724174, 77.46087424993752, 37.424167327582325, 48.59314367250309, -1, -1, -1, -1
513, 0, 203.6419508326043, 77.48458819581052, 36.35804916739539, 48.47704759883668, -1, -1, -1, -1
514, 0, 204.7080689927912, 77.50830214168352, 35.29193100720847, 48.360951525170265, -1, -1, -1, -1
515, 0, 205.77418715297813, 77.53201608755651, 34.225812847021544, 48.244855451503845, -1, -1, -1, -1
516, 0, 206.84030531316503, 77.55573003342951, 33.15969468683462, 48.128759377837426, -1, -1, -1, -1
517, 0, 207.90642347335194, 77.57944397930252, 32.093576526647695, 48.012663304171014, -1, -1, -1, -1
518, 0, 208.97254163353887, 77.60315792517552, 31.027458366460763, 47.8965672305046, -1, -1, -1, -1
519, 0, 210.03865979372577, 77.62687187104852, 29.961340206273828, 47.78047115683819, -1, -1, -1, -1
520, 0, 211.10477795391267, 77.65058581692152, 28.895222046086893, 47.66437508317178, -1, -1, -1, -1
521, 0, 212.1708961140996, 77.67429976279452, 27.82910388589996, 47.548279009505364, -1, -1, -1, -1
522, 0, 213.23701427429944, 77.9328561062257, 26.762985725699945, 47.1973405382999, -1, -1, -1, -1
523, 0, 214.30313243449925, 78.19141244965687, 25.69686756549993, 46.84640206709443, -1, -1, -1, -1
524, 0, 215.36925059469905, 78.44996879308803, 24.63074940529991, 46.495463595888964, -1, -1, -1, -1
525, 0, 216.4353687548989, 78.7085251365192, 23.564631245099893, 46.144525124683504, -1, -1, -1, -1
526, 0, 217.50148691508653, 78.87142334178776, 22.498513084912396, 45.3400999931271, -1, -1, -1, -1
527, 0, 218.56760507527417, 79.03432154705632, 21.432394924724903, 44.5356748615707, -1, -1, -1, -1
528, 0, 219.63372323546182, 79.19721975232488, 20.36627676453741, 43.7312497300143, -1, -1, -1, -1
529, 0, 220.69984139564946, 79.36011795759343, 19.300158604349917, 42.9268245984579, -1, -1, -1, -1
530, 0, 221.7659595558371, 79.52301616286198, 18.234040444162424, 42.1223994669015, -1, -1, -1, -1
531, 0, 222.83207771602474, 79.68591436813054, 17.16792228397493, 41.3179743353451, -1, -1, -1, -1
532, 0, 223.89819587621238, 79.8488125733991, 16.10180412378744, 40.5135492037887, -1, -1, -1, -1
533, 0, 224.96431403640003, 80.01171077866766, 15.035685963599946, 39.709124072232306, -1, -1, -1, -1
534, 0, 226.03043219660003, 80.21691796901666, 13.969567803399947, 39.30170579440832, -1, -1, -1, -1
535, 0, 227.09655035680004, 80.42212515936566, 12.903449643199947, 38.894287516584335, -1, -1, -1, -1
536, 0, 228.16266851700004, 80.62733234971466, 11.837331482999947, 38.48686923876035, -1, -1, -1, -1
537, 0, 229.22878667720005, 80.83253954006366, 10.771213322799948, 38.07945096093636, -1, -1, -1, -1
538, 0, 230.29490483739994, 81.09772982010372, 9.705095162599957, 37.6120495934082, -1, -1, -1, -1
539, 0, 231.36102299759983, 81.36292010014378, 8.638977002399963, 37.14464822588003, -1, -1, -1, -1
540, 0, 232.42714115779972, 81.62811038018384, 7.572858842199972, 36.677246858351864, -1, -1, -1, -1
541, 0, 233.49325931799962, 81.89330066022389, 6.50674068199998, 36.2098454908237, -1, -1, -1, -1
542, 0, 234.55937747819044, 82.70219199001328, 5.440622521809255, 33.30429133461262, -1, -1, -1, -1
543, 0, 235.62549563838127, 83.51108331980267, 4.374504361618529, 30.398737178401543, -1, -1, -1, -1
544, 0, 236.69161379857206, 84.31997464959206, 3.3083862014278034, 27.493183022190465, -1, -1, -1, -1
545, 0, 237.7577319587629, 85.12886597938144, 2.242268041237078, 24.587628865979383, -1, -1, -1, -1
546, 0, 237.7577319587629, 85.12886597938144, 2.242268041237078, 24.587628865979383, -1, -1, -1, -1
547, 0, 237.7577319587629, 85.12886597938144, 2.242268041237078, 24.587628865979383, -1, -1, -1, -1
548, 0, 237.7577319587629, 85.12886597938144, 2.242268041237078, 24.587628865979383, -1, -1, -1, -1
