1, 1603471362511897364
2, 1603471362517280512
3, 1603471362522663936
4, 1603471362528047360
5, 1603471362533430784
6, 1603471362538814208
7, 1603471362544197632
8, 1603471362549581056
9, 1603471362554964364
10, 1603471362560347904
11, 1603471362565731328
12, 1603471362571114496
13, 1603471362576497920
14, 1603471362581881344
15, 1603471362587264768
16, 1603471362592648192
17, 1603471362598031364
18, 1603471362603414528
19, 1603471362608797952
20, 1603471362614181376
21, 1603471362619564800
22, 1603471362624948224
23, 1603471362630331648
24, 1603471362635715072
25, 1603471362641098364
26, 1603471362646481408
27, 1603471362651864832
28, 1603471362657248256
29, 1603471362662631680
30, 1603471362668015104
31, 1603471362673398528
32, 1603471362678781952
33, 1603471362684165364, 0, 234.04639175257734, 32.01030927835052, 5.953608247422646, 28.067010309278352
34, 1603471362689549056, 0, 233.37951030927837, 31.749355670103096, 6.620489690721614, 28.588917525773198
35, 1603471362694932480, 0, 232.7126288659794, 31.488402061855673, 7.287371134020583, 29.110824742268044
36, 1603471362700315904, 0, 232.04574742268045, 31.22744845360825, 7.9542525773195525, 29.63273195876289
37, 1603471362705699328, 0, 231.37886597938146, 30.966494845360828, 8.621134020618522, 30.154639175257735
38, 1603471362711083008, 0, 230.71198453608247, 30.705541237113405, 9.28801546391749, 30.67654639175258
39, 1603471362716466432, 0, 230.0451030927835, 30.444587628865982, 9.95489690721646, 31.198453608247426
40, 1603471362721849856, 0, 229.37822164948454, 30.18363402061856, 10.621778350515429, 31.720360824742272
41, 1603471362727233364, 0, 228.71134020618558, 29.922680412371136, 11.288659793814398, 32.24226804123712
42, 1603471362732616448, 0, 227.98646907216497, 29.545747422680414, 12.013530927835017, 33.14110824742268
43, 1603471362737999872, 0, 227.26159793814435, 29.16881443298969, 12.738402061855634, 34.03994845360825
44, 1603471362743383296, 0, 226.53672680412373, 28.79188144329897, 13.463273195876253, 34.938788659793815
45, 1603471362748766720, 0, 225.8118556701031, 28.414948453608247, 14.188144329896872, 35.83762886597938
46, 1603471362754150144, 0, 225.0869845360825, 28.038015463917525, 14.91301546391749, 36.73646907216495
47, 1603471362759533568, 0, 224.36211340206188, 27.661082474226802, 15.63788659793811, 37.63530927835052
48, 1603471362764916992, 0, 223.63724226804123, 27.28414948453608, 16.36275773195873, 38.53414948453609
49, 1603471362770300364, 0, 222.91237113402062, 26.90721649484536, 17.087628865979347, 39.43298969072165
50, 1603471362775683840, 0, 222.11984536083054, 26.863724226802198, 17.88015463916943, 39.6396528241649
51, 1603471362781067264, 0, 221.32731958764043, 26.82023195875903, 18.67268041235951, 39.846315957608155
52, 1603471362786450432, 0, 220.53479381445035, 26.776739690715864, 19.465206185549594, 40.05297909105141
53, 1603471362791833856, 0, 219.74226804126027, 26.733247422672697, 20.257731958739676, 40.25964222449466
54, 1603471362797217280, 0, 218.9497422680702, 26.68975515462953, 21.050257731929758, 40.46630535793791
55, 1603471362802600704, 0, 218.15721649488012, 26.646262886586364, 21.84278350511984, 40.67296849138117
56, 1603471362807984128, 0, 217.36469072169, 26.602770618543197, 22.63530927830992, 40.87963162482443
57, 1603471362813367364, 0, 216.57216494849993, 26.55927835050003, 23.4278350515, 41.08629475826768
58, 1603471362818750464, 0, 215.77963917530292, 26.51578608245918, 24.22036082469704, 41.120348729517175
59, 1603471362824133888, 0, 214.98711340210588, 26.47229381441833, 25.012886597894074, 41.15440270076667
60, 1603471362829517312, 0, 214.19458762890883, 26.42880154637748, 25.80541237109111, 41.18845667201616
61, 1603471362834900736, 0, 213.4020618557118, 26.385309278336624, 26.597938144288143, 41.22251064326565
62, 1603471362840284160, 0, 212.60953608251475, 26.34181701029577, 27.390463917485178, 41.25656461451514
63, 1603471362845667584, 0, 211.8170103093177, 26.29832474225492, 28.182989690682216, 41.29061858576464
64, 1603471362851051008, 0, 211.02448453612067, 26.25483247421407, 28.975515463879255, 41.32467255701414
65, 1603471362856434364, 0, 210.23195876292365, 26.21134020617322, 29.76804123707629, 41.35872652826363
66, 1603471362861817856, 0, 209.43943298972664, 26.16784793813237, 30.560567010273324, 41.39278049951312
67, 1603471362867201280, 0, 208.6469072165296, 26.124355670091518, 31.35309278347036, 41.426834470762614
68, 1603471362872584704, 0, 207.85438144333256, 26.080863402050667, 32.145618556667394, 41.460888442012106
69, 1603471362877967872, 0, 207.06185567013551, 26.037371134009817, 32.93814432986443, 41.494942413261604
70, 1603471362883351296, 0, 206.26932989693847, 25.993878865968966, 33.73067010306146, 41.5289963845111
71, 1603471362888734720, 0, 205.47680412374143, 25.950386597928116, 34.5231958762585, 41.563050355760595
72, 1603471362894118144, 0, 204.6842783505444, 25.906894329887265, 35.31572164945553, 41.597104327010086
73, 1603471362899501364, 0, 203.89175257734738, 25.86340206184641, 36.10824742265257, 41.63115829825958
74, 1603471362904884736, 0, 203.09922680415036, 25.819909793805557, 36.9007731958496, 41.66521226950907
75, 1603471362910268160, 0, 202.30670103095332, 25.776417525764707, 37.69329896904664, 41.69926624075856
76, 1603471362915651584, 0, 201.51417525775628, 25.732925257723856, 38.48582474224367, 41.73332021200805
77, 1603471362921035264, 0, 200.72164948455924, 25.689432989683006, 39.27835051544071, 41.76737418325755
78, 1603471362926418944, 0, 199.9291237113622, 25.645940721642155, 40.07087628863774, 41.80142815450705
79, 1603471362931802368, 0, 199.13659793816518, 25.602448453601305, 40.863402061834776, 41.83548212575654
80, 1603471362937185792, 0, 198.34407216496817, 25.558956185560454, 41.65592783503181, 41.86953609700603
81, 1603471362942569364, 0, 197.55154639177113, 25.5154639175196, 42.448453608228846, 41.903590068255525
82, 1603471362947952896, 0, 196.75902061857408, 25.471971649478746, 43.24097938142588, 41.93764403950502
83, 1603471362953336320, 0, 195.96649484537704, 25.428479381437896, 44.033505154622915, 41.97169801075451
84, 1603471362958719488, 0, 195.17396907218, 25.384987113397045, 44.82603092781995, 42.005751982004
85, 1603471362964102912, 0, 194.381443298983, 25.341494845356195, 45.618556701016985, 42.0398059532535
86, 1603471362969486336, 0, 193.58891752578597, 25.298002577315344, 46.41108247421402, 42.073859924503
87, 1603471362974869760, 0, 192.79639175258893, 25.254510309274494, 47.203608247411054, 42.10791389575249
88, 1603471362980253184, 0, 192.0038659793919, 25.211018041233643, 47.99613402060809, 42.14196786700198
89, 1603471362985636364, 0, 191.21134020619485, 25.167525773192793, 48.788659793805124, 42.17602183825147
90, 1603471362991019520, 0, 190.4188144329978, 25.124033505151942, 49.58118556700216, 42.210075809500964
91, 1603471362996402944, 0, 189.62628865980076, 25.080541237111092, 50.37371134019919, 42.24412978075046
92, 1603471363001786368, 0, 188.83376288660372, 25.03704896907024, 51.16623711339623, 42.27818375199996
93, 1603471363007169792, 0, 188.0412371134067, 24.993556701029387, 51.95876288659326, 42.31223772324945
94, 1603471363012553216, 0, 187.2487113402097, 24.950064432988533, 52.7512886597903, 42.346291694498944
95, 1603471363017936640, 0, 186.45618556701265, 24.906572164947683, 53.54381443298733, 42.380345665748436
96, 1603471363023320064, 0, 185.6636597938156, 24.863079896906832, 54.336340206184374, 42.41439963699793
97, 1603471363028703364, 0, 184.87113402061857, 24.819587628865982, 55.12886597938141, 42.448453608247426
98, 1603471363034086912, 0, 183.9851804123706, 24.803681590624333, 56.014819587629376, 42.48368954339624
99, 1603471363039470336, 0, 183.09922680412262, 24.787775552382683, 56.90077319587735, 42.51892547854506
100, 1603471363044853760, 0, 182.21327319587465, 24.77186951414103, 57.786726804125315, 42.55416141369387
101, 1603471363050236928, 0, 181.32731958762668, 24.75596347589938, 58.67268041237328, 42.58939734884268
102, 1603471363055620096, 0, 180.4413659793787, 24.740057437657732, 59.558634020621255, 42.62463328399149
103, 1603471363061003520, 0, 179.55541237113073, 24.72415139941608, 60.44458762886922, 42.659869219140305
104, 1603471363066386944, 0, 178.66945876288275, 24.70824536117443, 61.33054123711719, 42.69510515428912
105, 1603471363071770364, 0, 177.7835051546348, 24.69233932293278, 62.21649484536516, 42.73034108943793
106, 1603471363077153792, 0, 176.89755154638686, 24.676433284691132, 63.102448453613135, 42.76557702458674
107, 1603471363082537216, 0, 176.0115979381389, 24.660527246449483, 63.9884020618611, 42.80081295973555
108, 1603471363087920640, 0, 175.12564432989092, 24.64462120820783, 64.87435567010907, 42.836048894884364
109, 1603471363093303808, 0, 174.23969072164294, 24.62871516996618, 65.76030927835704, 42.871284830033176
110, 1603471363098687232, 0, 173.35373711339497, 24.612809131724532, 66.646262886605, 42.90652076518199
111, 1603471363104070656, 0, 172.467783505147, 24.59690309348288, 67.53221649485297, 42.9417567003308
112, 1603471363109454080, 0, 171.58182989689902, 24.58099705524123, 68.41817010310095, 42.97699263547962
113, 1603471363114837364, 0, 170.69587628865105, 24.56509101699958, 69.30412371134892, 43.01222857062843
114, 1603471363120220672, 0, 169.80992268040308, 24.54918497875793, 70.1900773195969, 43.04746450577724
115, 1603471363125604096, 0, 168.9239690721551, 24.53327894051628, 71.07603092784487, 43.08270044092606
116, 1603471363130987520, 0, 168.03801546390713, 24.51737290227463, 71.96198453609284, 43.11793637607487
117, 1603471363136371200, 0, 167.15206185565916, 24.501466864032977, 72.84793814434082, 43.153172311223685
118, 1603471363141754880, 0, 166.26610824741118, 24.485560825791328, 73.73389175258879, 43.1884082463725
119, 1603471363147138304, 0, 165.3801546391632, 24.46965478754968, 74.61984536083676, 43.22364418152131
120, 1603471363152521728, 0, 164.49420103091524, 24.453748749308026, 75.50579896908474, 43.25888011667012
121, 1603471363157905364, 0, 163.6082474226673, 24.437842711066377, 76.39175257733271, 43.29411605181893
122, 1603471363163288832, 0, 162.72229381441934, 24.421936672824728, 77.27770618558068, 43.329351986967744
123, 1603471363168672256, 0, 161.83634020617137, 24.406030634583075, 78.16365979382866, 43.364587922116556
124, 1603471363174055424, 0, 160.9503865979234, 24.390124596341426, 79.04961340207663, 43.399823857265375
125, 1603471363179438848, 0, 160.06443298967542, 24.374218558099777, 79.93556701032459, 43.43505979241419
126, 1603471363184822272, 0, 159.17847938142745, 24.358312519858128, 80.82152061857255, 43.470295727563
127, 1603471363190205696, 0, 158.29252577317948, 24.34240648161648, 81.70747422682052, 43.50553166271182
128, 1603471363195589120, 0, 157.4065721649315, 24.326500443374826, 82.5934278350685, 43.54076759786063
129, 1603471363200972364, 0, 156.52061855668353, 24.310594405133177, 83.47938144331647, 43.57600353300944
130, 1603471363206355456, 0, 155.63466494843556, 24.294688366891528, 84.36533505156444, 43.61123946815825
131, 1603471363211738880, 0, 154.74871134018758, 24.278782328649875, 85.25128865981242, 43.646475403307065
132, 1603471363217122304, 0, 153.8627577319396, 24.262876290408226, 86.13724226806039, 43.68171133845588
133, 1603471363222505728, 0, 152.97680412369164, 24.246970252166577, 87.02319587630836, 43.71694727360469
134, 1603471363227889152, 0, 152.09085051544366, 24.231064213924927, 87.90914948455634, 43.7521832087535
135, 1603471363233272576, 0, 151.2048969071957, 24.21515817568328, 88.79510309280431, 43.78741914390231
136, 1603471363238656000, 0, 150.31894329894772, 24.199252137441626, 89.68105670105228, 43.822655079051124
137, 1603471363244039364, 0, 149.43298969069977, 24.183346099199976, 90.56701030930024, 43.857891014199936
138, 1603471363249422848, 0, 148.54703608244984, 24.167440060962484, 91.3376208632238, 43.89312694933746
139, 1603471363254806272, 0, 147.66108247419993, 24.151534022724988, 92.10823141714735, 43.92836288447498
140, 1603471363260189696, 0, 146.77512886595, 24.135627984487495, 92.87884197107091, 43.9635988196125
141, 1603471363265572864, 0, 145.88917525770006, 24.119721946250003, 93.64945252499447, 43.99883475475002
142, 1603471363270956288, 0, 145.00322164945013, 24.10381590801251, 94.42006307891803, 44.03407068988754
143, 1603471363276339712, 0, 144.1172680412002, 24.087909869775018, 95.1906736328416, 44.069306625025064
144, 1603471363281723136, 0, 143.23131443295026, 24.072003831537526, 95.96128418676516, 44.104542560162585
145, 1603471363287106364, 0, 142.34536082470032, 24.056097793300033, 96.73189474068872, 44.1397784953001
146, 1603471363292489472, 0, 141.45940721646278, 24.04019175505004, 96.88176103479377, 44.17501443045009
147, 1603471363297872896, 0, 140.57345360822524, 24.024285716800048, 97.03162732889882, 44.210250365600075
148, 1603471363303256320, 0, 139.6874999999877, 24.008379678550057, 97.18149362300386, 44.24548630075006
149, 1603471363308639744, 0, 138.80154639175015, 23.992473640300062, 97.33135991710891, 44.28072223590004
150, 1603471363314023168, 0, 137.9155927835126, 23.97656760205007, 97.48122621121396, 44.31595817105003
151, 1603471363319406592, 0, 137.02963917527507, 23.96066156380008, 97.631092505319, 44.35119410620002
152, 1603471363324790016, 0, 136.1436855670375, 23.944755525550086, 97.78095879942406, 44.38643004135001
153, 1603471363330173364, 0, 135.25773195879995, 23.928849487300095, 97.93082509352911, 44.421665976499995
154, 1603471363335557120, 0, 134.37177835054993, 23.912943449062574, 97.86779883390997, 44.45690191164998
155, 1603471363340940544, 0, 133.4858247422999, 23.897037410825057, 97.80477257429082, 44.49213784679996
156, 1603471363346323968, 0, 132.5998711340499, 23.88113137258754, 97.74174631467167, 44.52737378194995
157, 1603471363351707392, 0, 131.71391752579987, 23.86522533435002, 97.67872005505254, 44.56260971709994
158, 1603471363357090816, 0, 130.82796391754985, 23.849319296112498, 97.6156937954334, 44.59784565224993
159, 1603471363362474496, 0, 129.94201030929983, 23.83341325787498, 97.55266753581425, 44.633081587399914
160, 1603471363367857920, 0, 129.0560567010498, 23.817507219637463, 97.4896412761951, 44.6683175225499
161, 1603471363373241364, 0, 128.1701030927998, 23.801601181399942, 97.42661501657597, 44.70355345769988
162, 1603471363378624512, 0, 127.28414948455031, 23.785695143166052, 97.484112881772, 44.738789392850414
163, 1603471363384007936, 0, 126.39819587630085, 23.769789104932165, 97.54161074696805, 44.774025328000945
164, 1603471363389391360, 0, 125.51224226805138, 23.75388306669828, 97.59910861216409, 44.80926126315147
165, 1603471363394774784, 0, 124.6262886598019, 23.737977028464393, 97.65660647736011, 44.844497198302
166, 1603471363400158208, 0, 123.74033505155244, 23.722070990230506, 97.71410434255614, 44.87973313345253
167, 1603471363405541632, 0, 122.85438144330297, 23.70616495199662, 97.77160220775218, 44.91496906860306
168, 1603471363410925056, 0, 121.96842783505349, 23.690258913762733, 97.82910007294822, 44.95020500375359
169, 1603471363416308364, 0, 121.08247422680402, 23.674352875528847, 97.88659793814426, 44.98544093890412
170, 1603471363421691904, 0, 120.1448681848747, 23.679084245165143, 98.00262391025741, 44.98232039401228
171, 1603471363427075328, 0, 119.20726214294537, 23.683815614801443, 98.11864988237056, 44.97919984912044
172, 1603471363432458752, 0, 118.26965610101604, 23.688546984437743, 98.23467585448371, 44.976079304228605
173, 1603471363437841920, 0, 117.33205005908671, 23.69327835407404, 98.35070182659686, 44.97295875933676
174, 1603471363443225344, 0, 116.39444401715738, 23.698009723710335, 98.46672779871001, 44.96983821444492
175, 1603471363448608768, 0, 115.45683797522805, 23.702741093346635, 98.58275377082316, 44.96671766955308
176, 1603471363453992192, 0, 114.51923193329873, 23.707472462982935, 98.6987797429363, 44.963597124661234
177, 1603471363459375364, 0, 113.5816258913694, 23.71220383261923, 98.81480571504945, 44.9604765797694
178, 1603471363464758528, 0, 112.64401984944007, 23.716935202255527, 98.9308316871626, 44.95735603487756
179, 1603471363470141952, 0, 111.70641380751076, 23.721666571891827, 99.04685765927573, 44.95423548998572
180, 1603471363475525376, 0, 110.76880776558143, 23.726397941528127, 99.16288363138888, 44.95111494509388
181, 1603471363480908800, 0, 109.8312017236521, 23.731129311164423, 99.27890960350203, 44.947994400202035
182, 1603471363486292224, 0, 108.89359568172277, 23.73586068080072, 99.39493557561518, 44.94487385531019
183, 1603471363491675648, 0, 107.95598963979344, 23.74059205043702, 99.51096154772833, 44.94175331041835
184, 1603471363497059072, 0, 107.01838359786412, 23.74532342007332, 99.62698751984148, 44.938632765526506
185, 1603471363502442364, 0, 106.08077755593479, 23.750054789709615, 99.74301349195463, 44.93551222063467
186, 1603471363507825408, 0, 105.14317151400546, 23.75478615934591, 99.85903946406778, 44.932391675742835
187, 1603471363513208832, 0, 104.20556547207613, 23.75951752898221, 99.97506543618093, 44.92927113085099
188, 1603471363518592256, 0, 103.2679594301468, 23.76424889861851, 100.09109140829408, 44.92615058595915
189, 1603471363523975680, 0, 102.33035338821747, 23.768980268254808, 100.20711738040723, 44.92303004106731
190, 1603471363529359104, 0, 101.39274734628815, 23.773711637891104, 100.32314335252038, 44.919909496175464
191, 1603471363534742528, 0, 100.45514130435882, 23.778443007527404, 100.43916932463353, 44.91678895128363
192, 1603471363540125952, 0, 99.51753526242949, 23.783174377163704, 100.55519529674667, 44.91366840639179
193, 1603471363545509364, 0, 98.57992922050016, 23.7879057468, 100.67122126885982, 44.91054786149995
194, 1603471363550893056, 0, 97.64232317857298, 23.792637116435, 100.70441041644182, 44.90742731660495
195, 1603471363556276480, 0, 96.70471713664581, 23.79736848607, 100.73759956402382, 44.904306771709955
196, 1603471363561659904, 0, 95.76711109471864, 23.802099855705002, 100.77078871160583, 44.90118622681496
197, 1603471363567043328, 0, 94.82950505279146, 23.80683122534, 100.80397785918782, 44.89806568191996
198, 1603471363572426752, 0, 93.89189901086428, 23.811562594975, 100.83716700676982, 44.89494513702496
199, 1603471363577810432, 0, 92.95429296893711, 23.816293964610004, 100.87035615435182, 44.891824592129964
200, 1603471363583193856, 0, 92.01668692700994, 23.821025334245004, 100.90354530193383, 44.88870404723497
201, 1603471363588577364, 0, 91.07908088508276, 23.825756703880003, 100.93673444951582, 44.88558350233997
202, 1603471363593960448, 0, 90.14147484315558, 23.830488073515006, 100.96992359709782, 44.88246295744497
203, 1603471363599343872, 0, 89.20386880122841, 23.835219443150006, 101.00311274467981, 44.87934241254997
204, 1603471363604727296, 0, 88.26626275930124, 23.839950812785005, 101.0363018922618, 44.87622186765496
205, 1603471363610110720, 0, 87.32865671737406, 23.84468218242001, 101.06949103984381, 44.873101322759965
206, 1603471363615494144, 0, 86.39105067544688, 23.849413552055008, 101.10268018742582, 44.86998077786497
207, 1603471363620877568, 0, 85.45344463351971, 23.854144921690008, 101.13586933500781, 44.86686023296996
208, 1603471363626260992, 0, 84.51583859159254, 23.85887629132501, 101.1690584825898, 44.86373968807496
209, 1603471363631644364, 0, 83.57823254966536, 23.86360766096001, 101.2022476301718, 44.86061914317996
210, 1603471363637027840, 0, 82.64062650773818, 23.86833903059501, 101.23543677775379, 44.85749859828496
211, 1603471363642411264, 0, 81.70302046581101, 23.873070400230013, 101.2686259253358, 44.854378053389965
212, 1603471363647794688, 0, 80.76541442388384, 23.877801769865012, 101.3018150729178, 44.85125750849497
213, 1603471363653177856, 0, 79.82780838195666, 23.882533139500012, 101.3350042204998, 44.84813696359997
214, 1603471363658561280, 0, 78.89020234002948, 23.88726450913501, 101.36819336808179, 44.84501641870497
215, 1603471363663944704, 0, 77.9525962981023, 23.89199587877001, 101.4013825156638, 44.841895873809975
216, 1603471363669328128, 0, 77.01499025617514, 23.896727248405014, 101.4345716632458, 44.83877532891498
217, 1603471363674711364, 0, 76.07738421424796, 23.901458618040014, 101.4677608108278, 44.83565478401998
218, 1603471363680094464, 0, 75.13977817232077, 23.906189987675013, 101.50094995840979, 44.83253423912498
219, 1603471363685477888, 0, 74.2021721303936, 23.910921357310016, 101.53413910599178, 44.82941369422998
220, 1603471363690861312, 0, 73.26456608846644, 23.915652726945016, 101.56732825357378, 44.82629314933497
221, 1603471363696244736, 0, 72.32696004653926, 23.920384096580015, 101.60051740115578, 44.823172604439975
222, 1603471363701628160, 0, 71.38935400461207, 23.92511546621502, 101.63370654873779, 44.82005205954498
223, 1603471363707011584, 0, 70.4517479626849, 23.929846835850018, 101.66689569631978, 44.81693151464997
224, 1603471363712395008, 0, 69.51414192075774, 23.934578205485018, 101.70008484390178, 44.81381096975497
225, 1603471363717778364, 0, 68.57653587883055, 23.93930957512002, 101.73327399148377, 44.81069042485997
226, 1603471363723161856, 0, 67.63892983690337, 23.94404094475502, 101.76646313906576, 44.80756987996497
227, 1603471363728545280, 0, 66.7013237949762, 23.94877231439002, 101.79965228664777, 44.804449335069975
228, 1603471363733928448, 0, 65.76371775304904, 23.953503684025023, 101.83284143422978, 44.80132879017498
229, 1603471363739311872, 0, 64.82611171112185, 23.958235053660022, 101.86603058181177, 44.79820824527998
230, 1603471363744695296, 0, 63.88850566919468, 23.962966423295022, 101.89921972939376, 44.79508770038498
231, 1603471363750078720, 0, 62.9508996272675, 23.967697792930025, 101.93240887697576, 44.791967155489985
232, 1603471363755462144, 0, 62.013293585340335, 23.972429162565025, 101.96559802455775, 44.78884661059499
233, 1603471363760845364, 0, 61.07568754341316, 23.977160532200024, 101.99878717213976, 44.78572606569998
234, 1603471363766228736, 0, 60.19330294829585, 23.981891901837525, 101.90351150479646, 44.78260552080748
235, 1603471363771612160, 0, 59.310918353178536, 23.986623271475025, 101.80823583745317, 44.77948497591498
236, 1603471363776995840, 0, 58.42853375806122, 23.991354641112522, 101.71296017010988, 44.77636443102248
237, 1603471363782379264, 0, 57.546149162943905, 23.996086010750023, 101.61768450276658, 44.773243886129976
238, 1603471363787762688, 0, 56.66376456782659, 24.000817380387524, 101.52240883542328, 44.77012334123748
239, 1603471363793146368, 0, 55.781379972709274, 24.00554875002502, 101.42713316807999, 44.767002796344975
240, 1603471363798529792, 0, 54.89899537759196, 24.01028011966252, 101.3318575007367, 44.76388225145247
241, 1603471363803913364, 0, 54.01661078247464, 24.015011489300022, 101.2365818333934, 44.760761706559975
242, 1603471363809296896, 0, 53.13422618735733, 24.019742858937523, 101.1413061660501, 44.75764116166748
243, 1603471363814680320, 0, 52.25184159224001, 24.024474228575023, 101.04603049870681, 44.754520616774975
244, 1603471363820063744, 0, 51.3694569971227, 24.02920559821252, 100.95075483136353, 44.75140007188247
245, 1603471363825446912, 0, 50.48707240200538, 24.03393696785002, 100.85547916402022, 44.748279526989975
246, 1603471363830830336, 0, 49.604687806888066, 24.038668337487522, 100.76020349667692, 44.74515898209748
247, 1603471363836213760, 0, 48.72230321177075, 24.04339970712502, 100.66492782933364, 44.74203843720498
248, 1603471363841597184, 0, 47.839918616653435, 24.04813107676252, 100.56965216199035, 44.738917892312486
249, 1603471363846980364, 0, 46.95753402153612, 24.05286244640002, 100.47437649464705, 44.73579734741998
250, 1603471363852363520, 0, 46.075149426418804, 24.05759381603752, 100.37910082730374, 44.73267680252748
251, 1603471363857746944, 0, 45.19276483130149, 24.06232518567502, 100.28382515996046, 44.72955625763498
252, 1603471363863130368, 0, 44.31038023618417, 24.067056555312522, 100.18854949261716, 44.72643571274248
253, 1603471363868513792, 0, 43.42799564106686, 24.071787924950023, 100.09327382527385, 44.723315167849975
254, 1603471363873897216, 0, 42.54561104594954, 24.076519294587523, 99.99799815793057, 44.72019462295748
255, 1603471363879280640, 0, 41.66322645083223, 24.081250664225024, 99.90272249058727, 44.717074078064975
256, 1603471363884664064, 0, 40.78084185571491, 24.08598203386252, 99.80744682324396, 44.71395353317247
257, 1603471363890047364, 0, 39.8984572605976, 24.090713403500022, 99.71217115590068, 44.710832988279975
258, 1603471363895430912, 0, 39.016072665480294, 24.095444773137523, 99.61689548855739, 44.70771244338748
259, 1603471363900814336, 0, 38.13368807036298, 24.10017614277502, 99.52161982121409, 44.704591898494975
260, 1603471363906197504, 0, 37.25130347524566, 24.10490751241252, 99.42634415387079, 44.70147135360247
261, 1603471363911580928, 0, 36.36891888012835, 24.10963888205002, 99.3310684865275, 44.698350808709975
262, 1603471363916964352, 0, 35.48653428501103, 24.11437025168752, 99.23579281918421, 44.69523026381748
263, 1603471363922347520, 0, 34.60414968989372, 24.119101621325022, 99.14051715184091, 44.692109718924975
264, 1603471363927730944, 0, 33.7217650947764, 24.12383299096252, 99.04524148449761, 44.68898917403247
265, 1603471363933114364, 0, 32.839380499659086, 24.12856436060002, 98.94996581715432, 44.685868629139975
266, 1603471363938497792, 0, 31.95699590454177, 24.13329573023752, 98.85469014981103, 44.68274808424748
267, 1603471363943881216, 0, 31.074611309424455, 24.138027099875018, 98.75941448246773, 44.679627539354975
268, 1603471363949264384, 0, 30.19222671430714, 24.14275846951252, 98.66413881512443, 44.67650699446247
269, 1603471363954647808, 0, 29.309842119189828, 24.14748983915002, 98.56886314778114, 44.673386449569975
270, 1603471363960031232, 0, 28.427457524072516, 24.15222120878752, 98.47358748043784, 44.67026590467748
271, 1603471363965414656, 0, 27.5450729289552, 24.15695257842502, 98.37831181309454, 44.667145359784975
272, 1603471363970798080, 0, 26.662688333837885, 24.161683948062517, 98.28303614575125, 44.66402481489247
273, 1603471363976181364, 0, 25.78030373872057, 24.166415317700018, 98.18776047840795, 44.660904269999975
274, 1603471363981564672, 0, 24.87192569795481, 24.17114668733751, 98.12515856322014, 44.65778372509997
275, 1603471363986948096, 0, 23.963547657189054, 24.175878056975, 98.06255664803231, 44.65466318019996
276, 1603471363992331776, 0, 23.055169616423292, 24.18060942661249, 97.99995473284449, 44.651542635299954
277, 1603471363997715200, 0, 22.146791575657534, 24.185340796249985, 97.93735281765667, 44.64842209039995
278, 1603471364003098624, 0, 21.238413534891777, 24.19007216588748, 97.87475090246886, 44.64530154549994
279, 1603471364008482304, 0, 20.330035494126015, 24.19480353552497, 97.81214898728103, 44.64218100059993
280, 1603471364013865728, 0, 19.421657453360258, 24.19953490516246, 97.74954707209321, 44.63906045569993
281, 1603471364019249364, 0, 18.5132794125945, 24.204266274799952, 97.6869451569054, 44.63593991079993
282, 1603471364024632832, 0, 17.6710182244378, 24.2089976444312, 97.55822638911832, 44.63281936590616
283, 1603471364030016256, 0, 16.828757036281097, 24.213729014062444, 97.42950762133125, 44.6296988210124
284, 1603471364035399680, 0, 15.986495848124394, 24.21846038369369, 97.30078885354418, 44.626578276118636
285, 1603471364040782848, 0, 15.14423465996769, 24.223191753324933, 97.1720700857571, 44.623457731224875
286, 1603471364046166272, 0, 14.301973471810989, 24.227923122956177, 97.04335131797004, 44.62033718633111
287, 1603471364051549696, 0, 13.459712283654286, 24.23265449258742, 96.91463255018296, 44.61721664143735
288, 1603471364056933120, 0, 12.617451095497582, 24.237385862218666, 96.78591378239588, 44.61409609654359
289, 1603471364062316364, 0, 11.77518990734088, 24.242117231849914, 96.65719501460882, 44.61097555164983
290, 1603471364067699456, 0, 10.93292871918418, 24.24684860148116, 96.52847624682175, 44.60785500675607
291, 1603471364073082880, 0, 10.090667531027476, 24.251579971112406, 96.39975747903468, 44.60473446186231
292, 1603471364078466304, 0, 9.248406342870773, 24.25631134074365, 96.2710387112476, 44.601613916968546
293, 1603471364083849728, 0, 8.406145154714071, 24.261042710374895, 96.14231994346054, 44.598493372074785
294, 1603471364089233152, 0, 7.563883966557369, 24.26577408000614, 96.01360117567347, 44.59537282718102
295, 1603471364094616576, 0, 6.721622778400667, 24.270505449637383, 95.88488240788641, 44.59225228228726
296, 1603471364100000000, 0, 5.879361590243965, 24.275236819268628, 95.75616364009935, 44.5891317373935
297, 1603471364105383364, 0, 5.037100402087263, 24.279968188899876, 95.62744487231227, 44.58601119249973
298, 1603471364110766848, 0, 4.407462851826355, 24.284699558537383, 95.2861024666357, 44.58289064761226
299, 1603471364116150272, 0, 3.7778253015654473, 24.289430928174895, 94.94476006095914, 44.57977010272478
300, 1603471364121533440, 0, 3.1481877513045395, 24.294162297812406, 94.60341765528257, 44.5766495578373
301, 1603471364126916864, 0, 2.5185502010436314, 24.298893667449917, 94.262075249606, 44.57352901294982
302, 1603471364132300288, 0, 1.8889126507827236, 24.30362503708743, 93.92073284392943, 44.57040846806234
303, 1603471364137683712, 0, 1.2592751005218157, 24.30835640672494, 93.57939043825286, 44.56728792317486
304, 1603471364143067136, 0, 0.6296375502609078, 24.31308777636245, 93.23804803257629, 44.56416737828738
305, 1603471364148450364, 0, 0.0, 24.31781914599996, 92.89670562689972, 44.56104683339991
306, 1603471364153833472, 0, 0.0, 24.322550515636564, 91.92572567095993, 44.55792628850327
307, 1603471364159216896, 0, 0.0, 24.327281885273166, 90.95474571502015, 44.554805743606636
308, 1603471364164600320, 0, 0.0, 24.332013254909768, 89.98376575908037, 44.55168519871
309, 1603471364169983744, 0, 0.0, 24.33674462454637, 89.01278580314059, 44.54856465381336
310, 1603471364175367168, 0, 0.0, 24.34147599418297, 88.0418058472008, 44.54544410891672
311, 1603471364180750592, 0, 0.0, 24.346207363819577, 87.07082589126102, 44.54232356402008
312, 1603471364186134016, 0, 0.0, 24.350938733456182, 86.09984593532124, 44.53920301912345
313, 1603471364191517364, 0, 0.0, 24.355670103092784, 85.12886597938144, 44.53608247422681
314, 1603471364196901120, 0, 0.0, 24.435405927835053, 84.17928479381445, 44.456346649484544
315, 1603471364202284544, 0, 0.0, 24.51514175257732, 83.22970360824743, 44.37661082474227
316, 1603471364207667968, 0, 0.0, 24.59487757731959, 82.28012242268042, 44.29687500000001
317, 1603471364213051392, 0, 0.0, 24.67461340206186, 81.33054123711341, 44.21713917525774
318, 1603471364218435072, 0, 0.0, 24.754349226804127, 80.3809600515464, 44.13740335051547
319, 1603471364223818496, 0, 0.0, 24.834085051546396, 79.43137886597938, 44.057667525773205
320, 1603471364229201920, 0, 0.0, 24.91382087628866, 78.48179768041237, 43.97793170103094
321, 1603471364234585364, 0, 0.0, 24.99355670103093, 77.53221649484536, 43.89819587628867
322, 1603471364239968512, 0, 0.0, 25.073292525773198, 76.58263530927834, 43.818460051546396
323, 1603471364245351936, 0, 0.0, 25.153028350515463, 75.63305412371133, 43.73872422680413
324, 1603471364250735360, 0, 0.0, 25.23276417525773, 74.68347293814432, 43.658988402061865
325, 1603471364256118784, 0, 0.0, 25.3125, 73.73389175257732, 43.57925257731959
326, 1603471364261502208, 0, 0.0, 25.39223582474227, 72.78431056701032, 43.49951675257732
327, 1603471364266885632, 0, 0.0, 25.471971649484537, 71.83472938144331, 43.419780927835056
328, 1603471364272269056, 0, 0.0, 25.551707474226806, 70.8851481958763, 43.34004510309279
329, 1603471364277652364, 0, 0.0, 25.631443298969074, 69.93556701030928, 43.26030927835052
330, 1603471364283035904, 0, 0.0, 25.711179123711343, 68.98598582474227, 43.18057345360825
331, 1603471364288419328, 0, 0.0, 25.79091494845361, 68.03640463917526, 43.10083762886598
332, 1603471364293802496, 0, 0.0, 25.870650773195877, 67.08682345360825, 43.02110180412372
333, 1603471364299185920, 0, 0.0, 25.950386597938145, 66.13724226804123, 42.941365979381445
334, 1603471364304569344, 0, 0.0, 26.030122422680414, 65.18766108247422, 42.86163015463918
335, 1603471364309952768, 0, 0.0, 26.10985824742268, 64.23807989690721, 42.781894329896915
336, 1603471364315336192, 0, 0.0, 26.189594072164947, 63.2884987113402, 42.70215850515464
337, 1603471364320719364, 0, 0.0, 26.269329896907216, 62.3389175257732, 42.62242268041238
338, 1603471364326102528, 0, 0.0, 26.349065721649485, 61.389336340206185, 42.54268685567011
339, 1603471364331485952, 0, 0.0, 26.428801546391753, 60.43975515463918, 42.46295103092784
340, 1603471364336869376, 0, 0.0, 26.50853737113402, 59.490173969072174, 42.38321520618557
341, 1603471364342252800, 0, 0.0, 26.58827319587629, 58.54059278350516, 42.3034793814433
342, 1603471364347636224, 0, 0.0, 26.66800902061856, 57.59101159793815, 42.22374355670104
343, 1603471364353019648, 0, 0.0, 26.747744845360828, 56.641430412371136, 42.144007731958766
344, 1603471364358403072, 0, 0.0, 26.827480670103093, 55.69184922680412, 42.064271907216494
345, 1603471364363786364, 0, 0.0, 26.90721649484536, 54.74226804123712, 41.98453608247423
346, 1603471364369169408, 0, 0.0, 27.013530927835134, 53.8530927835064, 41.94447672497489
347, 1603471364374552832, 0, 0.0, 27.11984536082491, 52.96391752577567, 41.90441736747555
348, 1603471364379936256, 0, 0.0, 27.226159793814684, 52.07474226804495, 41.864358009976215
349, 1603471364385319680, 0, 0.0, 27.332474226804457, 51.18556701031423, 41.82429865247688
350, 1603471364390703104, 0, 0.0, 27.43878865979423, 50.2963917525835, 41.78423929497754
351, 1603471364396086528, 0, 0.0, 27.545103092784004, 49.40721649485278, 41.7441799374782
352, 1603471364401469952, 0, 0.0, 27.651417525773777, 48.51804123712206, 41.70412057997886
353, 1603471364406853364, 0, 0.0, 27.75773195876355, 47.628865979391335, 41.664061222479525
354, 1603471364412237056, 0, 0.0, 27.864046391753323, 46.73969072166061, 41.62400186498019
355, 1603471364417620480, 0, 0.0, 27.970360824743096, 45.85051546392989, 41.583942507480856
356, 1603471364423003904, 0, 0.0, 28.07667525773287, 44.96134020619917, 41.54388314998152
357, 1603471364428387328, 0, 0.0, 28.182989690722643, 44.07216494846844, 41.50382379248218
358, 1603471364433771008, 0, 0.0, 28.289304123712416, 43.18298969073771, 41.46376443498284
359, 1603471364439154432, 0, 0.0, 28.39561855670219, 42.29381443300699, 41.423705077483504
360, 1603471364444537856, 0, 0.0, 28.501932989691966, 41.40463917527627, 41.383645719984166
361, 1603471364449921364, 0, 0.0, 28.60824742268174, 40.515463917545546, 41.34358636248483
362, 1603471364455304448, 0, 0.0, 28.714561855671512, 39.62628865981482, 41.30352700498549
363, 1603471364460687872, 0, 0.0, 28.82087628866129, 38.7371134020841, 41.26346764748615
364, 1603471364466071296, 0, 0.0, 28.927190721651062, 37.84793814435338, 41.223408289986814
365, 1603471364471454720, 0, 0.0, 29.033505154640835, 36.95876288662265, 41.183348932487476
366, 1603471364476838144, 0, 0.0, 29.13981958763061, 36.06958762889193, 41.14328957498814
367, 1603471364482221568, 0, 0.0, 29.24613402062038, 35.18041237116121, 41.1032302174888
368, 1603471364487604992, 0, 0.0, 29.352448453610155, 34.29123711343048, 41.063170859989455
369, 1603471364492988364, 0, 0.0, 29.458762886599928, 33.40206185569976, 41.02311150249012
370, 1603471364498371840, 0, 0.0, 29.56507731958743, 32.512886597962286, 40.8561386804482
371, 1603471364503755264, 0, 0.0, 29.67139175257493, 31.623711340224805, 40.689165858406284
372, 1603471364509138432, 0, 0.0, 29.77770618556243, 30.734536082487324, 40.52219303636437
373, 1603471364514521856, 0, 0.0, 29.884020618549933, 29.845360824749847, 40.35522021432246
374, 1603471364519905280, 0, 0.0, 29.990335051537436, 28.95618556701237, 40.188247392280545
375, 1603471364525288704, 0, 0.0, 30.096649484524935, 28.067010309274888, 40.021274570238624
376, 1603471364530672128, 0, 0.0, 30.202963917512434, 27.177835051537407, 39.854301748196704
377, 1603471364536055364, 0, 0.0, 30.309278350499937, 26.28865979379993, 39.68732892615479
378, 1603471364541438464, 0, 0.0, 30.4155927834906, 25.399484536068876, 39.21283501695512
379, 1603471364546821888, 0, 0.0, 30.52190721648126, 24.51030927833782, 38.738341107755446
380, 1603471364552205312, 0, 0.0, 30.62822164947192, 23.621134020606767, 38.263847198555766
381, 1603471364557588736, 0, 0.0, 30.734536082462583, 22.731958762875713, 37.78935328935609
382, 1603471364562972160, 0, 0.0, 30.840850515453244, 21.84278350514466, 37.31485938015642
383, 1603471364568355584, 0, 0.0, 30.947164948443906, 20.953608247413605, 36.84036547095674
384, 1603471364573739008, 0, 0.0, 31.053479381434567, 20.06443298968255, 36.36587156175707
385, 1603471364579122364, 0, 0.0, 31.159793814425228, 19.175257731951493, 35.891377652557395
386, 1603471364584505856, 0, 0.0, 31.26610824741589, 18.28608247422044, 35.416883743357715
387, 1603471364589889280, 0, 0.0, 31.37242268040655, 17.396907216489385, 34.94238983415804
388, 1603471364595272704, 0, 0.0, 31.478737113397212, 16.50773195875833, 34.46789592495837
389, 1603471364600655872, 0, 0.0, 31.585051546387874, 15.618556701027277, 33.99340201575869
390, 1603471364606039296, 0, 0.0, 31.691365979378535, 14.729381443296223, 33.51890810655901
391, 1603471364611422720, 0, 0.0, 31.797680412369196, 13.840206185565169, 33.04441419735934
392, 1603471364616806144, 0, 0.0, 31.903994845359858, 12.951030927834115, 32.569920288159665
393, 1603471364622189364, 0, 0.0, 32.01030927835052, 12.061855670103059, 32.095426378959985
394, 1603471364627572736, 0, 0.0, 32.025887080541494, 11.192010309278318, 31.218357920515068
395, 1603471364632956160, 0, 0.0, 32.04146488273247, 10.322164948453578, 30.34128946207015
396, 1603471364638339584, 0, 0.0, 32.057042684923445, 9.452319587628837, 29.464221003625234
397, 1603471364643723264, 0, 0.0, 32.07262048711442, 8.582474226804097, 28.587152545180317
398, 1603471364649106944, 0, 0.0, 32.088198289305396, 7.712628865979356, 27.7100840867354
399, 1603471364654490368, 0, 0.0, 32.10377609149637, 6.842783505154616, 26.833015628290482
400, 1603471364659873792, 0, 0.0, 32.11935389368735, 5.972938144329875, 25.955947169845565
401, 1603471364665257364, 0, 0.0, 32.13493169587832, 5.103092783505135, 25.078878711400645
402, 1603471364670640896, 0, 0.0, 32.13493169587832, 5.103092783505135, 25.078878711400645
403, 1603471364676024320, 0, 0.0, 32.13493169587832, 5.103092783505135, 25.078878711400645
404, 1603471364681407488, 0, 0.0, 32.13493169587832, 5.103092783505135, 25.078878711400645
405, 1603471364686790912, 0, 0.0, 32.13493169587832, 5.103092783505135, 25.078878711400645
406, 1603471364692174336, 0, 0.0, 32.13493169587832, 5.103092783505135, 25.078878711400645
407, 1603471364697557760, 0, 0.0, 32.13493169587832, 5.103092783505135, 25.078878711400645
408, 1603471364702941184, 0, 0.0, 32.13493169587832, 5.103092783505135, 25.078878711400645
409, 1603471364708324364
410, 1603471364713707520
411, 1603471364719090944
412, 1603471364724474368
413, 1603471364729857792
414, 1603471364735241216
415, 1603471364740624640
416, 1603471364746008064
417, 1603471364751391364
418, 1603471364756774912
419, 1603471364762158336
420, 1603471364767541760
421, 1603471364772924928
422, 1603471364778308096
423, 1603471364783691520
424, 1603471364789074944
425, 1603471364794458364
426, 1603471364799841792
427, 1603471364805225216
428, 1603471364810608640
429, 1603471364815991808
430, 1603471364821375232
431, 1603471364826758656
432, 1603471364832142080
433, 1603471364837525364
434, 1603471364842908672
435, 1603471364848292096
436, 1603471364853675520
437, 1603471364859059200
438, 1603471364864442880
439, 1603471364869826304
440, 1603471364875209728
441, 1603471364880593364
442, 1603471364885976832
443, 1603471364891360256
444, 1603471364896743424
445, 1603471364902126848
446, 1603471364907510272
447, 1603471364912893696
448, 1603471364918277120
449, 1603471364923660364
450, 1603471364929043456
451, 1603471364934426880
452, 1603471364939810304
453, 1603471364945193728
454, 1603471364950577152
455, 1603471364955960576
456, 1603471364961344000
457, 1603471364966727364
