33, 0, 0.0, 111.34020618556701, 3.247422680412371, 12.989690721649485, -1, -1, -1, -1
34, 0, 0.0, 111.09405815175928, 3.569990335055344, 13.672996456916598, -1, -1, -1, -1
35, 0, 0.0, 110.84791011795156, 3.8925579896983176, 14.356302192183712, -1, -1, -1, -1
36, 0, 0.0, 110.60176208414381, 4.215125644341291, 15.039607927450824, -1, -1, -1, -1
37, 0, 0.0, 110.35561405033609, 4.537693298984264, 15.722913662717938, -1, -1, -1, -1
38, 0, 0.0, 110.10946601652836, 4.860260953627238, 16.40621939798505, -1, -1, -1, -1
39, 0, 0.0, 109.86331798272062, 5.182828608270211, 17.089525133252163, -1, -1, -1, -1
40, 0, 0.0, 109.61716994891289, 5.505396262913184, 17.77283086851928, -1, -1, -1, -1
41, 0, 0.0, 109.37102191510516, 5.827963917556158, 18.45613660378639, -1, -1, -1, -1
42, 0, 0.0, 109.12487388129742, 6.150531572199132, 19.139442339053502, -1, -1, -1, -1
43, 0, 0.0, 108.87872584748969, 6.473099226842105, 19.822748074320618, -1, -1, -1, -1
44, 0, 0.0, 108.63257781368196, 6.795666881485078, 20.506053809587733, -1, -1, -1, -1
45, 0, 0.0, 108.38642977987422, 7.1182345361280515, 21.189359544854845, -1, -1, -1, -1
46, 0, 0.0, 108.14028174606649, 7.440802190771025, 21.87266528012196, -1, -1, -1, -1
47, 0, 0.0, 107.89413371225876, 7.763369845413998, 22.555971015389076, -1, -1, -1, -1
48, 0, 0.0, 107.64798567845102, 8.085937500056971, 23.239276750656188, -1, -1, -1, -1
49, 0, 0.0, 107.4018376446433, 8.408505154699945, 23.922582485923304, -1, -1, -1, -1
50, 0, 0.0, 107.36257372320347, 8.731072809337444, 23.99943205948275, -1, -1, -1, -1
51, 0, 0.0, 107.32330980176366, 9.053640463974945, 24.076281633042193, -1, -1, -1, -1
52, 0, 0.0, 107.28404588032384, 9.376208118612446, 24.15313120660164, -1, -1, -1, -1
53, 0, 0.0, 107.24478195888403, 9.698775773249945, 24.229980780161085, -1, -1, -1, -1
54, 0, 0.0, 107.20551803744422, 10.021343427887444, 24.30683035372053, -1, -1, -1, -1
55, 0, 0.0, 107.1662541160044, 10.343911082524945, 24.383679927279978, -1, -1, -1, -1
56, 0, 0.0, 107.12699019456457, 10.666478737162446, 24.460529500839424, -1, -1, -1, -1
57, 0, 0.0, 107.08772627312476, 10.989046391799945, 24.53737907439887, -1, -1, -1, -1
58, 0, 0.0, 107.04846235168495, 11.311614046437445, 24.614228647958317, -1, -1, -1, -1
59, 0, 0.0, 107.00919843024512, 11.634181701074946, 24.691078221517763, -1, -1, -1, -1
60, 0, 0.0, 106.9699345088053, 11.956749355712446, 24.767927795077206, -1, -1, -1, -1
61, 0, 0.0, 106.93067058736548, 12.279317010349946, 24.844777368636652, -1, -1, -1, -1
62, 0, 0.0, 106.89140666592567, 12.601884664987445, 24.9216269421961, -1, -1, -1, -1
63, 0, 0.0, 106.85214274448585, 12.924452319624944, 24.99847651575554, -1, -1, -1, -1
64, 0, 0.0, 106.81287882304602, 13.247019974262443, 25.075326089314988, -1, -1, -1, -1
65, 0, 0.0, 106.77361490160621, 13.569587628899944, 25.152175662874434, -1, -1, -1, -1
66, 0, 0.0, 106.72060567304442, 13.89215528353806, 25.19977197753332, -1, -1, -1, -1
67, 0, 0.0, 106.66759644448263, 14.214722938176173, 25.247368292192206, -1, -1, -1, -1
68, 0, 0.0, 106.61458721592084, 14.537290592814287, 25.294964606851096, -1, -1, -1, -1
69, 0, 0.0, 106.56157798735904, 14.8598582474524, 25.342560921509982, -1, -1, -1, -1
70, 0, 0.0, 106.50856875879725, 15.182425902090515, 25.390157236168868, -1, -1, -1, -1
71, 0, 0.0, 106.45555953023546, 15.504993556728628, 25.437753550827757, -1, -1, -1, -1
72, 0, 0.0, 106.40255030167367, 15.827561211366742, 25.485349865486643, -1, -1, -1, -1
73, 0, 0.0, 106.34954107311188, 16.150128866004856, 25.53294618014553, -1, -1, -1, -1
74, 0, 0.0, 106.29653184455009, 16.47269652064297, 25.580542494804412, -1, -1, -1, -1
75, 0, 0.0, 106.2435226159883, 16.795264175281083, 25.628138809463294, -1, -1, -1, -1
76, 0, 0.0, 106.1905133874265, 17.117831829919197, 25.675735124122177, -1, -1, -1, -1
77, 0, 0.0, 106.13750415886472, 17.44039948455731, 25.72333143878106, -1, -1, -1, -1
78, 0, 0.0, 106.08449493030292, 17.762967139195425, 25.770927753439942, -1, -1, -1, -1
79, 0, 0.0, 106.03148570174113, 18.08553479383354, 25.818524068098824, -1, -1, -1, -1
80, 0, 0.0, 105.97847647317934, 18.408102448471652, 25.866120382757707, -1, -1, -1, -1
81, 0, 0.0, 105.92546724461755, 18.730670103109766, 25.91371669741659, -1, -1, -1, -1
82, 0, 0.0, 105.87245801605576, 19.05323775774788, 25.96131301207548, -1, -1, -1, -1
83, 0, 0.0, 105.81944878749397, 19.375805412385994, 26.008909326734365, -1, -1, -1, -1
84, 0, 0.0, 105.76643955893218, 19.698373067024107, 26.05650564139325, -1, -1, -1, -1
85, 0, 0.0, 105.71343033037039, 20.02094072166222, 26.10410195605214, -1, -1, -1, -1
86, 0, 0.0, 105.6604211018086, 20.343508376300335, 26.15169827071103, -1, -1, -1, -1
87, 0, 0.0, 105.6074118732468, 20.66607603093845, 26.199294585369916, -1, -1, -1, -1
88, 0, 0.0, 105.55440264468501, 20.988643685576562, 26.246890900028802, -1, -1, -1, -1
89, 0, 0.0, 105.50139341612321, 21.311211340214676, 26.294487214687692, -1, -1, -1, -1
90, 0, 0.0, 105.44838418756142, 21.63377899485279, 26.342083529346574, -1, -1, -1, -1
91, 0, 0.0, 105.39537495899962, 21.956346649490904, 26.38967984400546, -1, -1, -1, -1
92, 0, 0.0, 105.34236573043783, 22.278914304129017, 26.437276158664346, -1, -1, -1, -1
93, 0, 0.0, 105.28935650187604, 22.60148195876713, 26.48487247332323, -1, -1, -1, -1
94, 0, 0.0, 105.23634727331425, 22.924049613405245, 26.53246878798211, -1, -1, -1, -1
95, 0, 0.0, 105.18333804475246, 23.24661726804336, 26.580065102640997, -1, -1, -1, -1
96, 0, 0.0, 105.13032881619067, 23.569184922681472, 26.627661417299883, -1, -1, -1, -1
97, 0, 0.0, 105.07731958762888, 23.89175257731959, 26.675257731958766, -1, -1, -1, -1
98, 0, 3.6053634304837533e-16, 104.97693666617258, 24.2521170839471, 26.788067015712336, -1, -1, -1, -1
99, 0, 7.210726860967507e-16, 104.87655374471626, 24.61248159057461, 26.900876299465903, -1, -1, -1, -1
100, 0, 1.081609029145126e-15, 104.77617082325995, 24.972846097202122, 27.01368558321947, -1, -1, -1, -1
101, 0, 1.4421453721935013e-15, 104.67578790180363, 25.33321060382963, 27.12649486697304, -1, -1, -1, -1
102, 0, 1.8026817152418766e-15, 104.57540498034732, 25.69357511045714, 27.23930415072661, -1, -1, -1, -1
103, 0, 2.163218058290252e-15, 104.475022058891, 26.05393961708465, 27.352113434480177, -1, -1, -1, -1
104, 0, 2.5237544013386276e-15, 104.37463913743468, 26.414304123712164, 27.464922718233744, -1, -1, -1, -1
105, 0, 2.8842907443870027e-15, 104.27425621597838, 26.774668630339672, 27.577732001987314, -1, -1, -1, -1
106, 0, 3.2448270874353777e-15, 104.17387329452208, 27.13503313696718, 27.690541285740878, -1, -1, -1, -1
107, 0, 3.605363430483753e-15, 104.07349037306577, 27.495397643594693, 27.803350569494437, -1, -1, -1, -1
108, 0, 3.965899773532129e-15, 103.97310745160945, 27.855762150222205, 27.916159853247997, -1, -1, -1, -1
109, 0, 4.326436116580504e-15, 103.87272453015314, 28.216126656849717, 28.02896913700156, -1, -1, -1, -1
110, 0, 4.68697245962888e-15, 103.77234160869682, 28.57649116347723, 28.141778420755124, -1, -1, -1, -1
111, 0, 5.047508802677255e-15, 103.67195868724052, 28.936855670104737, 28.254587704508683, -1, -1, -1, -1
112, 0, 5.408045145725631e-15, 103.57157576578422, 29.297220176732246, 28.367396988262243, -1, -1, -1, -1
113, 0, 5.768581488774005e-15, 103.4711928443279, 29.657584683359758, 28.480206272015806, -1, -1, -1, -1
114, 0, 6.12911783182238e-15, 103.37080992287159, 30.01794918998727, 28.59301555576937, -1, -1, -1, -1
115, 0, 6.4896541748707555e-15, 103.27042700141527, 30.378313696614782, 28.705824839522933, -1, -1, -1, -1
116, 0, 6.850190517919131e-15, 103.17004407995896, 30.738678203242294, 28.818634123276496, -1, -1, -1, -1
117, 0, 7.210726860967506e-15, 103.06966115850265, 31.099042709869803, 28.93144340703006, -1, -1, -1, -1
118, 0, 7.571263204015882e-15, 102.96927823704635, 31.45940721649731, 29.044252690783622, -1, -1, -1, -1
119, 0, 7.931799547064257e-15, 102.86889531559004, 31.819771723124823, 29.157061974537186, -1, -1, -1, -1
120, 0, 8.292335890112633e-15, 102.76851239413372, 32.180136229752335, 29.26987125829075, -1, -1, -1, -1
121, 0, 8.652872233161008e-15, 102.6681294726774, 32.54050073637985, 29.382680542044312, -1, -1, -1, -1
122, 0, 9.013408576209384e-15, 102.56774655122109, 32.90086524300736, 29.49548982579788, -1, -1, -1, -1
123, 0, 9.37394491925776e-15, 102.46736362976478, 33.261229749634865, 29.608299109551446, -1, -1, -1, -1
124, 0, 9.734481262306135e-15, 102.36698070830846, 33.62159425626238, 29.721108393305016, -1, -1, -1, -1
125, 0, 1.009501760535451e-14, 102.26659778685216, 33.98195876288989, 29.833917677058583, -1, -1, -1, -1
126, 0, 1.0455553948402886e-14, 102.16621486539586, 34.342323269517394, 29.94672696081215, -1, -1, -1, -1
127, 0, 1.0816090291451261e-14, 102.06583194393954, 34.702687776144906, 30.05953624456572, -1, -1, -1, -1
128, 0, 1.1176626634499637e-14, 101.96544902248323, 35.06305228277242, 30.172345528319287, -1, -1, -1, -1
129, 0, 1.153716297754801e-14, 101.86506610102691, 35.42341678939992, 30.285154812072854, -1, -1, -1, -1
130, 0, 1.1056447853483512e-14, 101.83460587259066, 35.78378129602716, 30.32804140280693, -1, -1, -1, -1
131, 0, 1.0575732729419011e-14, 101.8041456441544, 36.1441458026544, 30.37092799354101, -1, -1, -1, -1
132, 0, 1.009501760535451e-14, 101.77368541571815, 36.50451030928164, 30.413814584275087, -1, -1, -1, -1
133, 0, 9.61430248129001e-15, 101.74322518728188, 36.86487481590888, 30.45670117500916, -1, -1, -1, -1
134, 0, 9.133587357225509e-15, 101.71276495884561, 37.22523932253611, 30.499587765743236, -1, -1, -1, -1
135, 0, 8.652872233161008e-15, 101.68230473040936, 37.58560382916335, 30.542474356477314, -1, -1, -1, -1
136, 0, 8.172157109096508e-15, 101.6518445019731, 37.94596833579058, 30.58536094721139, -1, -1, -1, -1
137, 0, 7.691441985032007e-15, 101.62138427353685, 38.306332842417824, 30.62824753794547, -1, -1, -1, -1
138, 0, 7.210726860967506e-15, 101.59092404510059, 38.666697349045066, 30.671134128679547, -1, -1, -1, -1
139, 0, 6.730011736903006e-15, 101.56046381666432, 39.0270618556723, 30.71402071941363, -1, -1, -1, -1
140, 0, 6.249296612838505e-15, 101.53000358822806, 39.387426362299536, 30.75690731014771, -1, -1, -1, -1
141, 0, 5.768581488774005e-15, 101.4995433597918, 39.74779086892677, 30.799793900881788, -1, -1, -1, -1
142, 0, 5.2878663647095055e-15, 101.46908313135555, 40.108155375554006, 30.842680491615866, -1, -1, -1, -1
143, 0, 4.807151240645005e-15, 101.43862290291929, 40.46851988218124, 30.885567082349947, -1, -1, -1, -1
144, 0, 4.326436116580504e-15, 101.40816267448304, 40.828884388808476, 30.92845367308403, -1, -1, -1, -1
145, 0, 3.8457209925160035e-15, 101.37770244604677, 41.18924889543571, 30.971340263818107, -1, -1, -1, -1
146, 0, 3.365005868451503e-15, 101.3472422176105, 41.549613402062946, 31.014226854552184, -1, -1, -1, -1
147, 0, 2.8842907443870027e-15, 101.31678198917425, 41.90997790869019, 31.057113445286262, -1, -1, -1, -1
148, 0, 2.4035756203225024e-15, 101.28632176073799, 42.27034241531743, 31.10000003602034, -1, -1, -1, -1
149, 0, 1.9228604962580018e-15, 101.25586153230174, 42.630706921944665, 31.142886626754414, -1, -1, -1, -1
150, 0, 1.4421453721935013e-15, 101.22540130386548, 42.9910714285719, 31.18577321748849, -1, -1, -1, -1
151, 0, 9.614302481290009e-16, 101.19494107542923, 43.351435935199135, 31.228659808222567, -1, -1, -1, -1
152, 0, 4.807151240645004e-16, 101.16448084699297, 43.71180044182637, 31.271546398956644, -1, -1, -1, -1
153, 0, 0.0, 101.1340206185567, 44.07216494845361, 31.314432989690722, -1, -1, -1, -1
154, 0, 0.0, 101.11801188497154, 44.464907644051564, 31.38696041537153, -1, -1, -1, -1
155, 0, 0.0, 101.10200315138636, 44.85765033964951, 31.459487841052336, -1, -1, -1, -1
156, 0, 0.0, 101.08599441780119, 45.250393035247455, 31.532015266733147, -1, -1, -1, -1
157, 0, 0.0, 101.06998568421602, 45.6431357308454, 31.604542692413954, -1, -1, -1, -1
158, 0, 0.0, 101.05397695063085, 46.03587842644335, 31.67707011809476, -1, -1, -1, -1
159, 0, 0.0, 101.03796821704569, 46.42862112204129, 31.74959754377557, -1, -1, -1, -1
160, 0, 0.0, 101.0219594834605, 46.82136381763924, 31.82212496945638, -1, -1, -1, -1
161, 0, 0.0, 101.00595074987534, 47.21410651323719, 31.894652395137186, -1, -1, -1, -1
162, 0, 0.0, 100.98994201629017, 47.60684920883514, 31.967179820817993, -1, -1, -1, -1
163, 0, 0.0, 100.97393328270499, 47.99959190443309, 32.0397072464988, -1, -1, -1, -1
164, 0, 0.0, 100.95792454911982, 48.392334600031035, 32.11223467217961, -1, -1, -1, -1
165, 0, 0.0, 100.94191581553466, 48.78507729562898, 32.184762097860414, -1, -1, -1, -1
166, 0, 0.0, 100.92590708194949, 49.177819991226926, 32.25728952354122, -1, -1, -1, -1
167, 0, 0.0, 100.90989834836432, 49.57056268682487, 32.32981694922203, -1, -1, -1, -1
168, 0, 0.0, 100.89388961477914, 49.96330538242282, 32.40234437490284, -1, -1, -1, -1
169, 0, 0.0, 100.87788088119397, 50.35604807802076, 32.47487180058364, -1, -1, -1, -1
170, 0, 0.0, 100.8618721476088, 50.74879077361871, 32.547399226264446, -1, -1, -1, -1
171, 0, 0.0, 100.84586341402363, 51.141533469216654, 32.619926651945256, -1, -1, -1, -1
172, 0, 0.0, 100.82985468043846, 51.5342761648146, 32.69245407762607, -1, -1, -1, -1
173, 0, 0.0, 100.81384594685329, 51.92701886041255, 32.76498150330687, -1, -1, -1, -1
174, 0, 0.0, 100.79783721326812, 52.319761556010505, 32.837508928987674, -1, -1, -1, -1
175, 0, 0.0, 100.78182847968296, 52.71250425160845, 32.910036354668485, -1, -1, -1, -1
176, 0, 0.0, 100.76581974609778, 53.105246947206396, 32.982563780349295, -1, -1, -1, -1
177, 0, 0.0, 100.74981101251261, 53.49798964280434, 33.0550912060301, -1, -1, -1, -1
178, 0, 0.0, 100.73380227892744, 53.89073233840229, 33.12761863171091, -1, -1, -1, -1
179, 0, 0.0, 100.71779354534226, 54.28347503400023, 33.20014605739172, -1, -1, -1, -1
180, 0, 0.0, 100.7017848117571, 54.67621772959818, 33.27267348307253, -1, -1, -1, -1
181, 0, 0.0, 100.68577607817193, 55.068960425196124, 33.34520090875334, -1, -1, -1, -1
182, 0, 0.0, 100.66976734458676, 55.46170312079407, 33.41772833443415, -1, -1, -1, -1
183, 0, 0.0, 100.65375861100159, 55.854445816392015, 33.49025576011496, -1, -1, -1, -1
184, 0, 0.0, 100.63774987741641, 56.24718851198996, 33.56278318579577, -1, -1, -1, -1
185, 0, 0.0, 100.62174114383124, 56.639931207587914, 33.635310611476584, -1, -1, -1, -1
186, 0, 0.0, 100.60573241024608, 57.03267390318587, 33.70783803715739, -1, -1, -1, -1
187, 0, 0.0, 100.5897236766609, 57.42541659878381, 33.7803654628382, -1, -1, -1, -1
188, 0, 0.0, 100.57371494307573, 57.81815929438176, 33.85289288851901, -1, -1, -1, -1
189, 0, 0.0, 100.55770620949056, 58.2109019899797, 33.92542031419981, -1, -1, -1, -1
190, 0, 0.0, 100.5416974759054, 58.60364468557765, 33.997947739880615, -1, -1, -1, -1
191, 0, 0.0, 100.52568874232023, 58.996387381175595, 34.070475165561426, -1, -1, -1, -1
192, 0, 0.0, 100.50968000873505, 59.38913007677354, 34.14300259124224, -1, -1, -1, -1
193, 0, 0.0, 100.49367127514988, 59.78187277237149, 34.21553001692304, -1, -1, -1, -1
194, 0, 0.0, 100.47766254156471, 60.174615467969446, 34.288057442603844, -1, -1, -1, -1
195, 0, 0.0, 100.46165380797953, 60.56735816356739, 34.360584868284654, -1, -1, -1, -1
196, 0, 0.0, 100.44564507439436, 60.96010085916534, 34.433112293965465, -1, -1, -1, -1
197, 0, 0.0, 100.4296363408092, 61.35284355476328, 34.50563971964627, -1, -1, -1, -1
198, 0, 0.0, 100.41362760722403, 61.74558625036123, 34.57816714532707, -1, -1, -1, -1
199, 0, 0.0, 100.39761887363886, 62.138328945959174, 34.65069457100788, -1, -1, -1, -1
200, 0, 0.0, 100.38161014005368, 62.53107164155712, 34.72322199668869, -1, -1, -1, -1
201, 0, 0.0, 100.36560140646851, 62.923814337155065, 34.7957494223695, -1, -1, -1, -1
202, 0, 0.0, 100.34959267288335, 63.31655703275301, 34.8682768480503, -1, -1, -1, -1
203, 0, 0.0, 100.33358393929817, 63.70929972835096, 34.94080427373111, -1, -1, -1, -1
204, 0, 0.0, 100.317575205713, 64.10204242394892, 35.01333169941192, -1, -1, -1, -1
205, 0, 0.0, 100.30156647212783, 64.49478511954686, 35.085859125092725, -1, -1, -1, -1
206, 0, 0.0, 100.28555773854266, 64.88752781514481, 35.15838655077353, -1, -1, -1, -1
207, 0, 0.0, 100.2695490049575, 65.28027051074275, 35.23091397645434, -1, -1, -1, -1
208, 0, 0.0, 100.25354027137232, 65.6730132063407, 35.30344140213515, -1, -1, -1, -1
209, 0, 0.0, 100.23753153778715, 66.06575590193864, 35.37596882781595, -1, -1, -1, -1
210, 0, 0.0, 100.24649988937628, 66.38356734202131, 35.22370248693693, -1, -1, -1, -1
211, 0, 0.0, 100.2554682409654, 66.70137878210399, 35.07143614605791, -1, -1, -1, -1
212, 0, 0.0, 100.26443659255452, 67.01919022218667, 34.919169805178896, -1, -1, -1, -1
213, 0, 0.0, 100.27340494414365, 67.33700166226933, 34.76690346429987, -1, -1, -1, -1
214, 0, 0.0, 100.28237329573278, 67.65481310235201, 34.614637123420856, -1, -1, -1, -1
215, 0, 0.0, 100.2913416473219, 67.97262454243469, 34.46237078254184, -1, -1, -1, -1
216, 0, 0.0, 100.30030999891102, 68.29043598251735, 34.310104441662816, -1, -1, -1, -1
217, 0, 0.0, 100.30927835050015, 68.60824742260003, 34.1578381007838, -1, -1, -1, -1
218, 0, 0.2995023480070438, 100.29639175256389, 68.78087510383139, 34.12135576086622, -1, -1, -1, -1
219, 0, 0.5990046960140876, 100.28350515462765, 68.95350278506277, 34.084873420948654, -1, -1, -1, -1
220, 0, 0.8985070440211314, 100.2706185566914, 69.12613046629413, 34.048391081031085, -1, -1, -1, -1
221, 0, 1.1980093920281751, 100.25773195875516, 69.29875814752549, 34.011908741113515, -1, -1, -1, -1
222, 0, 1.497511740035219, 100.24484536081891, 69.47138582875685, 33.975426401195946, -1, -1, -1, -1
223, 0, 1.7970140880422627, 100.23195876288266, 69.64401350998821, 33.93894406127838, -1, -1, -1, -1
224, 0, 2.0965164360493063, 100.2190721649464, 69.81664119121959, 33.90246172136081, -1, -1, -1, -1
225, 0, 2.3960187840563503, 100.20618556701015, 69.98926887245095, 33.86597938144324, -1, -1, -1, -1
226, 0, 2.821272535947795, 100.19083535476001, 70.00320994472801, 33.87791843541486, -1, -1, -1, -1
227, 0, 3.2465262878392402, 100.17548514250987, 70.01715101700509, 33.889857489386486, -1, -1, -1, -1
228, 0, 3.6717800397306855, 100.16013493025973, 70.03109208928217, 33.9017965433581, -1, -1, -1, -1
229, 0, 4.09703379162213, 100.14478471800959, 70.04503316155923, 33.913735597329726, -1, -1, -1, -1
230, 0, 4.522287543513576, 100.12943450575945, 70.0589742338363, 33.92567465130135, -1, -1, -1, -1
231, 0, 4.947541295405021, 100.11408429350931, 70.07291530611337, 33.937613705272966, -1, -1, -1, -1
232, 0, 5.372795047296465, 100.09873408125917, 70.08685637839045, 33.94955275924459, -1, -1, -1, -1
233, 0, 5.79804879918791, 100.08338386900903, 70.10079745066751, 33.96149181321621, -1, -1, -1, -1
234, 0, 6.223302551079355, 100.06803365675889, 70.11473852294458, 33.97343086718784, -1, -1, -1, -1
235, 0, 6.6485563029708, 100.05268344450874, 70.12867959522166, 33.98536992115946, -1, -1, -1, -1
236, 0, 7.0738100548622445, 100.0373332322586, 70.14262066749873, 33.997308975131084, -1, -1, -1, -1
237, 0, 7.49906380675369, 100.02198302000846, 70.1565617397758, 34.00924802910271, -1, -1, -1, -1
238, 0, 7.924317558645136, 100.00663280775832, 70.17050281205286, 34.02118708307433, -1, -1, -1, -1
239, 0, 8.34957131053658, 99.99128259550818, 70.18444388432994, 34.033126137045954, -1, -1, -1, -1
240, 0, 8.774825062428025, 99.97593238325804, 70.19838495660701, 34.04506519101758, -1, -1, -1, -1
241, 0, 9.20007881431947, 99.9605821710079, 70.21232602888408, 34.0570042449892, -1, -1, -1, -1
242, 0, 9.625332566210915, 99.94523195875776, 70.22626710116114, 34.06894329896082, -1, -1, -1, -1
243, 0, 10.050586318102361, 99.92988174650762, 70.24020817343822, 34.08088235293244, -1, -1, -1, -1
244, 0, 10.475840069993806, 99.91453153425748, 70.2541492457153, 34.092821406904065, -1, -1, -1, -1
245, 0, 10.901093821885251, 99.89918132200734, 70.26809031799236, 34.10476046087568, -1, -1, -1, -1
246, 0, 11.326347573776696, 99.8838311097572, 70.28203139026942, 34.1166995148473, -1, -1, -1, -1
247, 0, 11.75160132566814, 99.86848089750706, 70.2959724625465, 34.12863856881892, -1, -1, -1, -1
248, 0, 12.176855077559585, 99.85313068525691, 70.30991353482358, 34.140577622790545, -1, -1, -1, -1
249, 0, 12.60210882945103, 99.83778047300677, 70.32385460710064, 34.15251667676216, -1, -1, -1, -1
250, 0, 13.027362581342475, 99.82243026075663, 70.3377956793777, 34.16445573073378, -1, -1, -1, -1
251, 0, 13.45261633323392, 99.80708004850649, 70.35173675165478, 34.1763947847054, -1, -1, -1, -1
252, 0, 13.877870085125366, 99.79172983625635, 70.36567782393185, 34.188333838677025, -1, -1, -1, -1
253, 0, 14.30312383701681, 99.77637962400621, 70.37961889620891, 34.20027289264864, -1, -1, -1, -1
254, 0, 14.728377588908256, 99.76102941175607, 70.39355996848599, 34.21221194662026, -1, -1, -1, -1
255, 0, 15.153631340799702, 99.74567919950593, 70.40750104076305, 34.22415100059188, -1, -1, -1, -1
256, 0, 15.578885092691147, 99.73032898725579, 70.42144211304011, 34.236090054563505, -1, -1, -1, -1
257, 0, 16.00413884458259, 99.71497877500565, 70.43538318531719, 34.24802910853512, -1, -1, -1, -1
258, 0, 16.429392596474038, 99.6996285627555, 70.44932425759427, 34.259968162506745, -1, -1, -1, -1
259, 0, 16.85464634836548, 99.68427835050537, 70.46326532987133, 34.27190721647837, -1, -1, -1, -1
260, 0, 17.279900100256924, 99.66892813825523, 70.4772064021484, 34.28384627045, -1, -1, -1, -1
261, 0, 17.70515385214837, 99.65357792600508, 70.49114747442547, 34.29578532442162, -1, -1, -1, -1
262, 0, 18.130407604039817, 99.63822771375494, 70.50508854670255, 34.307724378393246, -1, -1, -1, -1
263, 0, 18.55566135593126, 99.6228775015048, 70.51902961897962, 34.31966343236488, -1, -1, -1, -1
264, 0, 18.980915107822703, 99.60752728925465, 70.53297069125668, 34.3316024863365, -1, -1, -1, -1
265, 0, 19.40616885971415, 99.59217707700451, 70.54691176353376, 34.343541540308124, -1, -1, -1, -1
266, 0, 19.831422611605596, 99.57682686475437, 70.56085283581083, 34.35548059427974, -1, -1, -1, -1
267, 0, 20.25667636349704, 99.56147665250423, 70.5747939080879, 34.367419648251364, -1, -1, -1, -1
268, 0, 20.681930115388482, 99.54612644025408, 70.58873498036496, 34.37935870222299, -1, -1, -1, -1
269, 0, 21.10718386727993, 99.53077622800394, 70.60267605264204, 34.391297756194604, -1, -1, -1, -1
270, 0, 21.532437619171375, 99.5154260157538, 70.61661712491912, 34.40323681016622, -1, -1, -1, -1
271, 0, 21.95769137106282, 99.50007580350366, 70.63055819719618, 34.415175864137844, -1, -1, -1, -1
272, 0, 22.38294512295426, 99.48472559125352, 70.64449926947324, 34.42711491810947, -1, -1, -1, -1
273, 0, 22.808198874845708, 99.46937537900338, 70.65844034175032, 34.43905397208108, -1, -1, -1, -1
274, 0, 23.233452626737154, 99.45402516675324, 70.6723814140274, 34.4509930260527, -1, -1, -1, -1
275, 0, 23.6587063786286, 99.4386749545031, 70.68632248630446, 34.46293208002432, -1, -1, -1, -1
276, 0, 24.083960130520047, 99.42332474225296, 70.70026355858153, 34.47487113399595, -1, -1, -1, -1
277, 0, 24.50921388241149, 99.40797453000282, 70.7142046308586, 34.48681018796756, -1, -1, -1, -1
278, 0, 24.934467634302933, 99.39262431775268, 70.72814570313567, 34.49874924193918, -1, -1, -1, -1
279, 0, 25.35972138619438, 99.37727410550254, 70.74208677541273, 34.5106882959108, -1, -1, -1, -1
280, 0, 25.784975138085827, 99.3619238932524, 70.75602784768981, 34.52262734988243, -1, -1, -1, -1
281, 0, 26.210228889977273, 99.34657368100225, 70.76996891996687, 34.53456640385404, -1, -1, -1, -1
282, 0, 26.63548264186872, 99.33122346875211, 70.78390999224393, 34.54650545782567, -1, -1, -1, -1
283, 0, 27.060736393760163, 99.31587325650197, 70.79785106452101, 34.55844451179729, -1, -1, -1, -1
284, 0, 27.485990145651606, 99.30052304425183, 70.81179213679809, 34.570383565768914, -1, -1, -1, -1
285, 0, 27.911243897543052, 99.28517283200169, 70.82573320907515, 34.58232261974054, -1, -1, -1, -1
286, 0, 28.3364976494345, 99.26982261975155, 70.83967428135222, 34.59426167371216, -1, -1, -1, -1
287, 0, 28.76175140132594, 99.25447240750141, 70.8536153536293, 34.606200727683785, -1, -1, -1, -1
288, 0, 29.187005153217385, 99.23912219525127, 70.86755642590637, 34.61813978165541, -1, -1, -1, -1
289, 0, 29.61225890510883, 99.22377198300113, 70.88149749818344, 34.63007883562703, -1, -1, -1, -1
290, 0, 30.037512657000278, 99.20842177075099, 70.8954385704605, 34.64201788959865, -1, -1, -1, -1
291, 0, 30.46276640889172, 99.19307155850085, 70.90937964273758, 34.65395694357027, -1, -1, -1, -1
292, 0, 30.888020160783164, 99.1777213462507, 70.92332071501465, 34.665895997541895, -1, -1, -1, -1
293, 0, 31.31327391267461, 99.16237113400057, 70.93726178729172, 34.67783505151351, -1, -1, -1, -1
294, 0, 31.738527664566053, 99.14702092175042, 70.95120285956878, 34.689774105485135, -1, -1, -1, -1
295, 0, 32.163781416457496, 99.13167070950028, 70.96514393184586, 34.70171315945676, -1, -1, -1, -1
296, 0, 32.58903516834894, 99.11632049725014, 70.97908500412294, 34.713652213428375, -1, -1, -1, -1
297, 0, 33.01428892024039, 99.100970285, 70.9930260764, 34.7255912674, -1, -1, -1, -1
298, 0, 33.47339233111936, 99.08562007275049, 71.02543208003871, 34.737530321372645, -1, -1, -1, -1
299, 0, 33.93249574199834, 99.07026986050096, 71.05783808367744, 34.7494693753453, -1, -1, -1, -1
300, 0, 34.39159915287732, 99.05491964825144, 71.09024408731617, 34.761408429317946, -1, -1, -1, -1
301, 0, 34.85070256375629, 99.03956943600193, 71.12265009095489, 34.77334748329059, -1, -1, -1, -1
302, 0, 35.30980597463527, 99.02421922375241, 71.15505609459362, 34.78528653726324, -1, -1, -1, -1
303, 0, 35.76890938551425, 99.0088690115029, 71.18746209823234, 34.797225591235886, -1, -1, -1, -1
304, 0, 36.22801279639322, 98.99351879925338, 71.21986810187107, 34.80916464520853, -1, -1, -1, -1
305, 0, 36.6871162072722, 98.97816858700386, 71.2522741055098, 34.82110369918118, -1, -1, -1, -1
306, 0, 37.14621961815117, 98.96281837475435, 71.28468010914852, 34.833042753153826, -1, -1, -1, -1
307, 0, 37.605323029030146, 98.94746816250483, 71.31708611278725, 34.84498180712647, -1, -1, -1, -1
308, 0, 38.06442643990913, 98.93211795025532, 71.34949211642598, 34.85692086109912, -1, -1, -1, -1
309, 0, 38.5235298507881, 98.9167677380058, 71.3818981200647, 34.868859915071766, -1, -1, -1, -1
310, 0, 38.982633261667075, 98.90141752575629, 71.41430412370343, 34.88079896904441, -1, -1, -1, -1
311, 0, 39.44173667254606, 98.88606731350677, 71.44671012734216, 34.89273802301706, -1, -1, -1, -1
312, 0, 39.90084008342503, 98.87071710125726, 71.47911613098088, 34.90467707698971, -1, -1, -1, -1
313, 0, 40.359943494304005, 98.85536688900774, 71.5115221346196, 34.91661613096235, -1, -1, -1, -1
314, 0, 40.81904690518298, 98.84001667675822, 71.54392813825831, 34.928555184935, -1, -1, -1, -1
315, 0, 41.278150316061954, 98.82466646450871, 71.57633414189704, 34.94049423890765, -1, -1, -1, -1
316, 0, 41.737253726940935, 98.8093162522592, 71.60874014553576, 34.9524332928803, -1, -1, -1, -1
317, 0, 42.19635713781991, 98.79396604000968, 71.64114614917449, 34.96437234685295, -1, -1, -1, -1
318, 0, 42.65546054869888, 98.77861582776016, 71.67355215281322, 34.976311400825594, -1, -1, -1, -1
319, 0, 43.114563959577865, 98.76326561551065, 71.70595815645194, 34.98825045479825, -1, -1, -1, -1
320, 0, 43.57366737045684, 98.74791540326112, 71.73836416009067, 35.000189508770895, -1, -1, -1, -1
321, 0, 44.03277078133581, 98.7325651910116, 71.77077016372938, 35.01212856274354, -1, -1, -1, -1
322, 0, 44.49187419221479, 98.71721497876209, 71.8031761673681, 35.02406761671619, -1, -1, -1, -1
323, 0, 44.95097760309376, 98.70186476651256, 71.83558217100682, 35.036006670688835, -1, -1, -1, -1
324, 0, 45.41008101397274, 98.68651455426304, 71.86798817464555, 35.04794572466149, -1, -1, -1, -1
325, 0, 45.86918442485172, 98.67116434201353, 71.90039417828427, 35.059884778634135, -1, -1, -1, -1
326, 0, 46.32828783573069, 98.65581412976401, 71.932800181923, 35.07182383260678, -1, -1, -1, -1
327, 0, 46.78739124660967, 98.6404639175145, 71.96520618556173, 35.083762886579436, -1, -1, -1, -1
328, 0, 47.24649465748865, 98.62511370526498, 71.99761218920045, 35.09570194055208, -1, -1, -1, -1
329, 0, 47.70559806836762, 98.60976349301546, 72.03001819283918, 35.10764099452473, -1, -1, -1, -1
330, 0, 48.164701479246595, 98.59441328076595, 72.0624241964779, 35.11958004849738, -1, -1, -1, -1
331, 0, 48.62380489012557, 98.57906306851643, 72.09483020011663, 35.13151910247003, -1, -1, -1, -1
332, 0, 49.08290830100455, 98.56371285626692, 72.12723620375536, 35.14345815644268, -1, -1, -1, -1
333, 0, 49.542011711883525, 98.5483626440174, 72.15964220739409, 35.15539721041533, -1, -1, -1, -1
334, 0, 50.0011151227625, 98.53301243176789, 72.19204821103281, 35.167336264387984, -1, -1, -1, -1
335, 0, 50.46021853364148, 98.51766221951837, 72.22445421467154, 35.17927531836063, -1, -1, -1, -1
336, 0, 50.919321944520455, 98.50231200726886, 72.25686021831027, 35.19121437233328, -1, -1, -1, -1
337, 0, 51.37842535539943, 98.48696179501934, 72.28926622194898, 35.20315342630593, -1, -1, -1, -1
338, 0, 51.8375287662784, 98.47161158276982, 72.32167222558769, 35.21509248027858, -1, -1, -1, -1
339, 0, 52.29663217715738, 98.45626137052031, 72.35407822922642, 35.227031534251225, -1, -1, -1, -1
340, 0, 52.75573558803635, 98.4409111582708, 72.38648423286514, 35.23897058822388, -1, -1, -1, -1
341, 0, 53.214838998915326, 98.42556094602128, 72.41889023650387, 35.250909642196525, -1, -1, -1, -1
342, 0, 53.6739424097943, 98.41021073377176, 72.4512962401426, 35.26284869616917, -1, -1, -1, -1
343, 0, 54.133045820673274, 98.39486052152225, 72.48370224378132, 35.274787750141826, -1, -1, -1, -1
344, 0, 54.592149231552256, 98.37951030927272, 72.51610824742005, 35.28672680411447, -1, -1, -1, -1
345, 0, 55.05125264243123, 98.3641600970232, 72.54851425105878, 35.29866585808712, -1, -1, -1, -1
346, 0, 55.510356053310204, 98.34880988477369, 72.5809202546975, 35.310604912059766, -1, -1, -1, -1
347, 0, 55.969459464189185, 98.33345967252417, 72.61332625833623, 35.32254396603241, -1, -1, -1, -1
348, 0, 56.42856287506816, 98.31810946027466, 72.64573226197496, 35.33448302000506, -1, -1, -1, -1
349, 0, 56.887666285947134, 98.30275924802514, 72.67813826561367, 35.346422073977706, -1, -1, -1, -1
350, 0, 57.34676969682611, 98.28740903577562, 72.71054426925238, 35.35836112795035, -1, -1, -1, -1
351, 0, 57.80587310770508, 98.27205882352611, 72.74295027289111, 35.370300181923, -1, -1, -1, -1
352, 0, 58.264976518584064, 98.2567086112766, 72.77535627652983, 35.382239235895646, -1, -1, -1, -1
353, 0, 58.72407992946304, 98.24135839902708, 72.80776228016856, 35.39417828986829, -1, -1, -1, -1
354, 0, 59.18318334034201, 98.22600818677756, 72.84016828380729, 35.40611734384095, -1, -1, -1, -1
355, 0, 59.64228675122099, 98.21065797452803, 72.87257428744601, 35.418056397813594, -1, -1, -1, -1
356, 0, 60.10139016209997, 98.19530776227852, 72.90498029108474, 35.42999545178624, -1, -1, -1, -1
357, 0, 60.56049357297894, 98.179957550029, 72.93738629472347, 35.441934505758894, -1, -1, -1, -1
358, 0, 61.019596983857916, 98.16460733777949, 72.9697922983622, 35.45387355973154, -1, -1, -1, -1
359, 0, 61.47870039473689, 98.14925712552997, 73.00219830200092, 35.46581261370419, -1, -1, -1, -1
360, 0, 61.93780380561587, 98.13390691328046, 73.03460430563965, 35.47775166767684, -1, -1, -1, -1
361, 0, 62.396907216494846, 98.11855670103094, 73.06701030927836, 35.48969072164949, -1, -1, -1, -1
362, 0, 62.91664170629882, 98.09736816019007, 73.04723182221235, 35.4896907216491, -1, -1, -1, -1
363, 0, 63.436376196102785, 98.0761796193492, 73.02745333514635, 35.489690721648714, -1, -1, -1, -1
364, 0, 63.95611068590676, 98.05499107850834, 73.00767484808034, 35.48969072164833, -1, -1, -1, -1
365, 0, 64.47584517571073, 98.03380253766747, 72.98789636101434, 35.489690721647946, -1, -1, -1, -1
366, 0, 64.9955796655147, 98.0126139968266, 72.96811787394833, 35.48969072164756, -1, -1, -1, -1
367, 0, 65.51531415531866, 97.99142545598573, 72.94833938688232, 35.48969072164717, -1, -1, -1, -1
368, 0, 66.03504864512263, 97.97023691514488, 72.92856089981632, 35.48969072164678, -1, -1, -1, -1
369, 0, 66.55478313492661, 97.94904837430401, 72.90878241275031, 35.4896907216464, -1, -1, -1, -1
370, 0, 67.07451762473059, 97.92785983346315, 72.8890039256843, 35.48969072164601, -1, -1, -1, -1
371, 0, 67.59425211453456, 97.90667129262229, 72.86922543861829, 35.489690721645616, -1, -1, -1, -1
372, 0, 68.11398660433852, 97.88548275178142, 72.84944695155228, 35.48969072164523, -1, -1, -1, -1
373, 0, 68.63372109414249, 97.86429421094056, 72.82966846448628, 35.48969072164484, -1, -1, -1, -1
374, 0, 69.15345558394645, 97.84310567009969, 72.80988997742026, 35.48969072164445, -1, -1, -1, -1
375, 0, 69.67319007375043, 97.82191712925882, 72.79011149035425, 35.48969072164407, -1, -1, -1, -1
376, 0, 70.19292456355441, 97.80072858841795, 72.77033300328824, 35.489690721643676, -1, -1, -1, -1
377, 0, 70.71265905335838, 97.77954004757709, 72.75055451622222, 35.489690721643285, -1, -1, -1, -1
378, 0, 71.23239354316235, 97.75835150673622, 72.73077602915622, 35.4896907216429, -1, -1, -1, -1
379, 0, 71.75212803296631, 97.73716296589535, 72.71099754209021, 35.48969072164252, -1, -1, -1, -1
380, 0, 72.27186252277028, 97.71597442505448, 72.69121905502419, 35.489690721642134, -1, -1, -1, -1
381, 0, 72.79159701257426, 97.69478588421362, 72.67144056795819, 35.48969072164175, -1, -1, -1, -1
382, 0, 73.31133150237824, 97.67359734337275, 72.65166208089218, 35.48969072164137, -1, -1, -1, -1
383, 0, 73.8310659921822, 97.65240880253188, 72.63188359382616, 35.48969072164098, -1, -1, -1, -1
384, 0, 74.35080048198617, 97.63122026169101, 72.61210510676015, 35.4896907216406, -1, -1, -1, -1
385, 0, 74.87053497179014, 97.61003172085015, 72.59232661969415, 35.489690721640216, -1, -1, -1, -1
386, 0, 75.3902694615941, 97.58884318000928, 72.57254813262814, 35.489690721639825, -1, -1, -1, -1
387, 0, 75.91000395139807, 97.56765463916841, 72.55276964556214, 35.489690721639434, -1, -1, -1, -1
388, 0, 76.42973844120203, 97.54646609832754, 72.53299115849613, 35.48969072163905, -1, -1, -1, -1
389, 0, 76.94947293100601, 97.52527755748667, 72.51321267143013, 35.48969072163866, -1, -1, -1, -1
390, 0, 77.46920742081, 97.5040890166458, 72.49343418436412, 35.48969072163827, -1, -1, -1, -1
391, 0, 77.98894191061396, 97.48290047580494, 72.47365569729811, 35.489690721637885, -1, -1, -1, -1
392, 0, 78.50867640041793, 97.46171193496409, 72.45387721023211, 35.489690721637494, -1, -1, -1, -1
393, 0, 79.02841089022189, 97.44052339412322, 72.4340987231661, 35.4896907216371, -1, -1, -1, -1
394, 0, 79.54814538002586, 97.41933485328235, 72.4143202361001, 35.48969072163672, -1, -1, -1, -1
395, 0, 80.06787986982984, 97.3981463124415, 72.39454174903409, 35.489690721636336, -1, -1, -1, -1
396, 0, 80.58761435963382, 97.37695777160063, 72.37476326196808, 35.48969072163595, -1, -1, -1, -1
397, 0, 81.10734884943778, 97.35576923075976, 72.35498477490208, 35.48969072163556, -1, -1, -1, -1
398, 0, 81.62708333924175, 97.3345806899189, 72.33520628783607, 35.48969072163517, -1, -1, -1, -1
399, 0, 82.14681782904572, 97.31339214907803, 72.31542780077007, 35.48969072163479, -1, -1, -1, -1
400, 0, 82.66655231884968, 97.29220360823716, 72.29564931370405, 35.4896907216344, -1, -1, -1, -1
401, 0, 83.18628680865366, 97.27101506739629, 72.27587082663804, 35.48969072163402, -1, -1, -1, -1
402, 0, 83.70602129845764, 97.24982652655542, 72.25609233957204, 35.489690721633636, -1, -1, -1, -1
403, 0, 84.22575578826161, 97.22863798571456, 72.23631385250602, 35.489690721633245, -1, -1, -1, -1
404, 0, 84.74549027806557, 97.20744944487369, 72.21653536544001, 35.489690721632854, -1, -1, -1, -1
405, 0, 85.26522476786954, 97.18626090403282, 72.196756878374, 35.48969072163247, -1, -1, -1, -1
406, 0, 85.7849592576735, 97.16507236319195, 72.17697839130798, 35.48969072163209, -1, -1, -1, -1
407, 0, 86.30469374747749, 97.14388382235109, 72.15719990424198, 35.489690721631696, -1, -1, -1, -1
408, 0, 86.82442823728147, 97.12269528151022, 72.13742141717597, 35.489690721631305, -1, -1, -1, -1
409, 0, 87.34416272708543, 97.10150674066935, 72.11764293010995, 35.48969072163092, -1, -1, -1, -1
410, 0, 87.8638972168894, 97.08031819982848, 72.09786444304395, 35.48969072163054, -1, -1, -1, -1
411, 0, 88.38363170669336, 97.05912965898762, 72.07808595597794, 35.489690721630154, -1, -1, -1, -1
412, 0, 88.90336619649733, 97.03794111814675, 72.05830746891192, 35.48969072162977, -1, -1, -1, -1
413, 0, 89.42310068630131, 97.01675257730588, 72.03852898184591, 35.48969072162938, -1, -1, -1, -1
414, 0, 89.94283517610529, 96.99556403646501, 72.01875049477991, 35.48969072162899, -1, -1, -1, -1
415, 0, 90.46256966590926, 96.97437549562414, 71.99897200771389, 35.489690721628605, -1, -1, -1, -1
416, 0, 90.98230415571322, 96.95318695478329, 71.97919352064788, 35.48969072162822, -1, -1, -1, -1
417, 0, 91.50203864551719, 96.93199841394242, 71.95941503358188, 35.48969072162784, -1, -1, -1, -1
418, 0, 92.02177313532115, 96.91080987310156, 71.93963654651587, 35.489690721627454, -1, -1, -1, -1
419, 0, 92.54150762512512, 96.8896213322607, 71.91985805944987, 35.48969072162707, -1, -1, -1, -1
420, 0, 93.06124211492909, 96.86843279141983, 71.90007957238386, 35.48969072162669, -1, -1, -1, -1
421, 0, 93.58097660473307, 96.84724425057897, 71.88030108531785, 35.489690721626296, -1, -1, -1, -1
422, 0, 94.10071109453705, 96.8260557097381, 71.86052259825185, 35.489690721625905, -1, -1, -1, -1
423, 0, 94.62044558434101, 96.80486716889723, 71.84074411118584, 35.48969072162552, -1, -1, -1, -1
424, 0, 95.14018007414498, 96.78367862805636, 71.82096562411984, 35.48969072162514, -1, -1, -1, -1
425, 0, 95.65991456394894, 96.7624900872155, 71.80118713705383, 35.489690721624754, -1, -1, -1, -1
426, 0, 96.17964905375291, 96.74130154637463, 71.78140864998782, 35.48969072162436, -1, -1, -1, -1
427, 0, 96.69938354355689, 96.72011300553376, 71.76163016292182, 35.48969072162397, -1, -1, -1, -1
428, 0, 97.21911803336087, 96.6989244646929, 71.74185167585581, 35.48969072162359, -1, -1, -1, -1
429, 0, 97.73885252316484, 96.67773592385203, 71.7220731887898, 35.4896907216232, -1, -1, -1, -1
430, 0, 98.2585870129688, 96.65654738301116, 71.7022947017238, 35.48969072162281, -1, -1, -1, -1
431, 0, 98.77832150277277, 96.63535884217029, 71.6825162146578, 35.48969072162242, -1, -1, -1, -1
432, 0, 99.29805599257674, 96.61417030132944, 71.66273772759178, 35.48969072162203, -1, -1, -1, -1
433, 0, 99.81779048238072, 96.59298176048857, 71.64295924052577, 35.48969072162164, -1, -1, -1, -1
434, 0, 100.3375249721847, 96.5717932196477, 71.62318075345976, 35.48969072162126, -1, -1, -1, -1
435, 0, 100.85725946198866, 96.55060467880685, 71.60340226639374, 35.489690721620875, -1, -1, -1, -1
436, 0, 101.37699395179263, 96.52941613796598, 71.58362377932774, 35.48969072162049, -1, -1, -1, -1
437, 0, 101.8967284415966, 96.50822759712511, 71.56384529226173, 35.4896907216201, -1, -1, -1, -1
438, 0, 102.41646293140056, 96.48703905628425, 71.54406680519571, 35.48969072161971, -1, -1, -1, -1
439, 0, 102.93619742120454, 96.46585051544338, 71.5242883181297, 35.489690721619326, -1, -1, -1, -1
440, 0, 103.45593191100852, 96.44466197460251, 71.5045098310637, 35.48969072161894, -1, -1, -1, -1
441, 0, 103.97566640081249, 96.42347343376164, 71.48473134399768, 35.48969072161856, -1, -1, -1, -1
442, 0, 104.49540089061645, 96.40228489292078, 71.46495285693167, 35.489690721618175, -1, -1, -1, -1
443, 0, 105.01513538042042, 96.38109635207991, 71.44517436986567, 35.489690721617784, -1, -1, -1, -1
444, 0, 105.53486987022438, 96.35990781123904, 71.42539588279965, 35.48969072161739, -1, -1, -1, -1
445, 0, 106.05460436002836, 96.33871927039817, 71.40561739573364, 35.48969072161701, -1, -1, -1, -1
446, 0, 106.57433884983234, 96.3175307295573, 71.38583890866764, 35.489690721616626, -1, -1, -1, -1
447, 0, 107.09407333963631, 96.29634218871644, 71.36606042160162, 35.489690721616235, -1, -1, -1, -1
448, 0, 107.61380782944028, 96.27515364787557, 71.34628193453561, 35.489690721615844, -1, -1, -1, -1
449, 0, 108.13354231924424, 96.2539651070347, 71.3265034474696, 35.48969072161546, -1, -1, -1, -1
450, 0, 108.65327680904821, 96.23277656619383, 71.3067249604036, 35.48969072161508, -1, -1, -1, -1
451, 0, 109.17301129885217, 96.21158802535297, 71.2869464733376, 35.48969072161469, -1, -1, -1, -1
452, 0, 109.69274578865614, 96.1903994845121, 71.26716798627159, 35.48969072161431, -1, -1, -1, -1
453, 0, 110.21248027846012, 96.16921094367123, 71.24738949920558, 35.48969072161392, -1, -1, -1, -1
454, 0, 110.7322147682641, 96.14802240283036, 71.22761101213958, 35.48969072161353, -1, -1, -1, -1
455, 0, 111.25194925806807, 96.1268338619895, 71.20783252507357, 35.489690721613144, -1, -1, -1, -1
456, 0, 111.77168374787203, 96.10564532114864, 71.18805403800756, 35.48969072161276, -1, -1, -1, -1
457, 0, 112.291418237676, 96.08445678030778, 71.16827555094156, 35.48969072161238, -1, -1, -1, -1
458, 0, 112.81115272747996, 96.06326823946691, 71.14849706387555, 35.489690721611986, -1, -1, -1, -1
459, 0, 113.33088721728394, 96.04207969862605, 71.12871857680955, 35.489690721611595, -1, -1, -1, -1
460, 0, 113.85062170708792, 96.02089115778519, 71.10894008974354, 35.48969072161121, -1, -1, -1, -1
461, 0, 114.37035619689189, 95.99970261694432, 71.08916160267754, 35.48969072161082, -1, -1, -1, -1
462, 0, 114.89009068669586, 95.97851407610345, 71.06938311561153, 35.48969072161043, -1, -1, -1, -1
463, 0, 115.40982517649982, 95.95732553526258, 71.04960462854552, 35.489690721610046, -1, -1, -1, -1
464, 0, 115.92955966630379, 95.93613699442172, 71.0298261414795, 35.489690721609655, -1, -1, -1, -1
465, 0, 116.44929415610777, 95.91494845358085, 71.0100476544135, 35.489690721609264, -1, -1, -1, -1
466, 0, 116.96902864591175, 95.89375991273998, 70.99026916734749, 35.48969072160888, -1, -1, -1, -1
467, 0, 117.48876313571571, 95.87257137189911, 70.97049068028147, 35.4896907216085, -1, -1, -1, -1
468, 0, 118.00849762551968, 95.85138283105825, 70.95071219321547, 35.48969072160811, -1, -1, -1, -1
469, 0, 118.52823211532365, 95.83019429021738, 70.93093370614946, 35.48969072160773, -1, -1, -1, -1
470, 0, 119.04796660512761, 95.80900574937651, 70.91115521908344, 35.489690721607346, -1, -1, -1, -1
471, 0, 119.56770109493159, 95.78781720853564, 70.89137673201743, 35.48969072160696, -1, -1, -1, -1
472, 0, 120.08743558473557, 95.76662866769477, 70.87159824495143, 35.48969072160658, -1, -1, -1, -1
473, 0, 120.60717007453954, 95.74544012685391, 70.85181975788541, 35.489690721606195, -1, -1, -1, -1
474, 0, 121.1269045643435, 95.72425158601304, 70.8320412708194, 35.489690721605804, -1, -1, -1, -1
475, 0, 121.64663905414747, 95.70306304517217, 70.8122627837534, 35.48969072160541, -1, -1, -1, -1
476, 0, 122.16637354395144, 95.6818745043313, 70.79248429668738, 35.48969072160503, -1, -1, -1, -1
477, 0, 122.68610803375542, 95.66068596349044, 70.77270580962137, 35.48969072160464, -1, -1, -1, -1
478, 0, 123.2058425235594, 95.63949742264957, 70.75292732255537, 35.48969072160425, -1, -1, -1, -1
479, 0, 123.72557701336336, 95.6183088818087, 70.73314883548935, 35.489690721603864, -1, -1, -1, -1
480, 0, 124.24531150316733, 95.59712034096785, 70.71337034842334, 35.48969072160347, -1, -1, -1, -1
481, 0, 124.7650459929713, 95.57593180012698, 70.69359186135733, 35.48969072160308, -1, -1, -1, -1
482, 0, 125.28478048277526, 95.55474325928611, 70.67381337429133, 35.4896907216027, -1, -1, -1, -1
483, 0, 125.80451497257923, 95.53355471844526, 70.65403488722532, 35.48969072160231, -1, -1, -1, -1
484, 0, 126.3242494623832, 95.51236617760439, 70.63425640015932, 35.48969072160192, -1, -1, -1, -1
485, 0, 126.84398395218717, 95.49117763676352, 70.61447791309331, 35.489690721601534, -1, -1, -1, -1
486, 0, 127.36371844199115, 95.46998909592266, 70.5946994260273, 35.48969072160115, -1, -1, -1, -1
487, 0, 127.88345293179512, 95.44880055508179, 70.5749209389613, 35.489690721600766, -1, -1, -1, -1
488, 0, 128.40318742159909, 95.42761201424092, 70.55514245189529, 35.48969072160038, -1, -1, -1, -1
489, 0, 128.92292191140305, 95.40642347340005, 70.53536396482929, 35.48969072159999, -1, -1, -1, -1
490, 0, 129.47150136689197, 95.38523493255987, 70.47712552351635, 35.48969072160061, -1, -1, -1, -1
491, 0, 130.02008082238086, 95.36404639171968, 70.4188870822034, 35.489690721601235, -1, -1, -1, -1
492, 0, 130.56866027786975, 95.34285785087951, 70.36064864089045, 35.48969072160185, -1, -1, -1, -1
493, 0, 131.11723973335867, 95.32166931003933, 70.30241019957751, 35.48969072160247, -1, -1, -1, -1
494, 0, 131.6658191888476, 95.30048076919914, 70.24417175826457, 35.48969072160309, -1, -1, -1, -1
495, 0, 132.21439864433648, 95.27929222835897, 70.18593331695162, 35.48969072160371, -1, -1, -1, -1
496, 0, 132.76297809982538, 95.25810368751878, 70.12769487563867, 35.489690721604326, -1, -1, -1, -1
497, 0, 133.3115575553143, 95.2369151466786, 70.06945643432573, 35.489690721604944, -1, -1, -1, -1
498, 0, 133.86013701080321, 95.21572660583843, 70.01121799301279, 35.48969072160556, -1, -1, -1, -1
499, 0, 134.4087164662921, 95.19453806499824, 69.95297955169985, 35.48969072160618, -1, -1, -1, -1
500, 0, 134.957295921781, 95.17334952415806, 69.89474111038692, 35.489690721606806, -1, -1, -1, -1
501, 0, 135.50587537726992, 95.15216098331788, 69.83650266907397, 35.489690721607424, -1, -1, -1, -1
502, 0, 136.05445483275884, 95.1309724424777, 69.77826422776101, 35.48969072160804, -1, -1, -1, -1
503, 0, 136.60303428824773, 95.10978390163751, 69.72002578644808, 35.48969072160867, -1, -1, -1, -1
504, 0, 137.15161374373662, 95.08859536079734, 69.66178734513514, 35.489690721609286, -1, -1, -1, -1
505, 0, 137.70019319922554, 95.06740681995716, 69.6035489038222, 35.489690721609904, -1, -1, -1, -1
506, 0, 138.24877265471446, 95.04621827911697, 69.54531046250926, 35.48969072161052, -1, -1, -1, -1
507, 0, 138.79735211020335, 95.0250297382768, 69.48707202119631, 35.48969072161114, -1, -1, -1, -1
508, 0, 139.34593156569224, 95.00384119743661, 69.42883357988336, 35.48969072161175, -1, -1, -1, -1
509, 0, 139.89451102118116, 94.98265265659643, 69.37059513857042, 35.48969072161237, -1, -1, -1, -1
510, 0, 140.44309047667008, 94.96146411575626, 69.31235669725748, 35.48969072161299, -1, -1, -1, -1
511, 0, 140.99166993215897, 94.94027557491607, 69.25411825594453, 35.4896907216136, -1, -1, -1, -1
512, 0, 141.54024938764786, 94.91908703407589, 69.19587981463158, 35.48969072161422, -1, -1, -1, -1
513, 0, 142.08882884313678, 94.89789849323572, 69.13764137331864, 35.489690721614835, -1, -1, -1, -1
514, 0, 142.6374082986257, 94.87670995239553, 69.0794029320057, 35.48969072161546, -1, -1, -1, -1
515, 0, 143.1859877541146, 94.85552141155534, 69.02116449069275, 35.48969072161608, -1, -1, -1, -1
516, 0, 143.73456720960348, 94.83433287071517, 68.9629260493798, 35.4896907216167, -1, -1, -1, -1
517, 0, 144.2831466650924, 94.81314432987499, 68.90468760806687, 35.48969072161732, -1, -1, -1, -1
518, 0, 144.83172612058132, 94.7919557890348, 68.84644916675393, 35.48969072161795, -1, -1, -1, -1
519, 0, 145.3803055760702, 94.77076724819463, 68.78821072544098, 35.489690721618565, -1, -1, -1, -1
520, 0, 145.9288850315591, 94.74957870735444, 68.72997228412802, 35.48969072161918, -1, -1, -1, -1
521, 0, 146.47746448704802, 94.72839016651426, 68.67173384281509, 35.48969072161981, -1, -1, -1, -1
522, 0, 147.02604394253694, 94.70720162567407, 68.61349540150215, 35.48969072162043, -1, -1, -1, -1
523, 0, 147.57462339802584, 94.68601308483389, 68.5552569601892, 35.489690721621045, -1, -1, -1, -1
524, 0, 148.12320285351473, 94.66482454399372, 68.49701851887625, 35.48969072162166, -1, -1, -1, -1
525, 0, 148.67178230900365, 94.64363600315353, 68.43878007756331, 35.48969072162228, -1, -1, -1, -1
526, 0, 149.22036176449257, 94.62244746231335, 68.38054163625037, 35.4896907216229, -1, -1, -1, -1
527, 0, 149.76894121998146, 94.60125892147317, 68.32230319493742, 35.48969072162352, -1, -1, -1, -1
528, 0, 150.31752067547035, 94.58007038063299, 68.26406475362447, 35.489690721624136, -1, -1, -1, -1
529, 0, 150.86610013095927, 94.5588818397928, 68.20582631231153, 35.489690721624754, -1, -1, -1, -1
530, 0, 151.4146795864482, 94.53769329895263, 68.14758787099859, 35.48969072162537, -1, -1, -1, -1
531, 0, 151.96325904193708, 94.51650475811245, 68.08934942968565, 35.48969072162599, -1, -1, -1, -1
532, 0, 152.51183849742597, 94.49531621727226, 68.03111098837272, 35.4896907216266, -1, -1, -1, -1
533, 0, 153.0604179529149, 94.47412767643209, 67.97287254705977, 35.48969072162722, -1, -1, -1, -1
534, 0, 153.6089974084038, 94.4529391355919, 67.91463410574681, 35.48969072162784, -1, -1, -1, -1
535, 0, 154.1575768638927, 94.43175059475172, 67.85639566443388, 35.48969072162845, -1, -1, -1, -1
536, 0, 154.7061563193816, 94.41056205391155, 67.79815722312094, 35.48969072162907, -1, -1, -1, -1
537, 0, 155.2547357748705, 94.38937351307136, 67.739918781808, 35.489690721629685, -1, -1, -1, -1
538, 0, 155.80331523035943, 94.36818497223118, 67.68168034049506, 35.4896907216303, -1, -1, -1, -1
539, 0, 156.35189468584832, 94.346996431391, 67.62344189918211, 35.48969072163092, -1, -1, -1, -1
540, 0, 156.9004741413372, 94.32580789055082, 67.56520345786916, 35.48969072163155, -1, -1, -1, -1
541, 0, 157.44905359682613, 94.30461934971063, 67.50696501655622, 35.489690721632165, -1, -1, -1, -1
542, 0, 157.99763305231505, 94.28343080887046, 67.44872657524328, 35.48969072163278, -1, -1, -1, -1
543, 0, 158.54621250780394, 94.26224226803028, 67.39048813393033, 35.48969072163341, -1, -1, -1, -1
544, 0, 159.09479196329283, 94.24105372719009, 67.33224969261738, 35.48969072163403, -1, -1, -1, -1
545, 0, 159.64337141878175, 94.21986518634992, 67.27401125130444, 35.489690721634645, -1, -1, -1, -1
546, 0, 160.19195087427067, 94.19867664550974, 67.2157728099915, 35.48969072163526, -1, -1, -1, -1
547, 0, 160.74053032975957, 94.17748810466955, 67.15753436867855, 35.48969072163588, -1, -1, -1, -1
548, 0, 161.28910978524846, 94.15629956382938, 67.0992959273656, 35.4896907216365, -1, -1, -1, -1
549, 0, 161.83768924073738, 94.1351110229892, 67.04105748605267, 35.48969072163712, -1, -1, -1, -1
550, 0, 162.3862686962263, 94.11392248214901, 66.98281904473973, 35.489690721637736, -1, -1, -1, -1
551, 0, 162.9348481517152, 94.09273394130884, 66.92458060342678, 35.489690721638354, -1, -1, -1, -1
552, 0, 163.48342760720408, 94.07154540046865, 66.86634216211382, 35.48969072163897, -1, -1, -1, -1
553, 0, 164.032007062693, 94.05035685962847, 66.80810372080089, 35.48969072163959, -1, -1, -1, -1
554, 0, 164.58058651818192, 94.02916831878828, 66.74986527948795, 35.489690721640216, -1, -1, -1, -1
555, 0, 165.1291659736708, 94.0079797779481, 66.69162683817501, 35.489690721640834, -1, -1, -1, -1
556, 0, 165.6777454291597, 93.98679123710792, 66.63338839686207, 35.48969072164145, -1, -1, -1, -1
557, 0, 166.22632488464862, 93.96560269626774, 66.57514995554912, 35.48969072164208, -1, -1, -1, -1
558, 0, 166.77490434013754, 93.94441415542755, 66.51691151423617, 35.4896907216427, -1, -1, -1, -1
559, 0, 167.32348379562643, 93.92322561458738, 66.45867307292323, 35.48969072164332, -1, -1, -1, -1
560, 0, 167.87206325111532, 93.9020370737472, 66.4004346316103, 35.48969072164394, -1, -1, -1, -1
561, 0, 168.42064270660424, 93.88084853290701, 66.34219619029736, 35.489690721644564, -1, -1, -1, -1
562, 0, 168.96922216209316, 93.85965999206684, 66.28395774898442, 35.489690721645175, -1, -1, -1, -1
563, 0, 169.51780161758205, 93.83847145122665, 66.22571930767147, 35.48969072164579, -1, -1, -1, -1
564, 0, 170.06638107307094, 93.81728291038647, 66.16748086635852, 35.48969072164641, -1, -1, -1, -1
565, 0, 170.61496052855986, 93.7960943695463, 66.10924242504558, 35.48969072164702, -1, -1, -1, -1
566, 0, 171.16353998404878, 93.77490582870611, 66.05100398373264, 35.48969072164764, -1, -1, -1, -1
567, 0, 171.71211943953767, 93.75371728786592, 65.9927655424197, 35.48969072164826, -1, -1, -1, -1
568, 0, 172.26069889502656, 93.73252874702575, 65.93452710110677, 35.48969072164887, -1, -1, -1, -1
569, 0, 172.80927835051548, 93.71134020618557, 65.87628865979381, 35.48969072164949, -1, -1, -1, -1
570, 0, 173.32031250000108, 93.68959407216238, 65.52955863401957, 35.47881765464331, -1, -1, -1, -1
571, 0, 173.83134664948665, 93.66784793813918, 65.18282860824533, 35.46794458763712, -1, -1, -1, -1
572, 0, 174.34238079897221, 93.64610180411597, 64.83609858247108, 35.45707152063093, -1, -1, -1, -1
573, 0, 174.8534149484578, 93.62435567009277, 64.48936855669683, 35.446198453624746, -1, -1, -1, -1
574, 0, 175.3644490979434, 93.60260953606956, 64.14263853092258, 35.43532538661856, -1, -1, -1, -1
575, 0, 175.87548324742897, 93.58086340204636, 63.79590850514833, 35.42445231961237, -1, -1, -1, -1
576, 0, 176.38651739691454, 93.55911726802316, 63.44917847937408, 35.41357925260618, -1, -1, -1, -1
577, 0, 176.89755154640014, 93.53737113399997, 63.10244845359984, 35.402706185599996, -1, -1, -1, -1
578, 0, 177.4085856958876, 93.51562499997496, 62.59141430411238, 35.391833118587485, -1, -1, -1, -1
579, 0, 177.91961984537505, 93.49387886594994, 62.08038015462492, 35.38096005157498, -1, -1, -1, -1
580, 0, 178.4306539948625, 93.47213273192493, 61.56934600513746, 35.37008698456248, -1, -1, -1, -1
581, 0, 178.94168814434997, 93.45038659789992, 61.058311855650004, 35.359213917549965, -1, -1, -1, -1
582, 0, 179.45272229383744, 93.42864046387491, 60.54727770616255, 35.34834085053746, -1, -1, -1, -1
583, 0, 179.96375644332488, 93.4068943298499, 60.03624355667509, 35.33746778352496, -1, -1, -1, -1
584, 0, 180.47479059281233, 93.3851481958249, 59.52520940718763, 35.326594716512446, -1, -1, -1, -1
585, 0, 180.9858247422998, 93.36340206179989, 59.014175257700174, 35.31572164949994, -1, -1, -1, -1
586, 0, 181.49685889178102, 93.34165592778113, 58.50314110821894, 35.30484858248744, -1, -1, -1, -1
587, 0, 182.00789304126226, 93.31990979376238, 57.99210695873771, 35.29397551547494, -1, -1, -1, -1
588, 0, 182.5189271907435, 93.29816365974362, 57.481072809256474, 35.28310244846244, -1, -1, -1, -1
589, 0, 183.02996134022476, 93.27641752572487, 56.97003865977524, 35.27222938144993, -1, -1, -1, -1
590, 0, 183.540995489706, 93.25467139170611, 56.45900451029401, 35.26135631443743, -1, -1, -1, -1
591, 0, 184.05202963918723, 93.23292525768736, 55.947970360812775, 35.250483247424924, -1, -1, -1, -1
592, 0, 184.56306378866844, 93.2111791236686, 55.43693621133154, 35.23961018041242, -1, -1, -1, -1
593, 0, 185.0740979381497, 93.18943298964984, 54.92590206185031, 35.228737113399916, -1, -1, -1, -1
594, 0, 185.58513208763094, 93.16768685563109, 54.414867912369075, 35.21786404638741, -1, -1, -1, -1
595, 0, 186.09616623711216, 93.14594072161233, 53.903833762887835, 35.20699097937491, -1, -1, -1, -1
596, 0, 186.60720038659338, 93.12419458759358, 53.392799613406595, 35.19611791236241, -1, -1, -1, -1
597, 0, 187.11823453607462, 93.10244845357482, 52.88176546392536, 35.18524484534991, -1, -1, -1, -1
598, 0, 187.62926868555587, 93.08070231955607, 52.37073131444412, 35.1743717783374, -1, -1, -1, -1
599, 0, 188.14030283503712, 93.05895618553731, 51.85969716496288, 35.163498711324905, -1, -1, -1, -1
600, 0, 188.65133698451837, 93.03721005151854, 51.34866301548165, 35.1526256443124, -1, -1, -1, -1
601, 0, 189.16237113399959, 93.01546391749979, 50.83762886600041, 35.1417525772999, -1, -1, -1, -1
602, 0, 189.67340528348478, 92.99371778347998, 50.32659471651522, 35.1308795102902, -1, -1, -1, -1
603, 0, 190.18443943296995, 92.97197164946019, 49.81556056703002, 35.1200064432805, -1, -1, -1, -1
604, 0, 190.69547358245515, 92.95022551544038, 49.30452641754483, 35.109133376270805, -1, -1, -1, -1
605, 0, 191.20650773194035, 92.92847938142057, 48.79349226805964, 35.098260309261114, -1, -1, -1, -1
606, 0, 191.71754188142555, 92.90673324740077, 48.28245811857444, 35.087387242251424, -1, -1, -1, -1
607, 0, 192.22857603091074, 92.88498711338096, 47.77142396908925, 35.076514175241726, -1, -1, -1, -1
608, 0, 192.73961018039594, 92.86324097936115, 47.26038981960406, 35.06564110823203, -1, -1, -1, -1
609, 0, 193.25064432988114, 92.84149484534134, 46.74935567011886, 35.05476804122233, -1, -1, -1, -1
610, 0, 193.76167847936634, 92.81974871132154, 46.23832152063367, 35.04389497421264, -1, -1, -1, -1
611, 0, 194.27271262885154, 92.79800257730173, 45.72728737114848, 35.03302190720295, -1, -1, -1, -1
612, 0, 194.7837467783367, 92.77625644328192, 45.21625322166329, 35.02214884019325, -1, -1, -1, -1
613, 0, 195.2947809278219, 92.75451030926212, 44.705219072178096, 35.01127577318356, -1, -1, -1, -1
614, 0, 195.8058150773071, 92.73276417524231, 44.194184922692905, 35.00040270617387, -1, -1, -1, -1
615, 0, 196.31684922679227, 92.7110180412225, 43.683150773207714, 34.989529639164175, -1, -1, -1, -1
616, 0, 196.82788337627747, 92.6892719072027, 43.17211662372252, 34.978656572154485, -1, -1, -1, -1
617, 0, 197.33891752576267, 92.66752577318289, 42.66108247423733, 34.967783505144794, -1, -1, -1, -1
618, 0, 197.84995167524787, 92.64577963916308, 42.150048324752134, 34.956910438135104, -1, -1, -1, -1
619, 0, 198.36098582473306, 92.62403350514327, 41.63901417526694, 34.94603737112541, -1, -1, -1, -1
620, 0, 198.87201997421826, 92.60228737112347, 41.12798002578174, 34.935164304115716, -1, -1, -1, -1
621, 0, 199.38305412370346, 92.58054123710366, 40.61694587629654, 34.924291237106026, -1, -1, -1, -1
622, 0, 199.89408827318866, 92.55879510308385, 40.10591172681134, 34.913418170096335, -1, -1, -1, -1
623, 0, 200.40512242267386, 92.53704896906405, 39.594877577326145, 34.90254510308664, -1, -1, -1, -1
624, 0, 200.91615657215903, 92.51530283504424, 39.08384342784095, 34.89167203607695, -1, -1, -1, -1
625, 0, 201.42719072164422, 92.49355670102443, 38.57280927835575, 34.88079896906726, -1, -1, -1, -1
626, 0, 201.93822487112942, 92.47181056700462, 38.06177512887055, 34.86992590205756, -1, -1, -1, -1
627, 0, 202.4492590206146, 92.45006443298482, 37.55074097938536, 34.85905283504786, -1, -1, -1, -1
628, 0, 202.9602931700998, 92.42831829896501, 37.03970682990017, 34.848179768038165, -1, -1, -1, -1
629, 0, 203.471327319585, 92.4065721649452, 36.52867268041497, 34.837306701028474, -1, -1, -1, -1
630, 0, 203.98236146907018, 92.3848260309254, 36.01763853092977, 34.826433634018784, -1, -1, -1, -1
631, 0, 204.49339561855538, 92.36307989690559, 35.50660438144458, 34.815560567009086, -1, -1, -1, -1
632, 0, 205.00442976804058, 92.3413337628858, 34.99557023195939, 34.80468749999939, -1, -1, -1, -1
633, 0, 205.51546391752578, 92.31958762886599, 34.48453608247419, 34.79381443298969, -1, -1, -1, -1
634, 0, 206.05670103092785, 92.34858247422682, 33.94329896907213, 34.71649484536083, -1, -1, -1, -1
635, 0, 206.5979381443299, 92.37757731958763, 33.40206185567007, 34.639175257731964, -1, -1, -1, -1
636, 0, 207.13917525773195, 92.40657216494846, 32.86082474226801, 34.5618556701031, -1, -1, -1, -1
637, 0, 207.68041237113403, 92.43556701030928, 32.319587628865946, 34.48453608247423, -1, -1, -1, -1
638, 0, 208.2216494845361, 92.46456185567011, 31.778350515463885, 34.40721649484536, -1, -1, -1, -1
639, 0, 208.76288659793815, 92.49355670103094, 31.237113402061823, 34.329896907216494, -1, -1, -1, -1
640, 0, 209.3041237113402, 92.52255154639175, 30.69587628865976, 34.25257731958763, -1, -1, -1, -1
641, 0, 209.84536082474227, 92.55154639175258, 30.1546391752577, 34.175257731958766, -1, -1, -1, -1
642, 0, 210.38659793814435, 92.58054123711341, 29.613402061855638, 34.0979381443299, -1, -1, -1, -1
643, 0, 210.9278350515464, 92.60953608247422, 29.072164948453576, 34.02061855670104, -1, -1, -1, -1
644, 0, 211.46907216494844, 92.63853092783505, 28.530927835051514, 33.943298969072174, -1, -1, -1, -1
645, 0, 212.01030927835052, 92.66752577319588, 27.989690721649453, 33.8659793814433, -1, -1, -1, -1
646, 0, 212.5515463917526, 92.6965206185567, 27.44845360824739, 33.78865979381443, -1, -1, -1, -1
647, 0, 213.09278350515464, 92.72551546391753, 26.90721649484533, 33.71134020618557, -1, -1, -1, -1
648, 0, 213.6340206185567, 92.75451030927836, 26.365979381443267, 33.634020618556704, -1, -1, -1, -1
649, 0, 214.17525773195877, 92.78350515463919, 25.824742268041206, 33.55670103092784, -1, -1, -1, -1
650, 0, 214.71649484536084, 92.81250000000001, 25.283505154639144, 33.479381443298976, -1, -1, -1, -1
651, 0, 215.2577319587629, 92.84149484536084, 24.742268041237082, 33.402061855670105, -1, -1, -1, -1
652, 0, 215.79896907216494, 92.87048969072166, 24.20103092783502, 33.324742268041234, -1, -1, -1, -1
653, 0, 216.340206185567, 92.89948453608248, 23.65979381443296, 33.24742268041237, -1, -1, -1, -1
654, 0, 216.8814432989691, 92.92847938144331, 23.118556701030897, 33.170103092783506, -1, -1, -1, -1
655, 0, 217.42268041237114, 92.95747422680412, 22.577319587628836, 33.09278350515464, -1, -1, -1, -1
656, 0, 217.96391752577318, 92.98646907216495, 22.036082474226774, 33.01546391752578, -1, -1, -1, -1
657, 0, 218.50515463917526, 93.01546391752578, 21.49484536082471, 32.93814432989691, -1, -1, -1, -1
658, 0, 218.94007731959073, 93.04445876288501, 21.059922680409116, 32.73360885676292, -1, -1, -1, -1
659, 0, 219.37500000000617, 93.07345360824425, 20.62499999999352, 32.52907338362893, -1, -1, -1, -1
660, 0, 219.8099226804216, 93.1024484536035, 20.190077319577924, 32.324537910494946, -1, -1, -1, -1
661, 0, 220.24484536083708, 93.13144329896274, 19.75515463916233, 32.12000243736096, -1, -1, -1, -1
662, 0, 220.67976804125254, 93.16043814432197, 19.32023195874674, 31.915466964226972, -1, -1, -1, -1
663, 0, 221.114690721668, 93.18943298968122, 18.885309278331142, 31.710931491092985, -1, -1, -1, -1
664, 0, 221.54961340208348, 93.21842783504046, 18.450386597915546, 31.506396017959, -1, -1, -1, -1
665, 0, 221.98453608249892, 93.2474226803997, 18.015463917499954, 31.301860544825008, -1, -1, -1, -1
666, 0, 222.41945876290822, 93.2764175257621, 17.580541237090806, 30.17263313136106, -1, -1, -1, -1
667, 0, 222.8543814433175, 93.30541237112452, 17.145618556681658, 29.04340571789711, -1, -1, -1, -1
668, 0, 223.28930412372677, 93.33440721648694, 16.71069587627251, 27.914178304433158, -1, -1, -1, -1
669, 0, 223.72422680413607, 93.36340206184934, 16.275773195863362, 26.784950890969206, -1, -1, -1, -1
670, 0, 224.15914948454537, 93.39239690721175, 15.840850515454214, 25.655723477505255, -1, -1, -1, -1
671, 0, 224.59407216495464, 93.42139175257415, 15.405927835045066, 24.526496064041304, -1, -1, -1, -1
672, 0, 225.0289948453639, 93.45038659793656, 14.971005154635918, 23.397268650577352, -1, -1, -1, -1
673, 0, 225.4639175257732, 93.47938144329898, 14.53608247422677, 22.268041237113405, -1, -1, -1, -1
674, 0, 225.98582474226805, 93.58063715754031, 14.014175257731923, 21.99281645070713, -1, -1, -1, -1
675, 0, 226.50773195876292, 93.68189287178163, 13.492268041237075, 21.717591664300855, -1, -1, -1, -1
676, 0, 227.02963917525776, 93.78314858602296, 12.97036082474223, 21.442366877894578, -1, -1, -1, -1
677, 0, 227.5515463917526, 93.8844043002643, 12.448453608247382, 21.1671420914883, -1, -1, -1, -1
678, 0, 228.07345360824743, 93.98566001450561, 11.926546391752535, 20.891917305082025, -1, -1, -1, -1
679, 0, 228.59536082474227, 94.08691572874694, 11.404639175257689, 20.616692518675748, -1, -1, -1, -1
680, 0, 229.1172680412371, 94.18817144298828, 10.882731958762841, 20.34146773226947, -1, -1, -1, -1
681, 0, 229.63917525773195, 94.2894271572296, 10.360824742267994, 20.066242945863195, -1, -1, -1, -1
682, 0, 230.1610824742268, 94.39068287147091, 9.83891752577315, 19.79101815945692, -1, -1, -1, -1
683, 0, 230.68298969072163, 94.49193858571225, 9.317010309278306, 19.51579337305065, -1, -1, -1, -1
684, 0, 231.20489690721647, 94.59319429995358, 8.795103092783462, 19.240568586644372, -1, -1, -1, -1
685, 0, 231.7268041237113, 94.6944500141949, 8.273195876288618, 18.9653438002381, -1, -1, -1, -1
686, 0, 232.24871134020614, 94.79570572843623, 7.751288659793774, 18.690119013831826, -1, -1, -1, -1
687, 0, 232.77061855670098, 94.89696144267756, 7.22938144329893, 18.41489422742555, -1, -1, -1, -1
688, 0, 233.29252577319582, 94.99821715691888, 6.707474226804086, 18.139669441019276, -1, -1, -1, -1
689, 0, 233.81443298969066, 95.09947287116022, 6.185567010309243, 17.864444654613003, -1, -1, -1, -1
690, 0, 234.19136597938137, 95.650827422059, 5.808634020618522, 17.139121031549266, -1, -1, -1, -1
691, 0, 234.56829896907212, 96.20218197295779, 5.431701030927799, 16.413797408485525, -1, -1, -1, -1
692, 0, 234.94523195876286, 96.75353652385658, 5.054768041237078, 15.688473785421786, -1, -1, -1, -1
693, 0, 235.32216494845358, 97.30489107475537, 4.6778350515463565, 14.963150162358048, -1, -1, -1, -1
694, 0, 235.6990979381443, 97.85624562565417, 4.300902061855635, 14.237826539294309, -1, -1, -1, -1
695, 0, 236.07603092783503, 98.40760017655295, 3.923969072164913, 13.51250291623057, -1, -1, -1, -1
696, 0, 236.45296391752578, 98.95895472745173, 3.5470360824741913, 12.787179293166831, -1, -1, -1, -1
697, 0, 236.8298969072165, 99.51030927835052, 3.17010309278347, 12.061855670103093, -1, -1, -1, -1
698, 0, 236.8298969072165, 99.51030927835052, 3.17010309278347, 12.061855670103093, -1, -1, -1, -1
699, 0, 236.8298969072165, 99.51030927835052, 3.17010309278347, 12.061855670103093, -1, -1, -1, -1
700, 0, 236.8298969072165, 99.51030927835052, 3.17010309278347, 12.061855670103093, -1, -1, -1, -1
701, 0, 236.8298969072165, 99.51030927835052, 3.17010309278347, 12.061855670103093, -1, -1, -1, -1
702, 0, 236.8298969072165, 99.51030927835052, 3.17010309278347, 12.061855670103093, -1, -1, -1, -1
703, 0, 236.8298969072165, 99.51030927835052, 3.17010309278347, 12.061855670103093, -1, -1, -1, -1
704, 0, 236.8298969072165, 99.51030927835052, 3.17010309278347, 12.061855670103093, -1, -1, -1, -1
