1, 1581958540632865936
2, 1581958540638249472
3, 1581958540643632896
4, 1581958540649016320
5, 1581958540654399488
6, 1581958540659782912
7, 1581958540665166336
8, 1581958540670549760
9, 1581958540675932936
10, 1581958540681316096
11, 1581958540686699520
12, 1581958540692082944
13, 1581958540697466368
14, 1581958540702849792
15, 1581958540708233216
16, 1581958540713616640
17, 1581958540718999936
18, 1581958540724383744
19, 1581958540729767168
20, 1581958540735150592
21, 1581958540740534016
22, 1581958540745917440
23, 1581958540751300864
24, 1581958540756684288
25, 1581958540762067936
26, 1581958540767451392
27, 1581958540772834816
28, 1581958540778217984
29, 1581958540783601408
30, 1581958540788984832
31, 1581958540794368256
32, 1581958540799751680
33, 1581958540805134936, 0, 0.0, 111.34020618556701, 3.247422680412371, 12.989690721649485
34, 1581958540810518016, 0, 0.0, 111.09405815175928, 3.569990335055344, 13.672996456916598
35, 1581958540815901440, 0, 0.0, 110.84791011795156, 3.8925579896983176, 14.356302192183712
36, 1581958540821284864, 0, 0.0, 110.60176208414381, 4.215125644341291, 15.039607927450824
37, 1581958540826668288, 0, 0.0, 110.35561405033609, 4.537693298984264, 15.722913662717938
38, 1581958540832051712, 0, 0.0, 110.10946601652836, 4.860260953627238, 16.40621939798505
39, 1581958540837435136, 0, 0.0, 109.86331798272062, 5.182828608270211, 17.089525133252163
40, 1581958540842818560, 0, 0.0, 109.61716994891289, 5.505396262913184, 17.77283086851928
41, 1581958540848201936, 0, 0.0, 109.37102191510516, 5.827963917556158, 18.45613660378639
42, 1581958540853585408, 0, 0.0, 109.12487388129742, 6.150531572199132, 19.139442339053502
43, 1581958540858968832, 0, 0.0, 108.87872584748969, 6.473099226842105, 19.822748074320618
44, 1581958540864352256, 0, 0.0, 108.63257781368196, 6.795666881485078, 20.506053809587733
45, 1581958540869735424, 0, 0.0, 108.38642977987422, 7.1182345361280515, 21.189359544854845
46, 1581958540875118848, 0, 0.0, 108.14028174606649, 7.440802190771025, 21.87266528012196
47, 1581958540880502272, 0, 0.0, 107.89413371225876, 7.763369845413998, 22.555971015389076
48, 1581958540885885696, 0, 0.0, 107.64798567845102, 8.085937500056971, 23.239276750656188
49, 1581958540891268936, 0, 0.0, 107.4018376446433, 8.408505154699945, 23.922582485923304
50, 1581958540896652032, 0, 0.0, 107.36257372320347, 8.731072809337444, 23.99943205948275
51, 1581958540902035456, 0, 0.0, 107.32330980176366, 9.053640463974945, 24.076281633042193
52, 1581958540907418880, 0, 0.0, 107.28404588032384, 9.376208118612446, 24.15313120660164
53, 1581958540912802304, 0, 0.0, 107.24478195888403, 9.698775773249945, 24.229980780161085
54, 1581958540918185728, 0, 0.0, 107.20551803744422, 10.021343427887444, 24.30683035372053
55, 1581958540923569152, 0, 0.0, 107.1662541160044, 10.343911082524945, 24.383679927279978
56, 1581958540928952576, 0, 0.0, 107.12699019456457, 10.666478737162446, 24.460529500839424
57, 1581958540934335936, 0, 0.0, 107.08772627312476, 10.989046391799945, 24.53737907439887
58, 1581958540939719680, 0, 0.0, 107.04846235168495, 11.311614046437445, 24.614228647958317
59, 1581958540945103104, 0, 0.0, 107.00919843024512, 11.634181701074946, 24.691078221517763
60, 1581958540950486528, 0, 0.0, 106.9699345088053, 11.956749355712446, 24.767927795077206
61, 1581958540955869952, 0, 0.0, 106.93067058736548, 12.279317010349946, 24.844777368636652
62, 1581958540961253376, 0, 0.0, 106.89140666592567, 12.601884664987445, 24.9216269421961
63, 1581958540966637056, 0, 0.0, 106.85214274448585, 12.924452319624944, 24.99847651575554
64, 1581958540972020480, 0, 0.0, 106.81287882304602, 13.247019974262443, 25.075326089314988
65, 1581958540977403936, 0, 0.0, 106.77361490160621, 13.569587628899944, 25.152175662874434
66, 1581958540982787072, 0, 0.0, 106.72060567304442, 13.89215528353806, 25.19977197753332
67, 1581958540988170496, 0, 0.0, 106.66759644448263, 14.214722938176173, 25.247368292192206
68, 1581958540993553920, 0, 0.0, 106.61458721592084, 14.537290592814287, 25.294964606851096
69, 1581958540998937344, 0, 0.0, 106.56157798735904, 14.8598582474524, 25.342560921509982
70, 1581958541004320768, 0, 0.0, 106.50856875879725, 15.182425902090515, 25.390157236168868
71, 1581958541009704192, 0, 0.0, 106.45555953023546, 15.504993556728628, 25.437753550827757
72, 1581958541015087616, 0, 0.0, 106.40255030167367, 15.827561211366742, 25.485349865486643
73, 1581958541020470936, 0, 0.0, 106.34954107311188, 16.150128866004856, 25.53294618014553
74, 1581958541025854464, 0, 0.0, 106.29653184455009, 16.47269652064297, 25.580542494804412
75, 1581958541031237888, 0, 0.0, 106.2435226159883, 16.795264175281083, 25.628138809463294
76, 1581958541036621312, 0, 0.0, 106.1905133874265, 17.117831829919197, 25.675735124122177
77, 1581958541042004480, 0, 0.0, 106.13750415886472, 17.44039948455731, 25.72333143878106
78, 1581958541047387904, 0, 0.0, 106.08449493030292, 17.762967139195425, 25.770927753439942
79, 1581958541052771328, 0, 0.0, 106.03148570174113, 18.08553479383354, 25.818524068098824
80, 1581958541058154752, 0, 0.0, 105.97847647317934, 18.408102448471652, 25.866120382757707
81, 1581958541063537936, 0, 0.0, 105.92546724461755, 18.730670103109766, 25.91371669741659
82, 1581958541068921088, 0, 0.0, 105.87245801605576, 19.05323775774788, 25.96131301207548
83, 1581958541074304512, 0, 0.0, 105.81944878749397, 19.375805412385994, 26.008909326734365
84, 1581958541079687936, 0, 0.0, 105.76643955893218, 19.698373067024107, 26.05650564139325
85, 1581958541085071360, 0, 0.0, 105.71343033037039, 20.02094072166222, 26.10410195605214
86, 1581958541090454784, 0, 0.0, 105.6604211018086, 20.343508376300335, 26.15169827071103
87, 1581958541095838208, 0, 0.0, 105.6074118732468, 20.66607603093845, 26.199294585369916
88, 1581958541101221632, 0, 0.0, 105.55440264468501, 20.988643685576562, 26.246890900028802
89, 1581958541106604936, 0, 0.0, 105.50139341612321, 21.311211340214676, 26.294487214687692
90, 1581958541111988480, 0, 0.0, 105.44838418756142, 21.63377899485279, 26.342083529346574
91, 1581958541117371904, 0, 0.0, 105.39537495899962, 21.956346649490904, 26.38967984400546
92, 1581958541122755072, 0, 0.0, 105.34236573043783, 22.278914304129017, 26.437276158664346
93, 1581958541128138496, 0, 0.0, 105.28935650187604, 22.60148195876713, 26.48487247332323
94, 1581958541133521920, 0, 0.0, 105.23634727331425, 22.924049613405245, 26.53246878798211
95, 1581958541138905088, 0, 0.0, 105.18333804475246, 23.24661726804336, 26.580065102640997
96, 1581958541144288512, 0, 0.0, 105.13032881619067, 23.569184922681472, 26.627661417299883
97, 1581958541149671936, 0, 0.0, 105.07731958762888, 23.89175257731959, 26.675257731958766
98, 1581958541155055360, 0, 3.6053634304837533e-16, 104.97693666617258, 24.2521170839471, 26.788067015712336
99, 1581958541160438784, 0, 7.210726860967507e-16, 104.87655374471626, 24.61248159057461, 26.900876299465903
100, 1581958541165822464, 0, 1.081609029145126e-15, 104.77617082325995, 24.972846097202122, 27.01368558321947
101, 1581958541171205888, 0, 1.4421453721935013e-15, 104.67578790180363, 25.33321060382963, 27.12649486697304
102, 1581958541176589312, 0, 1.8026817152418766e-15, 104.57540498034732, 25.69357511045714, 27.23930415072661
103, 1581958541181972992, 0, 2.163218058290252e-15, 104.475022058891, 26.05393961708465, 27.352113434480177
104, 1581958541187356416, 0, 2.5237544013386276e-15, 104.37463913743468, 26.414304123712164, 27.464922718233744
105, 1581958541192739936, 0, 2.8842907443870027e-15, 104.27425621597838, 26.774668630339672, 27.577732001987314
106, 1581958541198123008, 0, 3.2448270874353777e-15, 104.17387329452208, 27.13503313696718, 27.690541285740878
107, 1581958541203506432, 0, 3.605363430483753e-15, 104.07349037306577, 27.495397643594693, 27.803350569494437
108, 1581958541208889856, 0, 3.965899773532129e-15, 103.97310745160945, 27.855762150222205, 27.916159853247997
109, 1581958541214273280, 0, 4.326436116580504e-15, 103.87272453015314, 28.216126656849717, 28.02896913700156
110, 1581958541219656704, 0, 4.68697245962888e-15, 103.77234160869682, 28.57649116347723, 28.141778420755124
111, 1581958541225040128, 0, 5.047508802677255e-15, 103.67195868724052, 28.936855670104737, 28.254587704508683
112, 1581958541230423552, 0, 5.408045145725631e-15, 103.57157576578422, 29.297220176732246, 28.367396988262243
113, 1581958541235806936, 0, 5.768581488774005e-15, 103.4711928443279, 29.657584683359758, 28.480206272015806
114, 1581958541241190400, 0, 6.12911783182238e-15, 103.37080992287159, 30.01794918998727, 28.59301555576937
115, 1581958541246573824, 0, 6.4896541748707555e-15, 103.27042700141527, 30.378313696614782, 28.705824839522933
116, 1581958541251957248, 0, 6.850190517919131e-15, 103.17004407995896, 30.738678203242294, 28.818634123276496
117, 1581958541257340416, 0, 7.210726860967506e-15, 103.06966115850265, 31.099042709869803, 28.93144340703006
118, 1581958541262723840, 0, 7.571263204015882e-15, 102.96927823704635, 31.45940721649731, 29.044252690783622
119, 1581958541268107264, 0, 7.931799547064257e-15, 102.86889531559004, 31.819771723124823, 29.157061974537186
120, 1581958541273490688, 0, 8.292335890112633e-15, 102.76851239413372, 32.180136229752335, 29.26987125829075
121, 1581958541278873936, 0, 8.652872233161008e-15, 102.6681294726774, 32.54050073637985, 29.382680542044312
122, 1581958541284257024, 0, 9.013408576209384e-15, 102.56774655122109, 32.90086524300736, 29.49548982579788
123, 1581958541289640448, 0, 9.37394491925776e-15, 102.46736362976478, 33.261229749634865, 29.608299109551446
124, 1581958541295023872, 0, 9.734481262306135e-15, 102.36698070830846, 33.62159425626238, 29.721108393305016
125, 1581958541300407296, 0, 1.009501760535451e-14, 102.26659778685216, 33.98195876288989, 29.833917677058583
126, 1581958541305790720, 0, 1.0455553948402886e-14, 102.16621486539586, 34.342323269517394, 29.94672696081215
127, 1581958541311174144, 0, 1.0816090291451261e-14, 102.06583194393954, 34.702687776144906, 30.05953624456572
128, 1581958541316557568, 0, 1.1176626634499637e-14, 101.96544902248323, 35.06305228277242, 30.172345528319287
129, 1581958541321940936, 0, 1.153716297754801e-14, 101.86506610102691, 35.42341678939992, 30.285154812072854
130, 1581958541327324416, 0, 1.1056447853483512e-14, 101.83460587259066, 35.78378129602716, 30.32804140280693
131, 1581958541332707840, 0, 1.0575732729419011e-14, 101.8041456441544, 36.1441458026544, 30.37092799354101
132, 1581958541338091008, 0, 1.009501760535451e-14, 101.77368541571815, 36.50451030928164, 30.413814584275087
133, 1581958541343474432, 0, 9.61430248129001e-15, 101.74322518728188, 36.86487481590888, 30.45670117500916
134, 1581958541348857856, 0, 9.133587357225509e-15, 101.71276495884561, 37.22523932253611, 30.499587765743236
135, 1581958541354241280, 0, 8.652872233161008e-15, 101.68230473040936, 37.58560382916335, 30.542474356477314
136, 1581958541359624704, 0, 8.172157109096508e-15, 101.6518445019731, 37.94596833579058, 30.58536094721139
137, 1581958541365007936, 0, 7.691441985032007e-15, 101.62138427353685, 38.306332842417824, 30.62824753794547
138, 1581958541370391296, 0, 7.210726860967506e-15, 101.59092404510059, 38.666697349045066, 30.671134128679547
139, 1581958541375774720, 0, 6.730011736903006e-15, 101.56046381666432, 39.0270618556723, 30.71402071941363
140, 1581958541381158400, 0, 6.249296612838505e-15, 101.53000358822806, 39.387426362299536, 30.75690731014771
141, 1581958541386541824, 0, 5.768581488774005e-15, 101.4995433597918, 39.74779086892677, 30.799793900881788
142, 1581958541391925248, 0, 5.2878663647095055e-15, 101.46908313135555, 40.108155375554006, 30.842680491615866
143, 1581958541397308928, 0, 4.807151240645005e-15, 101.43862290291929, 40.46851988218124, 30.885567082349947
144, 1581958541402692352, 0, 4.326436116580504e-15, 101.40816267448304, 40.828884388808476, 30.92845367308403
145, 1581958541408075936, 0, 3.8457209925160035e-15, 101.37770244604677, 41.18924889543571, 30.971340263818107
146, 1581958541413459456, 0, 3.365005868451503e-15, 101.3472422176105, 41.549613402062946, 31.014226854552184
147, 1581958541418842880, 0, 2.8842907443870027e-15, 101.31678198917425, 41.90997790869019, 31.057113445286262
148, 1581958541424226304, 0, 2.4035756203225024e-15, 101.28632176073799, 42.27034241531743, 31.10000003602034
149, 1581958541429609472, 0, 1.9228604962580018e-15, 101.25586153230174, 42.630706921944665, 31.142886626754414
150, 1581958541434992896, 0, 1.4421453721935013e-15, 101.22540130386548, 42.9910714285719, 31.18577321748849
151, 1581958541440376320, 0, 9.614302481290009e-16, 101.19494107542923, 43.351435935199135, 31.228659808222567
152, 1581958541445759744, 0, 4.807151240645004e-16, 101.16448084699297, 43.71180044182637, 31.271546398956644
153, 1581958541451142936, 0, 0.0, 101.1340206185567, 44.07216494845361, 31.314432989690722
154, 1581958541456526080, 0, 0.0, 101.11801188497154, 44.464907644051564, 31.38696041537153
155, 1581958541461909504, 0, 0.0, 101.10200315138636, 44.85765033964951, 31.459487841052336
156, 1581958541467292928, 0, 0.0, 101.08599441780119, 45.250393035247455, 31.532015266733147
157, 1581958541472676352, 0, 0.0, 101.06998568421602, 45.6431357308454, 31.604542692413954
158, 1581958541478059776, 0, 0.0, 101.05397695063085, 46.03587842644335, 31.67707011809476
159, 1581958541483443200, 0, 0.0, 101.03796821704569, 46.42862112204129, 31.74959754377557
160, 1581958541488826624, 0, 0.0, 101.0219594834605, 46.82136381763924, 31.82212496945638
161, 1581958541494209936, 0, 0.0, 101.00595074987534, 47.21410651323719, 31.894652395137186
162, 1581958541499593472, 0, 0.0, 100.98994201629017, 47.60684920883514, 31.967179820817993
163, 1581958541504976896, 0, 0.0, 100.97393328270499, 47.99959190443309, 32.0397072464988
164, 1581958541510360064, 0, 0.0, 100.95792454911982, 48.392334600031035, 32.11223467217961
165, 1581958541515743488, 0, 0.0, 100.94191581553466, 48.78507729562898, 32.184762097860414
166, 1581958541521126912, 0, 0.0, 100.92590708194949, 49.177819991226926, 32.25728952354122
167, 1581958541526510336, 0, 0.0, 100.90989834836432, 49.57056268682487, 32.32981694922203
168, 1581958541531893760, 0, 0.0, 100.89388961477914, 49.96330538242282, 32.40234437490284
169, 1581958541537276936, 0, 0.0, 100.87788088119397, 50.35604807802076, 32.47487180058364
170, 1581958541542660096, 0, 0.0, 100.8618721476088, 50.74879077361871, 32.547399226264446
171, 1581958541548043520, 0, 0.0, 100.84586341402363, 51.141533469216654, 32.619926651945256
172, 1581958541553426944, 0, 0.0, 100.82985468043846, 51.5342761648146, 32.69245407762607
173, 1581958541558810368, 0, 0.0, 100.81384594685329, 51.92701886041255, 32.76498150330687
174, 1581958541564193792, 0, 0.0, 100.79783721326812, 52.319761556010505, 32.837508928987674
175, 1581958541569577216, 0, 0.0, 100.78182847968296, 52.71250425160845, 32.910036354668485
176, 1581958541574960640, 0, 0.0, 100.76581974609778, 53.105246947206396, 32.982563780349295
177, 1581958541580343936, 0, 0.0, 100.74981101251261, 53.49798964280434, 33.0550912060301
178, 1581958541585727232, 0, 0.0, 100.73380227892744, 53.89073233840229, 33.12761863171091
179, 1581958541591110656, 0, 0.0, 100.71779354534226, 54.28347503400023, 33.20014605739172
180, 1581958541596494336, 0, 0.0, 100.7017848117571, 54.67621772959818, 33.27267348307253
181, 1581958541601877760, 0, 0.0, 100.68577607817193, 55.068960425196124, 33.34520090875334
182, 1581958541607261184, 0, 0.0, 100.66976734458676, 55.46170312079407, 33.41772833443415
183, 1581958541612644864, 0, 0.0, 100.65375861100159, 55.854445816392015, 33.49025576011496
184, 1581958541618028288, 0, 0.0, 100.63774987741641, 56.24718851198996, 33.56278318579577
185, 1581958541623411936, 0, 0.0, 100.62174114383124, 56.639931207587914, 33.635310611476584
186, 1581958541628795392, 0, 0.0, 100.60573241024608, 57.03267390318587, 33.70783803715739
187, 1581958541634178816, 0, 0.0, 100.5897236766609, 57.42541659878381, 33.7803654628382
188, 1581958541639562240, 0, 0.0, 100.57371494307573, 57.81815929438176, 33.85289288851901
189, 1581958541644945408, 0, 0.0, 100.55770620949056, 58.2109019899797, 33.92542031419981
190, 1581958541650328832, 0, 0.0, 100.5416974759054, 58.60364468557765, 33.997947739880615
191, 1581958541655712256, 0, 0.0, 100.52568874232023, 58.996387381175595, 34.070475165561426
192, 1581958541661095680, 0, 0.0, 100.50968000873505, 59.38913007677354, 34.14300259124224
193, 1581958541666478936, 0, 0.0, 100.49367127514988, 59.78187277237149, 34.21553001692304
194, 1581958541671862016, 0, 0.0, 100.47766254156471, 60.174615467969446, 34.288057442603844
195, 1581958541677245440, 0, 0.0, 100.46165380797953, 60.56735816356739, 34.360584868284654
196, 1581958541682628864, 0, 0.0, 100.44564507439436, 60.96010085916534, 34.433112293965465
197, 1581958541688012288, 0, 0.0, 100.4296363408092, 61.35284355476328, 34.50563971964627
198, 1581958541693395712, 0, 0.0, 100.41362760722403, 61.74558625036123, 34.57816714532707
199, 1581958541698779136, 0, 0.0, 100.39761887363886, 62.138328945959174, 34.65069457100788
200, 1581958541704162560, 0, 0.0, 100.38161014005368, 62.53107164155712, 34.72322199668869
201, 1581958541709545936, 0, 0.0, 100.36560140646851, 62.923814337155065, 34.7957494223695
202, 1581958541714929408, 0, 0.0, 100.34959267288335, 63.31655703275301, 34.8682768480503
203, 1581958541720312832, 0, 0.0, 100.33358393929817, 63.70929972835096, 34.94080427373111
204, 1581958541725696000, 0, 0.0, 100.317575205713, 64.10204242394892, 35.01333169941192
205, 1581958541731079424, 0, 0.0, 100.30156647212783, 64.49478511954686, 35.085859125092725
206, 1581958541736462848, 0, 0.0, 100.28555773854266, 64.88752781514481, 35.15838655077353
207, 1581958541741846272, 0, 0.0, 100.2695490049575, 65.28027051074275, 35.23091397645434
208, 1581958541747229696, 0, 0.0, 100.25354027137232, 65.6730132063407, 35.30344140213515
209, 1581958541752612936, 0, 0.0, 100.23753153778715, 66.06575590193864, 35.37596882781595
210, 1581958541757996032, 0, 0.0, 100.24649988937628, 66.38356734202131, 35.22370248693693
211, 1581958541763379456, 0, 0.0, 100.2554682409654, 66.70137878210399, 35.07143614605791
212, 1581958541768762880, 0, 0.0, 100.26443659255452, 67.01919022218667, 34.919169805178896
213, 1581958541774146304, 0, 0.0, 100.27340494414365, 67.33700166226933, 34.76690346429987
214, 1581958541779529728, 0, 0.0, 100.28237329573278, 67.65481310235201, 34.614637123420856
215, 1581958541784913152, 0, 0.0, 100.2913416473219, 67.97262454243469, 34.46237078254184
216, 1581958541790296576, 0, 0.0, 100.30030999891102, 68.29043598251735, 34.310104441662816
217, 1581958541795679936, 0, 0.0, 100.30927835050015, 68.60824742260003, 34.1578381007838
218, 1581958541801063680, 0, 0.2995023480070438, 100.29639175256389, 68.78087510383139, 34.12135576086622
219, 1581958541806447104, 0, 0.5990046960140876, 100.28350515462765, 68.95350278506277, 34.084873420948654
220, 1581958541811830528, 0, 0.8985070440211314, 100.2706185566914, 69.12613046629413, 34.048391081031085
221, 1581958541817213952, 0, 1.1980093920281751, 100.25773195875516, 69.29875814752549, 34.011908741113515
222, 1581958541822597632, 0, 1.497511740035219, 100.24484536081891, 69.47138582875685, 33.975426401195946
223, 1581958541827981056, 0, 1.7970140880422627, 100.23195876288266, 69.64401350998821, 33.93894406127838
224, 1581958541833364480, 0, 2.0965164360493063, 100.2190721649464, 69.81664119121959, 33.90246172136081
225, 1581958541838747936, 0, 2.3960187840563503, 100.20618556701015, 69.98926887245095, 33.86597938144324
226, 1581958541844131072, 0, 2.821272535947795, 100.19083535476001, 70.00320994472801, 33.87791843541486
227, 1581958541849514496, 0, 3.2465262878392402, 100.17548514250987, 70.01715101700509, 33.889857489386486
228, 1581958541854897920, 0, 3.6717800397306855, 100.16013493025973, 70.03109208928217, 33.9017965433581
229, 1581958541860281344, 0, 4.09703379162213, 100.14478471800959, 70.04503316155923, 33.913735597329726
230, 1581958541865664768, 0, 4.522287543513576, 100.12943450575945, 70.0589742338363, 33.92567465130135
231, 1581958541871048192, 0, 4.947541295405021, 100.11408429350931, 70.07291530611337, 33.937613705272966
232, 1581958541876431616, 0, 5.372795047296465, 100.09873408125917, 70.08685637839045, 33.94955275924459
233, 1581958541881814936, 0, 5.79804879918791, 100.08338386900903, 70.10079745066751, 33.96149181321621
234, 1581958541887198464, 0, 6.223302551079355, 100.06803365675889, 70.11473852294458, 33.97343086718784
235, 1581958541892581888, 0, 6.6485563029708, 100.05268344450874, 70.12867959522166, 33.98536992115946
236, 1581958541897965056, 0, 7.0738100548622445, 100.0373332322586, 70.14262066749873, 33.997308975131084
237, 1581958541903348480, 0, 7.49906380675369, 100.02198302000846, 70.1565617397758, 34.00924802910271
238, 1581958541908731904, 0, 7.924317558645136, 100.00663280775832, 70.17050281205286, 34.02118708307433
239, 1581958541914115328, 0, 8.34957131053658, 99.99128259550818, 70.18444388432994, 34.033126137045954
240, 1581958541919498752, 0, 8.774825062428025, 99.97593238325804, 70.19838495660701, 34.04506519101758
241, 1581958541924881936, 0, 9.20007881431947, 99.9605821710079, 70.21232602888408, 34.0570042449892
242, 1581958541930265088, 0, 9.625332566210915, 99.94523195875776, 70.22626710116114, 34.06894329896082
243, 1581958541935648512, 0, 10.050586318102361, 99.92988174650762, 70.24020817343822, 34.08088235293244
244, 1581958541941031936, 0, 10.475840069993806, 99.91453153425748, 70.2541492457153, 34.092821406904065
245, 1581958541946415360, 0, 10.901093821885251, 99.89918132200734, 70.26809031799236, 34.10476046087568
246, 1581958541951798784, 0, 11.326347573776696, 99.8838311097572, 70.28203139026942, 34.1166995148473
247, 1581958541957182208, 0, 11.75160132566814, 99.86848089750706, 70.2959724625465, 34.12863856881892
248, 1581958541962565632, 0, 12.176855077559585, 99.85313068525691, 70.30991353482358, 34.140577622790545
249, 1581958541967948936, 0, 12.60210882945103, 99.83778047300677, 70.32385460710064, 34.15251667676216
250, 1581958541973332480, 0, 13.027362581342475, 99.82243026075663, 70.3377956793777, 34.16445573073378
251, 1581958541978715904, 0, 13.45261633323392, 99.80708004850649, 70.35173675165478, 34.1763947847054
252, 1581958541984099328, 0, 13.877870085125366, 99.79172983625635, 70.36567782393185, 34.188333838677025
253, 1581958541989482496, 0, 14.30312383701681, 99.77637962400621, 70.37961889620891, 34.20027289264864
254, 1581958541994865920, 0, 14.728377588908256, 99.76102941175607, 70.39355996848599, 34.21221194662026
255, 1581958542000249344, 0, 15.153631340799702, 99.74567919950593, 70.40750104076305, 34.22415100059188
256, 1581958542005632512, 0, 15.578885092691147, 99.73032898725579, 70.42144211304011, 34.236090054563505
257, 1581958542011015936, 0, 16.00413884458259, 99.71497877500565, 70.43538318531719, 34.24802910853512
258, 1581958542016399360, 0, 16.429392596474038, 99.6996285627555, 70.44932425759427, 34.259968162506745
259, 1581958542021783040, 0, 16.85464634836548, 99.68427835050537, 70.46326532987133, 34.27190721647837
260, 1581958542027166464, 0, 17.279900100256924, 99.66892813825523, 70.4772064021484, 34.28384627045
261, 1581958542032549888, 0, 17.70515385214837, 99.65357792600508, 70.49114747442547, 34.29578532442162
262, 1581958542037933568, 0, 18.130407604039817, 99.63822771375494, 70.50508854670255, 34.307724378393246
263, 1581958542043316992, 0, 18.55566135593126, 99.6228775015048, 70.51902961897962, 34.31966343236488
264, 1581958542048700416, 0, 18.980915107822703, 99.60752728925465, 70.53297069125668, 34.3316024863365
265, 1581958542054083936, 0, 19.40616885971415, 99.59217707700451, 70.54691176353376, 34.343541540308124
266, 1581958542059467008, 0, 19.831422611605596, 99.57682686475437, 70.56085283581083, 34.35548059427974
267, 1581958542064850432, 0, 20.25667636349704, 99.56147665250423, 70.5747939080879, 34.367419648251364
268, 1581958542070233856, 0, 20.681930115388482, 99.54612644025408, 70.58873498036496, 34.37935870222299
269, 1581958542075617280, 0, 21.10718386727993, 99.53077622800394, 70.60267605264204, 34.391297756194604
270, 1581958542081000704, 0, 21.532437619171375, 99.5154260157538, 70.61661712491912, 34.40323681016622
271, 1581958542086384128, 0, 21.95769137106282, 99.50007580350366, 70.63055819719618, 34.415175864137844
272, 1581958542091767552, 0, 22.38294512295426, 99.48472559125352, 70.64449926947324, 34.42711491810947
273, 1581958542097150936, 0, 22.808198874845708, 99.46937537900338, 70.65844034175032, 34.43905397208108
274, 1581958542102534400, 0, 23.233452626737154, 99.45402516675324, 70.6723814140274, 34.4509930260527
275, 1581958542107917824, 0, 23.6587063786286, 99.4386749545031, 70.68632248630446, 34.46293208002432
276, 1581958542113300992, 0, 24.083960130520047, 99.42332474225296, 70.70026355858153, 34.47487113399595
277, 1581958542118684416, 0, 24.50921388241149, 99.40797453000282, 70.7142046308586, 34.48681018796756
278, 1581958542124067840, 0, 24.934467634302933, 99.39262431775268, 70.72814570313567, 34.49874924193918
279, 1581958542129451264, 0, 25.35972138619438, 99.37727410550254, 70.74208677541273, 34.5106882959108
280, 1581958542134834688, 0, 25.784975138085827, 99.3619238932524, 70.75602784768981, 34.52262734988243
281, 1581958542140217936, 0, 26.210228889977273, 99.34657368100225, 70.76996891996687, 34.53456640385404
282, 1581958542145601024, 0, 26.63548264186872, 99.33122346875211, 70.78390999224393, 34.54650545782567
283, 1581958542150984448, 0, 27.060736393760163, 99.31587325650197, 70.79785106452101, 34.55844451179729
284, 1581958542156367872, 0, 27.485990145651606, 99.30052304425183, 70.81179213679809, 34.570383565768914
285, 1581958542161751296, 0, 27.911243897543052, 99.28517283200169, 70.82573320907515, 34.58232261974054
286, 1581958542167134720, 0, 28.3364976494345, 99.26982261975155, 70.83967428135222, 34.59426167371216
287, 1581958542172518144, 0, 28.76175140132594, 99.25447240750141, 70.8536153536293, 34.606200727683785
288, 1581958542177901568, 0, 29.187005153217385, 99.23912219525127, 70.86755642590637, 34.61813978165541
289, 1581958542183284936, 0, 29.61225890510883, 99.22377198300113, 70.88149749818344, 34.63007883562703
290, 1581958542188668416, 0, 30.037512657000278, 99.20842177075099, 70.8954385704605, 34.64201788959865
291, 1581958542194051840, 0, 30.46276640889172, 99.19307155850085, 70.90937964273758, 34.65395694357027
292, 1581958542199435264, 0, 30.888020160783164, 99.1777213462507, 70.92332071501465, 34.665895997541895
293, 1581958542204818432, 0, 31.31327391267461, 99.16237113400057, 70.93726178729172, 34.67783505151351
294, 1581958542210201856, 0, 31.738527664566053, 99.14702092175042, 70.95120285956878, 34.689774105485135
295, 1581958542215585280, 0, 32.163781416457496, 99.13167070950028, 70.96514393184586, 34.70171315945676
296, 1581958542220968704, 0, 32.58903516834894, 99.11632049725014, 70.97908500412294, 34.713652213428375
297, 1581958542226351936, 0, 33.01428892024039, 99.100970285, 70.9930260764, 34.7255912674
298, 1581958542231735296, 0, 33.47339233111936, 99.08562007275049, 71.02543208003871, 34.737530321372645
299, 1581958542237118720, 0, 33.93249574199834, 99.07026986050096, 71.05783808367744, 34.7494693753453
300, 1581958542242502144, 0, 34.39159915287732, 99.05491964825144, 71.09024408731617, 34.761408429317946
301, 1581958542247885824, 0, 34.85070256375629, 99.03956943600193, 71.12265009095489, 34.77334748329059
302, 1581958542253269504, 0, 35.30980597463527, 99.02421922375241, 71.15505609459362, 34.78528653726324
303, 1581958542258652928, 0, 35.76890938551425, 99.0088690115029, 71.18746209823234, 34.797225591235886
304, 1581958542264036352, 0, 36.22801279639322, 98.99351879925338, 71.21986810187107, 34.80916464520853
305, 1581958542269419936, 0, 36.6871162072722, 98.97816858700386, 71.2522741055098, 34.82110369918118
306, 1581958542274803456, 0, 37.14621961815117, 98.96281837475435, 71.28468010914852, 34.833042753153826
307, 1581958542280186880, 0, 37.605323029030146, 98.94746816250483, 71.31708611278725, 34.84498180712647
308, 1581958542285570048, 0, 38.06442643990913, 98.93211795025532, 71.34949211642598, 34.85692086109912
309, 1581958542290953472, 0, 38.5235298507881, 98.9167677380058, 71.3818981200647, 34.868859915071766
310, 1581958542296336896, 0, 38.982633261667075, 98.90141752575629, 71.41430412370343, 34.88079896904441
311, 1581958542301720320, 0, 39.44173667254606, 98.88606731350677, 71.44671012734216, 34.89273802301706
312, 1581958542307103744, 0, 39.90084008342503, 98.87071710125726, 71.47911613098088, 34.90467707698971
313, 1581958542312486936, 0, 40.359943494304005, 98.85536688900774, 71.5115221346196, 34.91661613096235
314, 1581958542317870080, 0, 40.81904690518298, 98.84001667675822, 71.54392813825831, 34.928555184935
315, 1581958542323253504, 0, 41.278150316061954, 98.82466646450871, 71.57633414189704, 34.94049423890765
316, 1581958542328636928, 0, 41.737253726940935, 98.8093162522592, 71.60874014553576, 34.9524332928803
317, 1581958542334020352, 0, 42.19635713781991, 98.79396604000968, 71.64114614917449, 34.96437234685295
318, 1581958542339403776, 0, 42.65546054869888, 98.77861582776016, 71.67355215281322, 34.976311400825594
319, 1581958542344787200, 0, 43.114563959577865, 98.76326561551065, 71.70595815645194, 34.98825045479825
320, 1581958542350170624, 0, 43.57366737045684, 98.74791540326112, 71.73836416009067, 35.000189508770895
321, 1581958542355553936, 0, 44.03277078133581, 98.7325651910116, 71.77077016372938, 35.01212856274354
322, 1581958542360937472, 0, 44.49187419221479, 98.71721497876209, 71.8031761673681, 35.02406761671619
323, 1581958542366320896, 0, 44.95097760309376, 98.70186476651256, 71.83558217100682, 35.036006670688835
324, 1581958542371704320, 0, 45.41008101397274, 98.68651455426304, 71.86798817464555, 35.04794572466149
325, 1581958542377087488, 0, 45.86918442485172, 98.67116434201353, 71.90039417828427, 35.059884778634135
326, 1581958542382470912, 0, 46.32828783573069, 98.65581412976401, 71.932800181923, 35.07182383260678
327, 1581958542387854336, 0, 46.78739124660967, 98.6404639175145, 71.96520618556173, 35.083762886579436
328, 1581958542393237760, 0, 47.24649465748865, 98.62511370526498, 71.99761218920045, 35.09570194055208
329, 1581958542398620936, 0, 47.70559806836762, 98.60976349301546, 72.03001819283918, 35.10764099452473
330, 1581958542404004096, 0, 48.164701479246595, 98.59441328076595, 72.0624241964779, 35.11958004849738
331, 1581958542409387520, 0, 48.62380489012557, 98.57906306851643, 72.09483020011663, 35.13151910247003
332, 1581958542414770944, 0, 49.08290830100455, 98.56371285626692, 72.12723620375536, 35.14345815644268
333, 1581958542420154368, 0, 49.542011711883525, 98.5483626440174, 72.15964220739409, 35.15539721041533
334, 1581958542425537792, 0, 50.0011151227625, 98.53301243176789, 72.19204821103281, 35.167336264387984
335, 1581958542430921216, 0, 50.46021853364148, 98.51766221951837, 72.22445421467154, 35.17927531836063
336, 1581958542436304640, 0, 50.919321944520455, 98.50231200726886, 72.25686021831027, 35.19121437233328
337, 1581958542441687936, 0, 51.37842535539943, 98.48696179501934, 72.28926622194898, 35.20315342630593
338, 1581958542447071744, 0, 51.8375287662784, 98.47161158276982, 72.32167222558769, 35.21509248027858
339, 1581958542452455168, 0, 52.29663217715738, 98.45626137052031, 72.35407822922642, 35.227031534251225
340, 1581958542457838592, 0, 52.75573558803635, 98.4409111582708, 72.38648423286514, 35.23897058822388
341, 1581958542463222016, 0, 53.214838998915326, 98.42556094602128, 72.41889023650387, 35.250909642196525
342, 1581958542468605440, 0, 53.6739424097943, 98.41021073377176, 72.4512962401426, 35.26284869616917
343, 1581958542473988864, 0, 54.133045820673274, 98.39486052152225, 72.48370224378132, 35.274787750141826
344, 1581958542479372288, 0, 54.592149231552256, 98.37951030927272, 72.51610824742005, 35.28672680411447
345, 1581958542484755936, 0, 55.05125264243123, 98.3641600970232, 72.54851425105878, 35.29866585808712
346, 1581958542490139392, 0, 55.510356053310204, 98.34880988477369, 72.5809202546975, 35.310604912059766
347, 1581958542495522816, 0, 55.969459464189185, 98.33345967252417, 72.61332625833623, 35.32254396603241
348, 1581958542500905984, 0, 56.42856287506816, 98.31810946027466, 72.64573226197496, 35.33448302000506
349, 1581958542506289408, 0, 56.887666285947134, 98.30275924802514, 72.67813826561367, 35.346422073977706
350, 1581958542511672832, 0, 57.34676969682611, 98.28740903577562, 72.71054426925238, 35.35836112795035
351, 1581958542517056256, 0, 57.80587310770508, 98.27205882352611, 72.74295027289111, 35.370300181923
352, 1581958542522439680, 0, 58.264976518584064, 98.2567086112766, 72.77535627652983, 35.382239235895646
353, 1581958542527822936, 0, 58.72407992946304, 98.24135839902708, 72.80776228016856, 35.39417828986829
354, 1581958542533206016, 0, 59.18318334034201, 98.22600818677756, 72.84016828380729, 35.40611734384095
355, 1581958542538589440, 0, 59.64228675122099, 98.21065797452803, 72.87257428744601, 35.418056397813594
356, 1581958542543972864, 0, 60.10139016209997, 98.19530776227852, 72.90498029108474, 35.42999545178624
357, 1581958542549356288, 0, 60.56049357297894, 98.179957550029, 72.93738629472347, 35.441934505758894
358, 1581958542554739712, 0, 61.019596983857916, 98.16460733777949, 72.9697922983622, 35.45387355973154
359, 1581958542560123136, 0, 61.47870039473689, 98.14925712552997, 73.00219830200092, 35.46581261370419
360, 1581958542565506560, 0, 61.93780380561587, 98.13390691328046, 73.03460430563965, 35.47775166767684
361, 1581958542570889936, 0, 62.396907216494846, 98.11855670103094, 73.06701030927836, 35.48969072164949
362, 1581958542576273408, 0, 62.91664170629882, 98.09736816019007, 73.04723182221235, 35.4896907216491
363, 1581958542581656832, 0, 63.436376196102785, 98.0761796193492, 73.02745333514635, 35.489690721648714
364, 1581958542587040256, 0, 63.95611068590676, 98.05499107850834, 73.00767484808034, 35.48969072164833
365, 1581958542592423424, 0, 64.47584517571073, 98.03380253766747, 72.98789636101434, 35.489690721647946
366, 1581958542597806848, 0, 64.9955796655147, 98.0126139968266, 72.96811787394833, 35.48969072164756
367, 1581958542603190272, 0, 65.51531415531866, 97.99142545598573, 72.94833938688232, 35.48969072164717
368, 1581958542608573696, 0, 66.03504864512263, 97.97023691514488, 72.92856089981632, 35.48969072164678
369, 1581958542613956936, 0, 66.55478313492661, 97.94904837430401, 72.90878241275031, 35.4896907216464
370, 1581958542619340032, 0, 67.07451762473059, 97.92785983346315, 72.8890039256843, 35.48969072164601
371, 1581958542624723456, 0, 67.59425211453456, 97.90667129262229, 72.86922543861829, 35.489690721645616
372, 1581958542630106880, 0, 68.11398660433852, 97.88548275178142, 72.84944695155228, 35.48969072164523
373, 1581958542635490304, 0, 68.63372109414249, 97.86429421094056, 72.82966846448628, 35.48969072164484
374, 1581958542640873728, 0, 69.15345558394645, 97.84310567009969, 72.80988997742026, 35.48969072164445
375, 1581958542646257152, 0, 69.67319007375043, 97.82191712925882, 72.79011149035425, 35.48969072164407
376, 1581958542651640576, 0, 70.19292456355441, 97.80072858841795, 72.77033300328824, 35.489690721643676
377, 1581958542657023936, 0, 70.71265905335838, 97.77954004757709, 72.75055451622222, 35.489690721643285
378, 1581958542662407680, 0, 71.23239354316235, 97.75835150673622, 72.73077602915622, 35.4896907216429
379, 1581958542667791104, 0, 71.75212803296631, 97.73716296589535, 72.71099754209021, 35.48969072164252
380, 1581958542673174528, 0, 72.27186252277028, 97.71597442505448, 72.69121905502419, 35.489690721642134
381, 1581958542678557952, 0, 72.79159701257426, 97.69478588421362, 72.67144056795819, 35.48969072164175
382, 1581958542683941376, 0, 73.31133150237824, 97.67359734337275, 72.65166208089218, 35.48969072164137
383, 1581958542689325056, 0, 73.8310659921822, 97.65240880253188, 72.63188359382616, 35.48969072164098
384, 1581958542694708480, 0, 74.35080048198617, 97.63122026169101, 72.61210510676015, 35.4896907216406
385, 1581958542700091936, 0, 74.87053497179014, 97.61003172085015, 72.59232661969415, 35.489690721640216
386, 1581958542705475072, 0, 75.3902694615941, 97.58884318000928, 72.57254813262814, 35.489690721639825
387, 1581958542710858496, 0, 75.91000395139807, 97.56765463916841, 72.55276964556214, 35.489690721639434
388, 1581958542716241920, 0, 76.42973844120203, 97.54646609832754, 72.53299115849613, 35.48969072163905
389, 1581958542721625344, 0, 76.94947293100601, 97.52527755748667, 72.51321267143013, 35.48969072163866
390, 1581958542727008768, 0, 77.46920742081, 97.5040890166458, 72.49343418436412, 35.48969072163827
391, 1581958542732392192, 0, 77.98894191061396, 97.48290047580494, 72.47365569729811, 35.489690721637885
392, 1581958542737775616, 0, 78.50867640041793, 97.46171193496409, 72.45387721023211, 35.489690721637494
393, 1581958542743158936, 0, 79.02841089022189, 97.44052339412322, 72.4340987231661, 35.4896907216371
394, 1581958542748542464, 0, 79.54814538002586, 97.41933485328235, 72.4143202361001, 35.48969072163672
395, 1581958542753925888, 0, 80.06787986982984, 97.3981463124415, 72.39454174903409, 35.489690721636336
396, 1581958542759309312, 0, 80.58761435963382, 97.37695777160063, 72.37476326196808, 35.48969072163595
397, 1581958542764692480, 0, 81.10734884943778, 97.35576923075976, 72.35498477490208, 35.48969072163556
398, 1581958542770075904, 0, 81.62708333924175, 97.3345806899189, 72.33520628783607, 35.48969072163517
399, 1581958542775459328, 0, 82.14681782904572, 97.31339214907803, 72.31542780077007, 35.48969072163479
400, 1581958542780842752, 0, 82.66655231884968, 97.29220360823716, 72.29564931370405, 35.4896907216344
401, 1581958542786225936, 0, 83.18628680865366, 97.27101506739629, 72.27587082663804, 35.48969072163402
402, 1581958542791609088, 0, 83.70602129845764, 97.24982652655542, 72.25609233957204, 35.489690721633636
403, 1581958542796992512, 0, 84.22575578826161, 97.22863798571456, 72.23631385250602, 35.489690721633245
404, 1581958542802375936, 0, 84.74549027806557, 97.20744944487369, 72.21653536544001, 35.489690721632854
405, 1581958542807759360, 0, 85.26522476786954, 97.18626090403282, 72.196756878374, 35.48969072163247
406, 1581958542813142784, 0, 85.7849592576735, 97.16507236319195, 72.17697839130798, 35.48969072163209
407, 1581958542818526208, 0, 86.30469374747749, 97.14388382235109, 72.15719990424198, 35.489690721631696
408, 1581958542823909632, 0, 86.82442823728147, 97.12269528151022, 72.13742141717597, 35.489690721631305
409, 1581958542829292936, 0, 87.34416272708543, 97.10150674066935, 72.11764293010995, 35.48969072163092
410, 1581958542834676480, 0, 87.8638972168894, 97.08031819982848, 72.09786444304395, 35.48969072163054
411, 1581958542840059904, 0, 88.38363170669336, 97.05912965898762, 72.07808595597794, 35.489690721630154
412, 1581958542845443072, 0, 88.90336619649733, 97.03794111814675, 72.05830746891192, 35.48969072162977
413, 1581958542850826496, 0, 89.42310068630131, 97.01675257730588, 72.03852898184591, 35.48969072162938
414, 1581958542856209920, 0, 89.94283517610529, 96.99556403646501, 72.01875049477991, 35.48969072162899
415, 1581958542861593088, 0, 90.46256966590926, 96.97437549562414, 71.99897200771389, 35.489690721628605
416, 1581958542866976512, 0, 90.98230415571322, 96.95318695478329, 71.97919352064788, 35.48969072162822
417, 1581958542872359936, 0, 91.50203864551719, 96.93199841394242, 71.95941503358188, 35.48969072162784
418, 1581958542877743360, 0, 92.02177313532115, 96.91080987310156, 71.93963654651587, 35.489690721627454
419, 1581958542883126784, 0, 92.54150762512512, 96.8896213322607, 71.91985805944987, 35.48969072162707
420, 1581958542888510464, 0, 93.06124211492909, 96.86843279141983, 71.90007957238386, 35.48969072162669
421, 1581958542893893888, 0, 93.58097660473307, 96.84724425057897, 71.88030108531785, 35.489690721626296
422, 1581958542899277312, 0, 94.10071109453705, 96.8260557097381, 71.86052259825185, 35.489690721625905
423, 1581958542904660992, 0, 94.62044558434101, 96.80486716889723, 71.84074411118584, 35.48969072162552
424, 1581958542910044416, 0, 95.14018007414498, 96.78367862805636, 71.82096562411984, 35.48969072162514
425, 1581958542915427936, 0, 95.65991456394894, 96.7624900872155, 71.80118713705383, 35.489690721624754
426, 1581958542920811008, 0, 96.17964905375291, 96.74130154637463, 71.78140864998782, 35.48969072162436
427, 1581958542926194432, 0, 96.69938354355689, 96.72011300553376, 71.76163016292182, 35.48969072162397
428, 1581958542931577856, 0, 97.21911803336087, 96.6989244646929, 71.74185167585581, 35.48969072162359
429, 1581958542936961280, 0, 97.73885252316484, 96.67773592385203, 71.7220731887898, 35.4896907216232
430, 1581958542942344704, 0, 98.2585870129688, 96.65654738301116, 71.7022947017238, 35.48969072162281
431, 1581958542947728128, 0, 98.77832150277277, 96.63535884217029, 71.6825162146578, 35.48969072162242
432, 1581958542953111552, 0, 99.29805599257674, 96.61417030132944, 71.66273772759178, 35.48969072162203
433, 1581958542958494936, 0, 99.81779048238072, 96.59298176048857, 71.64295924052577, 35.48969072162164
434, 1581958542963878400, 0, 100.3375249721847, 96.5717932196477, 71.62318075345976, 35.48969072162126
435, 1581958542969261824, 0, 100.85725946198866, 96.55060467880685, 71.60340226639374, 35.489690721620875
436, 1581958542974645248, 0, 101.37699395179263, 96.52941613796598, 71.58362377932774, 35.48969072162049
437, 1581958542980028416, 0, 101.8967284415966, 96.50822759712511, 71.56384529226173, 35.4896907216201
438, 1581958542985411840, 0, 102.41646293140056, 96.48703905628425, 71.54406680519571, 35.48969072161971
439, 1581958542990795264, 0, 102.93619742120454, 96.46585051544338, 71.5242883181297, 35.489690721619326
440, 1581958542996178688, 0, 103.45593191100852, 96.44466197460251, 71.5045098310637, 35.48969072161894
441, 1581958543001561936, 0, 103.97566640081249, 96.42347343376164, 71.48473134399768, 35.48969072161856
442, 1581958543006945024, 0, 104.49540089061645, 96.40228489292078, 71.46495285693167, 35.489690721618175
443, 1581958543012328448, 0, 105.01513538042042, 96.38109635207991, 71.44517436986567, 35.489690721617784
444, 1581958543017711872, 0, 105.53486987022438, 96.35990781123904, 71.42539588279965, 35.48969072161739
445, 1581958543023095296, 0, 106.05460436002836, 96.33871927039817, 71.40561739573364, 35.48969072161701
446, 1581958543028478720, 0, 106.57433884983234, 96.3175307295573, 71.38583890866764, 35.489690721616626
447, 1581958543033862144, 0, 107.09407333963631, 96.29634218871644, 71.36606042160162, 35.489690721616235
448, 1581958543039245568, 0, 107.61380782944028, 96.27515364787557, 71.34628193453561, 35.489690721615844
449, 1581958543044628936, 0, 108.13354231924424, 96.2539651070347, 71.3265034474696, 35.48969072161546
450, 1581958543050012416, 0, 108.65327680904821, 96.23277656619383, 71.3067249604036, 35.48969072161508
451, 1581958543055395840, 0, 109.17301129885217, 96.21158802535297, 71.2869464733376, 35.48969072161469
452, 1581958543060779008, 0, 109.69274578865614, 96.1903994845121, 71.26716798627159, 35.48969072161431
453, 1581958543066162432, 0, 110.21248027846012, 96.16921094367123, 71.24738949920558, 35.48969072161392
454, 1581958543071545856, 0, 110.7322147682641, 96.14802240283036, 71.22761101213958, 35.48969072161353
455, 1581958543076929280, 0, 111.25194925806807, 96.1268338619895, 71.20783252507357, 35.489690721613144
456, 1581958543082312704, 0, 111.77168374787203, 96.10564532114864, 71.18805403800756, 35.48969072161276
457, 1581958543087695936, 0, 112.291418237676, 96.08445678030778, 71.16827555094156, 35.48969072161238
458, 1581958543093079296, 0, 112.81115272747996, 96.06326823946691, 71.14849706387555, 35.489690721611986
459, 1581958543098462720, 0, 113.33088721728394, 96.04207969862605, 71.12871857680955, 35.489690721611595
460, 1581958543103846400, 0, 113.85062170708792, 96.02089115778519, 71.10894008974354, 35.48969072161121
461, 1581958543109229824, 0, 114.37035619689189, 95.99970261694432, 71.08916160267754, 35.48969072161082
462, 1581958543114613248, 0, 114.89009068669586, 95.97851407610345, 71.06938311561153, 35.48969072161043
463, 1581958543119996928, 0, 115.40982517649982, 95.95732553526258, 71.04960462854552, 35.489690721610046
464, 1581958543125380352, 0, 115.92955966630379, 95.93613699442172, 71.0298261414795, 35.489690721609655
465, 1581958543130763936, 0, 116.44929415610777, 95.91494845358085, 71.0100476544135, 35.489690721609264
466, 1581958543136147456, 0, 116.96902864591175, 95.89375991273998, 70.99026916734749, 35.48969072160888
467, 1581958543141530880, 0, 117.48876313571571, 95.87257137189911, 70.97049068028147, 35.4896907216085
468, 1581958543146914304, 0, 118.00849762551968, 95.85138283105825, 70.95071219321547, 35.48969072160811
469, 1581958543152297472, 0, 118.52823211532365, 95.83019429021738, 70.93093370614946, 35.48969072160773
470, 1581958543157680896, 0, 119.04796660512761, 95.80900574937651, 70.91115521908344, 35.489690721607346
471, 1581958543163064320, 0, 119.56770109493159, 95.78781720853564, 70.89137673201743, 35.48969072160696
472, 1581958543168447744, 0, 120.08743558473557, 95.76662866769477, 70.87159824495143, 35.48969072160658
473, 1581958543173830936, 0, 120.60717007453954, 95.74544012685391, 70.85181975788541, 35.489690721606195
474, 1581958543179214080, 0, 121.1269045643435, 95.72425158601304, 70.8320412708194, 35.489690721605804
475, 1581958543184597504, 0, 121.64663905414747, 95.70306304517217, 70.8122627837534, 35.48969072160541
476, 1581958543189980928, 0, 122.16637354395144, 95.6818745043313, 70.79248429668738, 35.48969072160503
477, 1581958543195364352, 0, 122.68610803375542, 95.66068596349044, 70.77270580962137, 35.48969072160464
478, 1581958543200747776, 0, 123.2058425235594, 95.63949742264957, 70.75292732255537, 35.48969072160425
479, 1581958543206131200, 0, 123.72557701336336, 95.6183088818087, 70.73314883548935, 35.489690721603864
480, 1581958543211514624, 0, 124.24531150316733, 95.59712034096785, 70.71337034842334, 35.48969072160347
481, 1581958543216897936, 0, 124.7650459929713, 95.57593180012698, 70.69359186135733, 35.48969072160308
482, 1581958543222281472, 0, 125.28478048277526, 95.55474325928611, 70.67381337429133, 35.4896907216027
483, 1581958543227664896, 0, 125.80451497257923, 95.53355471844526, 70.65403488722532, 35.48969072160231
484, 1581958543233048064, 0, 126.3242494623832, 95.51236617760439, 70.63425640015932, 35.48969072160192
485, 1581958543238431488, 0, 126.84398395218717, 95.49117763676352, 70.61447791309331, 35.489690721601534
486, 1581958543243814912, 0, 127.36371844199115, 95.46998909592266, 70.5946994260273, 35.48969072160115
487, 1581958543249198336, 0, 127.88345293179512, 95.44880055508179, 70.5749209389613, 35.489690721600766
488, 1581958543254581760, 0, 128.40318742159909, 95.42761201424092, 70.55514245189529, 35.48969072160038
489, 1581958543259964936, 0, 128.92292191140305, 95.40642347340005, 70.53536396482929, 35.48969072159999
490, 1581958543265348096, 0, 129.47150136689197, 95.38523493255987, 70.47712552351635, 35.48969072160061
491, 1581958543270731520, 0, 130.02008082238086, 95.36404639171968, 70.4188870822034, 35.489690721601235
492, 1581958543276114944, 0, 130.56866027786975, 95.34285785087951, 70.36064864089045, 35.48969072160185
493, 1581958543281498368, 0, 131.11723973335867, 95.32166931003933, 70.30241019957751, 35.48969072160247
494, 1581958543286881792, 0, 131.6658191888476, 95.30048076919914, 70.24417175826457, 35.48969072160309
495, 1581958543292265216, 0, 132.21439864433648, 95.27929222835897, 70.18593331695162, 35.48969072160371
496, 1581958543297648640, 0, 132.76297809982538, 95.25810368751878, 70.12769487563867, 35.489690721604326
497, 1581958543303031936, 0, 133.3115575553143, 95.2369151466786, 70.06945643432573, 35.489690721604944
498, 1581958543308415232, 0, 133.86013701080321, 95.21572660583843, 70.01121799301279, 35.48969072160556
499, 1581958543313798656, 0, 134.4087164662921, 95.19453806499824, 69.95297955169985, 35.48969072160618
500, 1581958543319182336, 0, 134.957295921781, 95.17334952415806, 69.89474111038692, 35.489690721606806
501, 1581958543324565760, 0, 135.50587537726992, 95.15216098331788, 69.83650266907397, 35.489690721607424
502, 1581958543329949184, 0, 136.05445483275884, 95.1309724424777, 69.77826422776101, 35.48969072160804
503, 1581958543335332864, 0, 136.60303428824773, 95.10978390163751, 69.72002578644808, 35.48969072160867
504, 1581958543340716288, 0, 137.15161374373662, 95.08859536079734, 69.66178734513514, 35.489690721609286
505, 1581958543346099936, 0, 137.70019319922554, 95.06740681995716, 69.6035489038222, 35.489690721609904
506, 1581958543351483392, 0, 138.24877265471446, 95.04621827911697, 69.54531046250926, 35.48969072161052
507, 1581958543356866816, 0, 138.79735211020335, 95.0250297382768, 69.48707202119631, 35.48969072161114
508, 1581958543362250240, 0, 139.34593156569224, 95.00384119743661, 69.42883357988336, 35.48969072161175
509, 1581958543367633408, 0, 139.89451102118116, 94.98265265659643, 69.37059513857042, 35.48969072161237
510, 1581958543373016832, 0, 140.44309047667008, 94.96146411575626, 69.31235669725748, 35.48969072161299
511, 1581958543378400256, 0, 140.99166993215897, 94.94027557491607, 69.25411825594453, 35.4896907216136
512, 1581958543383783680, 0, 141.54024938764786, 94.91908703407589, 69.19587981463158, 35.48969072161422
513, 1581958543389166936, 0, 142.08882884313678, 94.89789849323572, 69.13764137331864, 35.489690721614835
514, 1581958543394550016, 0, 142.6374082986257, 94.87670995239553, 69.0794029320057, 35.48969072161546
515, 1581958543399933440, 0, 143.1859877541146, 94.85552141155534, 69.02116449069275, 35.48969072161608
516, 1581958543405316864, 0, 143.73456720960348, 94.83433287071517, 68.9629260493798, 35.4896907216167
517, 1581958543410700288, 0, 144.2831466650924, 94.81314432987499, 68.90468760806687, 35.48969072161732
518, 1581958543416083712, 0, 144.83172612058132, 94.7919557890348, 68.84644916675393, 35.48969072161795
519, 1581958543421467136, 0, 145.3803055760702, 94.77076724819463, 68.78821072544098, 35.489690721618565
520, 1581958543426850560, 0, 145.9288850315591, 94.74957870735444, 68.72997228412802, 35.48969072161918
521, 1581958543432233936, 0, 146.47746448704802, 94.72839016651426, 68.67173384281509, 35.48969072161981
522, 1581958543437617408, 0, 147.02604394253694, 94.70720162567407, 68.61349540150215, 35.48969072162043
523, 1581958543443000832, 0, 147.57462339802584, 94.68601308483389, 68.5552569601892, 35.489690721621045
524, 1581958543448384000, 0, 148.12320285351473, 94.66482454399372, 68.49701851887625, 35.48969072162166
525, 1581958543453767424, 0, 148.67178230900365, 94.64363600315353, 68.43878007756331, 35.48969072162228
526, 1581958543459150848, 0, 149.22036176449257, 94.62244746231335, 68.38054163625037, 35.4896907216229
527, 1581958543464534272, 0, 149.76894121998146, 94.60125892147317, 68.32230319493742, 35.48969072162352
528, 1581958543469917696, 0, 150.31752067547035, 94.58007038063299, 68.26406475362447, 35.489690721624136
529, 1581958543475300936, 0, 150.86610013095927, 94.5588818397928, 68.20582631231153, 35.489690721624754
530, 1581958543480684032, 0, 151.4146795864482, 94.53769329895263, 68.14758787099859, 35.48969072162537
531, 1581958543486067456, 0, 151.96325904193708, 94.51650475811245, 68.08934942968565, 35.48969072162599
532, 1581958543491450880, 0, 152.51183849742597, 94.49531621727226, 68.03111098837272, 35.4896907216266
533, 1581958543496834304, 0, 153.0604179529149, 94.47412767643209, 67.97287254705977, 35.48969072162722
534, 1581958543502217728, 0, 153.6089974084038, 94.4529391355919, 67.91463410574681, 35.48969072162784
535, 1581958543507601152, 0, 154.1575768638927, 94.43175059475172, 67.85639566443388, 35.48969072162845
536, 1581958543512984576, 0, 154.7061563193816, 94.41056205391155, 67.79815722312094, 35.48969072162907
537, 1581958543518367936, 0, 155.2547357748705, 94.38937351307136, 67.739918781808, 35.489690721629685
538, 1581958543523751680, 0, 155.80331523035943, 94.36818497223118, 67.68168034049506, 35.4896907216303
539, 1581958543529135104, 0, 156.35189468584832, 94.346996431391, 67.62344189918211, 35.48969072163092
540, 1581958543534518528, 0, 156.9004741413372, 94.32580789055082, 67.56520345786916, 35.48969072163155
541, 1581958543539901952, 0, 157.44905359682613, 94.30461934971063, 67.50696501655622, 35.489690721632165
542, 1581958543545285632, 0, 157.99763305231505, 94.28343080887046, 67.44872657524328, 35.48969072163278
543, 1581958543550669056, 0, 158.54621250780394, 94.26224226803028, 67.39048813393033, 35.48969072163341
544, 1581958543556052480, 0, 159.09479196329283, 94.24105372719009, 67.33224969261738, 35.48969072163403
545, 1581958543561435936, 0, 159.64337141878175, 94.21986518634992, 67.27401125130444, 35.489690721634645
546, 1581958543566819072, 0, 160.19195087427067, 94.19867664550974, 67.2157728099915, 35.48969072163526
547, 1581958543572202496, 0, 160.74053032975957, 94.17748810466955, 67.15753436867855, 35.48969072163588
548, 1581958543577585920, 0, 161.28910978524846, 94.15629956382938, 67.0992959273656, 35.4896907216365
549, 1581958543582969344, 0, 161.83768924073738, 94.1351110229892, 67.04105748605267, 35.48969072163712
550, 1581958543588352768, 0, 162.3862686962263, 94.11392248214901, 66.98281904473973, 35.489690721637736
551, 1581958543593736192, 0, 162.9348481517152, 94.09273394130884, 66.92458060342678, 35.489690721638354
552, 1581958543599119616, 0, 163.48342760720408, 94.07154540046865, 66.86634216211382, 35.48969072163897
553, 1581958543604502936, 0, 164.032007062693, 94.05035685962847, 66.80810372080089, 35.48969072163959
554, 1581958543609886464, 0, 164.58058651818192, 94.02916831878828, 66.74986527948795, 35.489690721640216
555, 1581958543615269888, 0, 165.1291659736708, 94.0079797779481, 66.69162683817501, 35.489690721640834
556, 1581958543620653056, 0, 165.6777454291597, 93.98679123710792, 66.63338839686207, 35.48969072164145
557, 1581958543626036480, 0, 166.22632488464862, 93.96560269626774, 66.57514995554912, 35.48969072164208
558, 1581958543631419904, 0, 166.77490434013754, 93.94441415542755, 66.51691151423617, 35.4896907216427
559, 1581958543636803328, 0, 167.32348379562643, 93.92322561458738, 66.45867307292323, 35.48969072164332
560, 1581958543642186752, 0, 167.87206325111532, 93.9020370737472, 66.4004346316103, 35.48969072164394
561, 1581958543647569936, 0, 168.42064270660424, 93.88084853290701, 66.34219619029736, 35.489690721644564
562, 1581958543652953088, 0, 168.96922216209316, 93.85965999206684, 66.28395774898442, 35.489690721645175
563, 1581958543658336512, 0, 169.51780161758205, 93.83847145122665, 66.22571930767147, 35.48969072164579
564, 1581958543663719936, 0, 170.06638107307094, 93.81728291038647, 66.16748086635852, 35.48969072164641
565, 1581958543669103360, 0, 170.61496052855986, 93.7960943695463, 66.10924242504558, 35.48969072164702
566, 1581958543674486784, 0, 171.16353998404878, 93.77490582870611, 66.05100398373264, 35.48969072164764
567, 1581958543679870208, 0, 171.71211943953767, 93.75371728786592, 65.9927655424197, 35.48969072164826
568, 1581958543685253632, 0, 172.26069889502656, 93.73252874702575, 65.93452710110677, 35.48969072164887
569, 1581958543690636936, 0, 172.80927835051548, 93.71134020618557, 65.87628865979381, 35.48969072164949
570, 1581958543696020480, 0, 173.32031250000108, 93.68959407216238, 65.52955863401957, 35.47881765464331
571, 1581958543701403904, 0, 173.83134664948665, 93.66784793813918, 65.18282860824533, 35.46794458763712
572, 1581958543706787328, 0, 174.34238079897221, 93.64610180411597, 64.83609858247108, 35.45707152063093
573, 1581958543712170496, 0, 174.8534149484578, 93.62435567009277, 64.48936855669683, 35.446198453624746
574, 1581958543717553920, 0, 175.3644490979434, 93.60260953606956, 64.14263853092258, 35.43532538661856
575, 1581958543722937344, 0, 175.87548324742897, 93.58086340204636, 63.79590850514833, 35.42445231961237
576, 1581958543728320512, 0, 176.38651739691454, 93.55911726802316, 63.44917847937408, 35.41357925260618
577, 1581958543733703936, 0, 176.89755154640014, 93.53737113399997, 63.10244845359984, 35.402706185599996
578, 1581958543739087360, 0, 177.4085856958876, 93.51562499997496, 62.59141430411238, 35.391833118587485
579, 1581958543744471040, 0, 177.91961984537505, 93.49387886594994, 62.08038015462492, 35.38096005157498
580, 1581958543749854464, 0, 178.4306539948625, 93.47213273192493, 61.56934600513746, 35.37008698456248
581, 1581958543755237888, 0, 178.94168814434997, 93.45038659789992, 61.058311855650004, 35.359213917549965
582, 1581958543760621568, 0, 179.45272229383744, 93.42864046387491, 60.54727770616255, 35.34834085053746
583, 1581958543766004992, 0, 179.96375644332488, 93.4068943298499, 60.03624355667509, 35.33746778352496
584, 1581958543771388416, 0, 180.47479059281233, 93.3851481958249, 59.52520940718763, 35.326594716512446
585, 1581958543776771936, 0, 180.9858247422998, 93.36340206179989, 59.014175257700174, 35.31572164949994
586, 1581958543782155008, 0, 181.49685889178102, 93.34165592778113, 58.50314110821894, 35.30484858248744
587, 1581958543787538432, 0, 182.00789304126226, 93.31990979376238, 57.99210695873771, 35.29397551547494
588, 1581958543792921856, 0, 182.5189271907435, 93.29816365974362, 57.481072809256474, 35.28310244846244
589, 1581958543798305280, 0, 183.02996134022476, 93.27641752572487, 56.97003865977524, 35.27222938144993
590, 1581958543803688704, 0, 183.540995489706, 93.25467139170611, 56.45900451029401, 35.26135631443743
591, 1581958543809072128, 0, 184.05202963918723, 93.23292525768736, 55.947970360812775, 35.250483247424924
592, 1581958543814455552, 0, 184.56306378866844, 93.2111791236686, 55.43693621133154, 35.23961018041242
593, 1581958543819838936, 0, 185.0740979381497, 93.18943298964984, 54.92590206185031, 35.228737113399916
594, 1581958543825222400, 0, 185.58513208763094, 93.16768685563109, 54.414867912369075, 35.21786404638741
595, 1581958543830605824, 0, 186.09616623711216, 93.14594072161233, 53.903833762887835, 35.20699097937491
596, 1581958543835988992, 0, 186.60720038659338, 93.12419458759358, 53.392799613406595, 35.19611791236241
597, 1581958543841372416, 0, 187.11823453607462, 93.10244845357482, 52.88176546392536, 35.18524484534991
598, 1581958543846755840, 0, 187.62926868555587, 93.08070231955607, 52.37073131444412, 35.1743717783374
599, 1581958543852139264, 0, 188.14030283503712, 93.05895618553731, 51.85969716496288, 35.163498711324905
600, 1581958543857522688, 0, 188.65133698451837, 93.03721005151854, 51.34866301548165, 35.1526256443124
601, 1581958543862905936, 0, 189.16237113399959, 93.01546391749979, 50.83762886600041, 35.1417525772999
602, 1581958543868289024, 0, 189.67340528348478, 92.99371778347998, 50.32659471651522, 35.1308795102902
603, 1581958543873672448, 0, 190.18443943296995, 92.97197164946019, 49.81556056703002, 35.1200064432805
604, 1581958543879055872, 0, 190.69547358245515, 92.95022551544038, 49.30452641754483, 35.109133376270805
605, 1581958543884439296, 0, 191.20650773194035, 92.92847938142057, 48.79349226805964, 35.098260309261114
606, 1581958543889822720, 0, 191.71754188142555, 92.90673324740077, 48.28245811857444, 35.087387242251424
607, 1581958543895206144, 0, 192.22857603091074, 92.88498711338096, 47.77142396908925, 35.076514175241726
608, 1581958543900589568, 0, 192.73961018039594, 92.86324097936115, 47.26038981960406, 35.06564110823203
609, 1581958543905972936, 0, 193.25064432988114, 92.84149484534134, 46.74935567011886, 35.05476804122233
610, 1581958543911356416, 0, 193.76167847936634, 92.81974871132154, 46.23832152063367, 35.04389497421264
611, 1581958543916739840, 0, 194.27271262885154, 92.79800257730173, 45.72728737114848, 35.03302190720295
612, 1581958543922123264, 0, 194.7837467783367, 92.77625644328192, 45.21625322166329, 35.02214884019325
613, 1581958543927506432, 0, 195.2947809278219, 92.75451030926212, 44.705219072178096, 35.01127577318356
614, 1581958543932889856, 0, 195.8058150773071, 92.73276417524231, 44.194184922692905, 35.00040270617387
615, 1581958543938273280, 0, 196.31684922679227, 92.7110180412225, 43.683150773207714, 34.989529639164175
616, 1581958543943656704, 0, 196.82788337627747, 92.6892719072027, 43.17211662372252, 34.978656572154485
617, 1581958543949039936, 0, 197.33891752576267, 92.66752577318289, 42.66108247423733, 34.967783505144794
618, 1581958543954423296, 0, 197.84995167524787, 92.64577963916308, 42.150048324752134, 34.956910438135104
619, 1581958543959806720, 0, 198.36098582473306, 92.62403350514327, 41.63901417526694, 34.94603737112541
620, 1581958543965190144, 0, 198.87201997421826, 92.60228737112347, 41.12798002578174, 34.935164304115716
621, 1581958543970573824, 0, 199.38305412370346, 92.58054123710366, 40.61694587629654, 34.924291237106026
622, 1581958543975957504, 0, 199.89408827318866, 92.55879510308385, 40.10591172681134, 34.913418170096335
623, 1581958543981340928, 0, 200.40512242267386, 92.53704896906405, 39.594877577326145, 34.90254510308664
624, 1581958543986724352, 0, 200.91615657215903, 92.51530283504424, 39.08384342784095, 34.89167203607695
625, 1581958543992107936, 0, 201.42719072164422, 92.49355670102443, 38.57280927835575, 34.88079896906726
626, 1581958543997491456, 0, 201.93822487112942, 92.47181056700462, 38.06177512887055, 34.86992590205756
627, 1581958544002874880, 0, 202.4492590206146, 92.45006443298482, 37.55074097938536, 34.85905283504786
628, 1581958544008258048, 0, 202.9602931700998, 92.42831829896501, 37.03970682990017, 34.848179768038165
629, 1581958544013641472, 0, 203.471327319585, 92.4065721649452, 36.52867268041497, 34.837306701028474
630, 1581958544019024896, 0, 203.98236146907018, 92.3848260309254, 36.01763853092977, 34.826433634018784
631, 1581958544024408320, 0, 204.49339561855538, 92.36307989690559, 35.50660438144458, 34.815560567009086
632, 1581958544029791744, 0, 205.00442976804058, 92.3413337628858, 34.99557023195939, 34.80468749999939
633, 1581958544035174936, 0, 205.51546391752578, 92.31958762886599, 34.48453608247419, 34.79381443298969
634, 1581958544040558080, 0, 206.05670103092785, 92.34858247422682, 33.94329896907213, 34.71649484536083
635, 1581958544045941504, 0, 206.5979381443299, 92.37757731958763, 33.40206185567007, 34.639175257731964
636, 1581958544051324928, 0, 207.13917525773195, 92.40657216494846, 32.86082474226801, 34.5618556701031
637, 1581958544056708352, 0, 207.68041237113403, 92.43556701030928, 32.319587628865946, 34.48453608247423
638, 1581958544062091776, 0, 208.2216494845361, 92.46456185567011, 31.778350515463885, 34.40721649484536
639, 1581958544067475200, 0, 208.76288659793815, 92.49355670103094, 31.237113402061823, 34.329896907216494
640, 1581958544072858624, 0, 209.3041237113402, 92.52255154639175, 30.69587628865976, 34.25257731958763
641, 1581958544078241936, 0, 209.84536082474227, 92.55154639175258, 30.1546391752577, 34.175257731958766
642, 1581958544083625472, 0, 210.38659793814435, 92.58054123711341, 29.613402061855638, 34.0979381443299
643, 1581958544089008896, 0, 210.9278350515464, 92.60953608247422, 29.072164948453576, 34.02061855670104
644, 1581958544094392320, 0, 211.46907216494844, 92.63853092783505, 28.530927835051514, 33.943298969072174
645, 1581958544099775488, 0, 212.01030927835052, 92.66752577319588, 27.989690721649453, 33.8659793814433
646, 1581958544105158912, 0, 212.5515463917526, 92.6965206185567, 27.44845360824739, 33.78865979381443
647, 1581958544110542336, 0, 213.09278350515464, 92.72551546391753, 26.90721649484533, 33.71134020618557
648, 1581958544115925760, 0, 213.6340206185567, 92.75451030927836, 26.365979381443267, 33.634020618556704
649, 1581958544121308936, 0, 214.17525773195877, 92.78350515463919, 25.824742268041206, 33.55670103092784
650, 1581958544126692096, 0, 214.71649484536084, 92.81250000000001, 25.283505154639144, 33.479381443298976
651, 1581958544132075520, 0, 215.2577319587629, 92.84149484536084, 24.742268041237082, 33.402061855670105
652, 1581958544137458944, 0, 215.79896907216494, 92.87048969072166, 24.20103092783502, 33.324742268041234
653, 1581958544142842368, 0, 216.340206185567, 92.89948453608248, 23.65979381443296, 33.24742268041237
654, 1581958544148225792, 0, 216.8814432989691, 92.92847938144331, 23.118556701030897, 33.170103092783506
655, 1581958544153609216, 0, 217.42268041237114, 92.95747422680412, 22.577319587628836, 33.09278350515464
656, 1581958544158992640, 0, 217.96391752577318, 92.98646907216495, 22.036082474226774, 33.01546391752578
657, 1581958544164375936, 0, 218.50515463917526, 93.01546391752578, 21.49484536082471, 32.93814432989691
658, 1581958544169759744, 0, 218.94007731959073, 93.04445876288501, 21.059922680409116, 32.73360885676292
659, 1581958544175143168, 0, 219.37500000000617, 93.07345360824425, 20.62499999999352, 32.52907338362893
660, 1581958544180526592, 0, 219.8099226804216, 93.1024484536035, 20.190077319577924, 32.324537910494946
661, 1581958544185910016, 0, 220.24484536083708, 93.13144329896274, 19.75515463916233, 32.12000243736096
662, 1581958544191293440, 0, 220.67976804125254, 93.16043814432197, 19.32023195874674, 31.915466964226972
663, 1581958544196676864, 0, 221.114690721668, 93.18943298968122, 18.885309278331142, 31.710931491092985
664, 1581958544202060288, 0, 221.54961340208348, 93.21842783504046, 18.450386597915546, 31.506396017959
665, 1581958544207443936, 0, 221.98453608249892, 93.2474226803997, 18.015463917499954, 31.301860544825008
666, 1581958544212827392, 0, 222.41945876290822, 93.2764175257621, 17.580541237090806, 30.17263313136106
667, 1581958544218210816, 0, 222.8543814433175, 93.30541237112452, 17.145618556681658, 29.04340571789711
668, 1581958544223593984, 0, 223.28930412372677, 93.33440721648694, 16.71069587627251, 27.914178304433158
669, 1581958544228977408, 0, 223.72422680413607, 93.36340206184934, 16.275773195863362, 26.784950890969206
670, 1581958544234360832, 0, 224.15914948454537, 93.39239690721175, 15.840850515454214, 25.655723477505255
671, 1581958544239744256, 0, 224.59407216495464, 93.42139175257415, 15.405927835045066, 24.526496064041304
672, 1581958544245127680, 0, 225.0289948453639, 93.45038659793656, 14.971005154635918, 23.397268650577352
673, 1581958544250510936, 0, 225.4639175257732, 93.47938144329898, 14.53608247422677, 22.268041237113405
674, 1581958544255894016, 0, 225.98582474226805, 93.58063715754031, 14.014175257731923, 21.99281645070713
675, 1581958544261277440, 0, 226.50773195876292, 93.68189287178163, 13.492268041237075, 21.717591664300855
676, 1581958544266660864, 0, 227.02963917525776, 93.78314858602296, 12.97036082474223, 21.442366877894578
677, 1581958544272044288, 0, 227.5515463917526, 93.8844043002643, 12.448453608247382, 21.1671420914883
678, 1581958544277427712, 0, 228.07345360824743, 93.98566001450561, 11.926546391752535, 20.891917305082025
679, 1581958544282811136, 0, 228.59536082474227, 94.08691572874694, 11.404639175257689, 20.616692518675748
680, 1581958544288194560, 0, 229.1172680412371, 94.18817144298828, 10.882731958762841, 20.34146773226947
681, 1581958544293577936, 0, 229.63917525773195, 94.2894271572296, 10.360824742267994, 20.066242945863195
682, 1581958544298961408, 0, 230.1610824742268, 94.39068287147091, 9.83891752577315, 19.79101815945692
683, 1581958544304344832, 0, 230.68298969072163, 94.49193858571225, 9.317010309278306, 19.51579337305065
684, 1581958544309728256, 0, 231.20489690721647, 94.59319429995358, 8.795103092783462, 19.240568586644372
685, 1581958544315111424, 0, 231.7268041237113, 94.6944500141949, 8.273195876288618, 18.9653438002381
686, 1581958544320494848, 0, 232.24871134020614, 94.79570572843623, 7.751288659793774, 18.690119013831826
687, 1581958544325878272, 0, 232.77061855670098, 94.89696144267756, 7.22938144329893, 18.41489422742555
688, 1581958544331261696, 0, 233.29252577319582, 94.99821715691888, 6.707474226804086, 18.139669441019276
689, 1581958544336644936, 0, 233.81443298969066, 95.09947287116022, 6.185567010309243, 17.864444654613003
690, 1581958544342028032, 0, 234.19136597938137, 95.650827422059, 5.808634020618522, 17.139121031549266
691, 1581958544347411456, 0, 234.56829896907212, 96.20218197295779, 5.431701030927799, 16.413797408485525
692, 1581958544352794880, 0, 234.94523195876286, 96.75353652385658, 5.054768041237078, 15.688473785421786
693, 1581958544358178304, 0, 235.32216494845358, 97.30489107475537, 4.6778350515463565, 14.963150162358048
694, 1581958544363561728, 0, 235.6990979381443, 97.85624562565417, 4.300902061855635, 14.237826539294309
695, 1581958544368945152, 0, 236.07603092783503, 98.40760017655295, 3.923969072164913, 13.51250291623057
696, 1581958544374328576, 0, 236.45296391752578, 98.95895472745173, 3.5470360824741913, 12.787179293166831
697, 1581958544379711936, 0, 236.8298969072165, 99.51030927835052, 3.17010309278347, 12.061855670103093
698, 1581958544385095680, 0, 236.8298969072165, 99.51030927835052, 3.17010309278347, 12.061855670103093
699, 1581958544390479104, 0, 236.8298969072165, 99.51030927835052, 3.17010309278347, 12.061855670103093
700, 1581958544395862528, 0, 236.8298969072165, 99.51030927835052, 3.17010309278347, 12.061855670103093
701, 1581958544401245952, 0, 236.8298969072165, 99.51030927835052, 3.17010309278347, 12.061855670103093
702, 1581958544406629376, 0, 236.8298969072165, 99.51030927835052, 3.17010309278347, 12.061855670103093
703, 1581958544412013056, 0, 236.8298969072165, 99.51030927835052, 3.17010309278347, 12.061855670103093
704, 1581958544417396480, 0, 236.8298969072165, 99.51030927835052, 3.17010309278347, 12.061855670103093
705, 1581958544422779936
706, 1581958544428163072
707, 1581958544433546496
708, 1581958544438929920
709, 1581958544444313344
710, 1581958544449696768
711, 1581958544455080192
712, 1581958544460463616
713, 1581958544465846936
714, 1581958544471230464
715, 1581958544476613888
716, 1581958544481997312
717, 1581958544487380480
718, 1581958544492763904
719, 1581958544498147328
720, 1581958544503530752
721, 1581958544508913936
