45, 0, 237.7577319587629, 26.90721649484536, 2.242268041237078, 12.989690721649485, -1, -1, -1, -1
46, 0, 236.80090206184713, 25.244386978423726, 3.1990979381528066, 17.835153677898155, -1, -1, -1, -1
47, 0, 235.84407216493133, 23.58155746200209, 4.155927835068535, 22.68061663414683, -1, -1, -1, -1
48, 0, 234.88724226801554, 21.918727945580454, 5.112757731984264, 27.5260795903955, -1, -1, -1, -1
49, 0, 233.93041237109978, 20.25589842915882, 6.069587628899992, 32.37154254664417, -1, -1, -1, -1
50, 0, 232.79785613867966, 16.699655780644115, 7.2021438613200175, 37.384327013083094, -1, -1, -1, -1
51, 0, 231.66529990625958, 13.143413132129407, 8.334700093740043, 42.397111479522025, -1, -1, -1, -1
52, 0, 230.5327436738395, 9.5871704836147, 9.467256326160069, 47.409895945960955, -1, -1, -1, -1
53, 0, 229.4001874414194, 6.030927835099994, 10.599812558580096, 52.422680412399885, -1, -1, -1, -1
54, 0, 228.41611996251433, 4.752538269342779, 11.58388003748506, 54.09539987505707, -1, -1, -1, -1
55, 0, 227.43205248360925, 3.4741487035855636, 12.567947516390024, 55.768119337714246, -1, -1, -1, -1
56, 0, 226.44798500470418, 2.1957591378283485, 13.55201499529499, 57.440838800371424, -1, -1, -1, -1
57, 0, 225.4639175257991, 0.9173695720711331, 14.536082474199953, 59.11355826302861, -1, -1, -1, -1
58, 0, 224.30412371134918, 0.9276398001162831, 15.695876288649952, 59.49761793188347, -1, -1, -1, -1
59, 0, 223.14432989689925, 0.9379100281614331, 16.855670103099953, 59.88167760073833, -1, -1, -1, -1
60, 0, 221.98453608244932, 0.9481802562065831, 18.01546391754995, 60.26573726959319, -1, -1, -1, -1
61, 0, 220.82474226799937, 0.9584504842517331, 19.175257731999952, 60.64979693844804, -1, -1, -1, -1
62, 0, 219.66494845357443, 1.027296157476733, 20.33505154642495, 60.97528116212305, -1, -1, -1, -1
63, 0, 218.5051546391495, 1.096141830701733, 21.49484536084995, 61.30076538579807, -1, -1, -1, -1
64, 0, 217.34536082472457, 1.164987503926733, 22.65463917527495, 61.62624960947309, -1, -1, -1, -1
65, 0, 216.18556701029962, 1.233833177151733, 23.814432989699952, 61.951733833148104, -1, -1, -1, -1
66, 0, 215.02577319586783, 1.2245782568118901, 24.97422680413178, 62.35531865039634, -1, -1, -1, -1
67, 0, 213.86597938143606, 1.215323336472047, 26.13402061856361, 62.758903467644586, -1, -1, -1, -1
68, 0, 212.7061855670043, 1.206068416132204, 27.29381443299544, 63.16248828489283, -1, -1, -1, -1
69, 0, 211.5463917525725, 1.196813495792361, 28.45360824742727, 63.56607310214107, -1, -1, -1, -1
70, 0, 210.3865979381407, 1.1875585754525182, 29.613402061859105, 63.969657919389306, -1, -1, -1, -1
71, 0, 209.22680412370892, 1.178303655112675, 30.773195876290938, 64.37324273663755, -1, -1, -1, -1
72, 0, 208.06701030927712, 1.169048734772832, 31.93298969072277, 64.7768275538858, -1, -1, -1, -1
73, 0, 206.90721649484536, 1.1597938144329891, 33.09278350515461, 65.18041237113403, -1, -1, -1, -1
74, 0, 205.6806526434832, 1.0631443298969068, 34.319347356516715, 65.36887886598117, -1, -1, -1, -1
75, 0, 204.45408879212107, 0.9664948453608243, 35.54591120787883, 65.55734536082832, -1, -1, -1, -1
76, 0, 203.22752494075894, 0.8698453608247418, 36.77247505924094, 65.74581185567547, -1, -1, -1, -1
77, 0, 202.0009610893968, 0.7731958762886595, 37.99903891060305, 65.9342783505226, -1, -1, -1, -1
78, 0, 200.77439723803468, 0.676546391752577, 39.22560276196516, 66.12274484536974, -1, -1, -1, -1
79, 0, 199.54783338667252, 0.5798969072164946, 40.45216661332728, 66.31121134021689, -1, -1, -1, -1
80, 0, 198.32126953531036, 0.48324742268041215, 41.678730464689394, 66.49967783506403, -1, -1, -1, -1
81, 0, 197.09470568394823, 0.38659793814432974, 42.90529431605151, 66.68814432991118, -1, -1, -1, -1
82, 0, 195.8681418325861, 0.2899484536082473, 44.13185816741362, 66.87661082475833, -1, -1, -1, -1
83, 0, 194.64157798122397, 0.19329896907216487, 45.35842201877573, 67.06507731960548, -1, -1, -1, -1
84, 0, 193.41501412986185, 0.09664948453608244, 46.58498587013783, 67.25354381445263, -1, -1, -1, -1
85, 0, 192.1884502784997, 0.0, 47.81154972149994, 67.44201030929976, -1, -1, -1, -1
86, 0, 190.96188642713494, 0.0, 49.0381135728647, 67.53382731960812, -1, -1, -1, -1
87, 0, 189.7353225757702, 0.0, 50.26467742422946, 67.62564432991647, -1, -1, -1, -1
88, 0, 188.50875872440545, 0.0, 51.49124127559422, 67.71746134022483, -1, -1, -1, -1
89, 0, 187.2821948730407, 0.0, 52.71780512695898, 67.80927835053319, -1, -1, -1, -1
90, 0, 186.05563102167594, 0.0, 53.94436897832375, 67.90109536084154, -1, -1, -1, -1
91, 0, 184.8290671703112, 0.0, 55.170932829688525, 67.9929123711499, -1, -1, -1, -1
92, 0, 183.60250331894645, 0.0, 56.3974966810533, 68.08472938145826, -1, -1, -1, -1
93, 0, 182.3759394675817, 0.0, 57.62406053241807, 68.1765463917666, -1, -1, -1, -1
94, 0, 181.14937561621696, 0.0, 58.85062438378283, 68.26836340207497, -1, -1, -1, -1
95, 0, 179.9228117648522, 0.0, 60.07718823514759, 68.36018041238333, -1, -1, -1, -1
96, 0, 178.69624791348747, 0.0, 61.30375208651235, 68.45199742269168, -1, -1, -1, -1
97, 0, 177.46968406212272, 0.0, 62.5303159378771, 68.54381443300004, -1, -1, -1, -1
98, 0, 176.1543664701872, 0.00966494845360821, 63.84563352981263, 68.62596649485528, -1, -1, -1, -1
99, 0, 174.83904887825167, 0.01932989690721642, 65.16095112174817, 68.70811855671052, -1, -1, -1, -1
100, 0, 173.52373128631615, 0.02899484536082463, 66.47626871368371, 68.79027061856576, -1, -1, -1, -1
101, 0, 172.20841369438062, 0.03865979381443284, 67.79158630561923, 68.872422680421, -1, -1, -1, -1
102, 0, 170.8930961024451, 0.04832474226804105, 69.10690389755476, 68.95457474227624, -1, -1, -1, -1
103, 0, 169.57777851050957, 0.05798969072164926, 70.4222214894903, 69.03672680413148, -1, -1, -1, -1
104, 0, 168.26246091857405, 0.06765463917525746, 71.73753908142584, 69.11887886598672, -1, -1, -1, -1
105, 0, 166.94714332663852, 0.07731958762886568, 73.05285667336136, 69.20103092784196, -1, -1, -1, -1
106, 0, 165.631825734703, 0.08698453608247389, 74.36817426529689, 69.2831829896972, -1, -1, -1, -1
107, 0, 164.31650814276747, 0.0966494845360821, 75.68349185723241, 69.36533505155244, -1, -1, -1, -1
108, 0, 163.00119055083195, 0.10631443298969032, 76.99880944916794, 69.44748711340767, -1, -1, -1, -1
109, 0, 161.68587295889643, 0.11597938144329852, 78.31412704110346, 69.52963917526291, -1, -1, -1, -1
110, 0, 160.3705553669609, 0.12564432989690671, 79.629444633039, 69.61179123711815, -1, -1, -1, -1
111, 0, 159.05523777502538, 0.13530927835051493, 80.94476222497454, 69.69394329897338, -1, -1, -1, -1
112, 0, 157.73992018308985, 0.14497422680412314, 82.26007981691008, 69.77609536082862, -1, -1, -1, -1
113, 0, 156.4246025911543, 0.15463917525773135, 83.57539740884562, 69.85824742268386, -1, -1, -1, -1
114, 0, 155.10928499921877, 0.16430412371133957, 84.89071500078114, 69.9403994845391, -1, -1, -1, -1
115, 0, 153.79396740728325, 0.17396907216494778, 86.20603259271668, 70.02255154639434, -1, -1, -1, -1
116, 0, 152.47864981534772, 0.183634020618556, 87.52135018465222, 70.10470360824958, -1, -1, -1, -1
117, 0, 151.1633322234122, 0.1932989690721642, 88.83666777658775, 70.18685567010482, -1, -1, -1, -1
118, 0, 149.84801463147667, 0.20296391752577242, 90.15198536852327, 70.26900773196006, -1, -1, -1, -1
119, 0, 148.53269703954115, 0.21262886597938063, 91.46730296045881, 70.3511597938153, -1, -1, -1, -1
120, 0, 147.21737944760562, 0.22229381443298885, 92.78262055239435, 70.43331185567054, -1, -1, -1, -1
121, 0, 145.9020618556701, 0.23195876288659703, 94.09793814432987, 70.51546391752578, -1, -1, -1, -1
122, 0, 144.50386597938143, 0.2255154639175249, 95.49613402061851, 70.56701030927834, -1, -1, -1, -1
123, 0, 143.10567010309273, 0.21907216494845275, 96.89432989690715, 70.61855670103091, -1, -1, -1, -1
124, 0, 141.70747422680404, 0.2126288659793806, 98.29252577319579, 70.67010309278348, -1, -1, -1, -1
125, 0, 140.30927835051537, 0.20618556701030846, 99.69072164948443, 70.72164948453603, -1, -1, -1, -1
126, 0, 138.9110824742267, 0.19974226804123635, 101.08891752577307, 70.77319587628858, -1, -1, -1, -1
127, 0, 137.512886597938, 0.1932989690721642, 102.48711340206171, 70.82474226804115, -1, -1, -1, -1
128, 0, 136.1146907216493, 0.18685567010309206, 103.88530927835035, 70.87628865979372, -1, -1, -1, -1
129, 0, 134.71649484536064, 0.18041237113401992, 105.28350515463899, 70.92783505154628, -1, -1, -1, -1
130, 0, 133.31829896907198, 0.17396907216494778, 106.68170103092763, 70.97938144329885, -1, -1, -1, -1
131, 0, 131.92010309278328, 0.16752577319587564, 108.07989690721628, 71.03092783505141, -1, -1, -1, -1
132, 0, 130.52190721649458, 0.1610824742268035, 109.47809278350493, 71.08247422680398, -1, -1, -1, -1
133, 0, 129.12371134020592, 0.15463917525773135, 110.87628865979357, 71.13402061855653, -1, -1, -1, -1
134, 0, 127.72551546391723, 0.1481958762886592, 112.27448453608221, 71.18556701030909, -1, -1, -1, -1
135, 0, 126.32731958762855, 0.14175257731958707, 113.67268041237085, 71.23711340206165, -1, -1, -1, -1
136, 0, 124.92912371133987, 0.13530927835051493, 115.07087628865949, 71.28865979381422, -1, -1, -1, -1
137, 0, 123.53092783505119, 0.12886597938144279, 116.46907216494813, 71.34020618556679, -1, -1, -1, -1
138, 0, 122.1327319587625, 0.12242268041237064, 117.86726804123677, 71.39175257731935, -1, -1, -1, -1
139, 0, 120.73453608247382, 0.11597938144329852, 119.26546391752541, 71.44329896907192, -1, -1, -1, -1
140, 0, 119.33634020618514, 0.10953608247422639, 120.66365979381405, 71.49484536082448, -1, -1, -1, -1
141, 0, 117.93814432989646, 0.10309278350515425, 122.06185567010269, 71.54639175257705, -1, -1, -1, -1
142, 0, 116.53994845360778, 0.0966494845360821, 123.46005154639133, 71.59793814432962, -1, -1, -1, -1
143, 0, 115.1417525773191, 0.09020618556700996, 124.85824742267997, 71.64948453608218, -1, -1, -1, -1
144, 0, 113.74355670103041, 0.08376288659793782, 126.2564432989686, 71.70103092783475, -1, -1, -1, -1
145, 0, 112.34536082474173, 0.07731958762886568, 127.65463917525724, 71.7525773195873, -1, -1, -1, -1
146, 0, 110.94716494845305, 0.07087628865979353, 129.0528350515459, 71.80412371133986, -1, -1, -1, -1
147, 0, 109.54896907216437, 0.0644329896907214, 130.45103092783455, 71.85567010309242, -1, -1, -1, -1
148, 0, 108.15077319587569, 0.05798969072164927, 131.8492268041232, 71.90721649484499, -1, -1, -1, -1
149, 0, 106.752577319587, 0.051546391752577136, 133.24742268041183, 71.95876288659754, -1, -1, -1, -1
150, 0, 105.35438144329832, 0.045103092783504994, 134.64561855670047, 72.0103092783501, -1, -1, -1, -1
151, 0, 103.95618556700964, 0.03865979381443285, 136.0438144329891, 72.06185567010267, -1, -1, -1, -1
152, 0, 102.55798969072096, 0.03221649484536071, 137.44201030927775, 72.11340206185524, -1, -1, -1, -1
153, 0, 101.15979381443228, 0.025773195876288568, 138.8402061855664, 72.1649484536078, -1, -1, -1, -1
154, 0, 99.7615979381436, 0.019329896907216426, 140.23840206185503, 72.21649484536036, -1, -1, -1, -1
155, 0, 98.36340206185491, 0.012886597938144284, 141.63659793814367, 72.26804123711293, -1, -1, -1, -1
156, 0, 96.96520618556623, 0.006443298969072142, 143.0347938144323, 72.31958762886549, -1, -1, -1, -1
157, 0, 95.56701030927755, 0.0, 144.43298969072094, 72.37113402061806, -1, -1, -1, -1
158, 0, 94.13015463917365, 0.0, 145.8698453608249, 72.43556701030714, -1, -1, -1, -1
159, 0, 92.69329896906976, 0.0, 147.30670103092888, 72.49999999999622, -1, -1, -1, -1
160, 0, 91.25644329896586, 0.0, 148.74355670103284, 72.5644329896853, -1, -1, -1, -1
161, 0, 89.81958762886197, 0.0, 150.1804123711368, 72.62886597937438, -1, -1, -1, -1
162, 0, 88.38273195875807, 0.0, 151.61726804124078, 72.69329896906346, -1, -1, -1, -1
163, 0, 86.94587628865418, 0.0, 153.05412371134474, 72.75773195875254, -1, -1, -1, -1
164, 0, 85.50902061855027, 0.0, 154.4909793814487, 72.82216494844162, -1, -1, -1, -1
165, 0, 84.07216494844637, 0.0, 155.92783505155268, 72.8865979381307, -1, -1, -1, -1
166, 0, 82.63530927834248, 0.0, 157.36469072165664, 72.95103092781979, -1, -1, -1, -1
167, 0, 81.19845360823858, 0.0, 158.80154639176064, 73.01546391750887, -1, -1, -1, -1
168, 0, 79.76159793813468, 0.0, 160.23840206186463, 73.07989690719796, -1, -1, -1, -1
169, 0, 78.32474226803079, 0.0, 161.6752577319686, 73.14432989688704, -1, -1, -1, -1
170, 0, 76.8878865979269, 0.0, 163.11211340207257, 73.20876288657612, -1, -1, -1, -1
171, 0, 75.45103092782298, 0.0, 164.54896907217653, 73.2731958762652, -1, -1, -1, -1
172, 0, 74.01417525771909, 0.0, 165.9858247422805, 73.33762886595429, -1, -1, -1, -1
173, 0, 72.5773195876152, 0.0, 167.42268041238447, 73.40206185564337, -1, -1, -1, -1
174, 0, 71.1404639175113, 0.0, 168.85953608248843, 73.46649484533245, -1, -1, -1, -1
175, 0, 69.7036082474074, 0.0, 170.2963917525924, 73.53092783502153, -1, -1, -1, -1
176, 0, 68.2667525773035, 0.0, 171.73324742269637, 73.59536082471061, -1, -1, -1, -1
177, 0, 66.82989690719961, 0.0, 173.17010309280033, 73.65979381439969, -1, -1, -1, -1
178, 0, 65.39304123709962, 0.0, 174.60695876290032, 73.72422680409136, -1, -1, -1, -1
179, 0, 63.95618556699965, 0.0, 176.0438144330003, 73.78865979378304, -1, -1, -1, -1
180, 0, 62.51932989689966, 0.0, 177.4806701031003, 73.85309278347471, -1, -1, -1, -1
181, 0, 61.08247422679968, 0.0, 178.91752577320028, 73.91752577316637, -1, -1, -1, -1
182, 0, 59.6456185566997, 0.0, 180.35438144330027, 73.98195876285804, -1, -1, -1, -1
183, 0, 58.208762886599715, 0.0, 181.79123711340026, 74.04639175254971, -1, -1, -1, -1
184, 0, 56.771907216499734, 0.0, 183.22809278350024, 74.11082474224139, -1, -1, -1, -1
185, 0, 55.335051546399754, 0.0, 184.66494845360023, 74.17525773193306, -1, -1, -1, -1
186, 0, 53.89819587629977, 0.0, 186.10180412370022, 74.23969072162473, -1, -1, -1, -1
187, 0, 52.46134020619979, 0.0, 187.5386597938002, 74.30412371131641, -1, -1, -1, -1
188, 0, 51.024484536099806, 0.0, 188.9755154639002, 74.36855670100807, -1, -1, -1, -1
189, 0, 49.587628865999825, 0.0, 190.41237113400018, 74.43298969069974, -1, -1, -1, -1
190, 0, 48.150773195891645, 4.1204153491242954e-16, 190.37345643055667, 74.49742268039594, -1, -1, -1, -1
191, 0, 46.713917525783465, 8.240830698248591e-16, 190.33454172711316, 74.56185567009214, -1, -1, -1, -1
192, 0, 45.277061855675285, 1.2361246047372886e-15, 190.29562702366962, 74.62628865978834, -1, -1, -1, -1
193, 0, 43.840206185567105, 1.6481661396497182e-15, 190.25671232022611, 74.69072164948456, -1, -1, -1, -1
194, 0, 42.41948331908624, 1.9424815217300245e-15, 190.03039875144293, 74.71971649484581, -1, -1, -1, -1
195, 0, 40.99876045260538, 2.2367969038103312e-15, 189.80408518265978, 74.74871134020708, -1, -1, -1, -1
196, 0, 39.578037586124516, 2.531112285890638e-15, 189.5777716138766, 74.77770618556835, -1, -1, -1, -1
197, 0, 38.15731471964365, 2.8254276679709443e-15, 189.3514580450934, 74.80670103092962, -1, -1, -1, -1
198, 0, 36.73659185316279, 3.119743050051251e-15, 189.12514447631023, 74.83569587629088, -1, -1, -1, -1
199, 0, 35.31586898668193, 3.4140584321315578e-15, 188.89883090752704, 74.86469072165215, -1, -1, -1, -1
200, 0, 33.89514612020106, 3.708373814211864e-15, 188.67251733874386, 74.89368556701342, -1, -1, -1, -1
201, 0, 32.474423253720204, 4.002689196292171e-15, 188.44620376996068, 74.92268041237467, -1, -1, -1, -1
202, 0, 31.05370038723934, 4.2970045783724776e-15, 188.2198902011775, 74.95167525773593, -1, -1, -1, -1
203, 0, 29.632977520758477, 4.591319960452784e-15, 187.9935766323943, 74.9806701030972, -1, -1, -1, -1
204, 0, 28.212254654277615, 4.885635342533091e-15, 187.76726306361115, 75.00966494845846, -1, -1, -1, -1
205, 0, 26.79153178779675, 5.179950724613397e-15, 187.54094949482797, 75.03865979381973, -1, -1, -1, -1
206, 0, 25.370808921315888, 5.474266106693704e-15, 187.3146359260448, 75.067654639181, -1, -1, -1, -1
207, 0, 23.950086054835026, 5.768581488774011e-15, 187.08832235726163, 75.09664948454227, -1, -1, -1, -1
208, 0, 22.52936318835416, 6.062896870854317e-15, 186.86200878847845, 75.12564432990354, -1, -1, -1, -1
209, 0, 21.1086403218733, 6.3572122529346235e-15, 186.63569521969526, 75.15463917526479, -1, -1, -1, -1
210, 0, 19.687917455392437, 6.651527635014931e-15, 186.40938165091208, 75.18363402062604, -1, -1, -1, -1
211, 0, 18.267194588911572, 6.945843017095237e-15, 186.1830680821289, 75.21262886598731, -1, -1, -1, -1
212, 0, 16.84647172243071, 7.240158399175543e-15, 185.95675451334574, 75.24162371134858, -1, -1, -1, -1
213, 0, 15.425748855949848, 7.53447378125585e-15, 185.73044094456256, 75.27061855670983, -1, -1, -1, -1
214, 0, 14.005025989468985, 7.828789163336156e-15, 185.50412737577938, 75.29961340207109, -1, -1, -1, -1
215, 0, 12.584303122988121, 8.123104545416463e-15, 185.27781380699622, 75.32860824743236, -1, -1, -1, -1
216, 0, 11.163580256507258, 8.41741992749677e-15, 185.05150023821304, 75.35760309279362, -1, -1, -1, -1
217, 0, 9.742857390026394, 8.711735309577076e-15, 184.82518666942985, 75.38659793815489, -1, -1, -1, -1
218, 0, 8.322134523545532, 9.006050691657381e-15, 184.59887310064667, 75.41559278351616, -1, -1, -1, -1
219, 0, 6.901411657064671, 9.300366073737688e-15, 184.3725595318635, 75.44458762887743, -1, -1, -1, -1
220, 0, 5.480688790583809, 9.594681455817996e-15, 184.1462459630803, 75.4735824742387, -1, -1, -1, -1
221, 0, 4.059965924102948, 9.888996837898301e-15, 183.91993239429712, 75.50257731959995, -1, -1, -1, -1
222, 0, 3.044974443077211, 7.416747628423725e-15, 183.28788744005274, 75.5315721649577, -1, -1, -1, -1
223, 0, 2.029982962051474, 4.9444984189491506e-15, 182.65584248580836, 75.56056701031544, -1, -1, -1, -1
224, 0, 1.014991481025737, 2.4722492094745753e-15, 182.02379753156399, 75.58956185567318, -1, -1, -1, -1
225, 0, 0.0, 0.0, 181.3917525773196, 75.61855670103093, -1, -1, -1, -1
226, 0, 0.0, 0.0, 179.72454896907217, 75.63305412371133, -1, -1, -1, -1
227, 0, 0.0, 0.0, 178.05734536082474, 75.64755154639175, -1, -1, -1, -1
228, 0, 0.0, 0.0, 176.3901417525773, 75.66204896907216, -1, -1, -1, -1
229, 0, 0.0, 0.0, 174.72293814432987, 75.67654639175257, -1, -1, -1, -1
230, 0, 0.0, 0.0, 173.05573453608244, 75.69104381443297, -1, -1, -1, -1
231, 0, 0.0, 0.0, 171.388530927835, 75.70554123711338, -1, -1, -1, -1
232, 0, 0.0, 0.0, 169.72132731958757, 75.7200386597938, -1, -1, -1, -1
233, 0, 0.0, 0.0, 168.05412371134014, 75.73453608247421, -1, -1, -1, -1
234, 0, 0.0, 0.0, 166.3869201030927, 75.74903350515461, -1, -1, -1, -1
235, 0, 0.0, 0.0, 164.71971649484527, 75.76353092783503, -1, -1, -1, -1
236, 0, 0.0, 0.0, 163.05251288659784, 75.77802835051544, -1, -1, -1, -1
237, 0, 0.0, 0.0, 161.3853092783504, 75.79252577319585, -1, -1, -1, -1
238, 0, 0.0, 0.0, 159.71810567010297, 75.80702319587625, -1, -1, -1, -1
239, 0, 0.0, 0.0, 158.05090206185554, 75.82152061855666, -1, -1, -1, -1
240, 0, 0.0, 0.0, 156.3836984536081, 75.83601804123707, -1, -1, -1, -1
241, 0, 0.0, 0.0, 154.71649484536067, 75.85051546391747, -1, -1, -1, -1
242, 0, 0.0, 0.0, 153.04929123711324, 75.86501288659788, -1, -1, -1, -1
243, 0, 0.0, 0.0, 151.3820876288658, 75.87951030927829, -1, -1, -1, -1
244, 0, 0.0, 0.0, 149.71488402061837, 75.89400773195871, -1, -1, -1, -1
245, 0, 0.0, 0.0, 148.04768041237094, 75.90850515463912, -1, -1, -1, -1
246, 0, 0.0, 0.0, 146.3804768041235, 75.92300257731952, -1, -1, -1, -1
247, 0, 0.0, 0.0, 144.71327319587607, 75.93749999999994, -1, -1, -1, -1
248, 0, 0.0, 0.0, 143.0460695876286, 75.95199742268035, -1, -1, -1, -1
249, 0, 0.0, 0.0, 141.37886597938117, 75.96649484536076, -1, -1, -1, -1
250, 0, 0.0, 0.0, 139.71166237113374, 75.98099226804116, -1, -1, -1, -1
251, 0, 0.0, 0.0, 138.0444587628863, 75.99548969072157, -1, -1, -1, -1
252, 0, 0.0, 0.0, 136.37725515463887, 76.00998711340199, -1, -1, -1, -1
253, 0, 0.0, 0.0, 134.71005154639144, 76.0244845360824, -1, -1, -1, -1
254, 0, 0.0, 0.0, 133.042847938144, 76.0389819587628, -1, -1, -1, -1
255, 0, 0.0, 0.0, 131.37564432989657, 76.05347938144322, -1, -1, -1, -1
256, 0, 0.0, 0.0, 129.70844072164914, 76.06797680412363, -1, -1, -1, -1
257, 0, 0.0, 0.0, 128.0412371134017, 76.08247422680404, -1, -1, -1, -1
258, 0, 0.0, 0.0, 126.56249999999966, 76.13079896907209, -1, -1, -1, -1
259, 0, 0.0, 0.0, 125.0837628865976, 76.17912371134013, -1, -1, -1, -1
260, 0, 0.0, 0.0, 123.60502577319554, 76.22744845360816, -1, -1, -1, -1
261, 0, 0.0, 0.0, 122.12628865979349, 76.27577319587621, -1, -1, -1, -1
262, 0, 0.0, 0.0, 120.64755154639144, 76.32409793814426, -1, -1, -1, -1
263, 0, 0.0, 0.0, 119.16881443298938, 76.3724226804123, -1, -1, -1, -1
264, 0, 0.0, 0.0, 117.69007731958732, 76.42074742268034, -1, -1, -1, -1
265, 0, 0.0, 0.0, 116.21134020618527, 76.46907216494839, -1, -1, -1, -1
266, 0, 0.0, 0.0, 114.73260309278322, 76.51739690721644, -1, -1, -1, -1
267, 0, 0.0, 0.0, 113.25386597938116, 76.56572164948447, -1, -1, -1, -1
268, 0, 0.0, 0.0, 111.7751288659791, 76.61404639175251, -1, -1, -1, -1
269, 0, 0.0, 0.0, 110.29639175257705, 76.66237113402056, -1, -1, -1, -1
270, 0, 0.0, 0.0, 108.817654639175, 76.71069587628861, -1, -1, -1, -1
271, 0, 0.0, 0.0, 107.33891752577294, 76.75902061855665, -1, -1, -1, -1
272, 0, 0.0, 0.0, 105.86018041237088, 76.80734536082468, -1, -1, -1, -1
273, 0, 0.0, 0.0, 104.38144329896883, 76.85567010309273, -1, -1, -1, -1
274, 0, 0.0, 0.0, 102.90270618556679, 76.90399484536078, -1, -1, -1, -1
275, 0, 0.0, 0.0, 101.42396907216472, 76.95231958762882, -1, -1, -1, -1
276, 0, 0.0, 0.0, 99.94523195876266, 77.00064432989686, -1, -1, -1, -1
277, 0, 0.0, 0.0, 98.46649484536061, 77.04896907216491, -1, -1, -1, -1
278, 0, 0.0, 0.0, 96.98775773195857, 77.09729381443296, -1, -1, -1, -1
279, 0, 0.0, 0.0, 95.5090206185565, 77.145618556701, -1, -1, -1, -1
280, 0, 0.0, 0.0, 94.03028350515444, 77.19394329896903, -1, -1, -1, -1
281, 0, 0.0, 0.0, 92.5515463917524, 77.24226804123708, -1, -1, -1, -1
282, 0, 0.0, 0.0, 91.07280927835035, 77.29059278350512, -1, -1, -1, -1
283, 0, 0.0, 0.0, 89.59407216494829, 77.33891752577316, -1, -1, -1, -1
284, 0, 0.0, 0.0, 88.11533505154623, 77.3872422680412, -1, -1, -1, -1
285, 0, 0.0, 0.0, 86.63659793814418, 77.43556701030924, -1, -1, -1, -1
286, 0, 0.0, 0.0, 85.15786082474213, 77.48389175257728, -1, -1, -1, -1
287, 0, 0.0, 0.0, 83.67912371134007, 77.53221649484533, -1, -1, -1, -1
288, 0, 0.0, 0.0, 82.200386597938, 77.58054123711338, -1, -1, -1, -1
289, 0, 0.0, 0.0, 80.72164948453596, 77.62886597938142, -1, -1, -1, -1
290, 0, 0.0, 0.0, 79.24291237113391, 77.67719072164945, -1, -1, -1, -1
291, 0, 0.0, 0.0, 77.76417525773185, 77.7255154639175, -1, -1, -1, -1
292, 0, 0.0, 0.0, 76.28543814432979, 77.77384020618555, -1, -1, -1, -1
293, 0, 0.0, 0.0, 74.80670103092774, 77.82216494845359, -1, -1, -1, -1
294, 0, 0.0, 0.0, 73.3279639175257, 77.87048969072163, -1, -1, -1, -1
295, 0, 0.0, 0.0, 71.84922680412363, 77.91881443298968, -1, -1, -1, -1
296, 0, 0.0, 0.0, 70.37048969072157, 77.96713917525773, -1, -1, -1, -1
297, 0, 0.0, 0.0, 68.89175257731952, 78.01546391752576, -1, -1, -1, -1
298, 0, 0.0, 0.0, 67.41301546391747, 78.0637886597938, -1, -1, -1, -1
299, 0, 0.0, 0.0, 65.93427835051541, 78.11211340206185, -1, -1, -1, -1
300, 0, 0.0, 0.0, 64.45554123711335, 78.1604381443299, -1, -1, -1, -1
301, 0, 0.0, 0.0, 62.976804123711304, 78.20876288659794, -1, -1, -1, -1
302, 0, 0.0, 0.0, 61.49806701030925, 78.25708762886597, -1, -1, -1, -1
303, 0, 0.0, 0.0, 60.019329896907195, 78.30541237113403, -1, -1, -1, -1
304, 0, 0.0, 0.0, 58.54059278350515, 78.35373711340208, -1, -1, -1, -1
305, 0, 0.0, 0.0, 57.06185567010309, 78.40206185567011, -1, -1, -1, -1
306, 0, 0.0, 0.0, 55.73969072164948, 78.28608247422682, -1, -1, -1, -1
307, 0, 0.0, 0.0, 54.41752577319588, 78.1701030927835, -1, -1, -1, -1
308, 0, 0.0, 0.0, 53.09536082474227, 78.05412371134021, -1, -1, -1, -1
309, 0, 0.0, 0.0, 51.77319587628866, 77.93814432989691, -1, -1, -1, -1
310, 0, 0.0, 0.0, 50.45103092783505, 77.82216494845362, -1, -1, -1, -1
311, 0, 0.0, 0.0, 49.128865979381445, 77.70618556701032, -1, -1, -1, -1
312, 0, 0.0, 0.0, 47.80670103092784, 77.59020618556701, -1, -1, -1, -1
313, 0, 0.0, 0.0, 46.48453608247423, 77.47422680412372, -1, -1, -1, -1
314, 0, 0.0, 0.0, 45.16237113402062, 77.35824742268042, -1, -1, -1, -1
315, 0, 0.0, 0.0, 43.84020618556701, 77.24226804123711, -1, -1, -1, -1
316, 0, 0.0, 0.0, 42.5180412371134, 77.12628865979381, -1, -1, -1, -1
317, 0, 0.0, 0.0, 41.19587628865979, 77.01030927835052, -1, -1, -1, -1
318, 0, 0.0, 0.0, 39.873711340206185, 76.89432989690722, -1, -1, -1, -1
319, 0, 0.0, 0.0, 38.551546391752574, 76.77835051546393, -1, -1, -1, -1
320, 0, 0.0, 0.0, 37.22938144329896, 76.66237113402062, -1, -1, -1, -1
321, 0, 0.0, 0.0, 35.90721649484536, 76.54639175257732, -1, -1, -1, -1
322, 0, 0.0, 0.0, 34.58505154639175, 76.43041237113403, -1, -1, -1, -1
323, 0, 0.0, 0.0, 33.26288659793814, 76.31443298969072, -1, -1, -1, -1
324, 0, 0.0, 0.0, 31.940721649484537, 76.19845360824742, -1, -1, -1, -1
325, 0, 0.0, 0.0, 30.61855670103093, 76.08247422680412, -1, -1, -1, -1
326, 0, 0.0, 0.0, 29.296391752573157, 76.09542240775289, -1, -1, -1, -1
327, 0, 0.0, 0.0, 27.97422680411539, 76.10837058870165, -1, -1, -1, -1
328, 0, 0.0, 0.0, 26.652061855657617, 76.1213187696504, -1, -1, -1, -1
329, 0, 0.0, 0.0, 25.329896907199846, 76.13426695059917, -1, -1, -1, -1
330, 0, 1.606961986158474e-14, 0.8909624576196199, 24.007731958749865, 75.25625267391983, -1, -1, -1, -1
331, 0, 3.213923972316948e-14, 1.7819249152392398, 22.685567010299884, 74.3782383972405, -1, -1, -1, -1
332, 0, 4.8208859584754216e-14, 2.6728873728588596, 21.363402061849904, 73.50022412056117, -1, -1, -1, -1
333, 0, 6.427847944633896e-14, 3.5638498304784796, 20.041237113399923, 72.62220984388183, -1, -1, -1, -1
334, 0, 8.034809930792369e-14, 4.4548122880981, 18.719072164949942, 71.7441955672025, -1, -1, -1, -1
335, 0, 9.641771916950843e-14, 5.345774745717719, 17.39690721649996, 70.86618129052317, -1, -1, -1, -1
336, 0, 1.1248733903109317e-13, 6.23673720333734, 16.07474226804998, 69.98816701384384, -1, -1, -1, -1
337, 0, 1.2855695889267792e-13, 7.127699660956959, 14.7525773196, 69.1101527371645, -1, -1, -1, -1
338, 0, 9.641771916950843e-14, 9.861092873442685, 13.430412371149892, 64.25301438541445, -1, -1, -1, -1
339, 0, 6.427847944633896e-14, 12.59448608592841, 12.108247422699783, 59.39587603366441, -1, -1, -1, -1
340, 0, 3.213923972316948e-14, 15.327879298414134, 10.786082474249675, 54.53873768191437, -1, -1, -1, -1
341, 0, 0.0, 18.061272510899858, 9.463917525799566, 49.681599330164325, -1, -1, -1, -1
342, 0, 0.0, 20.79466572338108, 8.141752577339364, 42.3642922811284, -1, -1, -1, -1
343, 0, 0.0, 23.5280589358623, 6.819587628879164, 35.046985232092474, -1, -1, -1, -1
344, 0, 0.0, 26.261452148343523, 5.497422680418964, 27.72967818305655, -1, -1, -1, -1
345, 0, 0.0, 28.994845360824744, 4.175257731958763, 20.41237113402062, -1, -1, -1, -1
346, 0, 0.0, 28.994845360824744, 4.175257731958763, 20.41237113402062, -1, -1, -1, -1
347, 0, 0.0, 28.994845360824744, 4.175257731958763, 20.41237113402062, -1, -1, -1, -1
348, 0, 0.0, 28.994845360824744, 4.175257731958763, 20.41237113402062, -1, -1, -1, -1
