13, 0, 0.0, 109.71428571428571, 5.142857142857142, 19.928571428571427, -1, -1, -1, -1
14, 0, 0.0, 109.52382705658928, 5.920155691142853, 20.958609924588426, -1, -1, -1, -1
15, 0, 0.0, 109.33336839889284, 6.697454239428563, 21.988648420605426, -1, -1, -1, -1
16, 0, 0.0, 109.1429097411964, 7.474752787714273, 23.018686916622425, -1, -1, -1, -1
17, 0, 0.0, 108.95245108349997, 8.252051335999983, 24.048725412639424, -1, -1, -1, -1
18, 0, 0.0, 108.76199242581248, 9.029349884287482, 24.269658460850486, -1, -1, -1, -1
19, 0, 0.0, 108.57153376812498, 9.806648432574981, 24.490591509061552, -1, -1, -1, -1
20, 0, 0.0, 108.38107511043748, 10.583946980862482, 24.711524557272615, -1, -1, -1, -1
21, 0, 0.0, 108.19061645274999, 11.361245529149981, 24.932457605483677, -1, -1, -1, -1
22, 0, 0.0, 108.00015779506249, 12.13854407743748, 25.153390653694757, -1, -1, -1, -1
23, 0, 0.0, 107.80969913737499, 12.91584262572498, 25.374323701905833, -1, -1, -1, -1
24, 0, 0.0, 107.6192404796875, 13.69314117401248, 25.59525675011691, -1, -1, -1, -1
25, 0, 0.0, 107.428781822, 14.470439722299979, 25.81618979832799, -1, -1, -1, -1
26, 0, 0.0, 107.23832316431057, 15.247738270584065, 26.043850616344862, -1, -1, -1, -1
27, 0, 0.0, 107.04786450662114, 16.025036818868152, 26.27151143436173, -1, -1, -1, -1
28, 0, 0.0, 106.8574058489317, 16.80233536715224, 26.4991722523786, -1, -1, -1, -1
29, 0, 0.0, 106.66694719124227, 17.579633915436325, 26.72683307039547, -1, -1, -1, -1
30, 0, 0.0, 106.47648853355284, 18.356932463720412, 26.954493888412344, -1, -1, -1, -1
31, 0, 0.0, 106.2860298758634, 19.1342310120045, 27.182154706429216, -1, -1, -1, -1
32, 0, 0.0, 106.09557121817397, 19.911529560288585, 27.40981552444609, -1, -1, -1, -1
33, 0, 0.0, 105.90511256048454, 20.68882810857267, 27.63747634246296, -1, -1, -1, -1
34, 0, 0.0, 105.7146539027951, 21.46612665685676, 27.865137160479833, -1, -1, -1, -1
35, 0, 0.0, 105.52419524510567, 22.243425205140845, 28.092797978496705, -1, -1, -1, -1
36, 0, 0.0, 105.33373658741624, 23.02072375342493, 28.320458796513577, -1, -1, -1, -1
37, 0, 0.0, 105.1432779297268, 23.798022301709015, 28.54811961453045, -1, -1, -1, -1
38, 0, 0.0, 104.95281927203737, 24.5753208499931, 28.77578043254732, -1, -1, -1, -1
39, 0, 0.0, 104.76236061434794, 25.352619398277188, 29.003441250564194, -1, -1, -1, -1
40, 0, 0.0, 104.57190195665851, 26.129917946561275, 29.231102068581066, -1, -1, -1, -1
41, 0, 0.0, 104.38144329896907, 26.90721649484536, 29.45876288659794, -1, -1, -1, -1
42, 0, 0.0, 104.32345360824743, 27.777061855670105, 29.591310751104565, -1, -1, -1, -1
43, 0, 0.0, 104.26546391752578, 28.646907216494846, 29.723858615611192, -1, -1, -1, -1
44, 0, 0.0, 104.20747422680412, 29.516752577319586, 29.85640648011782, -1, -1, -1, -1
45, 0, 0.0, 104.14948453608248, 30.38659793814433, 29.988954344624446, -1, -1, -1, -1
46, 0, 0.0, 104.09149484536084, 31.256443298969074, 30.121502209131076, -1, -1, -1, -1
47, 0, 0.0, 104.03350515463919, 32.126288659793815, 30.254050073637707, -1, -1, -1, -1
48, 0, 0.0, 103.97551546391753, 32.996134020618555, 30.386597938144337, -1, -1, -1, -1
49, 0, 0.0, 103.91752577319588, 33.8659793814433, 30.519145802650968, -1, -1, -1, -1
50, 0, 0.0, 103.85953608247422, 34.73582474226805, 30.651693667157595, -1, -1, -1, -1
51, 0, 0.0, 103.80154639175258, 35.60567010309279, 30.78424153166422, -1, -1, -1, -1
52, 0, 0.0, 103.74355670103094, 36.47551546391753, 30.91678939617085, -1, -1, -1, -1
53, 0, 0.0, 103.68556701030928, 37.34536082474227, 31.049337260677476, -1, -1, -1, -1
54, 0, 0.0, 103.62757731958763, 38.21520618556701, 31.1818851251841, -1, -1, -1, -1
55, 0, 0.0, 103.56958762886597, 39.08505154639175, 31.314432989690722, -1, -1, -1, -1
56, 0, 0.0, 103.51159793814432, 39.954896907216494, 31.446980854197346, -1, -1, -1, -1
57, 0, 0.0, 103.45360824742268, 40.82474226804124, 31.57952871870397, -1, -1, -1, -1
58, 0, 0.0, 103.39561855670104, 41.69458762886599, 31.712076583210596, -1, -1, -1, -1
59, 0, 0.0, 103.33762886597938, 42.56443298969073, 31.844624447717223, -1, -1, -1, -1
60, 0, 0.0, 103.27963917525773, 43.43427835051547, 31.97717231222385, -1, -1, -1, -1
61, 0, 0.0, 103.22164948453609, 44.30412371134021, 32.10972017673048, -1, -1, -1, -1
62, 0, 0.0, 103.16365979381445, 45.17396907216495, 32.24226804123711, -1, -1, -1, -1
63, 0, 0.0, 103.10567010309279, 46.04381443298969, 32.37481590574374, -1, -1, -1, -1
64, 0, 0.0, 103.04768041237114, 46.91365979381443, 32.507363770250365, -1, -1, -1, -1
65, 0, 0.0, 102.98969072164948, 47.78350515463918, 32.639911634757, -1, -1, -1, -1
66, 0, 0.0, 102.93170103092783, 48.65335051546393, 32.772459499263626, -1, -1, -1, -1
67, 0, 0.0, 102.87371134020619, 49.52319587628867, 32.90500736377025, -1, -1, -1, -1
68, 0, 0.0, 102.81572164948454, 50.39304123711341, 33.03755522827688, -1, -1, -1, -1
69, 0, 0.0, 102.75773195876289, 51.26288659793815, 33.170103092783506, -1, -1, -1, -1
70, 0, 0.0, 102.70573564173263, 52.14592339464115, 33.19310456445987, -1, -1, -1, -1
71, 0, 0.0, 102.65373932470237, 53.028960191344154, 33.216106036136246, -1, -1, -1, -1
72, 0, 0.0, 102.60174300767213, 53.91199698804716, 33.23910750781262, -1, -1, -1, -1
73, 0, 0.0, 102.54974669064187, 54.79503378475016, 33.262108979488985, -1, -1, -1, -1
74, 0, 0.0, 102.49775037361161, 55.67807058145316, 33.28511045116536, -1, -1, -1, -1
75, 0, 0.0, 102.44575405658136, 56.561107378156166, 33.30811192284173, -1, -1, -1, -1
76, 0, 0.0, 102.39375773955112, 57.444144174859176, 33.331113394518106, -1, -1, -1, -1
77, 0, 0.0, 102.34176142252086, 58.32718097156218, 33.35411486619448, -1, -1, -1, -1
78, 0, 0.0, 102.2897651054906, 59.21021776826518, 33.377116337870845, -1, -1, -1, -1
79, 0, 0.0, 102.23776878846036, 60.093254564968184, 33.40011780954722, -1, -1, -1, -1
80, 0, 0.0, 102.1857724714301, 60.97629136167119, 33.42311928122359, -1, -1, -1, -1
81, 0, 0.0, 102.13377615439984, 61.85932815837419, 33.44612075289996, -1, -1, -1, -1
82, 0, 0.0, 102.08177983734984, 62.74164630602647, 33.46912222457495, -1, -1, -1, -1
83, 0, 0.0, 102.02978352029986, 63.62396445367875, 33.49212369624995, -1, -1, -1, -1
84, 0, 0.0, 101.97778720324987, 64.50628260133104, 33.51512516792495, -1, -1, -1, -1
85, 0, 0.0, 101.92579088619988, 65.38860074898332, 33.538126639599945, -1, -1, -1, -1
86, 0, 0.8698453608247412, 101.8737945691673, 65.48957130749429, 33.561128111268374, -1, -1, -1, -1
87, 0, 1.7396907216494824, 101.82179825213473, 65.59054186600525, 33.58412958293681, -1, -1, -1, -1
88, 0, 2.6095360824742233, 101.76980193510215, 65.69151242451622, 33.60713105460524, -1, -1, -1, -1
89, 0, 3.4793814432989647, 101.71780561806956, 65.79248298302718, 33.63013252627367, -1, -1, -1, -1
90, 0, 4.349226804123706, 101.66580930103697, 65.89345354153815, 33.65313399794209, -1, -1, -1, -1
91, 0, 5.219072164948447, 101.6138129840044, 65.99442410004912, 33.676135469610514, -1, -1, -1, -1
92, 0, 6.088917525773188, 101.56181666697182, 66.09539465856008, 33.69913694127894, -1, -1, -1, -1
93, 0, 6.958762886597929, 101.50982034993925, 66.19636521707106, 33.72213841294736, -1, -1, -1, -1
94, 0, 7.879349226804115, 101.46908176297272, 66.25160122671801, 33.71938473187266, -1, -1, -1, -1
95, 0, 8.799935567010301, 101.4283431760062, 66.30683723636494, 33.71663105079796, -1, -1, -1, -1
96, 0, 9.720521907216487, 101.38760458903965, 66.36207324601189, 33.71387736972326, -1, -1, -1, -1
97, 0, 10.641108247422672, 101.34686600207313, 66.41730925565884, 33.711123688648556, -1, -1, -1, -1
98, 0, 11.561694587628857, 101.3061274151066, 66.47254526530577, 33.70837000757385, -1, -1, -1, -1
99, 0, 12.482280927835044, 101.26538882814006, 66.5277812749527, 33.70561632649913, -1, -1, -1, -1
100, 0, 13.40286726804123, 101.22465024117353, 66.58301728459963, 33.70286264542442, -1, -1, -1, -1
101, 0, 14.323453608247416, 101.18391165420701, 66.63825329424658, 33.70010896434971, -1, -1, -1, -1
102, 0, 15.244039948453603, 101.14317306724048, 66.69348930389353, 33.697355283275, -1, -1, -1, -1
103, 0, 16.16462628865979, 101.10243448027396, 66.74872531354046, 33.69460160220029, -1, -1, -1, -1
104, 0, 17.085212628865975, 101.06169589330742, 66.80396132318741, 33.69184792112557, -1, -1, -1, -1
105, 0, 18.00579896907216, 101.02095730634089, 66.85919733283436, 33.68909424005086, -1, -1, -1, -1
106, 0, 18.926385309278345, 100.98021871937436, 66.9144333424813, 33.686340558976156, -1, -1, -1, -1
107, 0, 19.84697164948453, 100.93948013240782, 66.96966935212825, 33.683586877901455, -1, -1, -1, -1
108, 0, 20.767557989690715, 100.8987415454413, 67.02490536177518, 33.680833196826754, -1, -1, -1, -1
109, 0, 21.6881443298969, 100.85800295847477, 67.08014137142213, 33.678079515752046, -1, -1, -1, -1
110, 0, 22.608730670103085, 100.81726437150824, 67.13537738106908, 33.67532583467734, -1, -1, -1, -1
111, 0, 23.529317010309274, 100.77652578454172, 67.19061339071601, 33.67257215360263, -1, -1, -1, -1
112, 0, 24.449903350515463, 100.73578719757519, 67.24584940036296, 33.66981847252792, -1, -1, -1, -1
113, 0, 25.370489690721648, 100.69504861060867, 67.3010854100099, 33.667064791453214, -1, -1, -1, -1
114, 0, 26.291076030927833, 100.65431002364214, 67.35632141965684, 33.664311110378506, -1, -1, -1, -1
115, 0, 27.211662371134018, 100.61357143667561, 67.41155742930378, 33.66155742930379, -1, -1, -1, -1
116, 0, 28.132248711340203, 100.57283284970907, 67.46679343895073, 33.658803748229076, -1, -1, -1, -1
117, 0, 29.05283505154639, 100.53209426274255, 67.52202944859766, 33.65605006715437, -1, -1, -1, -1
118, 0, 29.973421391752574, 100.49135567577602, 67.5772654582446, 33.65329638607966, -1, -1, -1, -1
119, 0, 30.89400773195876, 100.45061708880948, 67.63250146789154, 33.650542705004945, -1, -1, -1, -1
120, 0, 31.814594072164944, 100.40987850184295, 67.68773747753849, 33.64778902393023, -1, -1, -1, -1
121, 0, 32.73518041237113, 100.36913991487643, 67.74297348718542, 33.64503534285552, -1, -1, -1, -1
122, 0, 33.65576675257732, 100.3284013279099, 67.79820949683237, 33.642281661780814, -1, -1, -1, -1
123, 0, 34.576353092783506, 100.28766274094338, 67.85344550647932, 33.63952798070611, -1, -1, -1, -1
124, 0, 35.49693943298969, 100.24692415397683, 67.90868151612625, 33.63677429963141, -1, -1, -1, -1
125, 0, 36.41752577319588, 100.20618556701031, 67.9639175257732, 33.634020618556704, -1, -1, -1, -1
126, 0, 37.40862230552952, 100.15873945641988, 67.9691893158388, 33.634020618556704, -1, -1, -1, -1
127, 0, 38.39971883786317, 100.11129334582944, 67.9744611059044, 33.6340206185567, -1, -1, -1, -1
128, 0, 39.39081537019682, 100.063847235239, 67.97973289597, 33.63402061855669, -1, -1, -1, -1
129, 0, 40.38191190253046, 100.01640112464855, 67.98500468603561, 33.63402061855669, -1, -1, -1, -1
130, 0, 41.373008434864104, 99.96895501405811, 67.99027647610122, 33.6340206185567, -1, -1, -1, -1
131, 0, 42.364104967197754, 99.92150890346767, 67.99554826616682, 33.634020618556704, -1, -1, -1, -1
132, 0, 43.355201499531404, 99.87406279287723, 68.00082005623243, 33.63402061855671, -1, -1, -1, -1
133, 0, 44.34629803186505, 99.82661668228678, 68.00609184629803, 33.63402061855672, -1, -1, -1, -1
134, 0, 45.33739456419869, 99.77917057169634, 68.01136363636364, 33.63402061855672, -1, -1, -1, -1
135, 0, 46.32849109653234, 99.7317244611059, 68.01663542642925, 33.63402061855671, -1, -1, -1, -1
136, 0, 47.31958762886599, 99.68427835051546, 68.02190721649484, 33.634020618556704, -1, -1, -1, -1
137, 0, 48.31068416119963, 99.63683223992503, 68.02717900656044, 33.634020618556704, -1, -1, -1, -1
138, 0, 49.301780693533274, 99.5893861293346, 68.03245079662605, 33.634020618556704, -1, -1, -1, -1
139, 0, 50.29287722586692, 99.54194001874416, 68.03772258669167, 33.6340206185567, -1, -1, -1, -1
140, 0, 51.28397375820056, 99.49449390815371, 68.04299437675728, 33.63402061855669, -1, -1, -1, -1
141, 0, 52.27507029053421, 99.44704779756327, 68.04826616682288, 33.63402061855669, -1, -1, -1, -1
142, 0, 53.26616682286786, 99.39960168697283, 68.05353795688848, 33.6340206185567, -1, -1, -1, -1
143, 0, 54.2572633552015, 99.35215557638239, 68.05880974695408, 33.634020618556704, -1, -1, -1, -1
144, 0, 55.248359887535145, 99.30470946579194, 68.06408153701969, 33.63402061855671, -1, -1, -1, -1
145, 0, 56.239456419868795, 99.2572633552015, 68.06935332708528, 33.63402061855672, -1, -1, -1, -1
146, 0, 57.230552952202444, 99.20981724461106, 68.07462511715089, 33.63402061855672, -1, -1, -1, -1
147, 0, 58.22164948453609, 99.16237113402062, 68.0798969072165, 33.63402061855671, -1, -1, -1, -1
148, 0, 59.21274601686973, 99.11492502343017, 68.0851686972821, 33.634020618556704, -1, -1, -1, -1
149, 0, 60.20384254920338, 99.06747891283975, 68.0904404873477, 33.634020618556704, -1, -1, -1, -1
150, 0, 61.19493908153703, 99.0200328022493, 68.09571227741331, 33.63402061855671, -1, -1, -1, -1
151, 0, 62.18603561387067, 98.97258669165886, 68.10098406747892, 33.63402061855672, -1, -1, -1, -1
152, 0, 63.177132146204315, 98.92514058106842, 68.10625585754453, 33.634020618556725, -1, -1, -1, -1
153, 0, 64.16822867853796, 98.87769447047798, 68.11152764761013, 33.63402061855673, -1, -1, -1, -1
154, 0, 65.1593252108716, 98.83024835988755, 68.11679943767574, 33.63402061855673, -1, -1, -1, -1
155, 0, 66.15042174320524, 98.7828022492971, 68.12207122774134, 33.634020618556725, -1, -1, -1, -1
156, 0, 67.14151827553889, 98.73535613870666, 68.12734301780694, 33.63402061855672, -1, -1, -1, -1
157, 0, 68.13261480787254, 98.68791002811622, 68.13261480787254, 33.63402061855672, -1, -1, -1, -1
158, 0, 69.1237113402062, 98.64046391752578, 68.13788659793815, 33.63402061855672, -1, -1, -1, -1
159, 0, 70.11480787253984, 98.59301780693534, 68.14315838800377, 33.63402061855671, -1, -1, -1, -1
160, 0, 71.10590440487348, 98.5455716963449, 68.14843017806938, 33.634020618556704, -1, -1, -1, -1
161, 0, 72.09700093720713, 98.49812558575447, 68.15370196813498, 33.634020618556704, -1, -1, -1, -1
162, 0, 73.08809746954077, 98.45067947516402, 68.15897375820059, 33.63402061855671, -1, -1, -1, -1
163, 0, 74.07919400187441, 98.40323336457358, 68.1642455482662, 33.63402061855672, -1, -1, -1, -1
164, 0, 75.07029053420806, 98.35578725398314, 68.16951733833179, 33.634020618556725, -1, -1, -1, -1
165, 0, 76.06138706654171, 98.3083411433927, 68.17478912839739, 33.63402061855673, -1, -1, -1, -1
166, 0, 77.05248359887537, 98.26089503280227, 68.180060918463, 33.634020618556725, -1, -1, -1, -1
167, 0, 78.04358013120901, 98.21344892221182, 68.18533270852859, 33.63402061855672, -1, -1, -1, -1
168, 0, 79.03467666354265, 98.16600281162138, 68.1906044985942, 33.63402061855671, -1, -1, -1, -1
169, 0, 80.0257731958763, 98.11855670103094, 68.1958762886598, 33.634020618556704, -1, -1, -1, -1
170, 0, 81.04784149484537, 98.06953500797766, 68.14513530927836, 33.632301332228536, -1, -1, -1, -1
171, 0, 82.06990979381445, 98.0205133149244, 68.09439432989691, 33.63058204590036, -1, -1, -1, -1
172, 0, 83.09197809278352, 97.97149162187114, 68.04365335051547, 33.628862759572186, -1, -1, -1, -1
173, 0, 84.1140463917526, 97.92246992881786, 67.99291237113403, 33.62714347324402, -1, -1, -1, -1
174, 0, 85.13611469072167, 97.87344823576458, 67.94217139175258, 33.62542418691585, -1, -1, -1, -1
175, 0, 86.15818298969074, 97.82442654271132, 67.89143041237114, 33.62370490058768, -1, -1, -1, -1
176, 0, 87.18025128865982, 97.77540484965806, 67.84068943298969, 33.621985614259515, -1, -1, -1, -1
177, 0, 88.20231958762889, 97.72638315660478, 67.78994845360825, 33.62026632793135, -1, -1, -1, -1
178, 0, 89.22438788659797, 97.6773614635515, 67.73920747422682, 33.61854704160317, -1, -1, -1, -1
179, 0, 90.24645618556704, 97.62833977049824, 67.68846649484537, 33.616827755275, -1, -1, -1, -1
180, 0, 91.26852448453612, 97.57931807744498, 67.63772551546393, 33.61510846894682, -1, -1, -1, -1
181, 0, 92.29059278350519, 97.5302963843917, 67.5869845360825, 33.61338918261865, -1, -1, -1, -1
182, 0, 93.31266108247426, 97.48127469133843, 67.53624355670105, 33.61166989629048, -1, -1, -1, -1
183, 0, 94.33472938144334, 97.43225299828516, 67.48550257731961, 33.60995060996231, -1, -1, -1, -1
184, 0, 95.35679768041241, 97.3832313052319, 67.43476159793816, 33.60823132363414, -1, -1, -1, -1
185, 0, 96.37886597938149, 97.33420961217863, 67.38402061855672, 33.606512037305976, -1, -1, -1, -1
186, 0, 97.40093427835056, 97.28518791912535, 67.33327963917527, 33.60479275097781, -1, -1, -1, -1
187, 0, 98.42300257731964, 97.23616622607207, 67.28253865979383, 33.60307346464963, -1, -1, -1, -1
188, 0, 99.44507087628871, 97.1871445330188, 67.23179768041238, 33.60135417832146, -1, -1, -1, -1
189, 0, 100.46713917525778, 97.13812283996553, 67.18105670103094, 33.59963489199329, -1, -1, -1, -1
190, 0, 101.48920747422686, 97.08910114691227, 67.13031572164951, 33.597915605665115, -1, -1, -1, -1
191, 0, 102.51127577319593, 97.040079453859, 67.07957474226806, 33.59619631933694, -1, -1, -1, -1
192, 0, 103.53334407216501, 96.99105776080572, 67.02883376288662, 33.594477033008765, -1, -1, -1, -1
193, 0, 104.55541237113408, 96.94203606775245, 66.97809278350519, 33.59275774668059, -1, -1, -1, -1
194, 0, 105.57748067010316, 96.89301437469919, 66.92735180412375, 33.59103846035242, -1, -1, -1, -1
195, 0, 106.59954896907223, 96.84399268164591, 66.8766108247423, 33.589319174024254, -1, -1, -1, -1
196, 0, 107.6216172680413, 96.79497098859264, 66.82586984536086, 33.587599887696086, -1, -1, -1, -1
197, 0, 108.64368556701038, 96.74594929553938, 66.77512886597941, 33.58588060136792, -1, -1, -1, -1
198, 0, 109.66575386597945, 96.69692760248611, 66.72438788659797, 33.584161315039744, -1, -1, -1, -1
199, 0, 110.68782216494853, 96.64790590943284, 66.67364690721652, 33.58244202871157, -1, -1, -1, -1
200, 0, 111.7098904639176, 96.59888421637956, 66.62290592783506, 33.58072274238339, -1, -1, -1, -1
201, 0, 112.73195876288668, 96.5498625233263, 66.57216494845362, 33.57900345605521, -1, -1, -1, -1
202, 0, 113.70811855669973, 96.47680741094246, 66.54248755750697, 33.58923640348981, -1, -1, -1, -1
203, 0, 114.68427835051278, 96.40375229855863, 66.51281016656031, 33.599469350924394, -1, -1, -1, -1
204, 0, 115.66043814432584, 96.3306971861748, 66.48313277561365, 33.60970229835899, -1, -1, -1, -1
205, 0, 116.63659793813889, 96.25764207379098, 66.453455384667, 33.619935245793584, -1, -1, -1, -1
206, 0, 117.61275773195194, 96.18458696140715, 66.42377799372032, 33.63016819322819, -1, -1, -1, -1
207, 0, 118.588917525765, 96.11153184902331, 66.39410060277365, 33.64040114066279, -1, -1, -1, -1
208, 0, 119.56507731957805, 96.03847673663947, 66.36442321182699, 33.65063408809739, -1, -1, -1, -1
209, 0, 120.54123711339112, 95.96542162425564, 66.33474582088031, 33.66086703553199, -1, -1, -1, -1
210, 0, 121.51739690720417, 95.89236651187181, 66.30506842993366, 33.67109998296658, -1, -1, -1, -1
211, 0, 122.49355670101723, 95.81931139948799, 66.275391038987, 33.681332930401176, -1, -1, -1, -1
212, 0, 123.46971649483028, 95.74625628710416, 66.24571364804034, 33.69156587783577, -1, -1, -1, -1
213, 0, 124.44587628864333, 95.67320117472032, 66.21603625709368, 33.70179882527036, -1, -1, -1, -1
214, 0, 125.4220360824564, 95.60014606233648, 66.186358866147, 33.71203177270495, -1, -1, -1, -1
215, 0, 126.39819587626945, 95.52709094995265, 66.15668147520034, 33.72226472013954, -1, -1, -1, -1
216, 0, 127.37435567008251, 95.45403583756882, 66.12700408425368, 33.73249766757414, -1, -1, -1, -1
217, 0, 128.35051546389556, 95.380980725185, 66.09732669330702, 33.742730615008725, -1, -1, -1, -1
218, 0, 129.32667525770862, 95.30792561280117, 66.06764930236037, 33.75296356244333, -1, -1, -1, -1
219, 0, 130.30283505152167, 95.23487050041733, 66.03797191141369, 33.76319650987793, -1, -1, -1, -1
220, 0, 131.27899484533472, 95.16181538803349, 66.00829452046702, 33.77342945731253, -1, -1, -1, -1
221, 0, 132.25515463914778, 95.08876027564966, 65.97861712952036, 33.78366240474713, -1, -1, -1, -1
222, 0, 133.23131443296083, 95.01570516326584, 65.9489397385737, 33.79389535218172, -1, -1, -1, -1
223, 0, 134.20747422677388, 94.94265005088201, 65.91926234762704, 33.80412829961631, -1, -1, -1, -1
224, 0, 135.18363402058694, 94.86959493849818, 65.88958495668038, 33.8143612470509, -1, -1, -1, -1
225, 0, 136.1597938144, 94.79653982611434, 65.85990756573372, 33.82459419448549, -1, -1, -1, -1
226, 0, 137.1359536082158, 94.75073344045528, 65.78327052369069, 33.807578415196886, -1, -1, -1, -1
227, 0, 138.1121134020316, 94.70492705479622, 65.70663348164766, 33.79056263590829, -1, -1, -1, -1
228, 0, 139.08827319584742, 94.65912066913715, 65.62999643960462, 33.77354685661968, -1, -1, -1, -1
229, 0, 140.06443298966323, 94.61331428347809, 65.5533593975616, 33.756531077331076, -1, -1, -1, -1
230, 0, 141.04059278347904, 94.56750789781903, 65.47672235551858, 33.73951529804246, -1, -1, -1, -1
231, 0, 142.01675257729485, 94.52170151215996, 65.40008531347554, 33.72249951875385, -1, -1, -1, -1
232, 0, 142.99291237111066, 94.4758951265009, 65.32344827143251, 33.70548373946524, -1, -1, -1, -1
233, 0, 143.96907216492647, 94.43008874084184, 65.2468112293895, 33.688467960176624, -1, -1, -1, -1
234, 0, 144.94523195874228, 94.38428235518278, 65.17017418734646, 33.67145218088801, -1, -1, -1, -1
235, 0, 145.9213917525581, 94.33847596952371, 65.09353714530343, 33.654436401599405, -1, -1, -1, -1
236, 0, 146.8975515463739, 94.29266958386465, 65.0169001032604, 33.6374206223108, -1, -1, -1, -1
237, 0, 147.87371134018971, 94.24686319820559, 64.94026306121737, 33.620404843022186, -1, -1, -1, -1
238, 0, 148.84987113400553, 94.20105681254653, 64.86362601917433, 33.60338906373357, -1, -1, -1, -1
239, 0, 149.82603092782134, 94.15525042688746, 64.7869889771313, 33.58637328444497, -1, -1, -1, -1
240, 0, 150.80219072163715, 94.1094440412284, 64.71035193508827, 33.56935750515636, -1, -1, -1, -1
241, 0, 151.77835051545296, 94.06363765556934, 64.63371489304524, 33.55234172586775, -1, -1, -1, -1
242, 0, 152.75451030926877, 94.01783126991027, 64.55707785100222, 33.535325946579135, -1, -1, -1, -1
243, 0, 153.73067010308458, 93.97202488425121, 64.48044080895919, 33.51831016729053, -1, -1, -1, -1
244, 0, 154.7068298969004, 93.92621849859215, 64.40380376691616, 33.501294388001924, -1, -1, -1, -1
245, 0, 155.6829896907162, 93.88041211293309, 64.32716672487314, 33.48427860871331, -1, -1, -1, -1
246, 0, 156.659149484532, 93.83460572727402, 64.2505296828301, 33.467262829424705, -1, -1, -1, -1
247, 0, 157.63530927834782, 93.78879934161496, 64.17389264078707, 33.4502470501361, -1, -1, -1, -1
248, 0, 158.61146907216363, 93.7429929559559, 64.09725559874404, 33.433231270847486, -1, -1, -1, -1
249, 0, 159.58762886597944, 93.69718657029684, 64.02061855670101, 33.41621549155888, -1, -1, -1, -1
250, 0, 160.5734536082478, 93.61845301742318, 63.929897951761305, 33.43695935371122, -1, -1, -1, -1
251, 0, 161.5592783505162, 93.53971946454953, 63.8391773468216, 33.457703215863546, -1, -1, -1, -1
252, 0, 162.5451030927846, 93.46098591167588, 63.748456741881895, 33.478447078015876, -1, -1, -1, -1
253, 0, 163.53092783505295, 93.38225235880222, 63.65773613694219, 33.499190940168205, -1, -1, -1, -1
254, 0, 164.5167525773213, 93.30351880592856, 63.56701553200248, 33.519934802320535, -1, -1, -1, -1
255, 0, 165.5025773195897, 93.2247852530549, 63.47629492706277, 33.54067866447287, -1, -1, -1, -1
256, 0, 166.4884020618581, 93.14605170018125, 63.385574322123055, 33.56142252662521, -1, -1, -1, -1
257, 0, 167.4742268041265, 93.06731814730759, 63.294853717183344, 33.58216638877754, -1, -1, -1, -1
258, 0, 168.46005154639488, 92.98858459443393, 63.20413311224364, 33.60291025092987, -1, -1, -1, -1
259, 0, 169.44587628866324, 92.90985104156027, 63.113412507303934, 33.6236541130822, -1, -1, -1, -1
260, 0, 170.4317010309316, 92.83111748868663, 63.02269190236423, 33.64439797523454, -1, -1, -1, -1
261, 0, 171.4175257732, 92.75238393581297, 62.93197129742453, 33.66514183738687, -1, -1, -1, -1
262, 0, 172.40335051546754, 92.78526893352708, 62.65245942132894, 33.574267148950625, -1, -1, -1, -1
263, 0, 173.38917525773505, 92.81815393124117, 62.372947545233345, 33.48339246051438, -1, -1, -1, -1
264, 0, 174.37500000000256, 92.85103892895528, 62.093435669137754, 33.392517772078136, -1, -1, -1, -1
265, 0, 175.3608247422701, 92.88392392666938, 61.813923793042164, 33.30164308364189, -1, -1, -1, -1
266, 0, 176.34664948453764, 92.91680892438347, 61.53441191694657, 33.21076839520565, -1, -1, -1, -1
267, 0, 177.33247422680518, 92.94969392209758, 61.25490004085096, 33.1198937067694, -1, -1, -1, -1
268, 0, 178.3182989690727, 92.98257891981169, 60.97538816475536, 33.02901901833316, -1, -1, -1, -1
269, 0, 179.30412371134022, 93.01546391752578, 60.69587628865976, 32.93814432989691, -1, -1, -1, -1
270, 0, 180.22036082474392, 92.88897852752163, 59.77963917525602, 32.96604724567463, -1, -1, -1, -1
271, 0, 181.13659793814764, 92.76249313751748, 58.86340206185228, 32.99395016145235, -1, -1, -1, -1
272, 0, 182.05283505155137, 92.63600774751333, 57.94716494844853, 33.02185307723007, -1, -1, -1, -1
273, 0, 182.9690721649551, 92.50952235750917, 57.03092783504479, 33.04975599300779, -1, -1, -1, -1
274, 0, 183.88530927835882, 92.383036967505, 56.114690721641054, 33.077658908785516, -1, -1, -1, -1
275, 0, 184.8015463917625, 92.25655157750086, 55.198453608237315, 33.10556182456324, -1, -1, -1, -1
276, 0, 185.7177835051662, 92.13006618749671, 54.28221649483358, 33.13346474034096, -1, -1, -1, -1
277, 0, 186.63402061856993, 92.00358079749256, 53.36597938142984, 33.161367656118685, -1, -1, -1, -1
278, 0, 187.55025773197366, 91.87709540748841, 52.4497422680261, 33.18927057189641, -1, -1, -1, -1
279, 0, 188.46649484537735, 91.75061001748426, 51.53350515462236, 33.21717348767413, -1, -1, -1, -1
280, 0, 189.38273195878105, 91.62412462748011, 50.61726804121862, 33.245076403451854, -1, -1, -1, -1
281, 0, 190.29896907218478, 91.49763923747595, 49.701030927814884, 33.27297931922958, -1, -1, -1, -1
282, 0, 191.2152061855885, 91.37115384747179, 48.78479381441114, 33.30088223500729, -1, -1, -1, -1
283, 0, 192.13144329899222, 91.24466845746764, 47.86855670100739, 33.328785150785016, -1, -1, -1, -1
284, 0, 193.04768041239595, 91.11818306746349, 46.952319587603654, 33.35668806656274, -1, -1, -1, -1
285, 0, 193.96391752579964, 90.99169767745934, 46.03608247419991, 33.384590982340455, -1, -1, -1, -1
286, 0, 194.8801546392006, 90.97937178625936, 45.11984536079896, 33.29833439931338, -1, -1, -1, -1
287, 0, 195.79639175260155, 90.96704589505939, 44.20360824739801, 33.21207781628631, -1, -1, -1, -1
288, 0, 196.71262886600252, 90.95472000385939, 43.28737113399706, 33.12582123325924, -1, -1, -1, -1
289, 0, 197.62886597940349, 90.94239411265941, 42.371134020596116, 33.039564650232165, -1, -1, -1, -1
290, 0, 198.54510309280445, 90.93006822145944, 41.45489690719518, 32.95330806720509, -1, -1, -1, -1
291, 0, 199.46134020620542, 90.91774233025946, 40.53865979379424, 32.86705148417802, -1, -1, -1, -1
292, 0, 200.37757731960636, 90.90541643905948, 39.6224226803933, 32.78079490115095, -1, -1, -1, -1
293, 0, 201.29381443300733, 90.8930905478595, 38.70618556699236, 32.694538318123875, -1, -1, -1, -1
294, 0, 202.2100515464083, 90.88076465665952, 37.78994845359142, 32.6082817350968, -1, -1, -1, -1
295, 0, 203.12628865980923, 90.86843876545953, 36.87371134019048, 32.52202515206973, -1, -1, -1, -1
296, 0, 204.0425257732102, 90.85611287425955, 35.95747422678954, 32.43576856904266, -1, -1, -1, -1
297, 0, 204.95876288661117, 90.84378698305957, 35.041237113388604, 32.349511986015585, -1, -1, -1, -1
298, 0, 205.87500000001214, 90.8314610918596, 34.12499999998766, 32.26325540298851, -1, -1, -1, -1
299, 0, 206.7912371134131, 90.81913520065962, 33.20876288658671, 32.17699881996144, -1, -1, -1, -1
300, 0, 207.70747422681404, 90.80680930945962, 32.292525773185766, 32.09074223693437, -1, -1, -1, -1
301, 0, 208.623711340215, 90.79448341825965, 31.37628865978482, 32.004485653907295, -1, -1, -1, -1
302, 0, 209.53994845361598, 90.78215752705967, 30.460051546383873, 31.918229070880223, -1, -1, -1, -1
303, 0, 210.45618556701692, 90.76983163585969, 29.543814432982927, 31.83197248785315, -1, -1, -1, -1
304, 0, 211.37242268041788, 90.75750574465971, 28.62757731958198, 31.745715904826078, -1, -1, -1, -1
305, 0, 212.28865979381885, 90.74517985345973, 27.711340206181035, 31.659459321799005, -1, -1, -1, -1
306, 0, 213.20489690721982, 90.73285396225975, 26.795103092780096, 31.573202738771933, -1, -1, -1, -1
307, 0, 214.1211340206208, 90.72052807105976, 25.87886597937916, 31.486946155744864, -1, -1, -1, -1
308, 0, 215.03737113402173, 90.70820217985978, 24.962628865978225, 31.400689572717795, -1, -1, -1, -1
309, 0, 215.9536082474227, 90.6958762886598, 24.046391752577286, 31.314432989690722, -1, -1, -1, -1
310, 0, 216.76546391752578, 90.86984536082475, 23.234536082474193, 31.082474226804123, -1, -1, -1, -1
311, 0, 217.5773195876289, 91.0438144329897, 22.422680412371097, 30.850515463917528, -1, -1, -1, -1
312, 0, 218.38917525773198, 91.21778350515464, 21.610824742268, 30.618556701030933, -1, -1, -1, -1
313, 0, 219.20103092783506, 91.3917525773196, 20.79896907216491, 30.386597938144334, -1, -1, -1, -1
314, 0, 220.01288659793815, 91.56572164948454, 19.987113402061816, 30.154639175257735, -1, -1, -1, -1
315, 0, 220.82474226804123, 91.73969072164948, 19.175257731958723, 29.922680412371136, -1, -1, -1, -1
316, 0, 221.63659793814435, 91.91365979381443, 18.36340206185563, 29.690721649484537, -1, -1, -1, -1
317, 0, 222.44845360824743, 92.08762886597938, 17.55154639175254, 29.45876288659794, -1, -1, -1, -1
318, 0, 223.27480670102898, 92.13978641824951, 16.725193298970982, 28.768718736393147, -1, -1, -1, -1
319, 0, 224.10115979381055, 92.19194397051965, 15.898840206189421, 28.078674586188356, -1, -1, -1, -1
320, 0, 224.92751288659213, 92.24410152278978, 15.07248711340786, 27.388630435983565, -1, -1, -1, -1
321, 0, 225.7538659793737, 92.2962590750599, 14.2461340206263, 26.698586285778774, -1, -1, -1, -1
322, 0, 226.58021907215527, 92.34841662733001, 13.419780927844723, 26.008542135573983, -1, -1, -1, -1
323, 0, 227.40657216493685, 92.40057417960014, 12.593427835063146, 25.31849798536919, -1, -1, -1, -1
324, 0, 228.23292525771842, 92.45273173187027, 11.767074742281569, 24.6284538351644, -1, -1, -1, -1
325, 0, 229.0592783505, 92.5048892841404, 10.940721649499993, 23.938409684959606, -1, -1, -1, -1
326, 0, 229.88563144328543, 92.91664925764347, 10.114368556714556, 22.888763113514912, -1, -1, -1, -1
327, 0, 230.71198453607087, 93.32840923114654, 9.28801546392912, 21.839116542070222, -1, -1, -1, -1
328, 0, 231.5383376288563, 93.7401692046496, 8.461662371143685, 20.78946997062553, -1, -1, -1, -1
329, 0, 232.36469072164175, 94.15192917815267, 7.63530927835825, 19.739823399180835, -1, -1, -1, -1
330, 0, 233.1910438144272, 94.56368915165574, 6.808956185572802, 18.690176827736142, -1, -1, -1, -1
331, 0, 234.01739690721263, 94.9754491251588, 5.982603092787355, 17.64053025629145, -1, -1, -1, -1
332, 0, 234.84374999999807, 95.38720909866188, 5.156250000001908, 16.590883684846755, -1, -1, -1, -1
333, 0, 235.6701030927835, 95.79896907216495, 4.32989690721646, 15.541237113402063, -1, -1, -1, -1
334, 0, 235.6701030927835, 95.79896907216495, 4.32989690721646, 15.541237113402063, -1, -1, -1, -1
335, 0, 235.6701030927835, 95.79896907216495, 4.32989690721646, 15.541237113402063, -1, -1, -1, -1
336, 0, 235.6701030927835, 95.79896907216495, 4.32989690721646, 15.541237113402063, -1, -1, -1, -1
