1, 1581958551959539936
2, 1581958552002606936
3, 1581958552045673936
4, 1581958552088740936
5, 1581958552131807936
6, 1581958552174875936
7, 1581958552217942936
8, 1581958552261009936, 0, 236.13402061855672, 71.90721649484536, 3.865979381443264, 9.974226804123711
9, 1581958552304076936, 0, 233.38917525773198, 71.21134020618557, 6.610824742267994, 11.597938144329902
10, 1581958552347143936, 0, 230.64432989690724, 70.51546391752578, 9.355670103092734, 13.221649484536087
11, 1581958552390211936, 0, 227.89948453608247, 69.81958762886597, 12.100515463917503, 14.845360824742272
12, 1581958552433278936, 0, 225.15463917525773, 69.12371134020619, 14.845360824742244, 16.469072164948457
13, 1581958552476345936, 0, 222.409793814433, 68.4278350515464, 17.590206185566984, 18.092783505154642
14, 1581958552519412936, 0, 219.66494845360825, 67.7319587628866, 20.335051546391718, 19.716494845360824
15, 1581958552562479936, 0, 215.99967297718842, 64.81486114464141, 24.00032702281158, 23.78883089145266
16, 1581958552605547936, 0, 213.46142912699042, 64.79584485106594, 26.538570873009206, 24.158063022681034
17, 1581958552648614936, 0, 210.92318527679242, 64.77682855749046, 29.076814723206834, 24.52729515390941
18, 1581958552691681936, 0, 208.3595272495607, 64.96007190787435, 31.640472750438676, 24.962608504546495
19, 1581958552734748936, 0, 205.79586922232897, 65.14331525825824, 34.204130777670514, 25.397921855183597
20, 1581958552777815936, 0, 203.23221119509725, 65.32655860864213, 36.76778880490235, 25.8332352058207
21, 1581958552820883936, 0, 200.66855316786553, 65.50980195902603, 39.33144683213422, 26.268548556457773
22, 1581958552863950936, 0, 198.1048951406338, 65.69304530940992, 41.89510485936606, 26.70386190709486
23, 1581958552907017936, 0, 195.54123711340208, 65.87628865979381, 44.4587628865979, 27.13917525773196
24, 1581958552950084936, 0, 193.3376288659732, 65.87628865979468, 46.662371134026785, 27.39141808468453
25, 1581958552993151936, 0, 191.1340206185443, 65.87628865979556, 48.86597938145567, 27.6436609116371
26, 1581958553036219936, 0, 188.9304123711154, 65.87628865979643, 51.06958762888456, 27.895903738589666
27, 1581958553079286936, 0, 186.72680412368652, 65.8762886597973, 53.27319587631348, 28.14814656554225
28, 1581958553122353936, 0, 184.52319587625763, 65.87628865979816, 55.47680412374237, 28.400389392494816
29, 1581958553165420936, 0, 182.31958762882874, 65.87628865979904, 57.68041237117126, 28.652632219447383
30, 1581958553208487936, 0, 180.11597938139985, 65.87628865979991, 59.88402061860014, 28.90487504639995
31, 1581958553251555936, 0, 177.91237113400004, 65.8762886598, 62.087628865999946, 29.157117873400008
32, 1581958553294622936, 0, 175.70876288658764, 65.87628865979684, 63.75000000001023, 29.40936070034647
33, 1581958553337689936, 0, 173.5051546391752, 65.8762886597937, 65.41237113402052, 29.661603527292925
34, 1581958553380756936, 0, 172.07771609829996, 65.96550356859979, 64.13865552612972, 29.610314437600014
35, 1581958553423823936, 0, 169.94737221541942, 66.0547184774, 64.2854648404, 29.5590253479
36, 1581958553466891936, 0, 168.46468171519047, 66.12348836803642, 64.43227415465998, 29.507736258159994
37, 1581958553509958936, 0, 166.98199121496148, 66.19225825867284, 64.57908346892, 29.45644716842
38, 1581958553553025936, 0, 165.49930071473253, 66.26102814930924, 64.72589278317997, 29.405158078680003
39, 1581958553596092936, 0, 164.01661021450354, 66.32979803994566, 64.87270209744, 29.353868988940008
40, 1581958553639159936, 0, 162.5339197142746, 66.39856793058208, 65.0195114117, 29.3025798992
41, 1581958553682227936, 0, 160.96637770735344, 66.53889538479103, 65.16632072595002, 29.251290809449998
42, 1581958553725294936, 0, 159.3988357004323, 66.67922283899999, 65.3131300402, 29.2000017197
43, 1581958553768361936, 0, 158.67444220594138, 66.76843774780025, 65.45993935441757, 29.148712630000087
44, 1581958553811428936, 0, 157.43244600671005, 66.8576526566091, 65.98532039435398, 29.097423540274974
45, 1581958553854495936, 0, 156.19044980747876, 66.94686756541795, 66.51070143429038, 29.046134450549857
46, 1581958553897563936, 0, 154.94845360824743, 67.0360824742268, 67.0360824742268, 28.994845360824744
47, 1581958553940630936, 0, 154.08644570366008, 67.04972710733591, 67.04530080937866, 29.0494238932708
48, 1581958553983697936, 0, 153.22443779907275, 67.06337174044502, 67.05451914453053, 29.10400242571687
49, 1581958554026764936, 0, 152.3624298944854, 67.07701637355413, 67.0637374796824, 29.15858095816293
50, 1581958554069831936, 0, 151.50042198989803, 67.09066100666323, 67.07295581483427, 29.213159490609
51, 1581958554112899936, 0, 150.6384140853107, 67.10430563977233, 67.08217414998612, 29.267738023055074
52, 1581958554155966936, 0, 149.77640618072334, 67.11795027288144, 67.09139248513802, 29.322316555501132
53, 1581958554199033936, 0, 148.914398276136, 67.13159490599055, 67.10061082028986, 29.37689508794719
54, 1581958554242100936, 0, 148.05239037154865, 67.14523953909966, 67.10982915544173, 29.431473620393263
55, 1581958554285167936, 0, 147.1903824669613, 67.15888417220877, 67.1190474905936, 29.48605215283932
56, 1581958554328235936, 0, 146.32837456237397, 67.17252880531787, 67.12826582574547, 29.540630685285393
57, 1581958554371302936, 0, 145.4663666577866, 67.18617343842698, 67.13748416089734, 29.59520921773145
58, 1581958554414369936, 0, 144.60435875319925, 67.19981807153609, 67.14670249604922, 29.649787750177524
59, 1581958554457436936, 0, 143.74235084861192, 67.2134627046452, 67.15592083120106, 29.70436628262358
60, 1581958554500503936, 0, 142.88034294402456, 67.2271073377543, 67.16513916635296, 29.75894481506964
61, 1581958554543571936, 0, 142.0183350394372, 67.24075197086341, 67.17435750150483, 29.813523347515712
62, 1581958554586638936, 0, 141.15632713484987, 67.25439660397251, 67.18357583665667, 29.868101879961785
63, 1581958554629705936, 0, 140.29431923026252, 67.26804123708162, 67.19279417180854, 29.922680412407843
64, 1581958554672772936, 0, 139.4323113256752, 67.28168587019073, 67.20201250696041, 29.977258944853915
65, 1581958554715839936, 0, 138.57030342108783, 67.29533050329984, 67.21123084211227, 30.031837477299973
66, 1581958554758907936, 0, 137.5722464246299, 67.30897513641318, 67.32071948734725, 30.086416009741143
67, 1581958554801974936, 0, 136.57418942817193, 67.32261976952653, 67.43020813258221, 30.140994542182312
68, 1581958554845041936, 0, 135.576132431714, 67.33626440263987, 67.53969677781717, 30.195573074623482
69, 1581958554888108936, 0, 134.57807543525607, 67.34990903575321, 67.6491854230521, 30.25015160706465
70, 1581958554931175936, 0, 133.5800184387981, 67.36355366886656, 67.75867406828709, 30.30473013950582
71, 1581958554974243936, 0, 132.58196144234017, 67.3771983019799, 67.86816271352205, 30.35930867194699
72, 1581958555017310936, 0, 131.5839044458822, 67.39084293509325, 67.97765135875702, 30.41388720438816
73, 1581958555060377936, 0, 130.58584744942428, 67.40448756820659, 68.08714000399198, 30.468465736829316
74, 1581958555103444936, 0, 129.58779045296635, 67.41813220131993, 68.19662864922691, 30.523044269270486
75, 1581958555146511936, 0, 128.58973345650838, 67.43177683443328, 68.3061172944619, 30.577622801711655
76, 1581958555189579936, 0, 127.59167646005045, 67.44542146754662, 68.41560593969686, 30.632201334152825
77, 1581958555232646936, 0, 126.5936194635925, 67.45906610065997, 68.52509458493181, 30.686779866593994
78, 1581958555275713936, 0, 125.59556246713456, 67.47271073377331, 68.63458323016678, 30.741358399035164
79, 1581958555318780936, 0, 124.59750547067662, 67.48635536688666, 68.74407187540172, 30.795936931476334
80, 1581958555361847936, 0, 123.59944847421868, 67.5, 68.85356052063669, 30.850515463917507
81, 1581958555404915936, 0, 122.0362624720913, 67.55271790065714, 68.95018874439123, 30.810226546873395
82, 1581958555447982936, 0, 120.47307646996391, 67.60543580131429, 69.04681696814573, 30.769937629829286
83, 1581958555491049936, 0, 118.90989046783653, 67.65815370197143, 69.14344519190027, 30.729648712785178
84, 1581958555534116936, 0, 117.34670446570915, 67.71087160262857, 69.24007341565478, 30.689359795741083
85, 1581958555577183936, 0, 115.78351846358177, 67.76358950328571, 69.33670163940931, 30.649070878696975
86, 1581958555620251936, 0, 114.2203324614544, 67.81630740394286, 69.4333298631638, 30.608781961652866
87, 1581958555663318936, 0, 112.65714645932701, 67.8690253046, 69.52995808691836, 30.568493044608758
88, 1581958555706385936, 0, 111.09396045719964, 67.92174320525714, 69.62658631067288, 30.52820412756465, 1, 0, 102.0618556701031, 4.871134020618557, 21.572164948453608
89, 1581958555749452936, 0, 109.53077445507226, 67.97446110591429, 69.72321453442738, 30.48791521052054, 1, 0.0, 99.97503810488219, 9.537608307063904, 26.13379688217401
90, 1581958555792519936, 0, 107.96758845294488, 68.02717900657143, 69.81984275818192, 30.447626293476432, 1, 0.0, 97.88822053966129, 14.20408259350925, 30.695428815894388
91, 1581958555835587936, 0, 106.4044024508175, 68.07989690722857, 69.91647098193643, 30.407337376432338, 1, 0.0, 95.80140297444038, 18.8705568799546, 35.257060749614794
92, 1581958555878654936, 0, 104.84121644869012, 68.13261480788572, 70.01309920569096, 30.36704845938823, 1, 0, 93.71458540921947, 23.53703116639994, 39.818692683335215
93, 1581958555921721936, 0, 103.27803044656274, 68.18533270854286, 70.10972742944547, 30.32675954234412, 1, 0.0, 93.46358360424293, 28.203505452821524, 40.970952490920325
94, 1581958555964788936, 0, 101.71484444443536, 68.2380506092, 70.2063556532, 30.286470625300005, 1, 0, 93.21258179926639, 32.86997973924311, 42.12321229850547
95, 1581958556007855936, 0, 99.81792514778336, 68.29076850985415, 70.09589181563574, 30.24618170826352, 1, 2.8716495510055123e-16, 93.05569586823289, 38.040531936898375, 42.10282660582429
96, 1581958556050923936, 0, 97.92100585113135, 68.3434864105083, 69.98542797807147, 30.205892791227, 1, 5.743299102011025e-16, 92.89880993719939, 43.21108413455365, 42.082440913143074
97, 1581958556093990936, 0, 96.02408655447934, 68.39620431116245, 69.87496414050722, 30.16560387419051, 1, 8.614948653016537e-16, 92.7419240061659, 48.38163633220892, 42.06205522046187
98, 1581958556137057936, 0, 94.12716725782734, 68.44892221181661, 69.76450030294292, 30.12531495715399, 1, 1.148659820402205e-15, 92.5850380751324, 53.552188529864196, 42.041669527780655
99, 1581958556180124936, 0, 92.23024796117534, 68.50164011247075, 69.65403646537865, 30.085026040117498, 1, 1.4358247755027561e-15, 92.4281521440989, 58.722740727519465, 42.02128383509946
100, 1581958556223191936, 0, 90.33332866452332, 68.5543580131249, 69.5435726278144, 30.044737123081006, 1, 1.076868581627067e-15, 92.46026912369899, 64.04765902468941, 41.99825478807452
101, 1581958556266259936, 0, 88.43640936787132, 68.60707591377906, 69.43310879025013, 30.004448206044486, 1, 7.1791238775137805e-16, 92.49238610329907, 69.37257732185937, 41.975225741049556
102, 1581958556309326936, 0, 86.53949007121932, 68.6597938144332, 69.32264495268585, 29.964159289007995, 1, 3.589561938756891e-16, 92.52450308289914, 74.69749561902933, 41.95219669402459
103, 1581958556352393936, 0, 83.91185387378935, 68.78469468674993, 69.80820100238937, 29.997407067388423, 1, 0, 92.55662006249923, 80.02241391619927, 41.92916764699964
104, 1581958556395460936, 0, 81.28421767635939, 68.90959555906667, 70.2937570520929, 30.030654845768822, 1, 0.46525782147760003, 92.58873704209971, 84.88207439192198, 41.9061385999998
105, 1581958556438527936, 0, 78.65658147892941, 69.03449643138342, 70.77931310179645, 30.063902624149236, 1, 5.14794769540552, 92.62085402170526, 85.52430281512707, 41.88310955300035
106, 1581958556481595936, 0, 76.02894528149945, 69.15939730370015, 71.26486915149997, 30.097150402529664, 1, 9.83063756933344, 92.6529710013108, 86.16653123833215, 41.86008050600093
107, 1581958556524662936, 0, 74.13494564440879, 69.26158892650008, 70.52134173097807, 30.006576708622234, 1, 15.307643695319726, 92.49156800028248, 86.26846634394157, 41.9026753822458
108, 1581958556567729936, 0, 72.24094600731813, 69.36378054930003, 69.77781431045621, 29.91600301471479, 1, 20.78464982130601, 92.33016499925418, 86.370401449551, 41.94527025849064
109, 1581958556610796936, 0, 70.34694637022747, 69.46597217209998, 69.03428688993435, 29.825429320807345, 1, 26.261655947292294, 92.16876199822586, 86.47233655516042, 41.987865134735515
110, 1581958556653863936, 0, 68.45294673313681, 69.56816379489992, 68.29075946941246, 29.734855626899915, 1, 31.73866207327858, 92.00735899719754, 86.57427166076987, 42.03046001098039
111, 1581958556696931936, 0, 65.79011781838855, 69.6703554177141, 68.67484832282489, 29.644281933006297, 1, 37.21566819926487, 91.84595599616924, 86.67620676637928, 42.073054887225226
112, 1581958556739998936, 0, 63.127288903640306, 69.7725470405283, 69.05893717623732, 29.55370823911268, 1, 42.69267432525115, 91.68455299514092, 86.77814187198871, 42.1156497634701
113, 1581958556783065936, 0, 60.46445998889205, 69.87473866334248, 69.44302602964973, 29.463134545219063, 1, 48.16968045123743, 91.5231499941126, 86.88007697759812, 42.15824463971498
114, 1581958556826132936, 0, 57.8016310741438, 69.97693028615666, 69.82711488306215, 29.37256085132546, 1, 53.64668657722372, 91.3617469930843, 86.98201208320755, 42.200839515959814
115, 1581958556869199936, 0, 55.138802159395546, 70.07912190897085, 70.21120373647457, 29.281987157431843, 1, 59.123692703210004, 91.20034399205598, 87.083947188817, 42.24343439220469
116, 1581958556912267936, 0, 52.47597324464729, 70.18131353178504, 70.595292589887, 29.191413463538225, 1, 64.60069882919629, 91.03894099102766, 87.18588229442642, 42.28602926844957
117, 1581958556955334936, 0, 49.81314432989904, 70.28350515459923, 70.97938144329942, 29.100839769644615, 1, 70.07770495518258, 90.87753798999935, 87.28781740003583, 42.3286241446944
118, 1581958556998401936, 0, 47.46456185567188, 70.28350515460588, 70.51546391752615, 29.083174034841306, 1, 75.55471108116885, 90.71613498897104, 87.38975250564528, 42.37121902093928
119, 1581958557041468936, 0, 45.115979381444724, 70.28350515461254, 70.05154639175288, 29.06550830003799, 1, 81.03171720715514, 90.55473198794272, 87.49168761125472, 42.413813897184156
120, 1581958557084535936, 0, 42.76739690721756, 70.2835051546192, 69.58762886597962, 29.047842565234674, 1, 86.50872333314143, 90.39332898691441, 87.59362271686413, 42.45640877342899
121, 1581958557127603936, 0, 40.4188144329904, 70.28350515462586, 69.12371134020634, 29.03017683043136, 1, 91.98572945912773, 90.2319259858861, 87.69555782247356, 42.499003649673874
122, 1581958557170670936, 0, 38.070231958763245, 70.28350515463251, 68.65979381443307, 29.012511095628057, 1, 99.34182135604297, 90.63742771906942, 85.24928356169995, 42.74624029403471
123, 1581958557213737936, 0, 35.72164948453609, 70.28350515463917, 68.1958762886598, 28.994845360824744, 1, 104.42661443029967, 90.39398693139975, 85.84893244991622, 42.66900567799993
124, 1581958557256804936, 0, 33.312846946872476, 70.35487708168523, 67.99004658705564, 28.994845360822268, 1, 109.88629035361585, 90.2061044241398, 85.48924571387296, 42.51017925041995
125, 1581958557299871936, 0, 30.90404440920886, 70.4262490087313, 67.7842168854515, 28.994845360819795, 1, 115.34596627693203, 90.01822191687984, 85.12955897782972, 42.35135282283997
126, 1581958557342939936, 0, 28.49524187154525, 70.49762093577738, 67.57838718384734, 28.99484536081731, 1, 120.80564220024823, 89.8303394096199, 84.76987224178649, 42.192526395259975
127, 1581958557386006936, 0, 26.086439333881636, 70.56899286282344, 67.3725574822432, 28.994845360814836, 1, 126.26531812356441, 89.64245690235994, 84.41018550574324, 42.03369996767999
128, 1581958557429073936, 0, 23.677636796218025, 70.6403647898695, 67.16672778063904, 28.994845360812377, 1, 131.7249940468806, 89.45457439509998, 84.0504987697, 41.8748735401
129, 1581958557472140936, 0, 21.268834258554413, 70.71173671691557, 66.96089807903488, 28.99484536080989, 1, 136.8683625662706, 89.266691887825, 83.69081203366116, 41.7160471125014
130, 1581958557515207936, 0, 18.8600317208908, 70.78310864396164, 66.75506837743073, 28.994845360807403, 1, 142.01173108566059, 89.07880938055004, 83.33112529762235, 41.557220684902774
131, 1581958557558275936, 0, 16.451229183227188, 70.8544805710077, 66.54923867582659, 28.99484536080493, 1, 147.15509960505057, 88.89092687327506, 82.97143856158354, 41.39839425730413
132, 1581958557601342936, 0, 14.042426645563577, 70.92585249805376, 66.34340897422241, 28.994845360802472, 1, 152.29846812444057, 88.70304436600009, 82.61175182554472, 41.239567829705514
133, 1581958557644409936, 0, 11.63362410789996, 70.99722442509983, 66.13757927261827, 28.99484536079998, 1, 157.97647070708658, 88.41414680349979, 81.40765651812289, 41.22909015039992
134, 1581958557687476936, 0, 9.224821570215111, 71.06859635212842, 66.30952678129938, 28.99484536080824, 1, 163.02966854119998, 88.12524924100002, 76.97033145879999, 41.2186124710999
135, 1581958557730543936, 0, 6.816019032530261, 71.139968279157, 66.48147428998048, 28.994845360816498, 1, 168.08286637529028, 87.83635167850001, 71.75960829075001, 41.20813479184996
136, 1581958557773611936, 0, 4.407216494845411, 71.2113402061856, 66.6534217986616, 28.99484536082475, 1, 173.13606420938058, 87.547454116, 66.5488851227, 41.1976571126
137, 1581958557816678936, 0, 2.4595894611292906, 71.38189219984268, 66.64270585908952, 28.909751858762334, 1, 177.46683155297976, 87.25855655349967, 62.533168447020216, 41.187179433299846
138, 1581958557859745936, 0, 0.51196242741317, 71.55244419349977, 66.63198991951742, 28.8246583566999, 1, 182.24277227991752, 86.96965899100549, 57.75722772008231, 41.17670175400782
139, 1581958557902812936, 0, 0.255981213706585, 71.72299618714987, 64.59825798361696, 28.739564854649956, 1, 187.01871300685528, 86.6807614285113, 52.98128699314441, 41.166224074715785
140, 1581958557945879936, 0, 0, 71.8935481808, 62.56452604771652, 28.654471352599987, 1, 191.79465373379304, 86.3918638660171, 48.205346266206504, 41.15574639542376
141, 1581958557988947936, 0, 0.0, 72.06410017445, 59.39126378683102, 28.569377850550026, 1, 196.57059446073077, 86.10296630352292, 43.42940553926866, 41.145268716131724
142, 1581958558032014936, 0, 0, 72.2346521681, 56.218001525945525, 28.484284348500086, 1, 201.34653518766854, 85.81406874102873, 38.65346481233075, 41.1347910368397
143, 1581958558075081936, 0, 5.675898936659782e-15, 72.40520416175286, 53.96012250534499, 28.3991908464221, 1, 206.1224759146063, 85.52517117853455, 33.877524085392864, 41.124313357547656
144, 1581958558118148936, 0, 1.1351797873319565e-14, 72.57575615540574, 51.70224348474446, 28.314097344344106, 1, 210.17788068087037, 85.7999258113562, 29.822119319128547, 40.30263142522
145, 1581958558161215936, 0, 1.7027696809979345e-14, 72.74630814905862, 49.44436446414393, 28.22900384226611, 1, 214.23328544713448, 86.07468044417787, 25.766714552864187, 39.480949492892336
146, 1581958558204283936, 0, 2.270359574663913e-14, 72.91686014271149, 47.1864854435434, 28.143910340188132, 1, 218.28869021339855, 86.34943507699953, 21.711309786599895, 38.659267560564665
147, 1581958558247350936, 0, 1.7027696809979345e-14, 73.10090972966722, 45.12297585695754, 28.045319244832484, 1, 222.34409497964856, 86.12716876261563, 17.655905020349905, 36.63591866538418
148, 1581958558290417936, 0, 1.1351797873319565e-14, 73.28495931662297, 43.059466270371665, 27.946728149476826, 1, 226.39949974589854, 85.90490244823172, 13.600500254099927, 34.612569770203685
149, 1581958558333484936, 0, 5.675898936659784e-15, 73.46900890357871, 40.9959566837858, 27.848137054121167, 1, 230.45490451210014, 85.76080494401104, 9.54509548789984, 30.16803425798895
150, 1581958558376551936, 0, 0, 73.65305849053445, 38.93244709719994, 27.74954595876552, 1, 234.51030927835052, 87.44845360824743, 5.48969072164945, 23.89175257731959
151, 1581958558419619936, 0, 4.781014481732013e-15, 73.81711267200001, 35.265888448674154, 27.6709502689
152, 1581958558462686936, 0, 1.132129039223068e-14, 73.98116685343582, 33.155195251430186, 27.592354579064178
153, 1581958558505753936, 0, 1.786156630272935e-14, 74.14522103487164, 31.044502054186218, 27.51375888922837
154, 1581958558548820936, 0, 5.602285502620941e-15, 74.74223653149946, 28.218951757677612, 27.002201884200794
155, 1581958558591887936, 0, 3.734857001747294e-15, 75.55862838236759, 25.853929765971248, 26.13596370567626
156, 1581958558634955936, 0, 1.867428500873647e-15, 76.3750202332357, 23.488907774264884, 25.269725527151735
157, 1581958558678022936, 0, 0, 77.19141208410383, 21.12388578255852, 24.403487348627216
158, 1581958558721089936, 0, 9.251830099726988e-17, 77.66168660451866, 18.897310723026795, 23.35369575994571
159, 1581958558764156936, 0, 1.8503660199453976e-16, 78.1319611249335, 16.67073566349507, 22.303904171264207
160, 1581958558807223936, 0, 2.7755490299180966e-16, 78.60223564534833, 14.444160603963343, 21.254112582582707
161, 1581958558850291936, 0, 3.700732039890795e-16, 79.07251016576316, 12.217585544431618, 20.204320993901206
162, 1581958558893358936, 0, 4.625915049863494e-16, 79.542784686178, 9.991010484899892, 19.15452940521972
163, 1581958558936425936, 0, 5.551098059836193e-16, 80.01305920659283, 7.764435425368165, 18.10473781653822
164, 1581958558979492936, 0, 6.476281069808892e-16, 80.48333372700766, 5.53786036583644, 17.054946227856718
165, 1581958559022559936, 0, 7.40146407978159e-16, 80.9536082474225, 3.311285306304712, 16.00515463917522
166, 1581958559065627936
167, 1581958559108694936
168, 1581958559151761936
169, 1581958559194828936
170, 1581958559237895936
171, 1581958559280963936
172, 1581958559324030936, 2, 0, 117.83505154639175, 1.6237113402061851, 9.974226804123711
173, 1581958559367097936, 2, 0.0, 114.45340738531692, 3.8969072165030605, 14.933190552840784
174, 1581958559410164936, 2, 0, 111.07176322424209, 6.170103092799936, 19.89215430155788
175, 1581958559453231936, 2, 0, 109.6471390427163, 8.443298969099956, 22.89409807068358
176, 1581958559496299936, 2, 0.0, 109.21789941826538, 10.71649484537472, 24.900657282764456
177, 1581958559539366936, 2, 0, 108.78865979381443, 12.989690721649485, 26.90721649484536
178, 1581958559582433936, 2, 0, 108.35373711339989, 15.657216494799941, 30.11099721390854
179, 1581958559625500936, 2, 0.0, 107.91881443298783, 18.324742268002307, 30.779971102348696
180, 1581958559668567936, 2, 0.0, 107.48389175257577, 20.99226804120467, 31.448944990788874
181, 1581958559711635936, 2, 0.0, 107.04896907216371, 23.65979381440704, 32.11791887922902
182, 1581958559754702936, 2, 0.0, 106.61404639175164, 26.327319587609402, 32.786892767669215
183, 1581958559797769936, 2, 0.0, 106.17912371133959, 28.994845360811766, 33.455866656109364
184, 1581958559840836936, 2, 0.0, 105.74420103092753, 31.66237113401413, 34.12484054454954
185, 1581958559883903936, 2, 0, 105.30927835051547, 34.329896907216494, 34.79381443298969
186, 1581958559926971936, 2, 0.0, 105.141317743522, 37.188333317375466, 34.994912006109814
187, 1581958559970038936, 2, 0.0, 104.9733571365285, 40.04676972753444, 35.19600957922995
188, 1581958560013105936, 2, 0.0, 104.80539652953503, 42.90520613769341, 35.397107152350074
189, 1581958560056172936, 2, 0.0, 104.63743592254156, 45.763642547852385, 35.598204725470225
190, 1581958560099239936, 2, 0.0, 104.46947531554808, 48.62207895801136, 35.79930229859035
191, 1581958560142307936, 2, 0.0, 104.30151470855459, 51.48051536817032, 36.000399871710485
192, 1581958560185374936, 2, 0, 104.13355410156112, 54.338951778329296, 36.2014974448306
193, 1581958560228441936, 2, 0.010105350635351201, 104.1295748276097, 57.519151518472135, 36.621189278697216
194, 1581958560271508936, 2, 0.020210701270702403, 104.12559555365829, 60.69935125861497, 37.040881112563824
195, 1581958560314575936, 2, 0.030316051906053604, 104.12161627970688, 63.8795509987578, 37.46057294643042
196, 1581958560357643936, 2, 0.040421402541404805, 104.11763700575547, 67.05975073890065, 37.880264780297026
197, 1581958560400710936, 2, 0.050526753176756006, 104.11365773180405, 70.23995047904347, 38.29995661416362
198, 1581958560443777936, 2, 0.025263376588378003, 104.22888706983026, 73.50889910272804, 38.20182096143172
199, 1581958560486844936, 2, 0, 104.34411640785648, 76.77784772641263, 38.103685308699816
200, 1581958560529911936, 2, 0, 104.35655870490001, 80.41203594130027, 38.00554965599999
201, 1581958560572979936, 2, 2.7835051546391756, 104.36900100193455, 81.26271900157798, 37.90741400325774
202, 1581958560616046936, 2, 5.567010309278351, 104.38144329896907, 82.11340206185568, 37.80927835051546
203, 1581958560659113936, 2, 8.95360824743377, 104.33505154640184, 82.10279828273545, 37.9020618556616
204, 1581958560702180936, 2, 12.340206185589189, 104.28865979383461, 82.09219450361525, 37.99484536080773
205, 1581958560745247936, 2, 15.72680412374461, 104.24226804126738, 82.081590724495, 38.08762886595389
206, 1581958560788315936, 2, 19.11340206190003, 104.19587628870015, 82.07098694537478, 38.180412371100026
207, 1581958560831382936, 2, 22.500000000036966, 104.1494845361161, 82.34867468815597, 38.27319587626032
208, 1581958560874449936, 2, 25.886597938173903, 104.10309278353206, 82.62636243093714, 38.365979381420615
209, 1581958560917516936, 2, 29.273195876310837, 104.056701030948, 82.90405017371833, 38.458762886580956
210, 1581958560960583936, 2, 32.659793814447774, 104.01030927836396, 83.18173791649951, 38.551546391741255
211, 1581958561003651936, 2, 36.04639175258471, 103.96391752577992, 83.45942565928068, 38.64432989690155
212, 1581958561046718936, 2, 39.43298969072165, 103.91752577319588, 83.73711340206187, 38.73711340206186
213, 1581958561089785936, 2, 43.358445678033306, 103.88914499154555, 83.73711340206187, 38.78333716547269
214, 1581958561132852936, 2, 47.28390166534496, 103.86076420989524, 83.73711340206188, 38.82956092888351
215, 1581958561175919936, 2, 51.20935765265662, 103.83238342824491, 83.73711340206185, 38.875784692294346
216, 1581958561218987936, 2, 55.13481363996828, 103.8040026465946, 83.73711340206185, 38.92200845570517
217, 1581958561262054936, 2, 59.060269627279936, 103.77562186494427, 83.73711340206187, 38.968232219116004
218, 1581958561305121936, 2, 62.985725614591594, 103.74724108329396, 83.73711340206188, 39.014455982526826
219, 1581958561348188936, 2, 66.91118160190325, 103.71886030164363, 83.73711340206185, 39.060679745937634
220, 1581958561391255936, 2, 70.83663758921492, 103.69047951999332, 83.73711340206185, 39.106903509348456
221, 1581958561434323936, 2, 74.76209357652657, 103.66209873834299, 83.73711340206187, 39.15312727275929
222, 1581958561477390936, 2, 78.68754956383822, 103.63371795669268, 83.73711340206188, 39.199351036170114
223, 1581958561520457936, 2, 82.61300555114988, 103.60533717504235, 83.73711340206185, 39.24557479958095
224, 1581958561563524936, 2, 86.53846153846155, 103.57695639339204, 83.73711340206185, 39.29179856299177
225, 1581958561606591936, 2, 90.4639175257732, 103.54857561174171, 83.73711340206187, 39.33802232640261
226, 1581958561649659936, 2, 94.69716494845163, 103.29618396589902, 83.46506807531655, 39.416444900077295
227, 1581958561692726936, 2, 98.93041237113005, 103.04379232005633, 83.19302274857125, 39.49486747375201
228, 1581958561735793936, 2, 103.16365979380848, 102.79140067421363, 82.92097742182594, 39.573290047426696
229, 1581958561778860936, 2, 107.39690721648691, 102.53900902837094, 82.64893209508062, 39.65171262110138
230, 1581958561821927936, 2, 111.63015463916533, 102.28661738252826, 82.3768867683353, 39.730135194776054
231, 1581958561864995936, 2, 115.86340206184376, 102.03422573668557, 82.10484144158998, 39.80855776845074
232, 1581958561908062936, 2, 120.09664948452217, 101.78183409084288, 81.83279611484468, 39.886980342125455
233, 1581958561951129936, 2, 124.3298969072006, 101.52944244500019, 81.56075078809937, 39.96540291580014
234, 1581958561994196936, 2, 128.56314432988302, 101.27705079916898, 81.07893013546322, 40.043825489469455
235, 1581958562037263936, 2, 132.7963917525654, 101.02465915333777, 80.59710948282711, 40.12224806313877
236, 1581958562080331936, 2, 137.0296391752478, 100.77226750750656, 80.11528883019096, 40.200670636808084
237, 1581958562123398936, 2, 141.26288659793022, 100.51987586167536, 79.63346817755485, 40.279093210477384
238, 1581958562166465936, 2, 145.4961340206126, 100.26748421584415, 79.15164752491873, 40.3575157841467
239, 1581958562209532936, 2, 149.729381443295, 100.01509257001294, 78.66982687228258, 40.43593835781601
240, 1581958562252599936, 2, 153.9626288659774, 99.76270092418173, 78.18800621964647, 40.51436093148533
241, 1581958562295667936, 2, 158.1958762886598, 99.51030927835052, 77.70618556701031, 40.59278350515464
242, 1581958562338734936, 2, 162.22352389879987, 99.25726335519994, 77.03218701545806, 40.28725450039988
243, 1581958562381801936, 2, 166.25117150889957, 99.00421743209968, 73.74882849110041, 39.981725495599896
244, 1581958562424868936, 2, 170.27881911903293, 98.7511715089331, 69.72118088096704, 39.67619649082921
245, 1581958562467935936, 2, 174.30646672916632, 98.49812558576653, 65.69353327083365, 39.37066748605852
246, 1581958562511003936, 2, 178.33411433929967, 98.24507966259995, 61.66588566070028, 39.06513848128784
247, 1581958562554070936, 2, 182.3617619494164, 97.99203373945184, 57.63823805058354, 38.60138441115379
248, 1581958562597137936, 2, 186.38940955953314, 97.73898781630375, 53.61059044046681, 38.137630341019715
249, 1581958562640204936, 2, 190.41705716964987, 97.48594189315564, 49.58294283035008, 37.67387627088563
250, 1581958562683271936, 2, 194.44470477976662, 97.23289597000753, 45.55529522023332, 37.21012220075157
251, 1581958562726339936, 2, 198.47235238988335, 96.97985004685944, 41.52764761011659, 36.7463681306175
252, 1581958562769406936, 2, 202.50000000000009, 96.72680412371133, 37.499999999999865, 36.28261406048344
253, 1581958562812473936, 2, 206.03737113403284, 96.81378865980739, 33.96262886596651, 36.61471154534601
254, 1581958562855540936, 2, 209.57474226806556, 96.90077319590345, 30.425257731933186, 36.94680903020854
255, 1581958562898607936, 2, 213.11211340209832, 96.98775773199951, 26.88788659789984, 37.278906515071114
256, 1581958562941675936, 2, 216.64948453611166, 97.07474226807383, 23.350515463886865, 35.111785005871326
257, 1581958562984742936, 2, 220.18685567012497, 97.16172680414816, 19.81314432987392, 32.94466349667154
258, 1581958563027809936, 2, 223.7242268041383, 97.24871134022248, 16.27577319586092, 30.77754198747175
259, 1581958563070876936, 2, 227.26159793815162, 97.33569587629681, 12.738402061847978, 28.610420478271962
260, 1581958563113943936, 2, 230.79896907216497, 97.42268041237114, 9.201030927835017, 26.443298969072167
261, 1581958563157011936, 2, 233.531743093037, 100.0015277598277, 6.468256906962978, 20.412371134
262, 1581958563200078936, 2, 236.41283973757, 103.3692596063325, 3.58716026242995, 13.209934395532562
263, 1581958563243145936
264, 1581958563286212936
265, 1581958563329279936
266, 1581958563372347936
267, 1581958563415414936
268, 1581958563458481936
269, 1581958563501548936
270, 1581958563544615936
271, 1581958563587683936
272, 1581958563630750936
273, 1581958563673817936
274, 1581958563716884936
275, 1581958563759951936
276, 1581958563803019936
277, 1581958563846086936
278, 1581958563889153936
279, 1581958563932220936
280, 1581958563975287936
281, 1581958564018355936
282, 1581958564061422936
283, 1581958564104489936
284, 1581958564147556936
285, 1581958564190623936
286, 1581958564233691936
287, 1581958564276758936
288, 1581958564319825936
289, 1581958564362892936
290, 1581958564405959936
291, 1581958564449027936
292, 1581958564492094936
293, 1581958564535161936
294, 1581958564578228936
295, 1581958564621295936
296, 1581958564664363936
297, 1581958564707430936
298, 1581958564750497936
299, 1581958564793564936
300, 1581958564836631936
301, 1581958564879699936
302, 1581958564922766936
303, 1581958564965833936
304, 1581958565008900936
305, 1581958565051967936
306, 1581958565095035936
307, 1581958565138102936
308, 1581958565181169936
309, 1581958565224236936
310, 1581958565267303936
311, 1581958565310371936
312, 1581958565353438936
313, 1581958565396505936
314, 1581958565439572936
315, 1581958565482639936
316, 1581958565525707936
317, 1581958565568774936
318, 1581958565611841936
319, 1581958565654908936
320, 1581958565697975936
321, 1581958565741043936
322, 1581958565784110936
323, 1581958565827177936
324, 1581958565870244936
325, 1581958565913311936
326, 1581958565956379936
327, 1581958565999446936
328, 1581958566042513936
329, 1581958566085580936
330, 1581958566128647936
331, 1581958566171715936
332, 1581958566214782936
333, 1581958566257849936
334, 1581958566300916936
335, 1581958566343983936
336, 1581958566387051936
337, 1581958566430118936
338, 1581958566473185936
339, 1581958566516252936
340, 1581958566559319936
341, 1581958566602387936
342, 1581958566645454936
343, 1581958566688521936
344, 1581958566731588936
345, 1581958566774655936
346, 1581958566817723936
347, 1581958566860790936
348, 1581958566903857936
349, 1581958566946924936
350, 1581958566989991936
351, 1581958567033059936
352, 1581958567076126936
353, 1581958567119193936
354, 1581958567162260936
355, 1581958567205327936
356, 1581958567248395936
357, 1581958567291462936
358, 1581958567334529936
359, 1581958567377596936
360, 1581958567420663936
361, 1581958567463731936
362, 1581958567506798936
363, 1581958567549865936
364, 1581958567592932936
365, 1581958567635999936
366, 1581958567679067936
367, 1581958567722134936, 3, 0, 100.90206185567011, 3.711340206185567, 12.061855670103093
368, 1581958567765201936, 3, 0, 97.87778761209223, 6.475594209699885, 24.6469139211554
369, 1581958567808268936, 3, 6.592664558598868e-15, 97.11900862240005, 9.239848213100004, 28.168022761757864
370, 1581958567851335936, 3, 1.1537162977548001e-14, 96.36022963262685, 12.004102216599982, 28.257324116578555
371, 1581958567894403936, 3, 0, 96.12487194492117, 14.768356220102147, 31.281296023599996
372, 1581958567937470936, 3, 0.0, 92.9234541488478, 17.886807926803492, 36.08615611195326
373, 1581958567980537936, 3, 0.0, 89.72203635277441, 21.00525963350484, 40.891016200306524
374, 1581958568023604936, 3, 0, 86.52061855670104, 24.123711340206185, 45.6958762886598
375, 1581958568066671936, 3, 0.0, 86.51739690720464, 27.40012886597956, 45.81507731959084
376, 1581958568109739936, 3, 0.0, 86.51417525770825, 30.676546391752932, 45.93427835052188
377, 1581958568152806936, 3, 0.0, 86.51095360821184, 33.952963917526304, 46.05347938145293
378, 1581958568195873936, 3, 0, 86.50773195871544, 37.22938144329968, 46.17268041238398
379, 1581958568238940936, 3, 0, 72.44640346764574, 40.505798969099764, 60.349988284953945
380, 1581958568282007936, 3, 0, 66.61318882221289, 43.782216494899956, 66.29918231188717
381, 1581958568325075936, 3, 0.0, 66.24473874100335, 47.058634020645854, 66.78361177450029
382, 1581958568368142936, 3, 0, 65.87628865979381, 50.33505154639175, 67.26804123711341
383, 1581958568411209936, 3, 0.03514526709999925, 65.77085285847039, 53.98712895658952, 67.39456419868506
384, 1581958568454276936, 3, 0.0702905341999985, 65.66541705714698, 57.639206366787285, 67.52108716025671
385, 1581958568497343936, 3, 0.10543580129999776, 65.55998125582356, 61.29128377698505, 67.64761012182835
386, 1581958568540411936, 3, 0.140581068399997, 65.45454545450013, 64.94336118718282, 67.77413308340002
387, 1581958568583478936, 3, 0.17572633549999858, 65.34910965318583, 68.68890546086023, 67.90065604497146
388, 1581958568626545936, 3, 0.21087160260000015, 65.24367385187155, 72.43444973453765, 68.02717900654288
389, 1581958568669612936, 3, 0.24601686970000175, 65.13823805055725, 76.17999400821508, 68.15370196811432
390, 1581958568712679936, 3, 0.28116213680000335, 65.03280224924296, 79.92553828189249, 68.28022492968572
391, 1581958568755747936, 3, 0.3163074039000049, 64.92736644792866, 83.67108255556991, 68.40674789125715
392, 1581958568798814936, 3, 0.3514526710000065, 64.82193064661438, 87.41662682924732, 68.53327085282858
393, 1581958568841881936, 3, 0.38659793810000803, 64.71649484530008, 91.16217110292473, 68.6597938144
394, 1581958568884948936, 3, 0.42174320520911723, 64.61105904399098, 95.16046261867574, 68.78631677597274
395, 1581958568928015936, 3, 0.4568884723182264, 64.50562324268188, 99.15875413442674, 68.91283973754545
396, 1581958568971083936, 3, 0.4920337394273356, 64.40018744137278, 103.15704565017774, 69.03936269911817
397, 1581958569014150936, 3, 0.5271790065364448, 64.29475164006368, 107.15533716592876, 69.16588566069089
398, 1581958569057217936, 3, 0.5623242736455539, 64.18931583875458, 111.15362868167975, 69.29240862226361
399, 1581958569100284936, 3, 0.5974695407546631, 64.08388003744548, 115.15192019743075, 69.4189315838363
400, 1581958569143351936, 3, 0.6326148078637723, 63.97844423613639, 119.15021171318176, 69.545454545409
401, 1581958569186419936, 3, 0.6677600749728815, 63.87300843482729, 123.14850322893278, 69.67197750698173
402, 1581958569229486936, 3, 0.7029053420819906, 63.76757263351819, 127.14679474468377, 69.79850046855444
403, 1581958569272553936, 3, 0.7380506091910999, 63.66213683220909, 131.14508626043477, 69.92502343012717
404, 1581958569315620936, 3, 0.773195876300209, 63.556701030899994, 135.1433777761858, 70.05154639169989
405, 1581958569358687936, 3, 0.6958762886701881, 63.45126522958996, 139.41806601958712, 70.17806935327988
406, 1581958569401755936, 3, 0.6185567010401672, 63.34582942827993, 143.69275426298842, 70.30459231485983
407, 1581958569444822936, 3, 0.5412371134101464, 63.24039362696989, 147.96744250638974, 70.4311152764398
408, 1581958569487889936, 3, 0.4639175257801254, 63.13495782565985, 152.24213074979107, 70.55763823801979
409, 1581958569530956936, 3, 0.3865979381501045, 63.029522024349816, 156.51681899319235, 70.68416119959979
410, 1581958569574023936, 3, 0.30927835052008357, 62.92408622303979, 160.79150723659367, 70.81068416117975
411, 1581958569617091936, 3, 0.23195876289006268, 62.81865042172975, 165.066195479995, 70.9372071227597
412, 1581958569660158936, 3, 0.15463917526004178, 62.71321462041971, 169.34088372339633, 71.06373008433971
413, 1581958569703225936, 3, 0.07731958763002089, 62.60777881910968, 173.61557196679763, 71.19025304591969
414, 1581958569746292936, 3, 0, 62.502343017799646, 177.89026021019896, 71.31677600749966
415, 1581958569789359936, 3, 1.1597938144329891, 62.396907216494846, 180.9278350515464, 71.44329896907217
416, 1581958569832427936, 3, 5.364046391752577, 62.222938144329895, 180.78286082474227, 71.5882731958763
417, 1581958569875494936, 3, 9.568298969072165, 62.04896907216495, 180.63788659793815, 71.7332474226804
418, 1581958569918561936, 3, 13.772551546391753, 61.875, 180.49291237113403, 71.87822164948454
419, 1581958569961628936, 3, 17.97680412371134, 61.70103092783505, 180.3479381443299, 72.02319587628865
420, 1581958570004695936, 3, 22.181056701030926, 61.527061855670105, 180.20296391752578, 72.16817010309279
421, 1581958570047763936, 3, 26.38530927835052, 61.353092783505154, 180.05798969072166, 72.31314432989691
422, 1581958570090830936, 3, 30.589561855670105, 61.17912371134021, 179.91301546391756, 72.45811855670102
423, 1581958570133897936, 3, 34.79381443298969, 61.00515463917526, 179.7680412371134, 72.60309278350516
424, 1581958570176964936, 3, 39.78092783505155, 60.889175257731964, 178.53092783505156, 72.6417525773196
425, 1581958570220031936, 3, 44.7680412371134, 60.77319587628866, 177.2938144329897, 72.68041237113403
426, 1581958570263099936, 3, 49.75515463917526, 60.657216494845365, 176.05670103092785, 72.71907216494847
427, 1581958570306166936, 3, 54.74226804123711, 60.54123711340207, 174.819587628866, 72.75773195876286
428, 1581958570349233936, 3, 59.72938144329897, 60.425257731958766, 173.58247422680415, 72.7963917525773
429, 1581958570392300936, 3, 64.71649484536083, 60.30927835051547, 172.34536082474227, 72.83505154639175
430, 1581958570435367936, 3, 69.19329896910003, 60.264060227399995, 170.80670103089992, 72.63475200199994
431, 1581958570478435936, 3, 73.67010309280823, 60.218842104267424, 166.32989690719168, 72.43445245763135
432, 1581958570521502936, 3, 78.14690721651644, 60.17362398113485, 161.85309278348345, 72.23415291326276
433, 1581958570564569936, 3, 82.62371134022465, 60.12840585800228, 157.3762886597752, 72.03385336889417
434, 1581958570607636936, 3, 87.10051546393285, 60.08318773486971, 152.89948453606698, 71.83355382452558
435, 1581958570650703936, 3, 91.57731958764106, 60.03796961173714, 148.42268041235877, 71.63325428015699
436, 1581958570693771936, 3, 96.05412371134925, 59.99275148860457, 143.94587628865054, 71.4329547357884
437, 1581958570736838936, 3, 100.53092783505745, 59.947533365472, 139.4690721649423, 71.23265519141981
438, 1581958570779905936, 3, 105.00773195876566, 59.90231524233943, 134.99226804123407, 71.03235564705122
439, 1581958570822972936, 3, 109.48453608247387, 59.857097119206855, 130.51546391752586, 70.83205610268263
440, 1581958570866039936, 3, 113.26912642430786, 59.83206270761539, 126.73087357569189, 70.62005966103303
441, 1581958570909107936, 3, 117.05371676614183, 59.80702829602393, 122.94628323385791, 70.40806321938342
442, 1581958570952174936, 3, 120.83830710797582, 59.78199388443247, 119.16169289202395, 70.19606677773382
443, 1581958570995241936, 3, 124.62289744980981, 59.756959472841004, 115.37710255018996, 69.98407033608422
444, 1581958571038308936, 3, 128.4074877916438, 59.73192506124955, 111.592512208356, 69.77207389443464
445, 1581958571081375936, 3, 132.1920781334778, 59.706890649658085, 107.80792186652201, 69.56007745278504
446, 1581958571124443936, 3, 135.97666847531178, 59.68185623806662, 104.02333152468805, 69.34808101113543
447, 1581958571167510936, 3, 139.76125881714574, 59.65682182647516, 100.23874118285408, 69.13608456948583
448, 1581958571210577936, 3, 143.54584915897976, 59.631787414883696, 96.4541508410201, 68.92408812783623
449, 1581958571253644936, 3, 147.33043950081372, 59.60675300329223, 92.66956049918613, 68.71209168618662
450, 1581958571296711936, 3, 151.11502984264771, 59.58171859170077, 88.88497015735217, 68.50009524453702
451, 1581958571339779936, 3, 154.8996201844817, 59.55668418010931, 85.10037981551818, 68.28809880288742
452, 1581958571382846936, 3, 158.6842105263157, 59.531649768517845, 81.31578947368422, 68.07610236123782
453, 1581958571425913936, 3, 162.46880086814969, 59.50661535692638, 77.53119913185023, 67.86410591958821
454, 1581958571468980936, 3, 166.25339120998365, 59.481580945334926, 73.7466087900163, 67.65210947793861
455, 1581958571512047936, 3, 170.03798155181767, 59.45654653374346, 69.96201844818228, 67.440113036289
456, 1581958571555115936, 3, 173.82257189365163, 59.431512122152, 66.17742810634834, 67.22811659463942
457, 1581958571598182936, 3, 177.60716223548565, 59.40647771056054, 62.392837764514326, 67.01612015298981
458, 1581958571641249936, 3, 181.3917525773196, 59.381443298969074, 58.60824742268038, 66.80412371134021
459, 1581958571684316936, 3, 184.83799705450005, 59.34830633280014, 55.16200294549996, 65.2214374495905
460, 1581958571727383936, 3, 188.2842415316996, 59.31516936669987, 51.715758468299875, 59.409826713962616
461, 1581958571770451936, 3, 191.73048600886483, 59.28203240057639, 48.269513991134744, 59.26497477323195
462, 1581958571813518936, 3, 195.17673048603007, 59.24889543445291, 44.82326951396959, 59.12012283250129
463, 1581958571856585936, 3, 198.6229749631953, 59.21575846832943, 41.37702503680447, 58.97527089177061
464, 1581958571899652936, 3, 202.06921944036054, 59.182621502205954, 37.93078055963932, 58.83041895103995
465, 1581958571942719936, 3, 205.51546391752578, 59.149484536082475, 34.48453608247419, 58.685567010309285
466, 1581958571985787936, 3, 208.44184822468034, 58.99015932519889, 31.558151775319345, 58.10977038426536
467, 1581958572028854936, 3, 211.3682325318349, 58.83083411431531, 28.63176746816447, 57.533973758221435
468, 1581958572071921936, 3, 214.29461683898947, 58.67150890343172, 25.70538316100962, 56.95817713217753
469, 1581958572114988936, 3, 217.22100114614403, 58.51218369254814, 22.778998853854745, 56.38238050613361
470, 1581958572158055936, 3, 220.1473854532986, 58.352858481664555, 19.852614546699897, 55.80658388008969
471, 1581958572201123936, 3, 223.07376976044927, 58.37557530897848, 16.926230239549938, 54.39270022989865
472, 1581958572244190936, 3, 226.00015406759994, 58.39829213629242, 13.999845932400003, 52.97881657970759
473, 1581958572287257936, 4, 223.1443298969004, 72.1391752577, 6.088976229027613, 14.613402061900004, 3, 229.17504884839204, 58.57416519186814, 10.824951151607959, 52.669978146109635
474, 1581958572330324936, 4, 220.5000000000002, 70.97938144327497, 11.424979594445801, 17.16494845365, 3, 231.9771779187999, 58.60496601447199, 8.022822081199983, 50.618909778227895
475, 1581958572373391936, 4, 217.8556701031, 69.81958762884994, 16.76098295986398, 19.71649484539998, 3, 234.7793069891322, 62.24226804119973, 5.220693010867777, 44.961340206199715
476, 1581958572416459936, 4, 215.2113402061998, 68.65979381442493, 22.096986325282188, 22.26804123714996, 3, 237.19854583416796, 62.55154639180001, 2.801454165832033, 43.588917525799985
477, 1581958572459526936, 4, 212.5670103092996, 67.4999999999999, 27.432989690700374, 24.819587628899956
478, 1581958572502593936, 4, 209.92268041237114, 66.34020618556701, 30.077319587628832, 27.37113402061856
479, 1581958572545660936, 4, 207.67557989691414, 66.36920103091134, 32.32442010308583, 27.54510309277903
480, 1581958572588727936, 4, 205.42847938145715, 66.39819587625567, 34.57152061854285, 27.71907216493952
481, 1581958572631795936, 4, 203.18137886600016, 66.4271907216, 36.81862113399985, 27.893041237099993
482, 1581958572674862936, 4, 200.93427835053345, 66.45618556696664, 39.06572164946655, 28.06701030926665
483, 1581958572717929936, 4, 198.68717783506673, 66.48518041233328, 41.312822164933266, 28.240979381433306
484, 1581958572760996936, 4, 196.4400773196, 66.51417525769992, 43.55992268040001, 28.414948453599976
485, 1581958572804063936, 4, 194.19297680413328, 66.54317010306657, 45.80702319586672, 28.588917525766618
486, 1581958572847131936, 4, 191.94587628866657, 66.57216494843321, 48.05412371133343, 28.762886597933274
487, 1581958572890198936, 4, 189.69877577319983, 66.60115979379985, 50.30122422680017, 28.936855670099945
488, 1581958572933265936, 4, 187.45167525773311, 66.63015463916649, 52.548324742266885, 29.1108247422666
489, 1581958572976332936, 4, 185.2045747422664, 66.65914948453313, 54.7954252577336, 29.284793814433257
490, 1581958573019399936, 4, 182.9574742267997, 66.68814432989979, 57.04252577320031, 29.4587628865999
491, 1581958573062467936, 4, 180.71037371133298, 66.71713917526642, 59.28962628866702, 29.632731958766556
492, 1581958573105534936, 4, 178.46327319586624, 66.74613402063306, 61.536726804133764, 29.806701030933226
493, 1581958573148601936, 4, 176.21617268039952, 66.7751288659997, 63.78382731960047, 29.980670103099886
494, 1581958573191668936, 4, 173.96907216494847, 66.80412371134021, 63.78865979381444, 30.154639175257735
495, 1581958573234735936, 4, 172.37956888471942, 67.30623242738707, 63.8453608247, 30.162371133999997
496, 1581958573277803936, 4, 170.59485989709455, 67.35577253534836, 64.0993532444001, 30.17010309276
497, 1581958573320870936, 4, 168.81015090946968, 67.40531264330966, 64.3533456641002, 30.177835051520006
498, 1581958573363937936, 4, 167.02544192184482, 67.45485275127095, 64.60733808380027, 30.18556701028001
499, 1581958573407004936, 4, 165.24073293421995, 67.50439285923224, 64.86133050350037, 30.193298969040015
500, 1581958573450071936, 4, 163.4560239465951, 67.55393296719353, 65.11532292320044, 30.20103092780002
501, 1581958573493139936, 4, 161.67131495897024, 67.60347307515484, 65.36931534290053, 30.208762886559995
502, 1581958573536206936, 4, 159.88660597134538, 67.65301318311613, 65.62330776260063, 30.21649484532
503, 1581958573579273936, 4, 158.1018969837205, 67.70255329107742, 65.8773001823007, 30.224226804080004
504, 1581958573622340936, 4, 156.31718799609564, 67.75209339903871, 66.1312926020008, 30.23195876284001
505, 1581958573665407936, 4, 154.53247900847077, 67.801633507, 66.38528502170091, 30.239690721600017
506, 1581958573708475936, 4, 153.8103998399455, 67.85117361499329, 65.57056162104152, 30.247422680399914
507, 1581958573751542936, 4, 152.5890681184, 67.92664136029995, 65.76480132396765, 30.255154639200004
508, 1581958573794609936, 4, 150.78493774275697, 67.94382924016233, 66.23234332007212, 30.26288659796667
509, 1581958573837676936, 4, 148.98080736711395, 67.96101712002472, 66.69988531617656, 30.27061855673331
510, 1581958573880743936, 4, 147.1766769914709, 67.9782049998871, 67.16742731228103, 30.27835051549998
511, 1581958573923811936, 4, 145.9819565406031, 68.08869809014905, 67.14947876166946, 30.286082474257128
512, 1581958573966878936, 4, 144.78723608973527, 68.19919118041099, 67.13153021105788, 30.293814433014276
513, 1581958574009945936, 4, 143.59251563886747, 68.30968427067295, 67.1135816604463, 30.301546391771424
514, 1581958574053012936, 4, 142.39779518799966, 68.4201773609349, 67.09563310983472, 30.309278350528558
515, 1581958574096079936, 4, 141.20307473713186, 68.53067045119685, 67.07768455922314, 30.317010309285706
516, 1581958574139147936, 4, 140.00835428626402, 68.6411635414588, 67.05973600861157, 30.324742268042854
517, 1581958574182214936, 4, 138.81363383539622, 68.75165663172075, 67.041787458, 30.332474226800002
518, 1581958574225281936, 4, 137.85265495833613, 68.81540140721404, 67.02383890738116, 30.340206185550002
519, 1581958574268348936, 4, 136.89167608127605, 68.87914618270734, 67.00589035676236, 30.347938144299988
520, 1581958574311415936, 4, 135.93069720421596, 68.94289095820064, 66.98794180614354, 30.355670103049988
521, 1581958574354483936, 4, 134.9697183271559, 69.00663573369393, 66.96999325552468, 30.363402061799988
522, 1581958574397550936, 4, 134.00873945009582, 69.07038050918723, 66.95204470490589, 30.371134020549974
523, 1581958574440617936, 4, 133.04776057303573, 69.13412528468052, 66.93409615428705, 30.37886597929998
524, 1581958574483684936, 4, 132.23574057942486, 69.07125447572199, 67.12436360084814, 30.386597938062465
525, 1581958574526751936, 4, 131.42372058581395, 69.00838366676344, 67.31463104740922, 30.394329896824985
526, 1581958574569819936, 4, 130.61170059220308, 68.9455128578049, 67.5048984939703, 30.402061855587476
527, 1581958574612886936, 4, 129.7996805985922, 68.88264204884635, 67.69516594053135, 30.409793814349996
528, 1581958574655953936, 4, 128.9876606049813, 68.81977123988781, 67.88543338709246, 30.417525773112487
529, 1581958574699020936, 4, 128.17564061137043, 68.75690043092928, 68.07570083365354, 30.42525773187498
530, 1581958574742087936, 4, 127.36362061775955, 68.69402962197073, 68.2659682802146, 30.4329896906375
531, 1581958574785155936, 4, 126.55160062414866, 68.63115881301219, 68.45623572677569, 30.44072164939999
532, 1581958574828222936, 4, 126.18560000863876, 68.67571120055331, 68.42349348428213, 30.448453608157138
533, 1581958574871289936, 4, 125.81959939312885, 68.72026358809443, 68.39075124178855, 30.456185566914286
534, 1581958574914356936, 4, 125.45359877761895, 68.76481597563554, 68.358008999295, 30.463917525671434
535, 1581958574957423936, 4, 125.08759816210903, 68.80936836317666, 68.32526675680143, 30.471649484428568
536, 1581958575000491936, 4, 124.72159754659913, 68.85392075071778, 68.29252451430787, 30.479381443185716
537, 1581958575043558936, 4, 124.35559693108922, 68.8984731382589, 68.25978227181429, 30.487113401942864
538, 1581958575086625936, 4, 123.98959631557932, 68.94302552580001, 68.22704002932073, 30.494845360700012
539, 1581958575129692936, 4, 124.0984440410585, 68.977145898, 67.30372868944153, 30.50257731949998
540, 1581958575172759936, 4, 123.50930129414901, 69.0112662702415, 67.07840782195285, 30.51030927829999
541, 1581958575215827936, 4, 123.31729368195012, 68.98648491965822, 67.11962020275958, 30.51804123705712
542, 1581958575258894936, 4, 123.12528606975121, 68.96170356907493, 67.1608325835663, 30.52577319581428
543, 1581958575301961936, 4, 122.93327845755232, 68.93692221849165, 67.20204496437304, 30.533505154571415
544, 1581958575345028936, 4, 122.74127084535341, 68.91214086790835, 67.2432573451798, 30.541237113328563
545, 1581958575388095936, 4, 122.54926323315452, 68.88735951732507, 67.28446972598654, 30.548969072085697
546, 1581958575431163936, 4, 122.35725562095561, 68.86257816674177, 67.32568210679327, 30.55670103084286
547, 1581958575474230936, 4, 122.16524800875672, 68.83779681615849, 67.3668944876, 30.564432989599997
548, 1581958575517297936, 4, 121.7971323999989, 68.96142435672479, 67.49441144949759, 30.42113193144351
549, 1581958575560364936, 4, 121.42901679124108, 69.08505189729111, 67.62192841139515, 30.27783087328703
550, 1581958575603431936, 4, 121.06090118248326, 69.20867943785741, 67.74944537329273, 30.13452981513055
551, 1581958575646499936, 4, 120.69278557372544, 69.33230697842372, 67.87696233519031, 29.991228756974067
552, 1581958575689566936, 4, 120.32466996496763, 69.45593451899003, 68.00447929708787, 29.847927698817585
553, 1581958575732633936, 4, 119.95655435620981, 69.57956205955634, 68.13199625898545, 29.704626640661104
554, 1581958575775700936, 4, 119.58843874745199, 69.70318960012264, 68.25951322088301, 29.561325582504622
555, 1581958575818767936, 4, 119.22032313869418, 69.82681714068896, 68.38703018278058, 29.41802452434814
556, 1581958575861835936, 4, 118.85220752993636, 69.95044468125526, 68.51454714467816, 29.27472346619166
557, 1581958575904902936, 4, 118.48409192117855, 70.07407222182158, 68.64206410657572, 29.131422408035178
558, 1581958575947969936, 4, 118.11597631242073, 70.19769976238788, 68.7695810684733, 28.988121349878696
559, 1581958575991036936, 4, 117.74786070366291, 70.32132730295419, 68.89709803037088, 28.844820291722215
560, 1581958576034103936, 4, 117.37974509490509, 70.4449548435205, 69.02461499226844, 28.701519233565733
561, 1581958576077171936, 4, 117.01162948614727, 70.56858238408681, 69.15213195416604, 28.558218175409255
562, 1581958576120238936, 4, 116.30642569469852, 70.62953803730909, 69.14081111169638, 28.57743908400515
563, 1581958576163305936, 4, 115.60122190324978, 70.69049369053137, 69.12949026922675, 28.596659992601047
564, 1581958576206372936, 4, 114.89601811180103, 70.75144934375363, 69.1181694267571, 28.61588090119696
565, 1581958576249439936, 4, 114.19081432035227, 70.81240499697591, 69.10684858428746, 28.635101809792857
566, 1581958576292507936, 4, 113.48561052890354, 70.8733606501982, 69.0955277418178, 28.654322718388755
567, 1581958576335574936, 4, 112.78040673745478, 70.93431630342047, 69.08420689934819, 28.67354362698464
568, 1581958576378641936, 4, 112.07520294600604, 70.99527195664275, 69.07288605687853, 28.692764535580537
569, 1581958576421708936, 4, 111.36999915455729, 71.05622760986503, 69.06156521440889, 28.711985444176435
570, 1581958576464775936, 4, 110.66479536310854, 71.1171832630873, 69.05024437193924, 28.731206352772347
571, 1581958576507843936, 4, 109.9595915716598, 71.17813891630958, 69.03892352946961, 28.750427261368245
572, 1581958576550910936, 4, 109.25438778021105, 71.23909456953186, 69.02760268699997, 28.769648169964135
573, 1581958576593977936, 4, 108.12892330668342, 71.00246400371302, 69.01628184452855, 29.06139209855499
574, 1581958576637044936, 4, 107.0034588331558, 70.76583343789419, 69.00496100205712, 29.35313602714581
575, 1581958576680111936, 4, 105.87799435962818, 70.52920287207534, 68.9936401595857, 29.644879955736656
576, 1581958576723179936, 4, 104.75252988610056, 70.2925723062565, 68.98231931711429, 29.93662388432749
577, 1581958576766246936, 4, 103.62706541257293, 70.05594174043766, 68.97099847464287, 30.228367812918336
578, 1581958576809313936, 4, 102.50160093904532, 69.81931117461883, 68.95967763217143, 30.520111741509155
579, 1581958576852380936, 4, 101.37613646551769, 69.58268060879999, 68.9483567897, 30.811855670100005
580, 1581958576895447936, 4, 99.9359607188059, 69.63006201281318, 68.93703594722395, 30.819587628863516
581, 1581958576938515936, 4, 98.49578497209411, 69.67744341682639, 68.92571510474785, 30.827319587627017
582, 1581958576981582936, 4, 97.05560922538234, 69.72482482083959, 68.91439426227177, 30.835051546390517
583, 1581958577024649936, 4, 95.61543347867055, 69.7722062248528, 68.90307341979567, 30.842783505154017
584, 1581958577067716936, 4, 94.17525773195877, 69.81958762886599, 68.8917525773196, 30.850515463917528
585, 1581958577110783936, 4, 92.51382757038998, 69.87769371284077, 68.86709221889215, 30.833946980852843
586, 1581958577153851936, 4, 90.85239740882119, 69.93579979681554, 68.8424318604647, 30.81737849778814
587, 1581958577196918936, 4, 89.1909672472524, 69.99390588079032, 68.81777150203725, 30.800810014723453
588, 1581958577239985936, 4, 87.52953708568361, 70.0520119647651, 68.79311114360979, 30.784241531658765
589, 1581958577283052936, 4, 85.86810692411481, 70.11011804873988, 68.76845078518235, 30.767673048594077
590, 1581958577326119936, 4, 84.20667676254602, 70.16822413271466, 68.7437904267549, 30.75110456552939
591, 1581958577369187936, 4, 82.54524660097724, 70.22633021668943, 68.71913006832744, 30.734536082464686
592, 1581958577412254936, 4, 80.88381643940845, 70.28443630066421, 68.6944697099, 30.717967599399998
593, 1581958577455321936, 4, 78.87502223078552, 70.36817002723684, 68.88356950836304, 30.70139911633332
594, 1581958577498388936, 4, 76.8662280221626, 70.45190375380948, 69.07266930682604, 30.684830633266657
595, 1581958577541455936, 4, 74.85743381353967, 70.53563748038209, 69.26176910528909, 30.668262150200007
596, 1581958577584523936, 4, 72.84863960491674, 70.61937120695472, 69.45086890375214, 30.65169366713333
597, 1581958577627590936, 4, 70.83984539629382, 70.70310493352736, 69.63996870221514, 30.635125184066652
598, 1581958577670657936, 4, 68.8310511876709, 70.78683866009999, 69.8290685006782, 30.61855670099999
599, 1581958577713724936, 4, 66.66772169436658, 70.87057238667074, 69.6440880245934, 30.60198821793749
600, 1581958577756791936, 4, 64.50439220106225, 70.9543061132415, 69.45910754850865, 30.58541973487499
601, 1581958577799859936, 4, 62.34106270775792, 71.03803983981226, 69.27412707242388, 30.56885125181249
602, 1581958577842926936, 4, 60.177733214453596, 71.12177356638301, 69.08914659633912, 30.55228276874999
603, 1581958577885993936, 4, 58.01440372114928, 71.20550729295375, 68.90416612025433, 30.535714285687504
604, 1581958577929060936, 4, 55.851074227844954, 71.28924101952451, 68.71918564416956, 30.519145802625005
605, 1581958577972127936, 4, 53.68774473454063, 71.37297474609527, 68.53420516808478, 30.502577319562505
606, 1581958578015195936, 4, 51.524415241236305, 71.45670847266602, 68.349224692, 30.486008836499998
607, 1581958578058262936, 4, 49.23757515288905, 71.60681119335281, 68.51927879228079, 30.469440353440007
608, 1581958578101329936, 4, 46.950735064541796, 71.75691391403961, 68.68933289256157, 30.452871870379994
609, 1581958578144396936, 4, 44.66389497619454, 71.9070166347264, 68.85938699284235, 30.436303387319995
610, 1581958578187463936, 4, 42.37705488784728, 72.0571193554132, 69.02944109312314, 30.419734904259982
611, 1581958578230531936, 4, 40.090214799500025, 72.2072220761, 69.19949519340392, 30.403166421199987
612, 1581958578273598936, 4, 37.80337471114276, 72.35732479679986, 69.1099300154128, 30.38659793813717
613, 1581958578316665936, 4, 35.516534622785485, 72.50742751749972, 69.02036483742171, 30.370029455074345
614, 1581958578359732936, 4, 33.22969453442822, 72.65753023819958, 68.9307996594306, 30.353460972011533
615, 1581958578402799936, 4, 30.942854446070953, 72.80763295889945, 68.8412344814395, 30.336892488948706
616, 1581958578445867936, 4, 28.656014357713687, 72.95773567959931, 68.75166930344838, 30.320324005885894
617, 1581958578488934936, 4, 26.369174269356417, 73.10783840029917, 68.66210412545728, 30.30375552282308
618, 1581958578532001936, 4, 24.082334180999148, 73.25794112099904, 68.57253894746617, 30.287187039760255
619, 1581958578575068936, 4, 21.79549409264188, 73.40804384169888, 68.48297376947508, 30.270618556697457
620, 1581958578618135936, 4, 19.508654004284615, 73.55814656239875, 68.39340859148396, 30.25405007363463
621, 1581958578661203936, 4, 17.221813915927346, 73.70824928309861, 68.30384341349287, 30.237481590571818
622, 1581958578704270936, 4, 14.934973827570076, 73.85835200379847, 68.21427823550175, 30.220913107509006
623, 1581958578747337936, 4, 12.64813373921281, 74.00845472449834, 68.12471305751065, 30.20434462444618
624, 1581958578790404936, 4, 10.361293650855544, 74.1585574451982, 68.03514787951954, 30.187776141383367
625, 1581958578833471936, 4, 8.07445356249827, 74.30866016589806, 67.94558270152845, 30.17120765832054
626, 1581958578876539936, 4, 5.787613474141001, 74.45876288659792, 67.85601752353735, 30.154639175257728
627, 1581958578919606936, 4, 3.432193666322011, 74.57474226804896, 67.79574625446713, 30.27061855667887
628, 1581958578962673936, 4, 1.076773858503022, 74.6907216495, 67.7354749853969, 30.386597938100003
629, 1581958579005740936, 4, 0, 74.80670103089977, 66.39655776699996, 29.954611725329656
630, 1581958579048807936, 4, 0.0, 74.92268041235243, 63.98086669002747, 30.253246304858948
631, 1581958579091875936, 4, 0.0, 75.03865979380508, 61.56517561305497, 30.55188088438824
632, 1581958579134942936, 4, 0, 75.15463917525774, 59.149484536082475, 30.850515463917528
633, 1581958579178009936, 4, 0.0, 75.5360097667433, 56.74468996178686, 30.263785118212198
634, 1581958579221076936, 4, 0.0, 75.91738035822887, 54.33989538749124, 29.677054772506878
635, 1581958579264143936, 4, 0.0, 76.29875094971443, 51.93510081319562, 29.090324426801544
636, 1581958579307211936, 4, 0, 76.6801215412, 49.5303062389, 28.503594081096214
637, 1581958579350278936, 4, 0.0, 77.0614921326665, 47.12551166462489, 28.294446277705475
638, 1581958579393345936, 4, 0.0, 77.442862724133, 44.720717090349765, 28.08529847431474
639, 1581958579436412936, 4, 0.0, 77.8242333155995, 42.31592251607465, 27.87615067092399
640, 1581958579479479936, 4, 0, 78.205603907066, 39.911127941799535, 27.66700286753325
641, 1581958579522547936, 4, 5.547466193493226e-16, 78.81824380571652, 37.50633336751878, 27.037794485830972
642, 1581958579565614936, 4, 1.1094932386986452e-15, 79.43088370436703, 35.10153879323802, 26.408586104128702
643, 1581958579608681936, 4, 1.6642398580479677e-15, 80.04352360301755, 32.696744218957264, 25.779377722426418
644, 1581958579651748936, 4, 2.2189864773972903e-15, 80.65616350166805, 30.291949644676503, 25.150169340724148
645, 1581958579694815936, 4, 2.773733096746613e-15, 81.26880340031856, 27.887155070395746, 24.520960959021878
646, 1581958579737883936, 4, 3.3284797160959353e-15, 81.88144329896907, 25.482360496114993, 23.89175257731959
647, 1581958579780950936, 4, 2.7737330967466126e-15, 82.11340206185757, 23.217997416929155, 23.88754539259054
648, 1581958579824017936, 4, 2.21898647739729e-15, 82.34536082474607, 20.953634337743317, 23.883338207861485
649, 1581958579867084936, 4, 1.6642398580479677e-15, 82.57731958763458, 18.689271258557483, 23.879131023132416
650, 1581958579910151936, 4, 1.109493238698645e-15, 82.80927835052307, 16.42490817937165, 23.87492383840336
651, 1581958579953219936, 4, 5.547466193493223e-16, 83.04123711341157, 14.160545100185809, 23.870716653674307
652, 1581958579996286936, 4, 0, 83.27319587630006, 11.896182020999971, 23.86650946894525
653, 1581958580039353936, 4, 0.0, 83.50515463918286, 9.631818941835032, 23.3336867250013
654, 1581958580082420936, 4, 0.0, 83.73711340206566, 7.367455862670094, 22.80086398105736
655, 1581958580125487936, 4, 0, 83.96907216494846, 5.103092783505155, 22.268041237113405
656, 1581958580168555936
657, 1581958580211622936
658, 1581958580254689936
659, 1581958580297756936
660, 1581958580340823936
661, 1581958580383891936
662, 1581958580426958936
663, 1581958580470025936
664, 1581958580513092936
665, 1581958580556159936
666, 1581958580599227936
667, 1581958580642294936
668, 1581958580685361936
669, 1581958580728428936
670, 1581958580771495936
671, 1581958580814563936
672, 1581958580857630936
673, 1581958580900697936
674, 1581958580943764936
675, 1581958580986831936
676, 1581958581029899936
