8, 0, 236.13402061855672, 71.90721649484536, 3.865979381443264, 9.974226804123711, -1, -1, -1, -1
9, 0, 233.38917525773198, 71.21134020618557, 6.610824742267994, 11.597938144329902, -1, -1, -1, -1
10, 0, 230.64432989690724, 70.51546391752578, 9.355670103092734, 13.221649484536087, -1, -1, -1, -1
11, 0, 227.89948453608247, 69.81958762886597, 12.100515463917503, 14.845360824742272, -1, -1, -1, -1
12, 0, 225.15463917525773, 69.12371134020619, 14.845360824742244, 16.469072164948457, -1, -1, -1, -1
13, 0, 222.409793814433, 68.4278350515464, 17.590206185566984, 18.092783505154642, -1, -1, -1, -1
14, 0, 219.66494845360825, 67.7319587628866, 20.335051546391718, 19.716494845360824, -1, -1, -1, -1
15, 0, 215.99967297718842, 64.81486114464141, 24.00032702281158, 23.78883089145266, -1, -1, -1, -1
16, 0, 213.46142912699042, 64.79584485106594, 26.538570873009206, 24.158063022681034, -1, -1, -1, -1
17, 0, 210.92318527679242, 64.77682855749046, 29.076814723206834, 24.52729515390941, -1, -1, -1, -1
18, 0, 208.3595272495607, 64.96007190787435, 31.640472750438676, 24.962608504546495, -1, -1, -1, -1
19, 0, 205.79586922232897, 65.14331525825824, 34.204130777670514, 25.397921855183597, -1, -1, -1, -1
20, 0, 203.23221119509725, 65.32655860864213, 36.76778880490235, 25.8332352058207, -1, -1, -1, -1
21, 0, 200.66855316786553, 65.50980195902603, 39.33144683213422, 26.268548556457773, -1, -1, -1, -1
22, 0, 198.1048951406338, 65.69304530940992, 41.89510485936606, 26.70386190709486, -1, -1, -1, -1
23, 0, 195.54123711340208, 65.87628865979381, 44.4587628865979, 27.13917525773196, -1, -1, -1, -1
24, 0, 193.3376288659732, 65.87628865979468, 46.662371134026785, 27.39141808468453, -1, -1, -1, -1
25, 0, 191.1340206185443, 65.87628865979556, 48.86597938145567, 27.6436609116371, -1, -1, -1, -1
26, 0, 188.9304123711154, 65.87628865979643, 51.06958762888456, 27.895903738589666, -1, -1, -1, -1
27, 0, 186.72680412368652, 65.8762886597973, 53.27319587631348, 28.14814656554225, -1, -1, -1, -1
28, 0, 184.52319587625763, 65.87628865979816, 55.47680412374237, 28.400389392494816, -1, -1, -1, -1
29, 0, 182.31958762882874, 65.87628865979904, 57.68041237117126, 28.652632219447383, -1, -1, -1, -1
30, 0, 180.11597938139985, 65.87628865979991, 59.88402061860014, 28.90487504639995, -1, -1, -1, -1
31, 0, 177.91237113400004, 65.8762886598, 62.087628865999946, 29.157117873400008, -1, -1, -1, -1
32, 0, 175.70876288658764, 65.87628865979684, 63.75000000001023, 29.40936070034647, -1, -1, -1, -1
33, 0, 173.5051546391752, 65.8762886597937, 65.41237113402052, 29.661603527292925, -1, -1, -1, -1
34, 0, 172.07771609829996, 65.96550356859979, 64.13865552612972, 29.610314437600014, -1, -1, -1, -1
35, 0, 169.94737221541942, 66.0547184774, 64.2854648404, 29.5590253479, -1, -1, -1, -1
36, 0, 168.46468171519047, 66.12348836803642, 64.43227415465998, 29.507736258159994, -1, -1, -1, -1
37, 0, 166.98199121496148, 66.19225825867284, 64.57908346892, 29.45644716842, -1, -1, -1, -1
38, 0, 165.49930071473253, 66.26102814930924, 64.72589278317997, 29.405158078680003, -1, -1, -1, -1
39, 0, 164.01661021450354, 66.32979803994566, 64.87270209744, 29.353868988940008, -1, -1, -1, -1
40, 0, 162.5339197142746, 66.39856793058208, 65.0195114117, 29.3025798992, -1, -1, -1, -1
41, 0, 160.96637770735344, 66.53889538479103, 65.16632072595002, 29.251290809449998, -1, -1, -1, -1
42, 0, 159.3988357004323, 66.67922283899999, 65.3131300402, 29.2000017197, -1, -1, -1, -1
43, 0, 158.67444220594138, 66.76843774780025, 65.45993935441757, 29.148712630000087, -1, -1, -1, -1
44, 0, 157.43244600671005, 66.8576526566091, 65.98532039435398, 29.097423540274974, -1, -1, -1, -1
45, 0, 156.19044980747876, 66.94686756541795, 66.51070143429038, 29.046134450549857, -1, -1, -1, -1
46, 0, 154.94845360824743, 67.0360824742268, 67.0360824742268, 28.994845360824744, -1, -1, -1, -1
47, 0, 154.08644570366008, 67.04972710733591, 67.04530080937866, 29.0494238932708, -1, -1, -1, -1
48, 0, 153.22443779907275, 67.06337174044502, 67.05451914453053, 29.10400242571687, -1, -1, -1, -1
49, 0, 152.3624298944854, 67.07701637355413, 67.0637374796824, 29.15858095816293, -1, -1, -1, -1
50, 0, 151.50042198989803, 67.09066100666323, 67.07295581483427, 29.213159490609, -1, -1, -1, -1
51, 0, 150.6384140853107, 67.10430563977233, 67.08217414998612, 29.267738023055074, -1, -1, -1, -1
52, 0, 149.77640618072334, 67.11795027288144, 67.09139248513802, 29.322316555501132, -1, -1, -1, -1
53, 0, 148.914398276136, 67.13159490599055, 67.10061082028986, 29.37689508794719, -1, -1, -1, -1
54, 0, 148.05239037154865, 67.14523953909966, 67.10982915544173, 29.431473620393263, -1, -1, -1, -1
55, 0, 147.1903824669613, 67.15888417220877, 67.1190474905936, 29.48605215283932, -1, -1, -1, -1
56, 0, 146.32837456237397, 67.17252880531787, 67.12826582574547, 29.540630685285393, -1, -1, -1, -1
57, 0, 145.4663666577866, 67.18617343842698, 67.13748416089734, 29.59520921773145, -1, -1, -1, -1
58, 0, 144.60435875319925, 67.19981807153609, 67.14670249604922, 29.649787750177524, -1, -1, -1, -1
59, 0, 143.74235084861192, 67.2134627046452, 67.15592083120106, 29.70436628262358, -1, -1, -1, -1
60, 0, 142.88034294402456, 67.2271073377543, 67.16513916635296, 29.75894481506964, -1, -1, -1, -1
61, 0, 142.0183350394372, 67.24075197086341, 67.17435750150483, 29.813523347515712, -1, -1, -1, -1
62, 0, 141.15632713484987, 67.25439660397251, 67.18357583665667, 29.868101879961785, -1, -1, -1, -1
63, 0, 140.29431923026252, 67.26804123708162, 67.19279417180854, 29.922680412407843, -1, -1, -1, -1
64, 0, 139.4323113256752, 67.28168587019073, 67.20201250696041, 29.977258944853915, -1, -1, -1, -1
65, 0, 138.57030342108783, 67.29533050329984, 67.21123084211227, 30.031837477299973, -1, -1, -1, -1
66, 0, 137.5722464246299, 67.30897513641318, 67.32071948734725, 30.086416009741143, -1, -1, -1, -1
67, 0, 136.57418942817193, 67.32261976952653, 67.43020813258221, 30.140994542182312, -1, -1, -1, -1
68, 0, 135.576132431714, 67.33626440263987, 67.53969677781717, 30.195573074623482, -1, -1, -1, -1
69, 0, 134.57807543525607, 67.34990903575321, 67.6491854230521, 30.25015160706465, -1, -1, -1, -1
70, 0, 133.5800184387981, 67.36355366886656, 67.75867406828709, 30.30473013950582, -1, -1, -1, -1
71, 0, 132.58196144234017, 67.3771983019799, 67.86816271352205, 30.35930867194699, -1, -1, -1, -1
72, 0, 131.5839044458822, 67.39084293509325, 67.97765135875702, 30.41388720438816, -1, -1, -1, -1
73, 0, 130.58584744942428, 67.40448756820659, 68.08714000399198, 30.468465736829316, -1, -1, -1, -1
74, 0, 129.58779045296635, 67.41813220131993, 68.19662864922691, 30.523044269270486, -1, -1, -1, -1
75, 0, 128.58973345650838, 67.43177683443328, 68.3061172944619, 30.577622801711655, -1, -1, -1, -1
76, 0, 127.59167646005045, 67.44542146754662, 68.41560593969686, 30.632201334152825, -1, -1, -1, -1
77, 0, 126.5936194635925, 67.45906610065997, 68.52509458493181, 30.686779866593994, -1, -1, -1, -1
78, 0, 125.59556246713456, 67.47271073377331, 68.63458323016678, 30.741358399035164, -1, -1, -1, -1
79, 0, 124.59750547067662, 67.48635536688666, 68.74407187540172, 30.795936931476334, -1, -1, -1, -1
80, 0, 123.59944847421868, 67.5, 68.85356052063669, 30.850515463917507, -1, -1, -1, -1
81, 0, 122.0362624720913, 67.55271790065714, 68.95018874439123, 30.810226546873395, -1, -1, -1, -1
82, 0, 120.47307646996391, 67.60543580131429, 69.04681696814573, 30.769937629829286, -1, -1, -1, -1
83, 0, 118.90989046783653, 67.65815370197143, 69.14344519190027, 30.729648712785178, -1, -1, -1, -1
84, 0, 117.34670446570915, 67.71087160262857, 69.24007341565478, 30.689359795741083, -1, -1, -1, -1
85, 0, 115.78351846358177, 67.76358950328571, 69.33670163940931, 30.649070878696975, -1, -1, -1, -1
86, 0, 114.2203324614544, 67.81630740394286, 69.4333298631638, 30.608781961652866, -1, -1, -1, -1
87, 0, 112.65714645932701, 67.8690253046, 69.52995808691836, 30.568493044608758, -1, -1, -1, -1
88, 0, 111.09396045719964, 67.92174320525714, 69.62658631067288, 30.52820412756465, -1, -1, -1, -1
88, 1, 0, 102.0618556701031, 4.871134020618557, 21.572164948453608, -1, -1, -1, -1
89, 0, 109.53077445507226, 67.97446110591429, 69.72321453442738, 30.48791521052054, -1, -1, -1, -1
89, 1, 0.0, 99.97503810488219, 9.537608307063904, 26.13379688217401, -1, -1, -1, -1
90, 0, 107.96758845294488, 68.02717900657143, 69.81984275818192, 30.447626293476432, -1, -1, -1, -1
90, 1, 0.0, 97.88822053966129, 14.20408259350925, 30.695428815894388, -1, -1, -1, -1
91, 0, 106.4044024508175, 68.07989690722857, 69.91647098193643, 30.407337376432338, -1, -1, -1, -1
91, 1, 0.0, 95.80140297444038, 18.8705568799546, 35.257060749614794, -1, -1, -1, -1
92, 0, 104.84121644869012, 68.13261480788572, 70.01309920569096, 30.36704845938823, -1, -1, -1, -1
92, 1, 0, 93.71458540921947, 23.53703116639994, 39.818692683335215, -1, -1, -1, -1
93, 0, 103.27803044656274, 68.18533270854286, 70.10972742944547, 30.32675954234412, -1, -1, -1, -1
93, 1, 0.0, 93.46358360424293, 28.203505452821524, 40.970952490920325, -1, -1, -1, -1
94, 0, 101.71484444443536, 68.2380506092, 70.2063556532, 30.286470625300005, -1, -1, -1, -1
94, 1, 0, 93.21258179926639, 32.86997973924311, 42.12321229850547, -1, -1, -1, -1
95, 0, 99.81792514778336, 68.29076850985415, 70.09589181563574, 30.24618170826352, -1, -1, -1, -1
95, 1, 2.8716495510055123e-16, 93.05569586823289, 38.040531936898375, 42.10282660582429, -1, -1, -1, -1
96, 0, 97.92100585113135, 68.3434864105083, 69.98542797807147, 30.205892791227, -1, -1, -1, -1
96, 1, 5.743299102011025e-16, 92.89880993719939, 43.21108413455365, 42.082440913143074, -1, -1, -1, -1
97, 0, 96.02408655447934, 68.39620431116245, 69.87496414050722, 30.16560387419051, -1, -1, -1, -1
97, 1, 8.614948653016537e-16, 92.7419240061659, 48.38163633220892, 42.06205522046187, -1, -1, -1, -1
98, 0, 94.12716725782734, 68.44892221181661, 69.76450030294292, 30.12531495715399, -1, -1, -1, -1
98, 1, 1.148659820402205e-15, 92.5850380751324, 53.552188529864196, 42.041669527780655, -1, -1, -1, -1
99, 0, 92.23024796117534, 68.50164011247075, 69.65403646537865, 30.085026040117498, -1, -1, -1, -1
99, 1, 1.4358247755027561e-15, 92.4281521440989, 58.722740727519465, 42.02128383509946, -1, -1, -1, -1
100, 0, 90.33332866452332, 68.5543580131249, 69.5435726278144, 30.044737123081006, -1, -1, -1, -1
100, 1, 1.076868581627067e-15, 92.46026912369899, 64.04765902468941, 41.99825478807452, -1, -1, -1, -1
101, 0, 88.43640936787132, 68.60707591377906, 69.43310879025013, 30.004448206044486, -1, -1, -1, -1
101, 1, 7.1791238775137805e-16, 92.49238610329907, 69.37257732185937, 41.975225741049556, -1, -1, -1, -1
102, 0, 86.53949007121932, 68.6597938144332, 69.32264495268585, 29.964159289007995, -1, -1, -1, -1
102, 1, 3.589561938756891e-16, 92.52450308289914, 74.69749561902933, 41.95219669402459, -1, -1, -1, -1
103, 0, 83.91185387378935, 68.78469468674993, 69.80820100238937, 29.997407067388423, -1, -1, -1, -1
103, 1, 0, 92.55662006249923, 80.02241391619927, 41.92916764699964, -1, -1, -1, -1
104, 0, 81.28421767635939, 68.90959555906667, 70.2937570520929, 30.030654845768822, -1, -1, -1, -1
104, 1, 0.46525782147760003, 92.58873704209971, 84.88207439192198, 41.9061385999998, -1, -1, -1, -1
105, 0, 78.65658147892941, 69.03449643138342, 70.77931310179645, 30.063902624149236, -1, -1, -1, -1
105, 1, 5.14794769540552, 92.62085402170526, 85.52430281512707, 41.88310955300035, -1, -1, -1, -1
106, 0, 76.02894528149945, 69.15939730370015, 71.26486915149997, 30.097150402529664, -1, -1, -1, -1
106, 1, 9.83063756933344, 92.6529710013108, 86.16653123833215, 41.86008050600093, -1, -1, -1, -1
107, 0, 74.13494564440879, 69.26158892650008, 70.52134173097807, 30.006576708622234, -1, -1, -1, -1
107, 1, 15.307643695319726, 92.49156800028248, 86.26846634394157, 41.9026753822458, -1, -1, -1, -1
108, 0, 72.24094600731813, 69.36378054930003, 69.77781431045621, 29.91600301471479, -1, -1, -1, -1
108, 1, 20.78464982130601, 92.33016499925418, 86.370401449551, 41.94527025849064, -1, -1, -1, -1
109, 0, 70.34694637022747, 69.46597217209998, 69.03428688993435, 29.825429320807345, -1, -1, -1, -1
109, 1, 26.261655947292294, 92.16876199822586, 86.47233655516042, 41.987865134735515, -1, -1, -1, -1
110, 0, 68.45294673313681, 69.56816379489992, 68.29075946941246, 29.734855626899915, -1, -1, -1, -1
110, 1, 31.73866207327858, 92.00735899719754, 86.57427166076987, 42.03046001098039, -1, -1, -1, -1
111, 0, 65.79011781838855, 69.6703554177141, 68.67484832282489, 29.644281933006297, -1, -1, -1, -1
111, 1, 37.21566819926487, 91.84595599616924, 86.67620676637928, 42.073054887225226, -1, -1, -1, -1
112, 0, 63.127288903640306, 69.7725470405283, 69.05893717623732, 29.55370823911268, -1, -1, -1, -1
112, 1, 42.69267432525115, 91.68455299514092, 86.77814187198871, 42.1156497634701, -1, -1, -1, -1
113, 0, 60.46445998889205, 69.87473866334248, 69.44302602964973, 29.463134545219063, -1, -1, -1, -1
113, 1, 48.16968045123743, 91.5231499941126, 86.88007697759812, 42.15824463971498, -1, -1, -1, -1
114, 0, 57.8016310741438, 69.97693028615666, 69.82711488306215, 29.37256085132546, -1, -1, -1, -1
114, 1, 53.64668657722372, 91.3617469930843, 86.98201208320755, 42.200839515959814, -1, -1, -1, -1
115, 0, 55.138802159395546, 70.07912190897085, 70.21120373647457, 29.281987157431843, -1, -1, -1, -1
115, 1, 59.123692703210004, 91.20034399205598, 87.083947188817, 42.24343439220469, -1, -1, -1, -1
116, 0, 52.47597324464729, 70.18131353178504, 70.595292589887, 29.191413463538225, -1, -1, -1, -1
116, 1, 64.60069882919629, 91.03894099102766, 87.18588229442642, 42.28602926844957, -1, -1, -1, -1
117, 0, 49.81314432989904, 70.28350515459923, 70.97938144329942, 29.100839769644615, -1, -1, -1, -1
117, 1, 70.07770495518258, 90.87753798999935, 87.28781740003583, 42.3286241446944, -1, -1, -1, -1
118, 0, 47.46456185567188, 70.28350515460588, 70.51546391752615, 29.083174034841306, -1, -1, -1, -1
118, 1, 75.55471108116885, 90.71613498897104, 87.38975250564528, 42.37121902093928, -1, -1, -1, -1
119, 0, 45.115979381444724, 70.28350515461254, 70.05154639175288, 29.06550830003799, -1, -1, -1, -1
119, 1, 81.03171720715514, 90.55473198794272, 87.49168761125472, 42.413813897184156, -1, -1, -1, -1
120, 0, 42.76739690721756, 70.2835051546192, 69.58762886597962, 29.047842565234674, -1, -1, -1, -1
120, 1, 86.50872333314143, 90.39332898691441, 87.59362271686413, 42.45640877342899, -1, -1, -1, -1
121, 0, 40.4188144329904, 70.28350515462586, 69.12371134020634, 29.03017683043136, -1, -1, -1, -1
121, 1, 91.98572945912773, 90.2319259858861, 87.69555782247356, 42.499003649673874, -1, -1, -1, -1
122, 0, 38.070231958763245, 70.28350515463251, 68.65979381443307, 29.012511095628057, -1, -1, -1, -1
122, 1, 99.34182135604297, 90.63742771906942, 85.24928356169995, 42.74624029403471, -1, -1, -1, -1
123, 0, 35.72164948453609, 70.28350515463917, 68.1958762886598, 28.994845360824744, -1, -1, -1, -1
123, 1, 104.42661443029967, 90.39398693139975, 85.84893244991622, 42.66900567799993, -1, -1, -1, -1
124, 0, 33.312846946872476, 70.35487708168523, 67.99004658705564, 28.994845360822268, -1, -1, -1, -1
124, 1, 109.88629035361585, 90.2061044241398, 85.48924571387296, 42.51017925041995, -1, -1, -1, -1
125, 0, 30.90404440920886, 70.4262490087313, 67.7842168854515, 28.994845360819795, -1, -1, -1, -1
125, 1, 115.34596627693203, 90.01822191687984, 85.12955897782972, 42.35135282283997, -1, -1, -1, -1
126, 0, 28.49524187154525, 70.49762093577738, 67.57838718384734, 28.99484536081731, -1, -1, -1, -1
126, 1, 120.80564220024823, 89.8303394096199, 84.76987224178649, 42.192526395259975, -1, -1, -1, -1
127, 0, 26.086439333881636, 70.56899286282344, 67.3725574822432, 28.994845360814836, -1, -1, -1, -1
127, 1, 126.26531812356441, 89.64245690235994, 84.41018550574324, 42.03369996767999, -1, -1, -1, -1
128, 0, 23.677636796218025, 70.6403647898695, 67.16672778063904, 28.994845360812377, -1, -1, -1, -1
128, 1, 131.7249940468806, 89.45457439509998, 84.0504987697, 41.8748735401, -1, -1, -1, -1
129, 0, 21.268834258554413, 70.71173671691557, 66.96089807903488, 28.99484536080989, -1, -1, -1, -1
129, 1, 136.8683625662706, 89.266691887825, 83.69081203366116, 41.7160471125014, -1, -1, -1, -1
130, 0, 18.8600317208908, 70.78310864396164, 66.75506837743073, 28.994845360807403, -1, -1, -1, -1
130, 1, 142.01173108566059, 89.07880938055004, 83.33112529762235, 41.557220684902774, -1, -1, -1, -1
131, 0, 16.451229183227188, 70.8544805710077, 66.54923867582659, 28.99484536080493, -1, -1, -1, -1
131, 1, 147.15509960505057, 88.89092687327506, 82.97143856158354, 41.39839425730413, -1, -1, -1, -1
132, 0, 14.042426645563577, 70.92585249805376, 66.34340897422241, 28.994845360802472, -1, -1, -1, -1
132, 1, 152.29846812444057, 88.70304436600009, 82.61175182554472, 41.239567829705514, -1, -1, -1, -1
133, 0, 11.63362410789996, 70.99722442509983, 66.13757927261827, 28.99484536079998, -1, -1, -1, -1
133, 1, 157.97647070708658, 88.41414680349979, 81.40765651812289, 41.22909015039992, -1, -1, -1, -1
134, 0, 9.224821570215111, 71.06859635212842, 66.30952678129938, 28.99484536080824, -1, -1, -1, -1
134, 1, 163.02966854119998, 88.12524924100002, 76.97033145879999, 41.2186124710999, -1, -1, -1, -1
135, 0, 6.816019032530261, 71.139968279157, 66.48147428998048, 28.994845360816498, -1, -1, -1, -1
135, 1, 168.08286637529028, 87.83635167850001, 71.75960829075001, 41.20813479184996, -1, -1, -1, -1
136, 0, 4.407216494845411, 71.2113402061856, 66.6534217986616, 28.99484536082475, -1, -1, -1, -1
136, 1, 173.13606420938058, 87.547454116, 66.5488851227, 41.1976571126, -1, -1, -1, -1
137, 0, 2.4595894611292906, 71.38189219984268, 66.64270585908952, 28.909751858762334, -1, -1, -1, -1
137, 1, 177.46683155297976, 87.25855655349967, 62.533168447020216, 41.187179433299846, -1, -1, -1, -1
138, 0, 0.51196242741317, 71.55244419349977, 66.63198991951742, 28.8246583566999, -1, -1, -1, -1
138, 1, 182.24277227991752, 86.96965899100549, 57.75722772008231, 41.17670175400782, -1, -1, -1, -1
139, 0, 0.255981213706585, 71.72299618714987, 64.59825798361696, 28.739564854649956, -1, -1, -1, -1
139, 1, 187.01871300685528, 86.6807614285113, 52.98128699314441, 41.166224074715785, -1, -1, -1, -1
140, 0, 0, 71.8935481808, 62.56452604771652, 28.654471352599987, -1, -1, -1, -1
140, 1, 191.79465373379304, 86.3918638660171, 48.205346266206504, 41.15574639542376, -1, -1, -1, -1
141, 0, 0.0, 72.06410017445, 59.39126378683102, 28.569377850550026, -1, -1, -1, -1
141, 1, 196.57059446073077, 86.10296630352292, 43.42940553926866, 41.145268716131724, -1, -1, -1, -1
142, 0, 0, 72.2346521681, 56.218001525945525, 28.484284348500086, -1, -1, -1, -1
142, 1, 201.34653518766854, 85.81406874102873, 38.65346481233075, 41.1347910368397, -1, -1, -1, -1
143, 0, 5.675898936659782e-15, 72.40520416175286, 53.96012250534499, 28.3991908464221, -1, -1, -1, -1
143, 1, 206.1224759146063, 85.52517117853455, 33.877524085392864, 41.124313357547656, -1, -1, -1, -1
144, 0, 1.1351797873319565e-14, 72.57575615540574, 51.70224348474446, 28.314097344344106, -1, -1, -1, -1
144, 1, 210.17788068087037, 85.7999258113562, 29.822119319128547, 40.30263142522, -1, -1, -1, -1
145, 0, 1.7027696809979345e-14, 72.74630814905862, 49.44436446414393, 28.22900384226611, -1, -1, -1, -1
145, 1, 214.23328544713448, 86.07468044417787, 25.766714552864187, 39.480949492892336, -1, -1, -1, -1
146, 0, 2.270359574663913e-14, 72.91686014271149, 47.1864854435434, 28.143910340188132, -1, -1, -1, -1
146, 1, 218.28869021339855, 86.34943507699953, 21.711309786599895, 38.659267560564665, -1, -1, -1, -1
147, 0, 1.7027696809979345e-14, 73.10090972966722, 45.12297585695754, 28.045319244832484, -1, -1, -1, -1
147, 1, 222.34409497964856, 86.12716876261563, 17.655905020349905, 36.63591866538418, -1, -1, -1, -1
148, 0, 1.1351797873319565e-14, 73.28495931662297, 43.059466270371665, 27.946728149476826, -1, -1, -1, -1
148, 1, 226.39949974589854, 85.90490244823172, 13.600500254099927, 34.612569770203685, -1, -1, -1, -1
149, 0, 5.675898936659784e-15, 73.46900890357871, 40.9959566837858, 27.848137054121167, -1, -1, -1, -1
149, 1, 230.45490451210014, 85.76080494401104, 9.54509548789984, 30.16803425798895, -1, -1, -1, -1
150, 0, 0, 73.65305849053445, 38.93244709719994, 27.74954595876552, -1, -1, -1, -1
150, 1, 234.51030927835052, 87.44845360824743, 5.48969072164945, 23.89175257731959, -1, -1, -1, -1
151, 0, 4.781014481732013e-15, 73.81711267200001, 35.265888448674154, 27.6709502689, -1, -1, -1, -1
152, 0, 1.132129039223068e-14, 73.98116685343582, 33.155195251430186, 27.592354579064178, -1, -1, -1, -1
153, 0, 1.786156630272935e-14, 74.14522103487164, 31.044502054186218, 27.51375888922837, -1, -1, -1, -1
154, 0, 5.602285502620941e-15, 74.74223653149946, 28.218951757677612, 27.002201884200794, -1, -1, -1, -1
155, 0, 3.734857001747294e-15, 75.55862838236759, 25.853929765971248, 26.13596370567626, -1, -1, -1, -1
156, 0, 1.867428500873647e-15, 76.3750202332357, 23.488907774264884, 25.269725527151735, -1, -1, -1, -1
157, 0, 0, 77.19141208410383, 21.12388578255852, 24.403487348627216, -1, -1, -1, -1
158, 0, 9.251830099726988e-17, 77.66168660451866, 18.897310723026795, 23.35369575994571, -1, -1, -1, -1
159, 0, 1.8503660199453976e-16, 78.1319611249335, 16.67073566349507, 22.303904171264207, -1, -1, -1, -1
160, 0, 2.7755490299180966e-16, 78.60223564534833, 14.444160603963343, 21.254112582582707, -1, -1, -1, -1
161, 0, 3.700732039890795e-16, 79.07251016576316, 12.217585544431618, 20.204320993901206, -1, -1, -1, -1
162, 0, 4.625915049863494e-16, 79.542784686178, 9.991010484899892, 19.15452940521972, -1, -1, -1, -1
163, 0, 5.551098059836193e-16, 80.01305920659283, 7.764435425368165, 18.10473781653822, -1, -1, -1, -1
164, 0, 6.476281069808892e-16, 80.48333372700766, 5.53786036583644, 17.054946227856718, -1, -1, -1, -1
165, 0, 7.40146407978159e-16, 80.9536082474225, 3.311285306304712, 16.00515463917522, -1, -1, -1, -1
172, 2, 0, 117.83505154639175, 1.6237113402061851, 9.974226804123711, -1, -1, -1, -1
173, 2, 0.0, 114.45340738531692, 3.8969072165030605, 14.933190552840784, -1, -1, -1, -1
174, 2, 0, 111.07176322424209, 6.170103092799936, 19.89215430155788, -1, -1, -1, -1
175, 2, 0, 109.6471390427163, 8.443298969099956, 22.89409807068358, -1, -1, -1, -1
176, 2, 0.0, 109.21789941826538, 10.71649484537472, 24.900657282764456, -1, -1, -1, -1
177, 2, 0, 108.78865979381443, 12.989690721649485, 26.90721649484536, -1, -1, -1, -1
178, 2, 0, 108.35373711339989, 15.657216494799941, 30.11099721390854, -1, -1, -1, -1
179, 2, 0.0, 107.91881443298783, 18.324742268002307, 30.779971102348696, -1, -1, -1, -1
180, 2, 0.0, 107.48389175257577, 20.99226804120467, 31.448944990788874, -1, -1, -1, -1
181, 2, 0.0, 107.04896907216371, 23.65979381440704, 32.11791887922902, -1, -1, -1, -1
182, 2, 0.0, 106.61404639175164, 26.327319587609402, 32.786892767669215, -1, -1, -1, -1
183, 2, 0.0, 106.17912371133959, 28.994845360811766, 33.455866656109364, -1, -1, -1, -1
184, 2, 0.0, 105.74420103092753, 31.66237113401413, 34.12484054454954, -1, -1, -1, -1
185, 2, 0, 105.30927835051547, 34.329896907216494, 34.79381443298969, -1, -1, -1, -1
186, 2, 0.0, 105.141317743522, 37.188333317375466, 34.994912006109814, -1, -1, -1, -1
187, 2, 0.0, 104.9733571365285, 40.04676972753444, 35.19600957922995, -1, -1, -1, -1
188, 2, 0.0, 104.80539652953503, 42.90520613769341, 35.397107152350074, -1, -1, -1, -1
189, 2, 0.0, 104.63743592254156, 45.763642547852385, 35.598204725470225, -1, -1, -1, -1
190, 2, 0.0, 104.46947531554808, 48.62207895801136, 35.79930229859035, -1, -1, -1, -1
191, 2, 0.0, 104.30151470855459, 51.48051536817032, 36.000399871710485, -1, -1, -1, -1
192, 2, 0, 104.13355410156112, 54.338951778329296, 36.2014974448306, -1, -1, -1, -1
193, 2, 0.010105350635351201, 104.1295748276097, 57.519151518472135, 36.621189278697216, -1, -1, -1, -1
194, 2, 0.020210701270702403, 104.12559555365829, 60.69935125861497, 37.040881112563824, -1, -1, -1, -1
195, 2, 0.030316051906053604, 104.12161627970688, 63.8795509987578, 37.46057294643042, -1, -1, -1, -1
196, 2, 0.040421402541404805, 104.11763700575547, 67.05975073890065, 37.880264780297026, -1, -1, -1, -1
197, 2, 0.050526753176756006, 104.11365773180405, 70.23995047904347, 38.29995661416362, -1, -1, -1, -1
198, 2, 0.025263376588378003, 104.22888706983026, 73.50889910272804, 38.20182096143172, -1, -1, -1, -1
199, 2, 0, 104.34411640785648, 76.77784772641263, 38.103685308699816, -1, -1, -1, -1
200, 2, 0, 104.35655870490001, 80.41203594130027, 38.00554965599999, -1, -1, -1, -1
201, 2, 2.7835051546391756, 104.36900100193455, 81.26271900157798, 37.90741400325774, -1, -1, -1, -1
202, 2, 5.567010309278351, 104.38144329896907, 82.11340206185568, 37.80927835051546, -1, -1, -1, -1
203, 2, 8.95360824743377, 104.33505154640184, 82.10279828273545, 37.9020618556616, -1, -1, -1, -1
204, 2, 12.340206185589189, 104.28865979383461, 82.09219450361525, 37.99484536080773, -1, -1, -1, -1
205, 2, 15.72680412374461, 104.24226804126738, 82.081590724495, 38.08762886595389, -1, -1, -1, -1
206, 2, 19.11340206190003, 104.19587628870015, 82.07098694537478, 38.180412371100026, -1, -1, -1, -1
207, 2, 22.500000000036966, 104.1494845361161, 82.34867468815597, 38.27319587626032, -1, -1, -1, -1
208, 2, 25.886597938173903, 104.10309278353206, 82.62636243093714, 38.365979381420615, -1, -1, -1, -1
209, 2, 29.273195876310837, 104.056701030948, 82.90405017371833, 38.458762886580956, -1, -1, -1, -1
210, 2, 32.659793814447774, 104.01030927836396, 83.18173791649951, 38.551546391741255, -1, -1, -1, -1
211, 2, 36.04639175258471, 103.96391752577992, 83.45942565928068, 38.64432989690155, -1, -1, -1, -1
212, 2, 39.43298969072165, 103.91752577319588, 83.73711340206187, 38.73711340206186, -1, -1, -1, -1
213, 2, 43.358445678033306, 103.88914499154555, 83.73711340206187, 38.78333716547269, -1, -1, -1, -1
214, 2, 47.28390166534496, 103.86076420989524, 83.73711340206188, 38.82956092888351, -1, -1, -1, -1
215, 2, 51.20935765265662, 103.83238342824491, 83.73711340206185, 38.875784692294346, -1, -1, -1, -1
216, 2, 55.13481363996828, 103.8040026465946, 83.73711340206185, 38.92200845570517, -1, -1, -1, -1
217, 2, 59.060269627279936, 103.77562186494427, 83.73711340206187, 38.968232219116004, -1, -1, -1, -1
218, 2, 62.985725614591594, 103.74724108329396, 83.73711340206188, 39.014455982526826, -1, -1, -1, -1
219, 2, 66.91118160190325, 103.71886030164363, 83.73711340206185, 39.060679745937634, -1, -1, -1, -1
220, 2, 70.83663758921492, 103.69047951999332, 83.73711340206185, 39.106903509348456, -1, -1, -1, -1
221, 2, 74.76209357652657, 103.66209873834299, 83.73711340206187, 39.15312727275929, -1, -1, -1, -1
222, 2, 78.68754956383822, 103.63371795669268, 83.73711340206188, 39.199351036170114, -1, -1, -1, -1
223, 2, 82.61300555114988, 103.60533717504235, 83.73711340206185, 39.24557479958095, -1, -1, -1, -1
224, 2, 86.53846153846155, 103.57695639339204, 83.73711340206185, 39.29179856299177, -1, -1, -1, -1
225, 2, 90.4639175257732, 103.54857561174171, 83.73711340206187, 39.33802232640261, -1, -1, -1, -1
226, 2, 94.69716494845163, 103.29618396589902, 83.46506807531655, 39.416444900077295, -1, -1, -1, -1
227, 2, 98.93041237113005, 103.04379232005633, 83.19302274857125, 39.49486747375201, -1, -1, -1, -1
228, 2, 103.16365979380848, 102.79140067421363, 82.92097742182594, 39.573290047426696, -1, -1, -1, -1
229, 2, 107.39690721648691, 102.53900902837094, 82.64893209508062, 39.65171262110138, -1, -1, -1, -1
230, 2, 111.63015463916533, 102.28661738252826, 82.3768867683353, 39.730135194776054, -1, -1, -1, -1
231, 2, 115.86340206184376, 102.03422573668557, 82.10484144158998, 39.80855776845074, -1, -1, -1, -1
232, 2, 120.09664948452217, 101.78183409084288, 81.83279611484468, 39.886980342125455, -1, -1, -1, -1
233, 2, 124.3298969072006, 101.52944244500019, 81.56075078809937, 39.96540291580014, -1, -1, -1, -1
234, 2, 128.56314432988302, 101.27705079916898, 81.07893013546322, 40.043825489469455, -1, -1, -1, -1
235, 2, 132.7963917525654, 101.02465915333777, 80.59710948282711, 40.12224806313877, -1, -1, -1, -1
236, 2, 137.0296391752478, 100.77226750750656, 80.11528883019096, 40.200670636808084, -1, -1, -1, -1
237, 2, 141.26288659793022, 100.51987586167536, 79.63346817755485, 40.279093210477384, -1, -1, -1, -1
238, 2, 145.4961340206126, 100.26748421584415, 79.15164752491873, 40.3575157841467, -1, -1, -1, -1
239, 2, 149.729381443295, 100.01509257001294, 78.66982687228258, 40.43593835781601, -1, -1, -1, -1
240, 2, 153.9626288659774, 99.76270092418173, 78.18800621964647, 40.51436093148533, -1, -1, -1, -1
241, 2, 158.1958762886598, 99.51030927835052, 77.70618556701031, 40.59278350515464, -1, -1, -1, -1
242, 2, 162.22352389879987, 99.25726335519994, 77.03218701545806, 40.28725450039988, -1, -1, -1, -1
243, 2, 166.25117150889957, 99.00421743209968, 73.74882849110041, 39.981725495599896, -1, -1, -1, -1
244, 2, 170.27881911903293, 98.7511715089331, 69.72118088096704, 39.67619649082921, -1, -1, -1, -1
245, 2, 174.30646672916632, 98.49812558576653, 65.69353327083365, 39.37066748605852, -1, -1, -1, -1
246, 2, 178.33411433929967, 98.24507966259995, 61.66588566070028, 39.06513848128784, -1, -1, -1, -1
247, 2, 182.3617619494164, 97.99203373945184, 57.63823805058354, 38.60138441115379, -1, -1, -1, -1
248, 2, 186.38940955953314, 97.73898781630375, 53.61059044046681, 38.137630341019715, -1, -1, -1, -1
249, 2, 190.41705716964987, 97.48594189315564, 49.58294283035008, 37.67387627088563, -1, -1, -1, -1
250, 2, 194.44470477976662, 97.23289597000753, 45.55529522023332, 37.21012220075157, -1, -1, -1, -1
251, 2, 198.47235238988335, 96.97985004685944, 41.52764761011659, 36.7463681306175, -1, -1, -1, -1
252, 2, 202.50000000000009, 96.72680412371133, 37.499999999999865, 36.28261406048344, -1, -1, -1, -1
253, 2, 206.03737113403284, 96.81378865980739, 33.96262886596651, 36.61471154534601, -1, -1, -1, -1
254, 2, 209.57474226806556, 96.90077319590345, 30.425257731933186, 36.94680903020854, -1, -1, -1, -1
255, 2, 213.11211340209832, 96.98775773199951, 26.88788659789984, 37.278906515071114, -1, -1, -1, -1
256, 2, 216.64948453611166, 97.07474226807383, 23.350515463886865, 35.111785005871326, -1, -1, -1, -1
257, 2, 220.18685567012497, 97.16172680414816, 19.81314432987392, 32.94466349667154, -1, -1, -1, -1
258, 2, 223.7242268041383, 97.24871134022248, 16.27577319586092, 30.77754198747175, -1, -1, -1, -1
259, 2, 227.26159793815162, 97.33569587629681, 12.738402061847978, 28.610420478271962, -1, -1, -1, -1
260, 2, 230.79896907216497, 97.42268041237114, 9.201030927835017, 26.443298969072167, -1, -1, -1, -1
261, 2, 233.531743093037, 100.0015277598277, 6.468256906962978, 20.412371134, -1, -1, -1, -1
262, 2, 236.41283973757, 103.3692596063325, 3.58716026242995, 13.209934395532562, -1, -1, -1, -1
367, 3, 0, 100.90206185567011, 3.711340206185567, 12.061855670103093, -1, -1, -1, -1
368, 3, 0, 97.87778761209223, 6.475594209699885, 24.6469139211554, -1, -1, -1, -1
369, 3, 6.592664558598868e-15, 97.11900862240005, 9.239848213100004, 28.168022761757864, -1, -1, -1, -1
370, 3, 1.1537162977548001e-14, 96.36022963262685, 12.004102216599982, 28.257324116578555, -1, -1, -1, -1
371, 3, 0, 96.12487194492117, 14.768356220102147, 31.281296023599996, -1, -1, -1, -1
372, 3, 0.0, 92.9234541488478, 17.886807926803492, 36.08615611195326, -1, -1, -1, -1
373, 3, 0.0, 89.72203635277441, 21.00525963350484, 40.891016200306524, -1, -1, -1, -1
374, 3, 0, 86.52061855670104, 24.123711340206185, 45.6958762886598, -1, -1, -1, -1
375, 3, 0.0, 86.51739690720464, 27.40012886597956, 45.81507731959084, -1, -1, -1, -1
376, 3, 0.0, 86.51417525770825, 30.676546391752932, 45.93427835052188, -1, -1, -1, -1
377, 3, 0.0, 86.51095360821184, 33.952963917526304, 46.05347938145293, -1, -1, -1, -1
378, 3, 0, 86.50773195871544, 37.22938144329968, 46.17268041238398, -1, -1, -1, -1
379, 3, 0, 72.44640346764574, 40.505798969099764, 60.349988284953945, -1, -1, -1, -1
380, 3, 0, 66.61318882221289, 43.782216494899956, 66.29918231188717, -1, -1, -1, -1
381, 3, 0.0, 66.24473874100335, 47.058634020645854, 66.78361177450029, -1, -1, -1, -1
382, 3, 0, 65.87628865979381, 50.33505154639175, 67.26804123711341, -1, -1, -1, -1
383, 3, 0.03514526709999925, 65.77085285847039, 53.98712895658952, 67.39456419868506, -1, -1, -1, -1
384, 3, 0.0702905341999985, 65.66541705714698, 57.639206366787285, 67.52108716025671, -1, -1, -1, -1
385, 3, 0.10543580129999776, 65.55998125582356, 61.29128377698505, 67.64761012182835, -1, -1, -1, -1
386, 3, 0.140581068399997, 65.45454545450013, 64.94336118718282, 67.77413308340002, -1, -1, -1, -1
387, 3, 0.17572633549999858, 65.34910965318583, 68.68890546086023, 67.90065604497146, -1, -1, -1, -1
388, 3, 0.21087160260000015, 65.24367385187155, 72.43444973453765, 68.02717900654288, -1, -1, -1, -1
389, 3, 0.24601686970000175, 65.13823805055725, 76.17999400821508, 68.15370196811432, -1, -1, -1, -1
390, 3, 0.28116213680000335, 65.03280224924296, 79.92553828189249, 68.28022492968572, -1, -1, -1, -1
391, 3, 0.3163074039000049, 64.92736644792866, 83.67108255556991, 68.40674789125715, -1, -1, -1, -1
392, 3, 0.3514526710000065, 64.82193064661438, 87.41662682924732, 68.53327085282858, -1, -1, -1, -1
393, 3, 0.38659793810000803, 64.71649484530008, 91.16217110292473, 68.6597938144, -1, -1, -1, -1
394, 3, 0.42174320520911723, 64.61105904399098, 95.16046261867574, 68.78631677597274, -1, -1, -1, -1
395, 3, 0.4568884723182264, 64.50562324268188, 99.15875413442674, 68.91283973754545, -1, -1, -1, -1
396, 3, 0.4920337394273356, 64.40018744137278, 103.15704565017774, 69.03936269911817, -1, -1, -1, -1
397, 3, 0.5271790065364448, 64.29475164006368, 107.15533716592876, 69.16588566069089, -1, -1, -1, -1
398, 3, 0.5623242736455539, 64.18931583875458, 111.15362868167975, 69.29240862226361, -1, -1, -1, -1
399, 3, 0.5974695407546631, 64.08388003744548, 115.15192019743075, 69.4189315838363, -1, -1, -1, -1
400, 3, 0.6326148078637723, 63.97844423613639, 119.15021171318176, 69.545454545409, -1, -1, -1, -1
401, 3, 0.6677600749728815, 63.87300843482729, 123.14850322893278, 69.67197750698173, -1, -1, -1, -1
402, 3, 0.7029053420819906, 63.76757263351819, 127.14679474468377, 69.79850046855444, -1, -1, -1, -1
403, 3, 0.7380506091910999, 63.66213683220909, 131.14508626043477, 69.92502343012717, -1, -1, -1, -1
404, 3, 0.773195876300209, 63.556701030899994, 135.1433777761858, 70.05154639169989, -1, -1, -1, -1
405, 3, 0.6958762886701881, 63.45126522958996, 139.41806601958712, 70.17806935327988, -1, -1, -1, -1
406, 3, 0.6185567010401672, 63.34582942827993, 143.69275426298842, 70.30459231485983, -1, -1, -1, -1
407, 3, 0.5412371134101464, 63.24039362696989, 147.96744250638974, 70.4311152764398, -1, -1, -1, -1
408, 3, 0.4639175257801254, 63.13495782565985, 152.24213074979107, 70.55763823801979, -1, -1, -1, -1
409, 3, 0.3865979381501045, 63.029522024349816, 156.51681899319235, 70.68416119959979, -1, -1, -1, -1
410, 3, 0.30927835052008357, 62.92408622303979, 160.79150723659367, 70.81068416117975, -1, -1, -1, -1
411, 3, 0.23195876289006268, 62.81865042172975, 165.066195479995, 70.9372071227597, -1, -1, -1, -1
412, 3, 0.15463917526004178, 62.71321462041971, 169.34088372339633, 71.06373008433971, -1, -1, -1, -1
413, 3, 0.07731958763002089, 62.60777881910968, 173.61557196679763, 71.19025304591969, -1, -1, -1, -1
414, 3, 0, 62.502343017799646, 177.89026021019896, 71.31677600749966, -1, -1, -1, -1
415, 3, 1.1597938144329891, 62.396907216494846, 180.9278350515464, 71.44329896907217, -1, -1, -1, -1
416, 3, 5.364046391752577, 62.222938144329895, 180.78286082474227, 71.5882731958763, -1, -1, -1, -1
417, 3, 9.568298969072165, 62.04896907216495, 180.63788659793815, 71.7332474226804, -1, -1, -1, -1
418, 3, 13.772551546391753, 61.875, 180.49291237113403, 71.87822164948454, -1, -1, -1, -1
419, 3, 17.97680412371134, 61.70103092783505, 180.3479381443299, 72.02319587628865, -1, -1, -1, -1
420, 3, 22.181056701030926, 61.527061855670105, 180.20296391752578, 72.16817010309279, -1, -1, -1, -1
421, 3, 26.38530927835052, 61.353092783505154, 180.05798969072166, 72.31314432989691, -1, -1, -1, -1
422, 3, 30.589561855670105, 61.17912371134021, 179.91301546391756, 72.45811855670102, -1, -1, -1, -1
423, 3, 34.79381443298969, 61.00515463917526, 179.7680412371134, 72.60309278350516, -1, -1, -1, -1
424, 3, 39.78092783505155, 60.889175257731964, 178.53092783505156, 72.6417525773196, -1, -1, -1, -1
425, 3, 44.7680412371134, 60.77319587628866, 177.2938144329897, 72.68041237113403, -1, -1, -1, -1
426, 3, 49.75515463917526, 60.657216494845365, 176.05670103092785, 72.71907216494847, -1, -1, -1, -1
427, 3, 54.74226804123711, 60.54123711340207, 174.819587628866, 72.75773195876286, -1, -1, -1, -1
428, 3, 59.72938144329897, 60.425257731958766, 173.58247422680415, 72.7963917525773, -1, -1, -1, -1
429, 3, 64.71649484536083, 60.30927835051547, 172.34536082474227, 72.83505154639175, -1, -1, -1, -1
430, 3, 69.19329896910003, 60.264060227399995, 170.80670103089992, 72.63475200199994, -1, -1, -1, -1
431, 3, 73.67010309280823, 60.218842104267424, 166.32989690719168, 72.43445245763135, -1, -1, -1, -1
432, 3, 78.14690721651644, 60.17362398113485, 161.85309278348345, 72.23415291326276, -1, -1, -1, -1
433, 3, 82.62371134022465, 60.12840585800228, 157.3762886597752, 72.03385336889417, -1, -1, -1, -1
434, 3, 87.10051546393285, 60.08318773486971, 152.89948453606698, 71.83355382452558, -1, -1, -1, -1
435, 3, 91.57731958764106, 60.03796961173714, 148.42268041235877, 71.63325428015699, -1, -1, -1, -1
436, 3, 96.05412371134925, 59.99275148860457, 143.94587628865054, 71.4329547357884, -1, -1, -1, -1
437, 3, 100.53092783505745, 59.947533365472, 139.4690721649423, 71.23265519141981, -1, -1, -1, -1
438, 3, 105.00773195876566, 59.90231524233943, 134.99226804123407, 71.03235564705122, -1, -1, -1, -1
439, 3, 109.48453608247387, 59.857097119206855, 130.51546391752586, 70.83205610268263, -1, -1, -1, -1
440, 3, 113.26912642430786, 59.83206270761539, 126.73087357569189, 70.62005966103303, -1, -1, -1, -1
441, 3, 117.05371676614183, 59.80702829602393, 122.94628323385791, 70.40806321938342, -1, -1, -1, -1
442, 3, 120.83830710797582, 59.78199388443247, 119.16169289202395, 70.19606677773382, -1, -1, -1, -1
443, 3, 124.62289744980981, 59.756959472841004, 115.37710255018996, 69.98407033608422, -1, -1, -1, -1
444, 3, 128.4074877916438, 59.73192506124955, 111.592512208356, 69.77207389443464, -1, -1, -1, -1
445, 3, 132.1920781334778, 59.706890649658085, 107.80792186652201, 69.56007745278504, -1, -1, -1, -1
446, 3, 135.97666847531178, 59.68185623806662, 104.02333152468805, 69.34808101113543, -1, -1, -1, -1
447, 3, 139.76125881714574, 59.65682182647516, 100.23874118285408, 69.13608456948583, -1, -1, -1, -1
448, 3, 143.54584915897976, 59.631787414883696, 96.4541508410201, 68.92408812783623, -1, -1, -1, -1
449, 3, 147.33043950081372, 59.60675300329223, 92.66956049918613, 68.71209168618662, -1, -1, -1, -1
450, 3, 151.11502984264771, 59.58171859170077, 88.88497015735217, 68.50009524453702, -1, -1, -1, -1
451, 3, 154.8996201844817, 59.55668418010931, 85.10037981551818, 68.28809880288742, -1, -1, -1, -1
452, 3, 158.6842105263157, 59.531649768517845, 81.31578947368422, 68.07610236123782, -1, -1, -1, -1
453, 3, 162.46880086814969, 59.50661535692638, 77.53119913185023, 67.86410591958821, -1, -1, -1, -1
454, 3, 166.25339120998365, 59.481580945334926, 73.7466087900163, 67.65210947793861, -1, -1, -1, -1
455, 3, 170.03798155181767, 59.45654653374346, 69.96201844818228, 67.440113036289, -1, -1, -1, -1
456, 3, 173.82257189365163, 59.431512122152, 66.17742810634834, 67.22811659463942, -1, -1, -1, -1
457, 3, 177.60716223548565, 59.40647771056054, 62.392837764514326, 67.01612015298981, -1, -1, -1, -1
458, 3, 181.3917525773196, 59.381443298969074, 58.60824742268038, 66.80412371134021, -1, -1, -1, -1
459, 3, 184.83799705450005, 59.34830633280014, 55.16200294549996, 65.2214374495905, -1, -1, -1, -1
460, 3, 188.2842415316996, 59.31516936669987, 51.715758468299875, 59.409826713962616, -1, -1, -1, -1
461, 3, 191.73048600886483, 59.28203240057639, 48.269513991134744, 59.26497477323195, -1, -1, -1, -1
462, 3, 195.17673048603007, 59.24889543445291, 44.82326951396959, 59.12012283250129, -1, -1, -1, -1
463, 3, 198.6229749631953, 59.21575846832943, 41.37702503680447, 58.97527089177061, -1, -1, -1, -1
464, 3, 202.06921944036054, 59.182621502205954, 37.93078055963932, 58.83041895103995, -1, -1, -1, -1
465, 3, 205.51546391752578, 59.149484536082475, 34.48453608247419, 58.685567010309285, -1, -1, -1, -1
466, 3, 208.44184822468034, 58.99015932519889, 31.558151775319345, 58.10977038426536, -1, -1, -1, -1
467, 3, 211.3682325318349, 58.83083411431531, 28.63176746816447, 57.533973758221435, -1, -1, -1, -1
468, 3, 214.29461683898947, 58.67150890343172, 25.70538316100962, 56.95817713217753, -1, -1, -1, -1
469, 3, 217.22100114614403, 58.51218369254814, 22.778998853854745, 56.38238050613361, -1, -1, -1, -1
470, 3, 220.1473854532986, 58.352858481664555, 19.852614546699897, 55.80658388008969, -1, -1, -1, -1
471, 3, 223.07376976044927, 58.37557530897848, 16.926230239549938, 54.39270022989865, -1, -1, -1, -1
472, 3, 226.00015406759994, 58.39829213629242, 13.999845932400003, 52.97881657970759, -1, -1, -1, -1
473, 4, 223.1443298969004, 72.1391752577, 6.088976229027613, 14.613402061900004, -1, -1, -1, -1
473, 3, 229.17504884839204, 58.57416519186814, 10.824951151607959, 52.669978146109635, -1, -1, -1, -1
474, 4, 220.5000000000002, 70.97938144327497, 11.424979594445801, 17.16494845365, -1, -1, -1, -1
474, 3, 231.9771779187999, 58.60496601447199, 8.022822081199983, 50.618909778227895, -1, -1, -1, -1
475, 4, 217.8556701031, 69.81958762884994, 16.76098295986398, 19.71649484539998, -1, -1, -1, -1
475, 3, 234.7793069891322, 62.24226804119973, 5.220693010867777, 44.961340206199715, -1, -1, -1, -1
476, 4, 215.2113402061998, 68.65979381442493, 22.096986325282188, 22.26804123714996, -1, -1, -1, -1
476, 3, 237.19854583416796, 62.55154639180001, 2.801454165832033, 43.588917525799985, -1, -1, -1, -1
477, 4, 212.5670103092996, 67.4999999999999, 27.432989690700374, 24.819587628899956, -1, -1, -1, -1
478, 4, 209.92268041237114, 66.34020618556701, 30.077319587628832, 27.37113402061856, -1, -1, -1, -1
479, 4, 207.67557989691414, 66.36920103091134, 32.32442010308583, 27.54510309277903, -1, -1, -1, -1
480, 4, 205.42847938145715, 66.39819587625567, 34.57152061854285, 27.71907216493952, -1, -1, -1, -1
481, 4, 203.18137886600016, 66.4271907216, 36.81862113399985, 27.893041237099993, -1, -1, -1, -1
482, 4, 200.93427835053345, 66.45618556696664, 39.06572164946655, 28.06701030926665, -1, -1, -1, -1
483, 4, 198.68717783506673, 66.48518041233328, 41.312822164933266, 28.240979381433306, -1, -1, -1, -1
484, 4, 196.4400773196, 66.51417525769992, 43.55992268040001, 28.414948453599976, -1, -1, -1, -1
485, 4, 194.19297680413328, 66.54317010306657, 45.80702319586672, 28.588917525766618, -1, -1, -1, -1
486, 4, 191.94587628866657, 66.57216494843321, 48.05412371133343, 28.762886597933274, -1, -1, -1, -1
487, 4, 189.69877577319983, 66.60115979379985, 50.30122422680017, 28.936855670099945, -1, -1, -1, -1
488, 4, 187.45167525773311, 66.63015463916649, 52.548324742266885, 29.1108247422666, -1, -1, -1, -1
489, 4, 185.2045747422664, 66.65914948453313, 54.7954252577336, 29.284793814433257, -1, -1, -1, -1
490, 4, 182.9574742267997, 66.68814432989979, 57.04252577320031, 29.4587628865999, -1, -1, -1, -1
491, 4, 180.71037371133298, 66.71713917526642, 59.28962628866702, 29.632731958766556, -1, -1, -1, -1
492, 4, 178.46327319586624, 66.74613402063306, 61.536726804133764, 29.806701030933226, -1, -1, -1, -1
493, 4, 176.21617268039952, 66.7751288659997, 63.78382731960047, 29.980670103099886, -1, -1, -1, -1
494, 4, 173.96907216494847, 66.80412371134021, 63.78865979381444, 30.154639175257735, -1, -1, -1, -1
495, 4, 172.37956888471942, 67.30623242738707, 63.8453608247, 30.162371133999997, -1, -1, -1, -1
496, 4, 170.59485989709455, 67.35577253534836, 64.0993532444001, 30.17010309276, -1, -1, -1, -1
497, 4, 168.81015090946968, 67.40531264330966, 64.3533456641002, 30.177835051520006, -1, -1, -1, -1
498, 4, 167.02544192184482, 67.45485275127095, 64.60733808380027, 30.18556701028001, -1, -1, -1, -1
499, 4, 165.24073293421995, 67.50439285923224, 64.86133050350037, 30.193298969040015, -1, -1, -1, -1
500, 4, 163.4560239465951, 67.55393296719353, 65.11532292320044, 30.20103092780002, -1, -1, -1, -1
501, 4, 161.67131495897024, 67.60347307515484, 65.36931534290053, 30.208762886559995, -1, -1, -1, -1
502, 4, 159.88660597134538, 67.65301318311613, 65.62330776260063, 30.21649484532, -1, -1, -1, -1
503, 4, 158.1018969837205, 67.70255329107742, 65.8773001823007, 30.224226804080004, -1, -1, -1, -1
504, 4, 156.31718799609564, 67.75209339903871, 66.1312926020008, 30.23195876284001, -1, -1, -1, -1
505, 4, 154.53247900847077, 67.801633507, 66.38528502170091, 30.239690721600017, -1, -1, -1, -1
506, 4, 153.8103998399455, 67.85117361499329, 65.57056162104152, 30.247422680399914, -1, -1, -1, -1
507, 4, 152.5890681184, 67.92664136029995, 65.76480132396765, 30.255154639200004, -1, -1, -1, -1
508, 4, 150.78493774275697, 67.94382924016233, 66.23234332007212, 30.26288659796667, -1, -1, -1, -1
509, 4, 148.98080736711395, 67.96101712002472, 66.69988531617656, 30.27061855673331, -1, -1, -1, -1
510, 4, 147.1766769914709, 67.9782049998871, 67.16742731228103, 30.27835051549998, -1, -1, -1, -1
511, 4, 145.9819565406031, 68.08869809014905, 67.14947876166946, 30.286082474257128, -1, -1, -1, -1
512, 4, 144.78723608973527, 68.19919118041099, 67.13153021105788, 30.293814433014276, -1, -1, -1, -1
513, 4, 143.59251563886747, 68.30968427067295, 67.1135816604463, 30.301546391771424, -1, -1, -1, -1
514, 4, 142.39779518799966, 68.4201773609349, 67.09563310983472, 30.309278350528558, -1, -1, -1, -1
515, 4, 141.20307473713186, 68.53067045119685, 67.07768455922314, 30.317010309285706, -1, -1, -1, -1
516, 4, 140.00835428626402, 68.6411635414588, 67.05973600861157, 30.324742268042854, -1, -1, -1, -1
517, 4, 138.81363383539622, 68.75165663172075, 67.041787458, 30.332474226800002, -1, -1, -1, -1
518, 4, 137.85265495833613, 68.81540140721404, 67.02383890738116, 30.340206185550002, -1, -1, -1, -1
519, 4, 136.89167608127605, 68.87914618270734, 67.00589035676236, 30.347938144299988, -1, -1, -1, -1
520, 4, 135.93069720421596, 68.94289095820064, 66.98794180614354, 30.355670103049988, -1, -1, -1, -1
521, 4, 134.9697183271559, 69.00663573369393, 66.96999325552468, 30.363402061799988, -1, -1, -1, -1
522, 4, 134.00873945009582, 69.07038050918723, 66.95204470490589, 30.371134020549974, -1, -1, -1, -1
523, 4, 133.04776057303573, 69.13412528468052, 66.93409615428705, 30.37886597929998, -1, -1, -1, -1
524, 4, 132.23574057942486, 69.07125447572199, 67.12436360084814, 30.386597938062465, -1, -1, -1, -1
525, 4, 131.42372058581395, 69.00838366676344, 67.31463104740922, 30.394329896824985, -1, -1, -1, -1
526, 4, 130.61170059220308, 68.9455128578049, 67.5048984939703, 30.402061855587476, -1, -1, -1, -1
527, 4, 129.7996805985922, 68.88264204884635, 67.69516594053135, 30.409793814349996, -1, -1, -1, -1
528, 4, 128.9876606049813, 68.81977123988781, 67.88543338709246, 30.417525773112487, -1, -1, -1, -1
529, 4, 128.17564061137043, 68.75690043092928, 68.07570083365354, 30.42525773187498, -1, -1, -1, -1
530, 4, 127.36362061775955, 68.69402962197073, 68.2659682802146, 30.4329896906375, -1, -1, -1, -1
531, 4, 126.55160062414866, 68.63115881301219, 68.45623572677569, 30.44072164939999, -1, -1, -1, -1
532, 4, 126.18560000863876, 68.67571120055331, 68.42349348428213, 30.448453608157138, -1, -1, -1, -1
533, 4, 125.81959939312885, 68.72026358809443, 68.39075124178855, 30.456185566914286, -1, -1, -1, -1
534, 4, 125.45359877761895, 68.76481597563554, 68.358008999295, 30.463917525671434, -1, -1, -1, -1
535, 4, 125.08759816210903, 68.80936836317666, 68.32526675680143, 30.471649484428568, -1, -1, -1, -1
536, 4, 124.72159754659913, 68.85392075071778, 68.29252451430787, 30.479381443185716, -1, -1, -1, -1
537, 4, 124.35559693108922, 68.8984731382589, 68.25978227181429, 30.487113401942864, -1, -1, -1, -1
538, 4, 123.98959631557932, 68.94302552580001, 68.22704002932073, 30.494845360700012, -1, -1, -1, -1
539, 4, 124.0984440410585, 68.977145898, 67.30372868944153, 30.50257731949998, -1, -1, -1, -1
540, 4, 123.50930129414901, 69.0112662702415, 67.07840782195285, 30.51030927829999, -1, -1, -1, -1
541, 4, 123.31729368195012, 68.98648491965822, 67.11962020275958, 30.51804123705712, -1, -1, -1, -1
542, 4, 123.12528606975121, 68.96170356907493, 67.1608325835663, 30.52577319581428, -1, -1, -1, -1
543, 4, 122.93327845755232, 68.93692221849165, 67.20204496437304, 30.533505154571415, -1, -1, -1, -1
544, 4, 122.74127084535341, 68.91214086790835, 67.2432573451798, 30.541237113328563, -1, -1, -1, -1
545, 4, 122.54926323315452, 68.88735951732507, 67.28446972598654, 30.548969072085697, -1, -1, -1, -1
546, 4, 122.35725562095561, 68.86257816674177, 67.32568210679327, 30.55670103084286, -1, -1, -1, -1
547, 4, 122.16524800875672, 68.83779681615849, 67.3668944876, 30.564432989599997, -1, -1, -1, -1
548, 4, 121.7971323999989, 68.96142435672479, 67.49441144949759, 30.42113193144351, -1, -1, -1, -1
549, 4, 121.42901679124108, 69.08505189729111, 67.62192841139515, 30.27783087328703, -1, -1, -1, -1
550, 4, 121.06090118248326, 69.20867943785741, 67.74944537329273, 30.13452981513055, -1, -1, -1, -1
551, 4, 120.69278557372544, 69.33230697842372, 67.87696233519031, 29.991228756974067, -1, -1, -1, -1
552, 4, 120.32466996496763, 69.45593451899003, 68.00447929708787, 29.847927698817585, -1, -1, -1, -1
553, 4, 119.95655435620981, 69.57956205955634, 68.13199625898545, 29.704626640661104, -1, -1, -1, -1
554, 4, 119.58843874745199, 69.70318960012264, 68.25951322088301, 29.561325582504622, -1, -1, -1, -1
555, 4, 119.22032313869418, 69.82681714068896, 68.38703018278058, 29.41802452434814, -1, -1, -1, -1
556, 4, 118.85220752993636, 69.95044468125526, 68.51454714467816, 29.27472346619166, -1, -1, -1, -1
557, 4, 118.48409192117855, 70.07407222182158, 68.64206410657572, 29.131422408035178, -1, -1, -1, -1
558, 4, 118.11597631242073, 70.19769976238788, 68.7695810684733, 28.988121349878696, -1, -1, -1, -1
559, 4, 117.74786070366291, 70.32132730295419, 68.89709803037088, 28.844820291722215, -1, -1, -1, -1
560, 4, 117.37974509490509, 70.4449548435205, 69.02461499226844, 28.701519233565733, -1, -1, -1, -1
561, 4, 117.01162948614727, 70.56858238408681, 69.15213195416604, 28.558218175409255, -1, -1, -1, -1
562, 4, 116.30642569469852, 70.62953803730909, 69.14081111169638, 28.57743908400515, -1, -1, -1, -1
563, 4, 115.60122190324978, 70.69049369053137, 69.12949026922675, 28.596659992601047, -1, -1, -1, -1
564, 4, 114.89601811180103, 70.75144934375363, 69.1181694267571, 28.61588090119696, -1, -1, -1, -1
565, 4, 114.19081432035227, 70.81240499697591, 69.10684858428746, 28.635101809792857, -1, -1, -1, -1
566, 4, 113.48561052890354, 70.8733606501982, 69.0955277418178, 28.654322718388755, -1, -1, -1, -1
567, 4, 112.78040673745478, 70.93431630342047, 69.08420689934819, 28.67354362698464, -1, -1, -1, -1
568, 4, 112.07520294600604, 70.99527195664275, 69.07288605687853, 28.692764535580537, -1, -1, -1, -1
569, 4, 111.36999915455729, 71.05622760986503, 69.06156521440889, 28.711985444176435, -1, -1, -1, -1
570, 4, 110.66479536310854, 71.1171832630873, 69.05024437193924, 28.731206352772347, -1, -1, -1, -1
571, 4, 109.9595915716598, 71.17813891630958, 69.03892352946961, 28.750427261368245, -1, -1, -1, -1
572, 4, 109.25438778021105, 71.23909456953186, 69.02760268699997, 28.769648169964135, -1, -1, -1, -1
573, 4, 108.12892330668342, 71.00246400371302, 69.01628184452855, 29.06139209855499, -1, -1, -1, -1
574, 4, 107.0034588331558, 70.76583343789419, 69.00496100205712, 29.35313602714581, -1, -1, -1, -1
575, 4, 105.87799435962818, 70.52920287207534, 68.9936401595857, 29.644879955736656, -1, -1, -1, -1
576, 4, 104.75252988610056, 70.2925723062565, 68.98231931711429, 29.93662388432749, -1, -1, -1, -1
577, 4, 103.62706541257293, 70.05594174043766, 68.97099847464287, 30.228367812918336, -1, -1, -1, -1
578, 4, 102.50160093904532, 69.81931117461883, 68.95967763217143, 30.520111741509155, -1, -1, -1, -1
579, 4, 101.37613646551769, 69.58268060879999, 68.9483567897, 30.811855670100005, -1, -1, -1, -1
580, 4, 99.9359607188059, 69.63006201281318, 68.93703594722395, 30.819587628863516, -1, -1, -1, -1
581, 4, 98.49578497209411, 69.67744341682639, 68.92571510474785, 30.827319587627017, -1, -1, -1, -1
582, 4, 97.05560922538234, 69.72482482083959, 68.91439426227177, 30.835051546390517, -1, -1, -1, -1
583, 4, 95.61543347867055, 69.7722062248528, 68.90307341979567, 30.842783505154017, -1, -1, -1, -1
584, 4, 94.17525773195877, 69.81958762886599, 68.8917525773196, 30.850515463917528, -1, -1, -1, -1
585, 4, 92.51382757038998, 69.87769371284077, 68.86709221889215, 30.833946980852843, -1, -1, -1, -1
586, 4, 90.85239740882119, 69.93579979681554, 68.8424318604647, 30.81737849778814, -1, -1, -1, -1
587, 4, 89.1909672472524, 69.99390588079032, 68.81777150203725, 30.800810014723453, -1, -1, -1, -1
588, 4, 87.52953708568361, 70.0520119647651, 68.79311114360979, 30.784241531658765, -1, -1, -1, -1
589, 4, 85.86810692411481, 70.11011804873988, 68.76845078518235, 30.767673048594077, -1, -1, -1, -1
590, 4, 84.20667676254602, 70.16822413271466, 68.7437904267549, 30.75110456552939, -1, -1, -1, -1
591, 4, 82.54524660097724, 70.22633021668943, 68.71913006832744, 30.734536082464686, -1, -1, -1, -1
592, 4, 80.88381643940845, 70.28443630066421, 68.6944697099, 30.717967599399998, -1, -1, -1, -1
593, 4, 78.87502223078552, 70.36817002723684, 68.88356950836304, 30.70139911633332, -1, -1, -1, -1
594, 4, 76.8662280221626, 70.45190375380948, 69.07266930682604, 30.684830633266657, -1, -1, -1, -1
595, 4, 74.85743381353967, 70.53563748038209, 69.26176910528909, 30.668262150200007, -1, -1, -1, -1
596, 4, 72.84863960491674, 70.61937120695472, 69.45086890375214, 30.65169366713333, -1, -1, -1, -1
597, 4, 70.83984539629382, 70.70310493352736, 69.63996870221514, 30.635125184066652, -1, -1, -1, -1
598, 4, 68.8310511876709, 70.78683866009999, 69.8290685006782, 30.61855670099999, -1, -1, -1, -1
599, 4, 66.66772169436658, 70.87057238667074, 69.6440880245934, 30.60198821793749, -1, -1, -1, -1
600, 4, 64.50439220106225, 70.9543061132415, 69.45910754850865, 30.58541973487499, -1, -1, -1, -1
601, 4, 62.34106270775792, 71.03803983981226, 69.27412707242388, 30.56885125181249, -1, -1, -1, -1
602, 4, 60.177733214453596, 71.12177356638301, 69.08914659633912, 30.55228276874999, -1, -1, -1, -1
603, 4, 58.01440372114928, 71.20550729295375, 68.90416612025433, 30.535714285687504, -1, -1, -1, -1
604, 4, 55.851074227844954, 71.28924101952451, 68.71918564416956, 30.519145802625005, -1, -1, -1, -1
605, 4, 53.68774473454063, 71.37297474609527, 68.53420516808478, 30.502577319562505, -1, -1, -1, -1
606, 4, 51.524415241236305, 71.45670847266602, 68.349224692, 30.486008836499998, -1, -1, -1, -1
607, 4, 49.23757515288905, 71.60681119335281, 68.51927879228079, 30.469440353440007, -1, -1, -1, -1
608, 4, 46.950735064541796, 71.75691391403961, 68.68933289256157, 30.452871870379994, -1, -1, -1, -1
609, 4, 44.66389497619454, 71.9070166347264, 68.85938699284235, 30.436303387319995, -1, -1, -1, -1
610, 4, 42.37705488784728, 72.0571193554132, 69.02944109312314, 30.419734904259982, -1, -1, -1, -1
611, 4, 40.090214799500025, 72.2072220761, 69.19949519340392, 30.403166421199987, -1, -1, -1, -1
612, 4, 37.80337471114276, 72.35732479679986, 69.1099300154128, 30.38659793813717, -1, -1, -1, -1
613, 4, 35.516534622785485, 72.50742751749972, 69.02036483742171, 30.370029455074345, -1, -1, -1, -1
614, 4, 33.22969453442822, 72.65753023819958, 68.9307996594306, 30.353460972011533, -1, -1, -1, -1
615, 4, 30.942854446070953, 72.80763295889945, 68.8412344814395, 30.336892488948706, -1, -1, -1, -1
616, 4, 28.656014357713687, 72.95773567959931, 68.75166930344838, 30.320324005885894, -1, -1, -1, -1
617, 4, 26.369174269356417, 73.10783840029917, 68.66210412545728, 30.30375552282308, -1, -1, -1, -1
618, 4, 24.082334180999148, 73.25794112099904, 68.57253894746617, 30.287187039760255, -1, -1, -1, -1
619, 4, 21.79549409264188, 73.40804384169888, 68.48297376947508, 30.270618556697457, -1, -1, -1, -1
620, 4, 19.508654004284615, 73.55814656239875, 68.39340859148396, 30.25405007363463, -1, -1, -1, -1
621, 4, 17.221813915927346, 73.70824928309861, 68.30384341349287, 30.237481590571818, -1, -1, -1, -1
622, 4, 14.934973827570076, 73.85835200379847, 68.21427823550175, 30.220913107509006, -1, -1, -1, -1
623, 4, 12.64813373921281, 74.00845472449834, 68.12471305751065, 30.20434462444618, -1, -1, -1, -1
624, 4, 10.361293650855544, 74.1585574451982, 68.03514787951954, 30.187776141383367, -1, -1, -1, -1
625, 4, 8.07445356249827, 74.30866016589806, 67.94558270152845, 30.17120765832054, -1, -1, -1, -1
626, 4, 5.787613474141001, 74.45876288659792, 67.85601752353735, 30.154639175257728, -1, -1, -1, -1
627, 4, 3.432193666322011, 74.57474226804896, 67.79574625446713, 30.27061855667887, -1, -1, -1, -1
628, 4, 1.076773858503022, 74.6907216495, 67.7354749853969, 30.386597938100003, -1, -1, -1, -1
629, 4, 0, 74.80670103089977, 66.39655776699996, 29.954611725329656, -1, -1, -1, -1
630, 4, 0.0, 74.92268041235243, 63.98086669002747, 30.253246304858948, -1, -1, -1, -1
631, 4, 0.0, 75.03865979380508, 61.56517561305497, 30.55188088438824, -1, -1, -1, -1
632, 4, 0, 75.15463917525774, 59.149484536082475, 30.850515463917528, -1, -1, -1, -1
633, 4, 0.0, 75.5360097667433, 56.74468996178686, 30.263785118212198, -1, -1, -1, -1
634, 4, 0.0, 75.91738035822887, 54.33989538749124, 29.677054772506878, -1, -1, -1, -1
635, 4, 0.0, 76.29875094971443, 51.93510081319562, 29.090324426801544, -1, -1, -1, -1
636, 4, 0, 76.6801215412, 49.5303062389, 28.503594081096214, -1, -1, -1, -1
637, 4, 0.0, 77.0614921326665, 47.12551166462489, 28.294446277705475, -1, -1, -1, -1
638, 4, 0.0, 77.442862724133, 44.720717090349765, 28.08529847431474, -1, -1, -1, -1
639, 4, 0.0, 77.8242333155995, 42.31592251607465, 27.87615067092399, -1, -1, -1, -1
640, 4, 0, 78.205603907066, 39.911127941799535, 27.66700286753325, -1, -1, -1, -1
641, 4, 5.547466193493226e-16, 78.81824380571652, 37.50633336751878, 27.037794485830972, -1, -1, -1, -1
642, 4, 1.1094932386986452e-15, 79.43088370436703, 35.10153879323802, 26.408586104128702, -1, -1, -1, -1
643, 4, 1.6642398580479677e-15, 80.04352360301755, 32.696744218957264, 25.779377722426418, -1, -1, -1, -1
644, 4, 2.2189864773972903e-15, 80.65616350166805, 30.291949644676503, 25.150169340724148, -1, -1, -1, -1
645, 4, 2.773733096746613e-15, 81.26880340031856, 27.887155070395746, 24.520960959021878, -1, -1, -1, -1
646, 4, 3.3284797160959353e-15, 81.88144329896907, 25.482360496114993, 23.89175257731959, -1, -1, -1, -1
647, 4, 2.7737330967466126e-15, 82.11340206185757, 23.217997416929155, 23.88754539259054, -1, -1, -1, -1
648, 4, 2.21898647739729e-15, 82.34536082474607, 20.953634337743317, 23.883338207861485, -1, -1, -1, -1
649, 4, 1.6642398580479677e-15, 82.57731958763458, 18.689271258557483, 23.879131023132416, -1, -1, -1, -1
650, 4, 1.109493238698645e-15, 82.80927835052307, 16.42490817937165, 23.87492383840336, -1, -1, -1, -1
651, 4, 5.547466193493223e-16, 83.04123711341157, 14.160545100185809, 23.870716653674307, -1, -1, -1, -1
652, 4, 0, 83.27319587630006, 11.896182020999971, 23.86650946894525, -1, -1, -1, -1
653, 4, 0.0, 83.50515463918286, 9.631818941835032, 23.3336867250013, -1, -1, -1, -1
654, 4, 0.0, 83.73711340206566, 7.367455862670094, 22.80086398105736, -1, -1, -1, -1
655, 4, 0, 83.96907216494846, 5.103092783505155, 22.268041237113405, -1, -1, -1, -1
