19, 0, 236.8298969072165, 74.22680412371135, 3.17010309278347, 9.04639175257732, -1, -1, -1, -1
20, 0, 235.65353460972347, 73.78809811708493, 4.346465390276517, 10.151799805225764, -1, -1, -1, -1
21, 0, 234.4771723122304, 73.3493921104585, 5.5228276877695635, 11.257207857874207, -1, -1, -1, -1
22, 0, 233.30081001473735, 72.91068610383208, 6.699189985262606, 12.362615910522642, -1, -1, -1, -1
23, 0, 232.12444771724432, 72.47198009720566, 7.875552282755649, 13.468023963171078, -1, -1, -1, -1
24, 0, 230.9480854197513, 72.03327409057924, 9.051914580248692, 14.573432015819513, -1, -1, -1, -1
25, 0, 229.77172312225824, 71.59456808395282, 10.228276877741735, 15.678840068467949, -1, -1, -1, -1
26, 0, 228.59536082476518, 71.15586207732639, 11.404639175234777, 16.78424812111639, -1, -1, -1, -1
27, 0, 227.41899852727215, 70.71715607069997, 12.58100147272782, 17.889656173764834, -1, -1, -1, -1
28, 0, 226.24263622977912, 70.27845006407355, 13.757363770220863, 18.995064226413277, -1, -1, -1, -1
29, 0, 225.06627393228607, 69.83974405744712, 14.933726067713906, 20.10047227906172, -1, -1, -1, -1
30, 0, 223.889911634793, 69.4010380508207, 16.110088365206945, 21.205880331710155, -1, -1, -1, -1
31, 0, 222.71354933729998, 68.96233204419428, 17.286450662699984, 22.31128838435859, -1, -1, -1, -1
32, 0, 221.53718703978402, 69.27498045508683, 18.462812960215956, 22.289664810736, -1, -1, -1, -1
33, 0, 220.36082474226805, 69.58762886597938, 19.639175257731925, 22.268041237113405, -1, -1, -1, -1
34, 0, 219.21552835051546, 69.45715206185568, 20.7844716494845, 22.500000000000007, -1, -1, -1, -1
35, 0, 218.0702319587629, 69.32667525773196, 21.929768041237082, 22.731958762886606, -1, -1, -1, -1
36, 0, 216.92493556701032, 69.19619845360825, 23.075064432989663, 22.963917525773198, -1, -1, -1, -1
37, 0, 215.77963917525773, 69.06572164948454, 24.220360824742244, 23.19587628865979, -1, -1, -1, -1
38, 0, 214.63434278350516, 68.93524484536083, 25.36565721649481, 23.42783505154639, -1, -1, -1, -1
39, 0, 213.4890463917526, 68.80476804123711, 26.510953608247377, 23.659793814432987, -1, -1, -1, -1
40, 0, 212.34375, 68.67429123711341, 27.656249999999957, 23.891752577319586, -1, -1, -1, -1
41, 0, 211.19845360824743, 68.54381443298969, 28.801546391752538, 24.123711340206185, -1, -1, -1, -1
42, 0, 210.05315721649487, 68.41333762886597, 29.94684278350512, 24.355670103092784, -1, -1, -1, -1
43, 0, 208.90786082474227, 68.28286082474227, 31.0921391752577, 24.587628865979383, -1, -1, -1, -1
44, 0, 207.7625644329897, 68.15238402061856, 32.237435567010266, 24.819587628865982, -1, -1, -1, -1
45, 0, 206.61726804123714, 68.02190721649484, 33.38273195876283, 25.05154639175258, -1, -1, -1, -1
46, 0, 205.47197164948454, 67.89143041237114, 34.52802835051541, 25.283505154639172, -1, -1, -1, -1
47, 0, 204.32667525773198, 67.76095360824742, 35.673324742267994, 25.515463917525764, -1, -1, -1, -1
48, 0, 203.1813788659794, 67.6304768041237, 36.818621134020574, 25.747422680412367, -1, -1, -1, -1
49, 0, 202.03608247422682, 67.5, 37.96391752577316, 25.97938144329897, -1, -1, -1, -1
50, 0, 201.13724226804197, 67.5289948453611, 38.862757731958, 26.00112757732124, -1, -1, -1, -1
51, 0, 200.23840206185713, 67.55798969072221, 39.76159793814284, 26.022873711343507, -1, -1, -1, -1
52, 0, 199.3395618556723, 67.5869845360833, 40.660438144327685, 26.044619845365787, -1, -1, -1, -1
53, 0, 198.44072164948744, 67.6159793814444, 41.55927835051253, 26.066365979388067, -1, -1, -1, -1
54, 0, 197.5418814433026, 67.64497422680552, 42.45811855669736, 26.08811211341034, -1, -1, -1, -1
55, 0, 196.64304123711779, 67.67396907216661, 43.356958762882186, 26.109858247432612, -1, -1, -1, -1
56, 0, 195.74420103093294, 67.70296391752771, 44.25579896906703, 26.131604381454892, -1, -1, -1, -1
57, 0, 194.8453608247481, 67.73195876288881, 45.15463917525187, 26.15335051547717, -1, -1, -1, -1
58, 0, 193.94652061856326, 67.7609536082499, 46.05347938143673, 26.17509664949945, -1, -1, -1, -1
59, 0, 193.0476804123784, 67.78994845361102, 46.95231958762159, 26.19684278352173, -1, -1, -1, -1
60, 0, 192.14884020619357, 67.81894329897212, 47.85115979380643, 26.21858891754401, -1, -1, -1, -1
61, 0, 191.25000000000873, 67.84793814433321, 48.749999999991275, 26.24033505156629, -1, -1, -1, -1
62, 0, 190.3511597938239, 67.87693298969432, 49.648840206176104, 26.262081185588563, -1, -1, -1, -1
63, 0, 189.45231958763907, 67.90592783505542, 50.54768041236093, 26.283827319610836, -1, -1, -1, -1
64, 0, 188.55347938145422, 67.93492268041652, 51.446520618545776, 26.305573453633116, -1, -1, -1, -1
65, 0, 187.65463917526938, 67.96391752577762, 52.34536082473062, 26.327319587655396, -1, -1, -1, -1
66, 0, 186.75579896908454, 67.99291237113871, 53.24420103091546, 26.34906572167767, -1, -1, -1, -1
67, 0, 185.8569587628997, 68.02190721649983, 54.143041237100306, 26.370811855699944, -1, -1, -1, -1
68, 0, 184.47133240994762, 68.0509020618498, 55.52866759005236, 26.392557989699938, -1, -1, -1, -1
69, 0, 183.08570605699555, 68.07989690719978, 56.91429394300441, 26.414304123699928, -1, -1, -1, -1
70, 0, 182.26799687524766, 68.10889175254984, 57.73200312475227, 26.436050257699947, -1, -1, -1, -1
71, 0, 181.4502876934998, 68.1378865978999, 58.54971230650013, 26.45779639169996, -1, -1, -1, -1
72, 0, 180.6325785117787, 68.16688144326454, 58.725668910901675, 26.47954252572584, -1, -1, -1, -1
73, 0, 179.81486933005758, 68.1958762886292, 58.90162551530321, 26.501288659751722, -1, -1, -1, -1
74, 0, 178.99716014833646, 68.22487113399384, 59.07758211970474, 26.523034793777605, -1, -1, -1, -1
75, 0, 178.17945096661535, 68.2538659793585, 59.25353872410628, 26.544780927803487, -1, -1, -1, -1
76, 0, 177.36174178489424, 68.28286082472314, 59.42949532850781, 26.566527061829362, -1, -1, -1, -1
77, 0, 176.54403260317312, 68.3118556700878, 59.60545193290935, 26.588273195855237, -1, -1, -1, -1
78, 0, 175.726323421452, 68.34085051545244, 59.78140853731088, 26.61001932988112, -1, -1, -1, -1
79, 0, 174.9086142397309, 68.3698453608171, 59.957365141712415, 26.631765463907, -1, -1, -1, -1
80, 0, 174.09090505800978, 68.39884020618175, 60.13332174611394, 26.653511597932884, -1, -1, -1, -1
81, 0, 173.27319587628867, 68.4278350515464, 60.30927835051547, 26.675257731958766, -1, -1, -1, -1
82, 0, 172.84622950090915, 68.42783505154429, 60.31936351411931, 26.695428059165188, -1, -1, -1, -1
83, 0, 172.4192631255296, 68.42783505154217, 60.32944867772315, 26.71559838637161, -1, -1, -1, -1
84, 0, 171.99229675015005, 68.42783505154006, 60.339533841327, 26.735768713578025, -1, -1, -1, -1
85, 0, 171.56533037477053, 68.42783505153795, 60.349619004930844, 26.75593904078444, -1, -1, -1, -1
86, 0, 171.13836399939098, 68.42783505153585, 60.35970416853469, 26.776109367990863, -1, -1, -1, -1
87, 0, 170.71139762401143, 68.42783505153373, 60.36978933213854, 26.796279695197285, -1, -1, -1, -1
88, 0, 170.2844312486319, 68.42783505153162, 60.379874495742385, 26.816450022403707, -1, -1, -1, -1
89, 0, 169.85746487325235, 68.42783505152951, 60.38995965934623, 26.83662034961013, -1, -1, -1, -1
90, 0, 169.4304984978728, 68.42783505152741, 60.400044822950065, 26.85679067681655, -1, -1, -1, -1
91, 0, 169.00353212249328, 68.42783505152529, 60.4101299865539, 26.876961004022974, -1, -1, -1, -1
92, 0, 168.57656574711376, 68.42783505152319, 60.420215150157745, 26.89713133122938, -1, -1, -1, -1
93, 0, 168.1495993717342, 68.42783505152109, 60.43030031376159, 26.91730165843579, -1, -1, -1, -1
94, 0, 167.72263299635466, 68.42783505151897, 60.440385477365425, 26.937471985642212, -1, -1, -1, -1
95, 0, 167.29566662097514, 68.42783505151687, 60.45047064096926, 26.957642312848634, -1, -1, -1, -1
96, 0, 166.86870024559562, 68.42783505151476, 60.460555804573104, 26.977812640055056, -1, -1, -1, -1
97, 0, 166.44173387021607, 68.42783505151264, 60.47064096817695, 26.99798296726148, -1, -1, -1, -1
98, 0, 166.01476749483652, 68.42783505151053, 60.4807261317808, 27.0181532944679, -1, -1, -1, -1
99, 0, 165.58780111945697, 68.42783505150842, 60.490811295384646, 27.038323621674323, -1, -1, -1, -1
100, 0, 165.16083474407742, 68.42783505150632, 60.50089645898848, 27.058493948880738, -1, -1, -1, -1
101, 0, 164.7338683686979, 68.4278350515042, 60.51098162259231, 27.078664276087153, -1, -1, -1, -1
102, 0, 164.30690199331838, 68.42783505150209, 60.52106678619616, 27.098834603293575, -1, -1, -1, -1
103, 0, 163.87993561793883, 68.42783505149998, 60.5311519498, 27.1190049305, -1, -1, -1, -1
104, 0, 163.57544517337695, 68.42783505150192, 60.541237113403696, 27.139175257708544, -1, -1, -1, -1
105, 0, 163.27095472881507, 68.42783505150385, 60.55132227700739, 27.15934558491709, -1, -1, -1, -1
106, 0, 162.96646428425316, 68.42783505150578, 60.56140744061109, 27.179515912125645, -1, -1, -1, -1
107, 0, 162.66197383969129, 68.42783505150771, 60.5714926042148, 27.1996862393342, -1, -1, -1, -1
108, 0, 162.3574833951294, 68.42783505150965, 60.58157776781849, 27.219856566542745, -1, -1, -1, -1
109, 0, 162.05299295056753, 68.42783505151158, 60.59166293142218, 27.240026893751292, -1, -1, -1, -1
110, 0, 161.74850250600565, 68.42783505151351, 60.60174809502587, 27.26019722095984, -1, -1, -1, -1
111, 0, 161.44401206144374, 68.42783505151546, 60.61183325862956, 27.280367548168385, -1, -1, -1, -1
112, 0, 161.13952161688186, 68.42783505151739, 60.62191842223325, 27.300537875376932, -1, -1, -1, -1
113, 0, 160.83503117232, 68.42783505151932, 60.63200358583694, 27.32070820258548, -1, -1, -1, -1
114, 0, 160.5305407277581, 68.42783505152126, 60.64208874944063, 27.340878529794033, -1, -1, -1, -1
115, 0, 160.22605028319623, 68.42783505152319, 60.65217391304432, 27.361048857002586, -1, -1, -1, -1
116, 0, 159.92155983863432, 68.42783505152512, 60.66225907664803, 27.381219184211133, -1, -1, -1, -1
117, 0, 159.61706939407244, 68.42783505152705, 60.67234424025173, 27.40138951141968, -1, -1, -1, -1
118, 0, 159.31257894951057, 68.42783505152899, 60.68242940385542, 27.421559838628227, -1, -1, -1, -1
119, 0, 159.0080885049487, 68.42783505153092, 60.69251456745911, 27.441730165836773, -1, -1, -1, -1
120, 0, 158.7035980603868, 68.42783505153287, 60.702599731062804, 27.46190049304532, -1, -1, -1, -1
121, 0, 158.3991076158249, 68.4278350515348, 60.712684894666495, 27.482070820253867, -1, -1, -1, -1
122, 0, 158.09461717126302, 68.42783505153673, 60.722770058270186, 27.502241147462414, -1, -1, -1, -1
123, 0, 157.79012672670115, 68.42783505153866, 60.732855221873876, 27.52241147467096, -1, -1, -1, -1
124, 0, 157.48563628213924, 68.4278350515406, 60.74294038547758, 27.542581801879514, -1, -1, -1, -1
125, 0, 157.18114583757736, 68.42783505154253, 60.753025549081286, 27.562752129088068, -1, -1, -1, -1
126, 0, 156.87665539301548, 68.42783505154446, 60.76311071268498, 27.58292245629661, -1, -1, -1, -1
127, 0, 156.5721649484536, 68.4278350515464, 60.77319587628866, 27.603092783505154, -1, -1, -1, -1
128, 0, 156.16557559738908, 68.44175257731769, 60.81958762886602, 27.589175257731885, -1, -1, -1, -1
129, 0, 155.75898624632455, 68.45567010308898, 60.86597938144337, 27.575257731958615, -1, -1, -1, -1
130, 0, 155.35239689526003, 68.46958762886027, 60.91237113402073, 27.561340206185342, -1, -1, -1, -1
131, 0, 154.94580754419547, 68.48350515463156, 60.958762886598095, 27.54742268041207, -1, -1, -1, -1
132, 0, 154.53921819313095, 68.49742268040285, 61.00515463917546, 27.53350515463879, -1, -1, -1, -1
133, 0, 154.13262884206642, 68.51134020617415, 61.05154639175282, 27.51958762886551, -1, -1, -1, -1
134, 0, 153.72603949100187, 68.52525773194544, 61.097938144330186, 27.505670103092235, -1, -1, -1, -1
135, 0, 153.31945013993735, 68.53917525771674, 61.14432989690755, 27.491752577318962, -1, -1, -1, -1
136, 0, 152.91286078887282, 68.55309278348803, 61.1907216494849, 27.47783505154569, -1, -1, -1, -1
137, 0, 152.5062714378083, 68.56701030925932, 61.23711340206225, 27.463917525772416, -1, -1, -1, -1
138, 0, 152.09968208674377, 68.58092783503061, 61.2835051546396, 27.449999999999143, -1, -1, -1, -1
139, 0, 151.69309273567924, 68.5948453608019, 61.32989690721695, 27.43608247422587, -1, -1, -1, -1
140, 0, 151.28650338461472, 68.6087628865732, 61.37628865979433, 27.422164948452583, -1, -1, -1, -1
141, 0, 150.87991403355016, 68.6226804123445, 61.422680412371705, 27.408247422679295, -1, -1, -1, -1
142, 0, 150.47332468248564, 68.63659793811578, 61.469072164949054, 27.394329896906022, -1, -1, -1, -1
143, 0, 150.0667353314211, 68.65051546388707, 61.515463917526404, 27.38041237113275, -1, -1, -1, -1
144, 0, 149.6601459803566, 68.66443298965837, 61.56185567010375, 27.366494845359476, -1, -1, -1, -1
145, 0, 149.25355662929206, 68.67835051542966, 61.6082474226811, 27.352577319586203, -1, -1, -1, -1
146, 0, 148.8469672782275, 68.69226804120095, 61.65463917525847, 27.33865979381293, -1, -1, -1, -1
147, 0, 148.44037792716298, 68.70618556697224, 61.70103092783583, 27.324742268039657, -1, -1, -1, -1
148, 0, 148.03378857609846, 68.72010309274353, 61.747422680413194, 27.310824742266377, -1, -1, -1, -1
149, 0, 147.62719922503393, 68.73402061851483, 61.79381443299056, 27.296907216493096, -1, -1, -1, -1
150, 0, 147.2206098739694, 68.74793814428612, 61.84020618556792, 27.282989690719823, -1, -1, -1, -1
151, 0, 146.81402052290485, 68.76185567005741, 61.886597938145286, 27.26907216494655, -1, -1, -1, -1
152, 0, 146.40743117184033, 68.7757731958287, 61.93298969072264, 27.255154639173277, -1, -1, -1, -1
153, 0, 146.0008418207758, 68.7896907216, 61.9793814433, 27.2412371134, -1, -1, -1, -1
154, 0, 145.48448372085517, 68.80360824737525, 62.02577319587727, 27.227319587626894, -1, -1, -1, -1
155, 0, 144.96812562093453, 68.8175257731505, 62.07216494845454, 27.213402061853785, -1, -1, -1, -1
156, 0, 144.4517675210139, 68.83144329892576, 62.11855670103181, 27.199484536080668, -1, -1, -1, -1
157, 0, 143.93540942109325, 68.84536082470103, 62.16494845360907, 27.18556701030755, -1, -1, -1, -1
158, 0, 143.41905132117262, 68.85927835047629, 62.211340206186364, 27.17164948453445, -1, -1, -1, -1
159, 0, 142.90269322125195, 68.87319587625154, 62.25773195876366, 27.157731958761346, -1, -1, -1, -1
160, 0, 142.3863351213313, 68.8871134020268, 62.304123711340935, 27.143814432988236, -1, -1, -1, -1
161, 0, 141.86997702141068, 68.90103092780205, 62.350515463918214, 27.129896907215127, -1, -1, -1, -1
162, 0, 141.35361892149004, 68.91494845357732, 62.39690721649548, 27.11597938144201, -1, -1, -1, -1
163, 0, 140.8372608215694, 68.92886597935258, 62.44329896907274, 27.102061855668893, -1, -1, -1, -1
164, 0, 140.32090272164874, 68.94278350512784, 62.489690721650035, 27.08814432989579, -1, -1, -1, -1
165, 0, 139.8045446217281, 68.95670103090309, 62.53608247422733, 27.074226804122688, -1, -1, -1, -1
166, 0, 139.28818652180746, 68.97061855667835, 62.58247422680461, 27.060309278349578, -1, -1, -1, -1
167, 0, 138.77182842188682, 68.9845360824536, 62.628865979381885, 27.04639175257647, -1, -1, -1, -1
168, 0, 138.2554703219662, 68.99845360822886, 62.67525773195915, 27.03247422680335, -1, -1, -1, -1
169, 0, 137.73911222204555, 69.01237113400413, 62.721649484536414, 27.018556701030235, -1, -1, -1, -1
170, 0, 137.2227541221249, 69.02628865977938, 62.76804123711369, 27.004639175257125, -1, -1, -1, -1
171, 0, 136.70639602220427, 69.04020618555464, 62.81443298969097, 26.990721649484016, -1, -1, -1, -1
172, 0, 136.19003792228364, 69.0541237113299, 62.86082474226825, 26.976804123710906, -1, -1, -1, -1
173, 0, 135.673679822363, 69.06804123710515, 62.90721649484553, 26.962886597937796, -1, -1, -1, -1
174, 0, 135.15732172244236, 69.08195876288042, 62.95360824742281, 26.948969072164687, -1, -1, -1, -1
175, 0, 134.6409636225217, 69.09587628865567, 63.000000000000085, 26.935051546391577, -1, -1, -1, -1
176, 0, 134.12460552260106, 69.10979381443093, 63.046391752577364, 26.921134020618467, -1, -1, -1, -1
177, 0, 133.60824742268042, 69.12371134020619, 63.09278350515464, 26.90721649484536, -1, -1, -1, -1
178, 0, 132.84629599886108, 69.15796612501016, 63.12540270618538, 26.90721649484403, -1, -1, -1, -1
179, 0, 132.08434457504174, 69.19222090981414, 63.158021907216124, 26.9072164948427, -1, -1, -1, -1
180, 0, 131.3223931512224, 69.22647569461813, 63.190641108246865, 26.907216494841357, -1, -1, -1, -1
181, 0, 130.56044172740306, 69.26073047942211, 63.223260309277606, 26.907216494840014, -1, -1, -1, -1
182, 0, 129.79849030358372, 69.29498526422609, 63.25587951030836, 26.907216494838686, -1, -1, -1, -1
183, 0, 129.03653887976435, 69.32924004903006, 63.288498711339116, 26.907216494837357, -1, -1, -1, -1
184, 0, 128.274587455945, 69.36349483383404, 63.32111791236986, 26.90721649483602, -1, -1, -1, -1
185, 0, 127.51263603212567, 69.39774961863802, 63.3537371134006, 26.907216494834685, -1, -1, -1, -1
186, 0, 126.75068460830633, 69.432004403442, 63.38635631443135, 26.90721649483335, -1, -1, -1, -1
187, 0, 125.98873318448699, 69.46625918824599, 63.41897551546211, 26.907216494832014, -1, -1, -1, -1
188, 0, 125.22678176066765, 69.50051397304996, 63.45159471649285, 26.907216494830685, -1, -1, -1, -1
189, 0, 124.46483033684831, 69.53476875785394, 63.48421391752359, 26.907216494829356, -1, -1, -1, -1
190, 0, 123.70287891302897, 69.56902354265792, 63.51683311855434, 26.90721649482802, -1, -1, -1, -1
191, 0, 122.94092748920961, 69.6032783274619, 63.549452319585086, 26.907216494826685, -1, -1, -1, -1
192, 0, 122.17897606539027, 69.63753311226588, 63.58207152061583, 26.90721649482535, -1, -1, -1, -1
193, 0, 121.41702464157093, 69.67178789706986, 63.61469072164657, 26.907216494824013, -1, -1, -1, -1
194, 0, 120.65507321775158, 69.70604268187384, 63.647309922677316, 26.907216494822677, -1, -1, -1, -1
195, 0, 119.89312179393224, 69.74029746667782, 63.679929123708064, 26.90721649482134, -1, -1, -1, -1
196, 0, 119.1311703701129, 69.7745522514818, 63.712548324738805, 26.907216494820005, -1, -1, -1, -1
197, 0, 118.36921894629356, 69.80880703628578, 63.745167525769546, 26.90721649481867, -1, -1, -1, -1
198, 0, 117.60726752247422, 69.84306182108976, 63.77778672680029, 26.907216494817334, -1, -1, -1, -1
199, 0, 116.84531609865488, 69.87731660589374, 63.81040592783103, 26.907216494815998, -1, -1, -1, -1
200, 0, 116.08336467483554, 69.91157139069772, 63.843025128861775, 26.90721649481467, -1, -1, -1, -1
201, 0, 115.32141325101618, 69.9458261755017, 63.87564432989252, 26.90721649481334, -1, -1, -1, -1
202, 0, 114.55946182719684, 69.98008096030568, 63.90826353092328, 26.907216494812005, -1, -1, -1, -1
203, 0, 113.7975104033775, 70.01433574510966, 63.940882731954034, 26.90721649481067, -1, -1, -1, -1
204, 0, 113.03555897955815, 70.04859052991364, 63.97350193298478, 26.907216494809333, -1, -1, -1, -1
205, 0, 112.2736075557388, 70.08284531471762, 64.00612113401553, 26.907216494807997, -1, -1, -1, -1
206, 0, 111.51165613191947, 70.1171000995216, 64.03874033504627, 26.90721649480667, -1, -1, -1, -1
207, 0, 110.74970470810013, 70.15135488432557, 64.07135953607701, 26.90721649480534, -1, -1, -1, -1
208, 0, 109.98775328428079, 70.18560966912955, 64.10397873710775, 26.907216494803997, -1, -1, -1, -1
209, 0, 109.22580186046144, 70.21986445393354, 64.1365979381385, 26.907216494802654, -1, -1, -1, -1
210, 0, 108.4638504366421, 70.25411923873752, 64.16921713916925, 26.907216494801325, -1, -1, -1, -1
211, 0, 107.70189901282275, 70.2883740235415, 64.2018363402, 26.9072164948, -1, -1, -1, -1
212, 0, 106.65565014538501, 70.30367564543718, 64.23445554123113, 26.90721649480151, -1, -1, -1, -1
213, 0, 105.60940127794728, 70.31897726733288, 64.26707474226225, 26.907216494803023, -1, -1, -1, -1
214, 0, 104.56315241050956, 70.33427888922859, 64.29969394329339, 26.907216494804537, -1, -1, -1, -1
215, 0, 103.51690354307182, 70.34958051112427, 64.33231314432452, 26.90721649480605, -1, -1, -1, -1
216, 0, 102.47065467563408, 70.36488213301996, 64.36493234535565, 26.907216494807564, -1, -1, -1, -1
217, 0, 101.42440580819634, 70.38018375491566, 64.3975515463868, 26.907216494809077, -1, -1, -1, -1
218, 0, 100.3781569407586, 70.39548537681137, 64.43017074741792, 26.907216494810584, -1, -1, -1, -1
219, 0, 99.33190807332088, 70.41078699870707, 64.46278994844906, 26.90721649481209, -1, -1, -1, -1
220, 0, 98.28565920588315, 70.42608862060277, 64.4954091494802, 26.907216494813603, -1, -1, -1, -1
221, 0, 97.23941033844541, 70.44139024249846, 64.52802835051132, 26.907216494815117, -1, -1, -1, -1
222, 0, 96.19316147100767, 70.45669186439414, 64.56064755154244, 26.90721649481663, -1, -1, -1, -1
223, 0, 95.14691260356994, 70.47199348628985, 64.59326675257358, 26.907216494818144, -1, -1, -1, -1
224, 0, 94.10066373613222, 70.48729510818555, 64.62588595360472, 26.907216494819657, -1, -1, -1, -1
225, 0, 93.05441486869448, 70.50259673008124, 64.65850515463585, 26.90721649482117, -1, -1, -1, -1
226, 0, 92.00816600125674, 70.51789835197692, 64.69112435566697, 26.907216494822677, -1, -1, -1, -1
227, 0, 90.96191713381901, 70.53319997387263, 64.72374355669811, 26.907216494824183, -1, -1, -1, -1
228, 0, 89.91566826638127, 70.54850159576833, 64.75636275772926, 26.907216494825697, -1, -1, -1, -1
229, 0, 88.86941939894353, 70.56380321766402, 64.78898195876042, 26.90721649482721, -1, -1, -1, -1
230, 0, 87.82317053150581, 70.5791048395597, 64.82160115979156, 26.907216494828724, -1, -1, -1, -1
231, 0, 86.77692166406807, 70.5944064614554, 64.85422036082268, 26.907216494830237, -1, -1, -1, -1
232, 0, 85.73067279663033, 70.60970808335111, 64.8868395618538, 26.90721649483175, -1, -1, -1, -1
233, 0, 84.6844239291926, 70.6250097052468, 64.91945876288494, 26.907216494833264, -1, -1, -1, -1
234, 0, 83.63817506175488, 70.6403113271425, 64.95207796391608, 26.90721649483477, -1, -1, -1, -1
235, 0, 82.59192619431714, 70.6556129490382, 64.9846971649472, 26.907216494836277, -1, -1, -1, -1
236, 0, 81.5456773268794, 70.67091457093389, 65.01731636597833, 26.90721649483779, -1, -1, -1, -1
237, 0, 80.49942845944167, 70.68621619282959, 65.04993556700947, 26.907216494839304, -1, -1, -1, -1
238, 0, 79.45317959200393, 70.70151781472529, 65.08255476804061, 26.907216494840817, -1, -1, -1, -1
239, 0, 78.4069307245662, 70.71681943662098, 65.11517396907175, 26.90721649484233, -1, -1, -1, -1
240, 0, 77.36068185712847, 70.73212105851667, 65.14779317010289, 26.907216494843844, -1, -1, -1, -1
241, 0, 76.31443298969073, 70.74742268041237, 65.18041237113403, 26.90721649484536, -1, -1, -1, -1
242, 0, 75.15463917525892, 70.81237113401907, 65.19891297125457, 26.897938144329444, -1, -1, -1, -1
243, 0, 73.99484536082711, 70.87731958762578, 65.2174135713751, 26.88865979381353, -1, -1, -1, -1
244, 0, 72.8350515463953, 70.94226804123247, 65.23591417149566, 26.879381443297632, -1, -1, -1, -1
245, 0, 71.67525773196348, 71.00721649483917, 65.25441477161621, 26.870103092781733, -1, -1, -1, -1
246, 0, 70.51546391753168, 71.07216494844587, 65.27291537173676, 26.86082474226582, -1, -1, -1, -1
247, 0, 69.35567010309987, 71.13711340205258, 65.2914159718573, 26.851546391749906, -1, -1, -1, -1
248, 0, 68.19587628866805, 71.20206185565928, 65.30991657197788, 26.842268041234007, -1, -1, -1, -1
249, 0, 67.03608247423624, 71.26701030926597, 65.32841717209844, 26.832989690718108, -1, -1, -1, -1
250, 0, 65.87628865980443, 71.33195876287267, 65.34691777221899, 26.823711340202195, -1, -1, -1, -1
251, 0, 64.71649484537262, 71.39690721647938, 65.36541837233953, 26.81443298968628, -1, -1, -1, -1
252, 0, 63.556701030940815, 71.46185567008607, 65.3839189724601, 26.805154639170382, -1, -1, -1, -1
253, 0, 62.396907216509, 71.52680412369277, 65.40241957258064, 26.795876288654483, -1, -1, -1, -1
254, 0, 61.237113402077185, 71.59175257729947, 65.42092017270119, 26.78659793813857, -1, -1, -1, -1
255, 0, 60.07731958764538, 71.65670103090618, 65.43942077282173, 26.777319587622657, -1, -1, -1, -1
256, 0, 58.91752577321357, 71.72164948451288, 65.45792137294228, 26.768041237106743, -1, -1, -1, -1
257, 0, 57.75773195878176, 71.78659793811958, 65.47642197306283, 26.75876288659083, -1, -1, -1, -1
258, 0, 56.597938144349946, 71.85154639172629, 65.49492257318337, 26.74948453607493, -1, -1, -1, -1
259, 0, 55.43814432991813, 71.91649484533298, 65.51342317330393, 26.740206185559032, -1, -1, -1, -1
260, 0, 54.27835051548632, 71.98144329893968, 65.5319237734245, 26.73092783504312, -1, -1, -1, -1
261, 0, 53.118556701054516, 72.04639175254638, 65.55042437354504, 26.721649484527205, -1, -1, -1, -1
262, 0, 51.95876288662271, 72.11134020615307, 65.56892497366559, 26.712371134011306, -1, -1, -1, -1
263, 0, 50.79896907219089, 72.17628865975978, 65.58742557378613, 26.703092783495407, -1, -1, -1, -1
264, 0, 49.63917525775908, 72.24123711336648, 65.6059261739067, 26.693814432979494, -1, -1, -1, -1
265, 0, 48.47938144332727, 72.30618556697318, 65.62442677402726, 26.68453608246358, -1, -1, -1, -1
266, 0, 47.31958762889546, 72.37113402057989, 65.6429273741478, 26.67525773194768, -1, -1, -1, -1
267, 0, 46.159793814463654, 72.43608247418658, 65.66142797426835, 26.665979381431782, -1, -1, -1, -1
268, 0, 45.00000000003185, 72.50103092779328, 65.6799285743889, 26.65670103091587, -1, -1, -1, -1
269, 0, 43.84020618560003, 72.56597938139998, 65.69842917450944, 26.64742268039996, -1, -1, -1, -1
270, 0, 42.680412371165545, 72.6309278350102, 65.52727283433728, 26.63814432988506, -1, -1, -1, -1
271, 0, 41.52061855673105, 72.69587628862041, 65.35611649416511, 26.62886597937016, -1, -1, -1, -1
272, 0, 40.36082474229656, 72.76082474223062, 65.18496015399293, 26.619587628855257, -1, -1, -1, -1
273, 0, 39.20103092786207, 72.82577319584085, 65.01380381382074, 26.610309278340353, -1, -1, -1, -1
274, 0, 38.041237113427584, 72.89072164945107, 64.84264747364858, 26.601030927825455, -1, -1, -1, -1
275, 0, 36.88144329899309, 72.95567010306128, 64.67149113347641, 26.591752577310558, -1, -1, -1, -1
276, 0, 35.7216494845586, 73.0206185566715, 64.50033479330423, 26.58247422679566, -1, -1, -1, -1
277, 0, 34.5618556701241, 73.08556701028171, 64.32917845313207, 26.573195876280764, -1, -1, -1, -1
278, 0, 33.40206185568962, 73.15051546389194, 64.1580221129599, 26.56391752576586, -1, -1, -1, -1
279, 0, 32.24226804125513, 73.21546391750215, 63.98686577278772, 26.554639175250955, -1, -1, -1, -1
280, 0, 31.082474226820636, 73.28041237111236, 63.81570943261555, 26.545360824736065, -1, -1, -1, -1
281, 0, 29.922680412386143, 73.34536082472258, 63.644553092443374, 26.536082474221175, -1, -1, -1, -1
282, 0, 28.762886597951653, 73.41030927833279, 63.4733967522712, 26.52680412370627, -1, -1, -1, -1
283, 0, 27.603092783517162, 73.47525773194302, 63.30224041209903, 26.517525773191366, -1, -1, -1, -1
284, 0, 26.443298969082672, 73.54020618555323, 63.131084071926864, 26.50824742267647, -1, -1, -1, -1
285, 0, 25.283505154648182, 73.60515463916344, 62.95992773175469, 26.49896907216157, -1, -1, -1, -1
286, 0, 24.123711340213692, 73.67010309277366, 62.788771391582515, 26.489690721646674, -1, -1, -1, -1
287, 0, 22.963917525779202, 73.73505154638387, 62.61761505141033, 26.480412371131777, -1, -1, -1, -1
288, 0, 21.80412371134471, 73.7999999999941, 62.446458711238165, 26.471134020616873, -1, -1, -1, -1
289, 0, 20.64432989691022, 73.86494845360431, 62.27530237106599, 26.46185567010197, -1, -1, -1, -1
290, 0, 19.484536082475728, 73.92989690721453, 62.10414603089382, 26.452577319587068, -1, -1, -1, -1
291, 0, 18.324742268041238, 73.99484536082474, 61.932989690721655, 26.443298969072167, -1, -1, -1, -1
292, 0, 17.17944587628866, 74.0673324742268, 61.81701030927835, 26.50128865979382, -1, -1, -1, -1
293, 0, 16.034149484536083, 74.13981958762886, 61.70103092783505, 26.55927835051547, -1, -1, -1, -1
294, 0, 14.888853092783506, 74.21230670103093, 61.58505154639175, 26.617268041237118, -1, -1, -1, -1
295, 0, 13.74355670103093, 74.28479381443299, 61.46907216494846, 26.675257731958766, -1, -1, -1, -1
296, 0, 12.598260309278352, 74.35728092783505, 61.35309278350516, 26.73324742268042, -1, -1, -1, -1
297, 0, 11.452963917525773, 74.42976804123711, 61.23711340206186, 26.791237113402076, -1, -1, -1, -1
298, 0, 10.307667525773196, 74.50225515463917, 61.121134020618555, 26.849226804123724, -1, -1, -1, -1
299, 0, 9.162371134020619, 74.57474226804123, 61.00515463917526, 26.907216494845372, -1, -1, -1, -1
300, 0, 8.017074742268042, 74.64722938144331, 60.889175257731964, 26.965206185567013, -1, -1, -1, -1
301, 0, 6.871778350515465, 74.71971649484537, 60.77319587628866, 27.023195876288653, -1, -1, -1, -1
302, 0, 5.726481958762887, 74.79220360824743, 60.65721649484536, 27.08118556701031, -1, -1, -1, -1
303, 0, 4.5811855670103085, 74.8646907216495, 60.54123711340206, 27.139175257731964, -1, -1, -1, -1
304, 0, 3.4358891752577314, 74.93717783505156, 60.425257731958766, 27.19716494845361, -1, -1, -1, -1
305, 0, 2.2905927835051543, 75.00966494845362, 60.30927835051547, 27.25515463917526, -1, -1, -1, -1
306, 0, 1.1452963917525771, 75.08215206185568, 60.193298969072174, 27.313144329896907, -1, -1, -1, -1
307, 0, 0, 75.15463917525774, 60.07731958762887, 27.37113402061856, -1, -1, -1, -1
308, 0, 0.0, 75.27061855670104, 58.668998527245954, 27.188880706921942, -1, -1, -1, -1
309, 0, 0.0, 75.38659793814433, 57.26067746686304, 27.00662739322533, -1, -1, -1, -1
310, 0, 0.0, 75.50257731958763, 55.852356406480126, 26.824374079528717, -1, -1, -1, -1
311, 0, 0.0, 75.61855670103094, 54.44403534609721, 26.642120765832104, -1, -1, -1, -1
312, 0, 0.0, 75.73453608247424, 53.03571428571429, 26.45986745213549, -1, -1, -1, -1
313, 0, 0.0, 75.85051546391753, 51.627393225331375, 26.277614138438878, -1, -1, -1, -1
314, 0, 0.0, 75.96649484536084, 50.21907216494846, 26.095360824742265, -1, -1, -1, -1
315, 0, 0.0, 76.08247422680414, 48.81075110456554, 25.913107511045652, -1, -1, -1, -1
316, 0, 0.0, 76.19845360824743, 47.40243004418262, 25.73085419734904, -1, -1, -1, -1
317, 0, 0.0, 76.31443298969073, 45.994108983799705, 25.548600883652426, -1, -1, -1, -1
318, 0, 0.0, 76.43041237113403, 44.58578792341679, 25.366347569955813, -1, -1, -1, -1
319, 0, 0.0, 76.54639175257734, 43.17746686303388, 25.1840942562592, -1, -1, -1, -1
320, 0, 0.0, 76.66237113402063, 41.76914580265096, 25.00184094256259, -1, -1, -1, -1
321, 0, 0, 76.77835051546393, 40.36082474226804, 24.819587628865982, -1, -1, -1, -1
322, 0, 0.0, 76.91089837997055, 39.01877761413844, 24.803019145802647, -1, -1, -1, -1
323, 0, 0.0, 77.04344624447718, 37.676730486008836, 24.786450662739313, -1, -1, -1, -1
324, 0, 0.0, 77.17599410898382, 36.334683357879236, 24.76988217967599, -1, -1, -1, -1
325, 0, 0.0, 77.30854197349043, 34.992636229749635, 24.753313696612665, -1, -1, -1, -1
326, 0, 0.0, 77.44108983799705, 33.65058910162003, 24.736745213549334, -1, -1, -1, -1
327, 0, 0.0, 77.57363770250369, 32.30854197349043, 24.720176730486003, -1, -1, -1, -1
328, 0, 0.0, 77.70618556701032, 30.966494845360828, 24.70360824742268, -1, -1, -1, -1
329, 0, 0.0, 77.83873343151694, 29.624447717231224, 24.687039764359355, -1, -1, -1, -1
330, 0, 0.0, 77.97128129602356, 28.28240058910162, 24.670471281296024, -1, -1, -1, -1
331, 0, 0.0, 78.1038291605302, 26.94035346097202, 24.653902798232693, -1, -1, -1, -1
332, 0, 0.0, 78.23637702503683, 25.598306332842416, 24.63733431516937, -1, -1, -1, -1
333, 0, 0.0, 78.36892488954345, 24.256259204712812, 24.620765832106045, -1, -1, -1, -1
334, 0, 0.0, 78.50147275405007, 22.914212076583212, 24.604197349042714, -1, -1, -1, -1
335, 0, 0, 78.6340206185567, 21.572164948453608, 24.587628865979383, -1, -1, -1, -1
336, 0, 0.0, 78.98195876288659, 20.180412371134018, 24.123711340206185, -1, -1, -1, -1
337, 0, 0.0, 79.3298969072165, 18.788659793814432, 23.659793814432987, -1, -1, -1, -1
338, 0, 0.0, 79.6778350515464, 17.396907216494846, 23.19587628865979, -1, -1, -1, -1
339, 0, 0.0, 80.0257731958763, 16.00515463917526, 22.731958762886592, -1, -1, -1, -1
340, 0, 0.0, 80.3737113402062, 14.613402061855671, 22.2680412371134, -1, -1, -1, -1
341, 0, 0.0, 80.72164948453609, 13.221649484536083, 21.80412371134021, -1, -1, -1, -1
342, 0, 0.0, 81.06958762886597, 11.829896907216495, 21.340206185567013, -1, -1, -1, -1
343, 0, 0, 81.41752577319588, 10.438144329896907, 20.876288659793815, -1, -1, -1, -1
344, 0, 0.0, 81.59149484536083, 9.162371134020619, 20.29639175257732, -1, -1, -1, -1
345, 0, 0.0, 81.76546391752578, 7.88659793814433, 19.716494845360828, -1, -1, -1, -1
346, 0, 0.0, 81.93943298969073, 6.610824742268042, 19.136597938144334, -1, -1, -1, -1
347, 0, 0, 82.11340206185568, 5.335051546391753, 18.556701030927837, -1, -1, -1, -1
348, 0, 0.0, 84.66494845360825, 3.943298969072165, 15.077319587628867, -1, -1, -1, -1
349, 0, 0, 87.21649484536083, 2.551546391752577, 11.597938144329898, -1, -1, -1, -1
350, 0, 0.0, 87.21649484536083, 2.551546391752577, 11.597938144329898, -1, -1, -1, -1
