1, 1581958587877583936
2, 1581958587888350720
3, 1581958587899117824
4, 1581958587909884928
5, 1581958587920651936
6, 1581958587931418880
7, 1581958587942185472
8, 1581958587952952320
9, 1581958587963718936
10, 1581958587974485504
11, 1581958587985252352
12, 1581958587996019200
13, 1581958588006785936
14, 1581958588017552896
15, 1581958588028319488
16, 1581958588039086336
17, 1581958588049852936
18, 1581958588060619520
19, 1581958588071386368
20, 1581958588082153216
21, 1581958588092919936
22, 1581958588103686656
23, 1581958588114453760
24, 1581958588125220864
25, 1581958588135987936
26, 1581958588146754816
27, 1581958588157521408
28, 1581958588168288256
29, 1581958588179054936
30, 1581958588189821440
31, 1581958588200588288
32, 1581958588211355136
33, 1581958588222121936
34, 1581958588232888832
35, 1581958588243655424
36, 1581958588254422272
37, 1581958588265188936, 0, 236.8298969072165, 74.22680412371135, 3.17010309278347, 9.04639175257732
38, 1581958588275955456, 0, 236.24171575846998, 74.00745112039814, 3.7582842415299935, 9.599095778901543
39, 1581958588286722304, 0, 235.65353460972347, 73.78809811708493, 4.346465390276517, 10.151799805225764
40, 1581958588297489152, 0, 235.06535346097695, 73.56874511377171, 4.93464653902304, 10.704503831549985
41, 1581958588308255936, 0, 234.4771723122304, 73.3493921104585, 5.5228276877695635, 11.257207857874207
42, 1581958588319023104, 0, 233.88899116348387, 73.13003910714528, 6.111008836516085, 11.809911884198424
43, 1581958588329789952, 0, 233.30081001473735, 72.91068610383208, 6.699189985262606, 12.362615910522642
44, 1581958588340557056, 0, 232.71262886599084, 72.69133310051888, 7.287371134009128, 12.91531993684686
45, 1581958588351323936, 0, 232.12444771724432, 72.47198009720566, 7.875552282755649, 13.468023963171078
46, 1581958588362090496, 0, 231.5362665684978, 72.25262709389244, 8.46373343150217, 14.020727989495295
47, 1581958588372857344, 0, 230.9480854197513, 72.03327409057924, 9.051914580248692, 14.573432015819513
48, 1581958588383624192, 0, 230.35990427100478, 71.81392108726604, 9.640095728995213, 15.126136042143731
49, 1581958588394390936, 0, 229.77172312225824, 71.59456808395282, 10.228276877741735, 15.678840068467949
50, 1581958588405157888, 0, 229.1835419735117, 71.3752150806396, 10.816458026488256, 16.23154409479217
51, 1581958588415924480, 0, 228.59536082476518, 71.15586207732639, 11.404639175234777, 16.78424812111639
52, 1581958588426691328, 0, 228.00717967601867, 70.93650907401317, 11.992820323981299, 17.336952147440613
53, 1581958588437457936, 0, 227.41899852727215, 70.71715607069997, 12.58100147272782, 17.889656173764834
54, 1581958588448224512, 0, 226.83081737852564, 70.49780306738677, 13.169182621474341, 18.442360200089055
55, 1581958588458991360, 0, 226.24263622977912, 70.27845006407355, 13.757363770220863, 18.995064226413277
56, 1581958588469758208, 0, 225.6544550810326, 70.05909706076034, 14.345544918967384, 19.547768252737498
57, 1581958588480524936, 0, 225.06627393228607, 69.83974405744712, 14.933726067713906, 20.10047227906172
58, 1581958588491291904, 0, 224.47809278353952, 69.6203910541339, 15.521907216460425, 20.653176305385937
59, 1581958588502058496, 0, 223.889911634793, 69.4010380508207, 16.110088365206945, 21.205880331710155
60, 1581958588512825344, 0, 223.3017304860465, 69.1816850475075, 16.698269513953463, 21.758584358034373
61, 1581958588523591936, 0, 222.71354933729998, 68.96233204419428, 17.286450662699984, 22.31128838435859
62, 1581958588534359040, 0, 222.12536818854198, 69.11865624964057, 17.87463181145797, 22.300476597547295
63, 1581958588545125888, 0, 221.53718703978402, 69.27498045508683, 18.462812960215956, 22.289664810736
64, 1581958588555892992, 0, 220.94900589102605, 69.4313046605331, 19.05099410897394, 22.278853023924704
65, 1581958588566659936, 0, 220.36082474226805, 69.58762886597938, 19.639175257731925, 22.268041237113405
66, 1581958588577426432, 0, 219.78817654639175, 69.52239046391753, 20.21182345360821, 22.384020618556704
67, 1581958588588193280, 0, 219.21552835051546, 69.45715206185568, 20.7844716494845, 22.500000000000007
68, 1581958588598960128, 0, 218.64288015463916, 69.39191365979383, 21.357119845360792, 22.615979381443307
69, 1581958588609726936, 0, 218.0702319587629, 69.32667525773196, 21.929768041237082, 22.731958762886606
70, 1581958588620493824, 0, 217.49758376288662, 69.2614368556701, 22.502416237113373, 22.847938144329902
71, 1581958588631260416, 0, 216.92493556701032, 69.19619845360825, 23.075064432989663, 22.963917525773198
72, 1581958588642027264, 0, 216.35228737113403, 69.1309600515464, 23.647712628865953, 23.079896907216494
73, 1581958588652793936, 0, 215.77963917525773, 69.06572164948454, 24.220360824742244, 23.19587628865979
74, 1581958588663560448, 0, 215.20699097938143, 69.0004832474227, 24.793009020618527, 23.31185567010309
75, 1581958588674327296, 0, 214.63434278350516, 68.93524484536083, 25.36565721649481, 23.42783505154639
76, 1581958588685094144, 0, 214.0616945876289, 68.87000644329896, 25.938305412371093, 23.543814432989688
77, 1581958588695860936, 0, 213.4890463917526, 68.80476804123711, 26.510953608247377, 23.659793814432987
78, 1581958588706627840, 0, 212.9163981958763, 68.73952963917526, 27.083601804123667, 23.775773195876287
79, 1581958588717394432, 0, 212.34375, 68.67429123711341, 27.656249999999957, 23.891752577319586
80, 1581958588728161280, 0, 211.7711018041237, 68.60905283505156, 28.228898195876248, 24.007731958762886
81, 1581958588738927936, 0, 211.19845360824743, 68.54381443298969, 28.801546391752538, 24.123711340206185
82, 1581958588749694720, 0, 210.62580541237116, 68.47857603092783, 29.37419458762883, 24.239690721649485
83, 1581958588760461824, 0, 210.05315721649487, 68.41333762886597, 29.94684278350512, 24.355670103092784
84, 1581958588771228928, 0, 209.48050902061857, 68.34809922680412, 30.51949097938141, 24.471649484536083
85, 1581958588781995936, 0, 208.90786082474227, 68.28286082474227, 31.0921391752577, 24.587628865979383
86, 1581958588792762880, 0, 208.33521262886597, 68.21762242268042, 31.664787371133983, 24.703608247422682
87, 1581958588803529472, 0, 207.7625644329897, 68.15238402061856, 32.237435567010266, 24.819587628865982
88, 1581958588814296320, 0, 207.18991623711344, 68.08714561855669, 32.81008376288655, 24.93556701030928
89, 1581958588825062936, 0, 206.61726804123714, 68.02190721649484, 33.38273195876283, 25.05154639175258
90, 1581958588835829504, 0, 206.04461984536084, 67.95666881443299, 33.95538015463912, 25.167525773195877
91, 1581958588846596352, 0, 205.47197164948454, 67.89143041237114, 34.52802835051541, 25.283505154639172
92, 1581958588857363200, 0, 204.89932345360825, 67.82619201030928, 35.1006765463917, 25.39948453608247
93, 1581958588868129936, 0, 204.32667525773198, 67.76095360824742, 35.673324742267994, 25.515463917525764
94, 1581958588878896896, 0, 203.7540270618557, 67.69571520618555, 36.245972938144284, 25.631443298969067
95, 1581958588889663488, 0, 203.1813788659794, 67.6304768041237, 36.818621134020574, 25.747422680412367
96, 1581958588900430336, 0, 202.6087306701031, 67.56523840206185, 37.39126932989687, 25.863402061855666
97, 1581958588911196936, 0, 202.03608247422682, 67.5, 37.96391752577316, 25.97938144329897
98, 1581958588921963520, 0, 201.5866623711344, 67.51449742268055, 38.41333762886558, 25.990254510310102
99, 1581958588932730368, 0, 201.13724226804197, 67.5289948453611, 38.862757731958, 26.00112757732124
100, 1581958588943497216, 0, 200.68782216494955, 67.54349226804166, 39.31217783505042, 26.012000644332375
101, 1581958588954263936, 0, 200.23840206185713, 67.55798969072221, 39.76159793814284, 26.022873711343507
102, 1581958588965031168, 0, 199.7889819587647, 67.57248711340276, 40.21101804123526, 26.033746778354647
103, 1581958588975798016, 0, 199.3395618556723, 67.5869845360833, 40.660438144327685, 26.044619845365787
104, 1581958588986564864, 0, 198.89014175257986, 67.60148195876386, 41.10985824742011, 26.055492912376927
105, 1581958588997331936, 0, 198.44072164948744, 67.6159793814444, 41.55927835051253, 26.066365979388067
106, 1581958589008098816, 0, 197.99130154639502, 67.63047680412495, 42.00869845360494, 26.077239046399203
107, 1581958589018865408, 0, 197.5418814433026, 67.64497422680552, 42.45811855669736, 26.08811211341034
108, 1581958589029632256, 0, 197.0924613402102, 67.65947164948606, 42.90753865978977, 26.098985180421476
109, 1581958589040398936, 0, 196.64304123711779, 67.67396907216661, 43.356958762882186, 26.109858247432612
110, 1581958589051165440, 0, 196.19362113402536, 67.68846649484716, 43.80637886597461, 26.120731314443752
111, 1581958589061932288, 0, 195.74420103093294, 67.70296391752771, 44.25579896906703, 26.131604381454892
112, 1581958589072699136, 0, 195.29478092784052, 67.71746134020826, 44.70521907215945, 26.142477448466032
113, 1581958589083465936, 0, 194.8453608247481, 67.73195876288881, 45.15463917525187, 26.15335051547717
114, 1581958589094232832, 0, 194.39594072165568, 67.74645618556936, 45.6040592783443, 26.16422358248831
115, 1581958589104999424, 0, 193.94652061856326, 67.7609536082499, 46.05347938143673, 26.17509664949945
116, 1581958589115766272, 0, 193.49710051547083, 67.77545103093047, 46.50289948452916, 26.18596971651059
117, 1581958589126532936, 0, 193.0476804123784, 67.78994845361102, 46.95231958762159, 26.19684278352173
118, 1581958589137299456, 0, 192.598260309286, 67.80444587629157, 47.40173969071401, 26.20771585053287
119, 1581958589148066304, 0, 192.14884020619357, 67.81894329897212, 47.85115979380643, 26.21858891754401
120, 1581958589158833152, 0, 191.69942010310115, 67.83344072165266, 48.30057989689885, 26.22946198455515
121, 1581958589169599936, 0, 191.25000000000873, 67.84793814433321, 48.749999999991275, 26.24033505156629
122, 1581958589180367104, 0, 190.8005798969163, 67.86243556701376, 49.19942010308369, 26.251208118577427
123, 1581958589191133952, 0, 190.3511597938239, 67.87693298969432, 49.648840206176104, 26.262081185588563
124, 1581958589201901056, 0, 189.9017396907315, 67.89143041237487, 50.09826030926852, 26.2729542525997
125, 1581958589212667936, 0, 189.45231958763907, 67.90592783505542, 50.54768041236093, 26.283827319610836
126, 1581958589223434496, 0, 189.00289948454665, 67.92042525773597, 50.997100515453354, 26.294700386621976
127, 1581958589234201344, 0, 188.55347938145422, 67.93492268041652, 51.446520618545776, 26.305573453633116
128, 1581958589244968192, 0, 188.1040592783618, 67.94942010309707, 51.8959407216382, 26.316446520644256
129, 1581958589255734936, 0, 187.65463917526938, 67.96391752577762, 52.34536082473062, 26.327319587655396
130, 1581958589266501888, 0, 187.20521907217696, 67.97841494845817, 52.79478092782304, 26.338192654666532
131, 1581958589277268480, 0, 186.75579896908454, 67.99291237113871, 53.24420103091546, 26.34906572167767
132, 1581958589288035328, 0, 186.30637886599212, 68.00740979381928, 53.693621134007884, 26.359938788688808
133, 1581958589298801936, 0, 185.8569587628997, 68.02190721649983, 54.143041237100306, 26.370811855699944
134, 1581958589309568512, 0, 185.16414558642367, 68.0364046391748, 54.83585441357633, 26.38168492269994
135, 1581958589320335360, 0, 184.47133240994762, 68.0509020618498, 55.52866759005236, 26.392557989699938
136, 1581958589331102208, 0, 183.77851923347157, 68.06539948452479, 56.22148076652839, 26.403431056699933
137, 1581958589341868936, 0, 183.08570605699555, 68.07989690719978, 56.91429394300441, 26.414304123699928
138, 1581958589352635904, 0, 182.6768514661216, 68.0943943298748, 57.32314853387834, 26.425177190699937
139, 1581958589363402496, 0, 182.26799687524766, 68.10889175254984, 57.73200312475227, 26.436050257699947
140, 1581958589374169088, 0, 181.85914228437372, 68.12338917522487, 58.1408577156262, 26.446923324699952
141, 1581958589384935936, 0, 181.4502876934998, 68.1378865978999, 58.54971230650013, 26.45779639169996
142, 1581958589395702784, 0, 181.04143310263925, 68.15238402058222, 58.63769060870091, 26.468669458712903
143, 1581958589406469888, 0, 180.6325785117787, 68.16688144326454, 58.725668910901675, 26.47954252572584
144, 1581958589417236992, 0, 180.22372392091813, 68.18137886594687, 58.81364721310244, 26.49041559273878
145, 1581958589428003936, 0, 179.81486933005758, 68.1958762886292, 58.90162551530321, 26.501288659751722
146, 1581958589438770432, 0, 179.40601473919702, 68.21037371131152, 58.989603817503976, 26.512161726764663
147, 1581958589449537280, 0, 178.99716014833646, 68.22487113399384, 59.07758211970474, 26.523034793777605
148, 1581958589460304128, 0, 178.5883055574759, 68.23936855667617, 59.16556042190551, 26.533907860790546
149, 1581958589471070936, 0, 178.17945096661535, 68.2538659793585, 59.25353872410628, 26.544780927803487
150, 1581958589481837824, 0, 177.7705963757548, 68.26836340204082, 59.341517026307045, 26.555653994816424
151, 1581958589492604416, 0, 177.36174178489424, 68.28286082472314, 59.42949532850781, 26.566527061829362
152, 1581958589503371264, 0, 176.95288719403368, 68.29735824740547, 59.51747363070858, 26.5774001288423
153, 1581958589514137936, 0, 176.54403260317312, 68.3118556700878, 59.60545193290935, 26.588273195855237
154, 1581958589524904448, 0, 176.13517801231256, 68.32635309277012, 59.693430235110114, 26.599146262868178
155, 1581958589535671296, 0, 175.726323421452, 68.34085051545244, 59.78140853731088, 26.61001932988112
156, 1581958589546438144, 0, 175.31746883059145, 68.35534793813477, 59.86938683951165, 26.62089239689406
157, 1581958589557204936, 0, 174.9086142397309, 68.3698453608171, 59.957365141712415, 26.631765463907
158, 1581958589567971840, 0, 174.49975964887034, 68.38434278349942, 60.04534344391318, 26.642638530919942
159, 1581958589578738432, 0, 174.09090505800978, 68.39884020618175, 60.13332174611394, 26.653511597932884
160, 1581958589589505280, 0, 173.68205046714922, 68.41333762886407, 60.2213000483147, 26.664384664945825
161, 1581958589600271936, 0, 173.27319587628867, 68.4278350515464, 60.30927835051547, 26.675257731958766
162, 1581958589611038720, 0, 173.0597126885989, 68.42783505154534, 60.314320932317386, 26.685342895561977
163, 1581958589621805824, 0, 172.84622950090915, 68.42783505154429, 60.31936351411931, 26.695428059165188
164, 1581958589632572928, 0, 172.63274631321937, 68.42783505154324, 60.32440609592123, 26.7055132227684
165, 1581958589643339936, 0, 172.4192631255296, 68.42783505154217, 60.32944867772315, 26.71559838637161
166, 1581958589654106880, 0, 172.20577993783982, 68.42783505154111, 60.33449125952507, 26.725683549974818
167, 1581958589664873472, 0, 171.99229675015005, 68.42783505154006, 60.339533841327, 26.735768713578025
168, 1581958589675640320, 0, 171.7788135624603, 68.427835051539, 60.34457642312892, 26.745853877181233
169, 1581958589686406936, 0, 171.56533037477053, 68.42783505153795, 60.349619004930844, 26.75593904078444
170, 1581958589697173504, 0, 171.35184718708075, 68.4278350515369, 60.35466158673277, 26.76602420438765
171, 1581958589707940352, 0, 171.13836399939098, 68.42783505153585, 60.35970416853469, 26.776109367990863
172, 1581958589718707200, 0, 170.9248808117012, 68.4278350515348, 60.364746750336614, 26.786194531594074
173, 1581958589729473936, 0, 170.71139762401143, 68.42783505153373, 60.36978933213854, 26.796279695197285
174, 1581958589740240896, 0, 170.49791443632165, 68.42783505153267, 60.37483191394046, 26.806364858800496
175, 1581958589751007488, 0, 170.2844312486319, 68.42783505153162, 60.379874495742385, 26.816450022403707
176, 1581958589761774336, 0, 170.07094806094213, 68.42783505153056, 60.38491707754431, 26.826535186006918
177, 1581958589772540936, 0, 169.85746487325235, 68.42783505152951, 60.38995965934623, 26.83662034961013
178, 1581958589783307520, 0, 169.64398168556258, 68.42783505152846, 60.39500224114815, 26.84670551321334
179, 1581958589794074368, 0, 169.4304984978728, 68.42783505152741, 60.400044822950065, 26.85679067681655
180, 1581958589804841216, 0, 169.21701531018306, 68.42783505152636, 60.40508740475198, 26.866875840419763
181, 1581958589815607936, 0, 169.00353212249328, 68.42783505152529, 60.4101299865539, 26.876961004022974
182, 1581958589826374656, 0, 168.7900489348035, 68.42783505152424, 60.41517256835582, 26.887046167626178
183, 1581958589837141760, 0, 168.57656574711376, 68.42783505152319, 60.420215150157745, 26.89713133122938
184, 1581958589847908864, 0, 168.363082559424, 68.42783505152214, 60.42525773195967, 26.907216494832586
185, 1581958589858675936, 0, 168.1495993717342, 68.42783505152109, 60.43030031376159, 26.91730165843579
186, 1581958589869442816, 0, 167.93611618404444, 68.42783505152002, 60.43534289556351, 26.927386822039
187, 1581958589880209408, 0, 167.72263299635466, 68.42783505151897, 60.440385477365425, 26.937471985642212
188, 1581958589890976256, 0, 167.50914980866492, 68.42783505151792, 60.44542805916734, 26.947557149245423
189, 1581958589901742936, 0, 167.29566662097514, 68.42783505151687, 60.45047064096926, 26.957642312848634
190, 1581958589912509440, 0, 167.08218343328537, 68.42783505151581, 60.45551322277118, 26.967727476451845
191, 1581958589923276288, 0, 166.86870024559562, 68.42783505151476, 60.460555804573104, 26.977812640055056
192, 1581958589934043136, 0, 166.65521705790584, 68.42783505151371, 60.46559838637503, 26.987897803658267
193, 1581958589944809936, 0, 166.44173387021607, 68.42783505151264, 60.47064096817695, 26.99798296726148
194, 1581958589955576832, 0, 166.2282506825263, 68.42783505151158, 60.475683549978875, 27.00806813086469
195, 1581958589966343424, 0, 166.01476749483652, 68.42783505151053, 60.4807261317808, 27.0181532944679
196, 1581958589977110272, 0, 165.80128430714674, 68.42783505150948, 60.48576871358272, 27.02823845807111
197, 1581958589987876936, 0, 165.58780111945697, 68.42783505150842, 60.490811295384646, 27.038323621674323
198, 1581958589998643456, 0, 165.3743179317672, 68.42783505150737, 60.49585387718656, 27.04840878527753
199, 1581958590009410304, 0, 165.16083474407742, 68.42783505150632, 60.50089645898848, 27.058493948880738
200, 1581958590020177152, 0, 164.94735155638767, 68.42783505150527, 60.505939040790395, 27.068579112483945
201, 1581958590030943936, 0, 164.7338683686979, 68.4278350515042, 60.51098162259231, 27.078664276087153
202, 1581958590041711104, 0, 164.52038518100812, 68.42783505150314, 60.516024204394235, 27.088749439690364
203, 1581958590052477952, 0, 164.30690199331838, 68.42783505150209, 60.52106678619616, 27.098834603293575
204, 1581958590063245056, 0, 164.0934188056286, 68.42783505150103, 60.526109367998075, 27.10891976689679
205, 1581958590074011936, 0, 163.87993561793883, 68.42783505149998, 60.5311519498, 27.1190049305
206, 1581958590084778496, 0, 163.72769039565787, 68.42783505150095, 60.53619453160185, 27.12909009410427
207, 1581958590095545344, 0, 163.57544517337695, 68.42783505150192, 60.541237113403696, 27.139175257708544
208, 1581958590106312192, 0, 163.42319995109602, 68.42783505150288, 60.54627969520554, 27.149260421312817
209, 1581958590117078936, 0, 163.27095472881507, 68.42783505150385, 60.55132227700739, 27.15934558491709
210, 1581958590127845888, 0, 163.11870950653412, 68.42783505150481, 60.55636485880924, 27.169430748521368
211, 1581958590138612480, 0, 162.96646428425316, 68.42783505150578, 60.56140744061109, 27.179515912125645
212, 1581958590149379328, 0, 162.8142190619722, 68.42783505150675, 60.566450022412944, 27.18960107572992
213, 1581958590160145936, 0, 162.66197383969129, 68.42783505150771, 60.5714926042148, 27.1996862393342
214, 1581958590170912512, 0, 162.50972861741036, 68.42783505150868, 60.57653518601664, 27.209771402938472
215, 1581958590181679360, 0, 162.3574833951294, 68.42783505150965, 60.58157776781849, 27.219856566542745
216, 1581958590192446208, 0, 162.20523817284845, 68.42783505151061, 60.58662034962033, 27.22994173014702
217, 1581958590203212936, 0, 162.05299295056753, 68.42783505151158, 60.59166293142218, 27.240026893751292
218, 1581958590213979904, 0, 161.9007477282866, 68.42783505151255, 60.59670551322402, 27.250112057355565
219, 1581958590224746496, 0, 161.74850250600565, 68.42783505151351, 60.60174809502587, 27.26019722095984
220, 1581958590235513344, 0, 161.5962572837247, 68.42783505151448, 60.606790676827714, 27.270282384564112
221, 1581958590246279936, 0, 161.44401206144374, 68.42783505151546, 60.61183325862956, 27.280367548168385
222, 1581958590257047040, 0, 161.2917668391628, 68.42783505151642, 60.616875840431405, 27.29045271177266
223, 1581958590267813888, 0, 161.13952161688186, 68.42783505151739, 60.62191842223325, 27.300537875376932
224, 1581958590278580992, 0, 160.98727639460094, 68.42783505151836, 60.626961004035095, 27.310623038981205
225, 1581958590289347936, 0, 160.83503117232, 68.42783505151932, 60.63200358583694, 27.32070820258548
226, 1581958590300114432, 0, 160.68278595003903, 68.42783505152029, 60.637046167638786, 27.330793366189756
227, 1581958590310881280, 0, 160.5305407277581, 68.42783505152126, 60.64208874944063, 27.340878529794033
228, 1581958590321648128, 0, 160.37829550547718, 68.42783505152222, 60.64713133124248, 27.35096369339831
229, 1581958590332414936, 0, 160.22605028319623, 68.42783505152319, 60.65217391304432, 27.361048857002586
230, 1581958590343181824, 0, 160.07380506091528, 68.42783505152416, 60.657216494846175, 27.37113402060686
231, 1581958590353948416, 0, 159.92155983863432, 68.42783505152512, 60.66225907664803, 27.381219184211133
232, 1581958590364715264, 0, 159.76931461635337, 68.42783505152609, 60.66730165844988, 27.391304347815407
233, 1581958590375481936, 0, 159.61706939407244, 68.42783505152705, 60.67234424025173, 27.40138951141968
234, 1581958590386248448, 0, 159.46482417179152, 68.42783505152802, 60.67738682205358, 27.411474675023953
235, 1581958590397015296, 0, 159.31257894951057, 68.42783505152899, 60.68242940385542, 27.421559838628227
236, 1581958590407782144, 0, 159.1603337272296, 68.42783505152995, 60.68747198565727, 27.4316450022325
237, 1581958590418548936, 0, 159.0080885049487, 68.42783505153092, 60.69251456745911, 27.441730165836773
238, 1581958590429315840, 0, 158.85584328266776, 68.4278350515319, 60.69755714926096, 27.451815329441047
239, 1581958590440082432, 0, 158.7035980603868, 68.42783505153287, 60.702599731062804, 27.46190049304532
240, 1581958590450849280, 0, 158.55135283810586, 68.42783505153383, 60.70764231286465, 27.471985656649593
241, 1581958590461615936, 0, 158.3991076158249, 68.4278350515348, 60.712684894666495, 27.482070820253867
242, 1581958590472382720, 0, 158.24686239354395, 68.42783505153577, 60.71772747646834, 27.49215598385814
243, 1581958590483149824, 0, 158.09461717126302, 68.42783505153673, 60.722770058270186, 27.502241147462414
244, 1581958590493916928, 0, 157.9423719489821, 68.4278350515377, 60.72781264007203, 27.512326311066687
245, 1581958590504683936, 0, 157.79012672670115, 68.42783505153866, 60.732855221873876, 27.52241147467096
246, 1581958590515450880, 0, 157.6378815044202, 68.42783505153963, 60.73789780367573, 27.532496638275237
247, 1581958590526217472, 0, 157.48563628213924, 68.4278350515406, 60.74294038547758, 27.542581801879514
248, 1581958590536984320, 0, 157.3333910598583, 68.42783505154156, 60.747982967279434, 27.55266696548379
249, 1581958590547750936, 0, 157.18114583757736, 68.42783505154253, 60.753025549081286, 27.562752129088068
250, 1581958590558517504, 0, 157.02890061529644, 68.4278350515435, 60.75806813088313, 27.57283729269234
251, 1581958590569284352, 0, 156.87665539301548, 68.42783505154446, 60.76311071268498, 27.58292245629661
252, 1581958590580051200, 0, 156.72441017073453, 68.42783505154543, 60.76815329448682, 27.59300761990088
253, 1581958590590817936, 0, 156.5721649484536, 68.4278350515464, 60.77319587628866, 27.603092783505154
254, 1581958590601584896, 0, 156.36887027292136, 68.43479381443204, 60.796391752577335, 27.59613402061852
255, 1581958590612351488, 0, 156.16557559738908, 68.44175257731769, 60.81958762886602, 27.589175257731885
256, 1581958590623118336, 0, 155.9622809218568, 68.44871134020333, 60.84278350515469, 27.582216494845248
257, 1581958590633884936, 0, 155.75898624632455, 68.45567010308898, 60.86597938144337, 27.575257731958615
258, 1581958590644651520, 0, 155.5556915707923, 68.46262886597462, 60.88917525773205, 27.56829896907198
259, 1581958590655418368, 0, 155.35239689526003, 68.46958762886027, 60.91237113402073, 27.561340206185342
260, 1581958590666185216, 0, 155.14910221972775, 68.47654639174591, 60.93556701030941, 27.554381443298706
261, 1581958590676951936, 0, 154.94580754419547, 68.48350515463156, 60.958762886598095, 27.54742268041207
262, 1581958590687719168, 0, 154.7425128686632, 68.4904639175172, 60.98195876288678, 27.54046391752543
263, 1581958590698486016, 0, 154.53921819313095, 68.49742268040285, 61.00515463917546, 27.53350515463879
264, 1581958590709252864, 0, 154.3359235175987, 68.50438144328851, 61.02835051546414, 27.52654639175215
265, 1581958590720019936, 0, 154.13262884206642, 68.51134020617415, 61.05154639175282, 27.51958762886551
266, 1581958590730786816, 0, 153.92933416653415, 68.5182989690598, 61.074742268041504, 27.512628865978872
267, 1581958590741553408, 0, 153.72603949100187, 68.52525773194544, 61.097938144330186, 27.505670103092235
268, 1581958590752320256, 0, 153.5227448154696, 68.53221649483109, 61.12113402061887, 27.4987113402056
269, 1581958590763086936, 0, 153.31945013993735, 68.53917525771674, 61.14432989690755, 27.491752577318962
270, 1581958590773853440, 0, 153.1161554644051, 68.54613402060238, 61.167525773196225, 27.484793814432326
271, 1581958590784620288, 0, 152.91286078887282, 68.55309278348803, 61.1907216494849, 27.47783505154569
272, 1581958590795387136, 0, 152.70956611334054, 68.56005154637367, 61.213917525773574, 27.470876288659053
273, 1581958590806153936, 0, 152.5062714378083, 68.56701030925932, 61.23711340206225, 27.463917525772416
274, 1581958590816920832, 0, 152.30297676227605, 68.57396907214496, 61.260309278350924, 27.45695876288578
275, 1581958590827687424, 0, 152.09968208674377, 68.58092783503061, 61.2835051546396, 27.449999999999143
276, 1581958590838454272, 0, 151.8963874112115, 68.58788659791625, 61.306701030928274, 27.443041237112507
277, 1581958590849220936, 0, 151.69309273567924, 68.5948453608019, 61.32989690721695, 27.43608247422587
278, 1581958590859987456, 0, 151.489798060147, 68.60180412368754, 61.35309278350564, 27.429123711339226
279, 1581958590870754304, 0, 151.28650338461472, 68.6087628865732, 61.37628865979433, 27.422164948452583
280, 1581958590881521152, 0, 151.08320870908244, 68.61572164945885, 61.399484536083015, 27.41520618556594
281, 1581958590892287936, 0, 150.87991403355016, 68.6226804123445, 61.422680412371705, 27.408247422679295
282, 1581958590903055104, 0, 150.6766193580179, 68.62963917523014, 61.44587628866038, 27.40128865979266
283, 1581958590913821952, 0, 150.47332468248564, 68.63659793811578, 61.469072164949054, 27.394329896906022
284, 1581958590924589056, 0, 150.2700300069534, 68.64355670100143, 61.49226804123773, 27.387371134019386
285, 1581958590935355936, 0, 150.0667353314211, 68.65051546388707, 61.515463917526404, 27.38041237113275
286, 1581958590946122496, 0, 149.86344065588884, 68.65747422677272, 61.53865979381508, 27.373453608246113
287, 1581958590956889344, 0, 149.6601459803566, 68.66443298965837, 61.56185567010375, 27.366494845359476
288, 1581958590967656192, 0, 149.45685130482434, 68.67139175254401, 61.58505154639243, 27.35953608247284
289, 1581958590978422936, 0, 149.25355662929206, 68.67835051542966, 61.6082474226811, 27.352577319586203
290, 1581958590989189888, 0, 149.0502619537598, 68.6853092783153, 61.631443298969785, 27.345618556699566
291, 1581958590999956480, 0, 148.8469672782275, 68.69226804120095, 61.65463917525847, 27.33865979381293
292, 1581958591010723328, 0, 148.64367260269523, 68.69922680408659, 61.67783505154715, 27.331701030926293
293, 1581958591021489936, 0, 148.44037792716298, 68.70618556697224, 61.70103092783583, 27.324742268039657
294, 1581958591032256512, 0, 148.23708325163074, 68.71314432985788, 61.72422680412451, 27.317783505153017
295, 1581958591043023360, 0, 148.03378857609846, 68.72010309274353, 61.747422680413194, 27.310824742266377
296, 1581958591053790208, 0, 147.83049390056618, 68.72706185562919, 61.770618556701876, 27.303865979379736
297, 1581958591064556936, 0, 147.62719922503393, 68.73402061851483, 61.79381443299056, 27.296907216493096
298, 1581958591075323904, 0, 147.42390454950169, 68.74097938140048, 61.81701030927924, 27.28994845360646
299, 1581958591086090496, 0, 147.2206098739694, 68.74793814428612, 61.84020618556792, 27.282989690719823
300, 1581958591096857088, 0, 147.01731519843713, 68.75489690717177, 61.863402061856604, 27.276030927833187
301, 1581958591107623936, 0, 146.81402052290485, 68.76185567005741, 61.886597938145286, 27.26907216494655
302, 1581958591118390784, 0, 146.61072584737258, 68.76881443294306, 61.90979381443397, 27.262113402059914
303, 1581958591129157888, 0, 146.40743117184033, 68.7757731958287, 61.93298969072264, 27.255154639173277
304, 1581958591139924992, 0, 146.20413649630808, 68.78273195871435, 61.95618556701132, 27.248195876286637
305, 1581958591150691936, 0, 146.0008418207758, 68.7896907216, 61.9793814433, 27.2412371134
306, 1581958591161458432, 0, 145.74266277081549, 68.79664948448763, 62.00257731958864, 27.23427835051345
307, 1581958591172225280, 0, 145.48448372085517, 68.80360824737525, 62.02577319587727, 27.227319587626894
308, 1581958591182992128, 0, 145.22630467089485, 68.81056701026287, 62.0489690721659, 27.22036082474034
309, 1581958591193758936, 0, 144.96812562093453, 68.8175257731505, 62.07216494845454, 27.213402061853785
310, 1581958591204525824, 0, 144.7099465709742, 68.82448453603814, 62.095360824743175, 27.206443298967226
311, 1581958591215292416, 0, 144.4517675210139, 68.83144329892576, 62.11855670103181, 27.199484536080668
312, 1581958591226059264, 0, 144.19358847105357, 68.8384020618134, 62.14175257732044, 27.19252577319411
313, 1581958591236825936, 0, 143.93540942109325, 68.84536082470103, 62.16494845360907, 27.18556701030755
314, 1581958591247592448, 0, 143.67723037113294, 68.85231958758865, 62.18814432989772, 27.178608247421
315, 1581958591258359296, 0, 143.41905132117262, 68.85927835047629, 62.211340206186364, 27.17164948453445
316, 1581958591269126144, 0, 143.16087227121227, 68.86623711336392, 62.23453608247501, 27.164690721647897
317, 1581958591279892936, 0, 142.90269322125195, 68.87319587625154, 62.25773195876366, 27.157731958761346
318, 1581958591290659840, 0, 142.64451417129163, 68.88015463913916, 62.280927835052296, 27.15077319587479
319, 1581958591301426432, 0, 142.3863351213313, 68.8871134020268, 62.304123711340935, 27.143814432988236
320, 1581958591312193280, 0, 142.128156071371, 68.89407216491443, 62.327319587629574, 27.13685567010168
321, 1581958591322959936, 0, 141.86997702141068, 68.90103092780205, 62.350515463918214, 27.129896907215127
322, 1581958591333726720, 0, 141.61179797145036, 68.90798969068969, 62.373711340206846, 27.122938144328568
323, 1581958591344493824, 0, 141.35361892149004, 68.91494845357732, 62.39690721649548, 27.11597938144201
324, 1581958591355260928, 0, 141.09543987152972, 68.92190721646494, 62.42010309278411, 27.10902061855545
325, 1581958591366027936, 0, 140.8372608215694, 68.92886597935258, 62.44329896907274, 27.102061855668893
326, 1581958591376794880, 0, 140.57908177160908, 68.93582474224021, 62.46649484536139, 27.09510309278234
327, 1581958591387561472, 0, 140.32090272164874, 68.94278350512784, 62.489690721650035, 27.08814432989579
328, 1581958591398328320, 0, 140.06272367168842, 68.94974226801546, 62.51288659793868, 27.08118556700924
329, 1581958591409094936, 0, 139.8045446217281, 68.95670103090309, 62.53608247422733, 27.074226804122688
330, 1581958591419861504, 0, 139.54636557176778, 68.96365979379073, 62.55927835051597, 27.067268041236133
331, 1581958591430628352, 0, 139.28818652180746, 68.97061855667835, 62.58247422680461, 27.060309278349578
332, 1581958591441395200, 0, 139.03000747184714, 68.97757731956597, 62.605670103093246, 27.053350515463023
333, 1581958591452161936, 0, 138.77182842188682, 68.9845360824536, 62.628865979381885, 27.04639175257647
334, 1581958591462928896, 0, 138.5136493719265, 68.99149484534124, 62.65206185567052, 27.03943298968991
335, 1581958591473695488, 0, 138.2554703219662, 68.99845360822886, 62.67525773195915, 27.03247422680335
336, 1581958591484462336, 0, 137.99729127200587, 69.00541237111649, 62.69845360824778, 27.025515463916793
337, 1581958591495228936, 0, 137.73911222204555, 69.01237113400413, 62.721649484536414, 27.018556701030235
338, 1581958591505995520, 0, 137.48093317208523, 69.01932989689175, 62.74484536082505, 27.01159793814368
339, 1581958591516762368, 0, 137.2227541221249, 69.02628865977938, 62.76804123711369, 27.004639175257125
340, 1581958591527529216, 0, 136.9645750721646, 69.03324742266702, 62.79123711340233, 26.99768041237057
341, 1581958591538295936, 0, 136.70639602220427, 69.04020618555464, 62.81443298969097, 26.990721649484016
342, 1581958591549062656, 0, 136.44821697224396, 69.04716494844226, 62.83762886597961, 26.98376288659746
343, 1581958591559829760, 0, 136.19003792228364, 69.0541237113299, 62.86082474226825, 26.976804123710906
344, 1581958591570596864, 0, 135.93185887232332, 69.06108247421753, 62.88402061855689, 26.96984536082435
345, 1581958591581363936, 0, 135.673679822363, 69.06804123710515, 62.90721649484553, 26.962886597937796
346, 1581958591592130816, 0, 135.41550077240268, 69.07499999999278, 62.93041237113417, 26.95592783505124
347, 1581958591602897408, 0, 135.15732172244236, 69.08195876288042, 62.95360824742281, 26.948969072164687
348, 1581958591613664256, 0, 134.89914267248201, 69.08891752576804, 62.976804123711446, 26.942010309278132
349, 1581958591624430936, 0, 134.6409636225217, 69.09587628865567, 63.000000000000085, 26.935051546391577
350, 1581958591635197440, 0, 134.38278457256138, 69.10283505154331, 63.023195876288725, 26.928092783505022
351, 1581958591645964288, 0, 134.12460552260106, 69.10979381443093, 63.046391752577364, 26.921134020618467
352, 1581958591656731136, 0, 133.86642647264074, 69.11675257731855, 63.069587628866, 26.914175257731912
353, 1581958591667497936, 0, 133.60824742268042, 69.12371134020619, 63.09278350515464, 26.90721649484536
354, 1581958591678264832, 0, 133.22727171077076, 69.14083873260817, 63.10909310567001, 26.907216494844697
355, 1581958591689031424, 0, 132.84629599886108, 69.15796612501016, 63.12540270618538, 26.90721649484403
356, 1581958591699798272, 0, 132.4653202869514, 69.17509351741215, 63.141712306700754, 26.907216494843365
357, 1581958591710564936, 0, 132.08434457504174, 69.19222090981414, 63.158021907216124, 26.9072164948427
358, 1581958591721331456, 0, 131.70336886313208, 69.20934830221614, 63.174331507731495, 26.90721649484203
359, 1581958591732098304, 0, 131.3223931512224, 69.22647569461813, 63.190641108246865, 26.907216494841357
360, 1581958591742865152, 0, 130.94141743931272, 69.24360308702012, 63.206950708762236, 26.907216494840686
361, 1581958591753631936, 0, 130.56044172740306, 69.26073047942211, 63.223260309277606, 26.907216494840014
362, 1581958591764399104, 0, 130.1794660154934, 69.2778578718241, 63.23956990979298, 26.90721649483935
363, 1581958591775165952, 0, 129.79849030358372, 69.29498526422609, 63.25587951030836, 26.907216494838686
364, 1581958591785933056, 0, 129.41751459167403, 69.31211265662807, 63.27218911082374, 26.90721649483802
365, 1581958591796699936, 0, 129.03653887976435, 69.32924004903006, 63.288498711339116, 26.907216494837357
366, 1581958591807466496, 0, 128.65556316785467, 69.34636744143205, 63.30480831185449, 26.90721649483669
367, 1581958591818233344, 0, 128.274587455945, 69.36349483383404, 63.32111791236986, 26.90721649483602
368, 1581958591829000192, 0, 127.89361174403534, 69.38062222623603, 63.33742751288523, 26.907216494835353
369, 1581958591839766936, 0, 127.51263603212567, 69.39774961863802, 63.3537371134006, 26.907216494834685
370, 1581958591850533888, 0, 127.131660320216, 69.41487701104, 63.370046713915976, 26.907216494834017
371, 1581958591861300480, 0, 126.75068460830633, 69.432004403442, 63.38635631443135, 26.90721649483335
372, 1581958591872067328, 0, 126.36970889639666, 69.44913179584398, 63.40266591494673, 26.90721649483268
373, 1581958591882833936, 0, 125.98873318448699, 69.46625918824599, 63.41897551546211, 26.907216494832014
374, 1581958591893600512, 0, 125.60775747257732, 69.48338658064797, 63.43528511597748, 26.90721649483135
375, 1581958591904367360, 0, 125.22678176066765, 69.50051397304996, 63.45159471649285, 26.907216494830685
376, 1581958591915134208, 0, 124.84580604875798, 69.51764136545195, 63.46790431700822, 26.90721649483002
377, 1581958591925900936, 0, 124.46483033684831, 69.53476875785394, 63.48421391752359, 26.907216494829356
378, 1581958591936667904, 0, 124.08385462493864, 69.55189615025593, 63.50052351803896, 26.90721649482869
379, 1581958591947434496, 0, 123.70287891302897, 69.56902354265792, 63.51683311855434, 26.90721649482802
380, 1581958591958201344, 0, 123.32190320111928, 69.5861509350599, 63.533142719069716, 26.907216494827352
381, 1581958591968967936, 0, 122.94092748920961, 69.6032783274619, 63.549452319585086, 26.907216494826685
382, 1581958591979735040, 0, 122.55995177729994, 69.6204057198639, 63.56576192010046, 26.907216494826017
383, 1581958591990501888, 0, 122.17897606539027, 69.63753311226588, 63.58207152061583, 26.90721649482535
384, 1581958592001268992, 0, 121.7980003534806, 69.65466050466787, 63.5983811211312, 26.90721649482468
385, 1581958592012035936, 0, 121.41702464157093, 69.67178789706986, 63.61469072164657, 26.907216494824013
386, 1581958592022802432, 0, 121.03604892966126, 69.68891528947185, 63.63100032216194, 26.907216494823345
387, 1581958592033569280, 0, 120.65507321775158, 69.70604268187384, 63.647309922677316, 26.907216494822677
388, 1581958592044336128, 0, 120.27409750584191, 69.72317007427583, 63.66361952319269, 26.90721649482201
389, 1581958592055102936, 0, 119.89312179393224, 69.74029746667782, 63.679929123708064, 26.90721649482134
390, 1581958592065869824, 0, 119.51214608202257, 69.7574248590798, 63.696238724223434, 26.907216494820673
391, 1581958592076636416, 0, 119.1311703701129, 69.7745522514818, 63.712548324738805, 26.907216494820005
392, 1581958592087403264, 0, 118.75019465820323, 69.79167964388378, 63.728857925254175, 26.907216494819338
393, 1581958592098169936, 0, 118.36921894629356, 69.80880703628578, 63.745167525769546, 26.90721649481867
394, 1581958592108936448, 0, 117.98824323438389, 69.82593442868777, 63.761477126284916, 26.907216494818
395, 1581958592119703296, 0, 117.60726752247422, 69.84306182108976, 63.77778672680029, 26.907216494817334
396, 1581958592130470144, 0, 117.22629181056455, 69.86018921349175, 63.79409632731566, 26.907216494816666
397, 1581958592141236936, 0, 116.84531609865488, 69.87731660589374, 63.81040592783103, 26.907216494815998
398, 1581958592152003840, 0, 116.4643403867452, 69.89444399829573, 63.8267155283464, 26.907216494815334
399, 1581958592162770432, 0, 116.08336467483554, 69.91157139069772, 63.843025128861775, 26.90721649481467
400, 1581958592173537280, 0, 115.70238896292585, 69.9286987830997, 63.85933472937715, 26.907216494814005
401, 1581958592184303936, 0, 115.32141325101618, 69.9458261755017, 63.87564432989252, 26.90721649481334
402, 1581958592195070720, 0, 114.94043753910651, 69.9629535679037, 63.8919539304079, 26.907216494812673
403, 1581958592205837824, 0, 114.55946182719684, 69.98008096030568, 63.90826353092328, 26.907216494812005
404, 1581958592216604928, 0, 114.17848611528717, 69.99720835270767, 63.924573131438656, 26.907216494811337
405, 1581958592227371936, 0, 113.7975104033775, 70.01433574510966, 63.940882731954034, 26.90721649481067
406, 1581958592238138880, 0, 113.41653469146783, 70.03146313751165, 63.957192332469404, 26.90721649481
407, 1581958592248905472, 0, 113.03555897955815, 70.04859052991364, 63.97350193298478, 26.907216494809333
408, 1581958592259672320, 0, 112.65458326764848, 70.06571792231563, 63.98981153350016, 26.907216494808665
409, 1581958592270438936, 0, 112.2736075557388, 70.08284531471762, 64.00612113401553, 26.907216494807997
410, 1581958592281205504, 0, 111.89263184382914, 70.0999727071196, 64.0224307345309, 26.907216494807333
411, 1581958592291972352, 0, 111.51165613191947, 70.1171000995216, 64.03874033504627, 26.90721649480667
412, 1581958592302739200, 0, 111.1306804200098, 70.13422749192358, 64.05504993556164, 26.907216494806004
413, 1581958592313505936, 0, 110.74970470810013, 70.15135488432557, 64.07135953607701, 26.90721649480534
414, 1581958592324272896, 0, 110.36872899619046, 70.16848227672756, 64.08766913659238, 26.90721649480467
415, 1581958592335039488, 0, 109.98775328428079, 70.18560966912955, 64.10397873710775, 26.907216494803997
416, 1581958592345806336, 0, 109.60677757237112, 70.20273706153154, 64.12028833762312, 26.907216494803325
417, 1581958592356572936, 0, 109.22580186046144, 70.21986445393354, 64.1365979381385, 26.907216494802654
418, 1581958592367339520, 0, 108.84482614855177, 70.23699184633553, 64.15290753865386, 26.90721649480199
419, 1581958592378106368, 0, 108.4638504366421, 70.25411923873752, 64.16921713916925, 26.907216494801325
420, 1581958592388873216, 0, 108.08287472473242, 70.2712466311395, 64.18552673968463, 26.907216494800664
421, 1581958592399639936, 0, 107.70189901282275, 70.2883740235415, 64.2018363402, 26.9072164948
422, 1581958592410407168, 0, 107.17877457910387, 70.29602483448934, 64.21814594071557, 26.907216494800757
423, 1581958592421174016, 0, 106.65565014538501, 70.30367564543718, 64.23445554123113, 26.90721649480151
424, 1581958592431940864, 0, 106.13252571166615, 70.31132645638503, 64.25076514174668, 26.907216494802267
425, 1581958592442707936, 0, 105.60940127794728, 70.31897726733288, 64.26707474226225, 26.907216494803023
426, 1581958592453474816, 0, 105.08627684422842, 70.32662807828073, 64.28338434277782, 26.90721649480378
427, 1581958592464241408, 0, 104.56315241050956, 70.33427888922859, 64.29969394329339, 26.907216494804537
428, 1581958592475008256, 0, 104.0400279767907, 70.34192970017642, 64.31600354380896, 26.907216494805294
429, 1581958592485774936, 0, 103.51690354307182, 70.34958051112427, 64.33231314432452, 26.90721649480605
430, 1581958592496541440, 0, 102.99377910935294, 70.35723132207212, 64.34862274484009, 26.907216494806807
431, 1581958592507308288, 0, 102.47065467563408, 70.36488213301996, 64.36493234535565, 26.907216494807564
432, 1581958592518075136, 0, 101.94753024191522, 70.37253294396781, 64.38124194587122, 26.90721649480832
433, 1581958592528841936, 0, 101.42440580819634, 70.38018375491566, 64.3975515463868, 26.907216494809077
434, 1581958592539608832, 0, 100.90128137447746, 70.38783456586351, 64.41386114690235, 26.90721649480983
435, 1581958592550375424, 0, 100.3781569407586, 70.39548537681137, 64.43017074741792, 26.907216494810584
436, 1581958592561142272, 0, 99.85503250703974, 70.40313618775922, 64.44648034793349, 26.907216494811337
437, 1581958592571908936, 0, 99.33190807332088, 70.41078699870707, 64.46278994844906, 26.90721649481209
438, 1581958592582675456, 0, 98.80878363960201, 70.41843780965492, 64.47909954896463, 26.907216494812847
439, 1581958592593442304, 0, 98.28565920588315, 70.42608862060277, 64.4954091494802, 26.907216494813603
440, 1581958592604209152, 0, 97.76253477216429, 70.4337394315506, 64.51171874999577, 26.90721649481436
441, 1581958592614975936, 0, 97.23941033844541, 70.44139024249846, 64.52802835051132, 26.907216494815117
442, 1581958592625743104, 0, 96.71628590472653, 70.44904105344631, 64.54433795102688, 26.907216494815874
443, 1581958592636509952, 0, 96.19316147100767, 70.45669186439414, 64.56064755154244, 26.90721649481663
444, 1581958592647277056, 0, 95.67003703728881, 70.464342675342, 64.57695715205801, 26.907216494817387
445, 1581958592658043936, 0, 95.14691260356994, 70.47199348628985, 64.59326675257358, 26.907216494818144
446, 1581958592668810496, 0, 94.62378816985108, 70.4796442972377, 64.60957635308915, 26.9072164948189
447, 1581958592679577344, 0, 94.10066373613222, 70.48729510818555, 64.62588595360472, 26.907216494819657
448, 1581958592690344192, 0, 93.57753930241336, 70.49494591913339, 64.64219555412029, 26.907216494820414
449, 1581958592701110936, 0, 93.05441486869448, 70.50259673008124, 64.65850515463585, 26.90721649482117
450, 1581958592711877888, 0, 92.5312904349756, 70.51024754102909, 64.6748147551514, 26.907216494821924
451, 1581958592722644480, 0, 92.00816600125674, 70.51789835197692, 64.69112435566697, 26.907216494822677
452, 1581958592733411328, 0, 91.48504156753788, 70.52554916292478, 64.70743395618254, 26.90721649482343
453, 1581958592744177936, 0, 90.96191713381901, 70.53319997387263, 64.72374355669811, 26.907216494824183
454, 1581958592754944512, 0, 90.43879270010015, 70.54085078482048, 64.74005315721368, 26.90721649482494
455, 1581958592765711360, 0, 89.91566826638127, 70.54850159576833, 64.75636275772926, 26.907216494825697
456, 1581958592776478208, 0, 89.3925438326624, 70.55615240671617, 64.77267235824485, 26.907216494826454
457, 1581958592787244936, 0, 88.86941939894353, 70.56380321766402, 64.78898195876042, 26.90721649482721
458, 1581958592798011904, 0, 88.34629496522467, 70.57145402861187, 64.80529155927599, 26.907216494827967
459, 1581958592808778496, 0, 87.82317053150581, 70.5791048395597, 64.82160115979156, 26.907216494828724
460, 1581958592819545088, 0, 87.30004609778695, 70.58675565050756, 64.83791076030712, 26.90721649482948
461, 1581958592830311936, 0, 86.77692166406807, 70.5944064614554, 64.85422036082268, 26.907216494830237
462, 1581958592841078784, 0, 86.25379723034919, 70.60205727240326, 64.87052996133824, 26.907216494830994
463, 1581958592851845888, 0, 85.73067279663033, 70.60970808335111, 64.8868395618538, 26.90721649483175
464, 1581958592862612992, 0, 85.20754836291147, 70.61735889429895, 64.90314916236937, 26.907216494832507
465, 1581958592873379936, 0, 84.6844239291926, 70.6250097052468, 64.91945876288494, 26.907216494833264
466, 1581958592884146432, 0, 84.16129949547374, 70.63266051619465, 64.93576836340051, 26.907216494834017
467, 1581958592894913280, 0, 83.63817506175488, 70.6403113271425, 64.95207796391608, 26.90721649483477
468, 1581958592905680128, 0, 83.11505062803602, 70.64796213809035, 64.96838756443165, 26.907216494835524
469, 1581958592916446936, 0, 82.59192619431714, 70.6556129490382, 64.9846971649472, 26.907216494836277
470, 1581958592927213824, 0, 82.06880176059826, 70.66326375998605, 65.00100676546276, 26.907216494837034
471, 1581958592937980416, 0, 81.5456773268794, 70.67091457093389, 65.01731636597833, 26.90721649483779
472, 1581958592948747264, 0, 81.02255289316054, 70.67856538188174, 65.0336259664939, 26.907216494838547
473, 1581958592959513936, 0, 80.49942845944167, 70.68621619282959, 65.04993556700947, 26.907216494839304
474, 1581958592970280448, 0, 79.97630402572281, 70.69386700377744, 65.06624516752504, 26.90721649484006
475, 1581958592981047296, 0, 79.45317959200393, 70.70151781472529, 65.08255476804061, 26.907216494840817
476, 1581958592991814144, 0, 78.93005515828506, 70.70916862567313, 65.09886436855618, 26.907216494841574
477, 1581958593002580936, 0, 78.4069307245662, 70.71681943662098, 65.11517396907175, 26.90721649484233
478, 1581958593013347840, 0, 77.88380629084733, 70.72447024756883, 65.13148356958732, 26.907216494843087
479, 1581958593024114432, 0, 77.36068185712847, 70.73212105851667, 65.14779317010289, 26.907216494843844
480, 1581958593034881280, 0, 76.8375574234096, 70.73977186946452, 65.16410277061846, 26.907216494844604
481, 1581958593045647936, 0, 76.31443298969073, 70.74742268041237, 65.18041237113403, 26.90721649484536
482, 1581958593056414720, 0, 75.73453608247482, 70.77989690721571, 65.1896626711943, 26.9025773195874
483, 1581958593067181824, 0, 75.15463917525892, 70.81237113401907, 65.19891297125457, 26.897938144329444
484, 1581958593077948928, 0, 74.57474226804302, 70.84484536082243, 65.20816327131485, 26.893298969071488
485, 1581958593088715936, 0, 73.99484536082711, 70.87731958762578, 65.2174135713751, 26.88865979381353
486, 1581958593099482880, 0, 73.4149484536112, 70.90979381442912, 65.22666387143539, 26.88402061855558
487, 1581958593110249472, 0, 72.8350515463953, 70.94226804123247, 65.23591417149566, 26.879381443297632
488, 1581958593121016320, 0, 72.2551546391794, 70.97474226803581, 65.24516447155594, 26.874742268039682
489, 1581958593131782936, 0, 71.67525773196348, 71.00721649483917, 65.25441477161621, 26.870103092781733
490, 1581958593142549504, 0, 71.09536082474759, 71.03969072164253, 65.26366507167648, 26.865463917523776
491, 1581958593153316352, 0, 70.51546391753168, 71.07216494844587, 65.27291537173676, 26.86082474226582
492, 1581958593164083200, 0, 69.93556701031576, 71.10463917524922, 65.28216567179703, 26.856185567007863
493, 1581958593174849936, 0, 69.35567010309987, 71.13711340205258, 65.2914159718573, 26.851546391749906
494, 1581958593185616896, 0, 68.77577319588396, 71.16958762885594, 65.30066627191759, 26.846907216491957
495, 1581958593196383488, 0, 68.19587628866805, 71.20206185565928, 65.30991657197788, 26.842268041234007
496, 1581958593207150336, 0, 67.61597938145215, 71.23453608246263, 65.31916687203815, 26.837628865976058
497, 1581958593217916936, 0, 67.03608247423624, 71.26701030926597, 65.32841717209844, 26.832989690718108
498, 1581958593228683520, 0, 66.45618556702033, 71.29948453606931, 65.33766747215871, 26.82835051546015
499, 1581958593239450368, 0, 65.87628865980443, 71.33195876287267, 65.34691777221899, 26.823711340202195
500, 1581958593250217216, 0, 65.29639175258853, 71.36443298967603, 65.35616807227926, 26.819072164944238
501, 1581958593260983936, 0, 64.71649484537262, 71.39690721647938, 65.36541837233953, 26.81443298968628
502, 1581958593271750656, 0, 64.13659793815671, 71.42938144328272, 65.37466867239982, 26.809793814428332
503, 1581958593282517760, 0, 63.556701030940815, 71.46185567008607, 65.3839189724601, 26.805154639170382
504, 1581958593293284864, 0, 62.976804123724904, 71.49432989688941, 65.39316927252037, 26.800515463912433
505, 1581958593304051936, 0, 62.396907216509, 71.52680412369277, 65.40241957258064, 26.795876288654483
506, 1581958593314818816, 0, 61.817010309293096, 71.55927835049613, 65.41166987264091, 26.791237113396527
507, 1581958593325585408, 0, 61.237113402077185, 71.59175257729947, 65.42092017270119, 26.78659793813857
508, 1581958593336352256, 0, 60.65721649486128, 71.62422680410282, 65.43017047276146, 26.781958762880613
509, 1581958593347118936, 0, 60.07731958764538, 71.65670103090618, 65.43942077282173, 26.777319587622657
510, 1581958593357885440, 0, 59.49742268042947, 71.68917525770954, 65.44867107288201, 26.7726804123647
511, 1581958593368652288, 0, 58.91752577321357, 71.72164948451288, 65.45792137294228, 26.768041237106743
512, 1581958593379419136, 0, 58.337628865997665, 71.75412371131623, 65.46717167300255, 26.763402061848787
513, 1581958593390185936, 0, 57.75773195878176, 71.78659793811958, 65.47642197306283, 26.75876288659083
514, 1581958593400952832, 0, 57.17783505156585, 71.81907216492294, 65.4856722731231, 26.75412371133288
515, 1581958593411719424, 0, 56.597938144349946, 71.85154639172629, 65.49492257318337, 26.74948453607493
516, 1581958593422486272, 0, 56.01804123713404, 71.88402061852963, 65.50417287324365, 26.74484536081698
517, 1581958593433252936, 0, 55.43814432991813, 71.91649484533298, 65.51342317330393, 26.740206185559032
518, 1581958593444019456, 0, 54.85824742270223, 71.94896907213632, 65.52267347336422, 26.735567010301075
519, 1581958593454786304, 0, 54.27835051548632, 71.98144329893968, 65.5319237734245, 26.73092783504312
520, 1581958593465553152, 0, 53.69845360827042, 72.01391752574304, 65.54117407348477, 26.726288659785162
521, 1581958593476319936, 0, 53.118556701054516, 72.04639175254638, 65.55042437354504, 26.721649484527205
522, 1581958593487087104, 0, 52.53865979383861, 72.07886597934973, 65.55967467360531, 26.717010309269256
523, 1581958593497853952, 0, 51.95876288662271, 72.11134020615307, 65.56892497366559, 26.712371134011306
524, 1581958593508621056, 0, 51.3788659794068, 72.14381443295642, 65.57817527372586, 26.707731958753357
525, 1581958593519387936, 0, 50.79896907219089, 72.17628865975978, 65.58742557378613, 26.703092783495407
526, 1581958593530154496, 0, 50.21907216497499, 72.20876288656314, 65.59667587384641, 26.69845360823745
527, 1581958593540921344, 0, 49.63917525775908, 72.24123711336648, 65.6059261739067, 26.693814432979494
528, 1581958593551688192, 0, 49.059278350543174, 72.27371134016983, 65.61517647396698, 26.689175257721537
529, 1581958593562454936, 0, 48.47938144332727, 72.30618556697318, 65.62442677402726, 26.68453608246358
530, 1581958593573221888, 0, 47.899484536111366, 72.33865979377654, 65.63367707408753, 26.67989690720563
531, 1581958593583988480, 0, 47.31958762889546, 72.37113402057989, 65.6429273741478, 26.67525773194768
532, 1581958593594755328, 0, 46.73969072167956, 72.40360824738323, 65.65217767420808, 26.670618556689732
533, 1581958593605521936, 0, 46.159793814463654, 72.43608247418658, 65.66142797426835, 26.665979381431782
534, 1581958593616288512, 0, 45.57989690724775, 72.46855670098992, 65.67067827432862, 26.661340206173826
535, 1581958593627055360, 0, 45.00000000003185, 72.50103092779328, 65.6799285743889, 26.65670103091587
536, 1581958593637822208, 0, 44.420103092815935, 72.53350515459664, 65.68917887444917, 26.652061855657912
537, 1581958593648588936, 0, 43.84020618560003, 72.56597938139998, 65.69842917450944, 26.64742268039996
538, 1581958593659355904, 0, 43.26030927838279, 72.59845360820509, 65.61285100442336, 26.64278350514251
539, 1581958593670122496, 0, 42.680412371165545, 72.6309278350102, 65.52727283433728, 26.63814432988506
540, 1581958593680889344, 0, 42.1005154639483, 72.6634020618153, 65.4416946642512, 26.63350515462761
541, 1581958593691655936, 0, 41.52061855673105, 72.69587628862041, 65.35611649416511, 26.62886597937016
542, 1581958593702423040, 0, 40.940721649513804, 72.72835051542552, 65.27053832407901, 26.62422680411271
543, 1581958593713189888, 0, 40.36082474229656, 72.76082474223062, 65.18496015399293, 26.619587628855257
544, 1581958593723956992, 0, 39.78092783507931, 72.79329896903573, 65.09938198390684, 26.614948453597805
545, 1581958593734723936, 0, 39.20103092786207, 72.82577319584085, 65.01380381382074, 26.610309278340353
546, 1581958593745490432, 0, 38.62113402064483, 72.85824742264596, 64.92822564373466, 26.605670103082904
547, 1581958593756257280, 0, 38.041237113427584, 72.89072164945107, 64.84264747364858, 26.601030927825455
548, 1581958593767024128, 0, 37.46134020621034, 72.92319587625617, 64.7570693035625, 26.596391752568007
549, 1581958593777790936, 0, 36.88144329899309, 72.95567010306128, 64.67149113347641, 26.591752577310558
550, 1581958593788557824, 0, 36.301546391775844, 72.98814432986639, 64.58591296339031, 26.58711340205311
551, 1581958593799324416, 0, 35.7216494845586, 73.0206185566715, 64.50033479330423, 26.58247422679566
552, 1581958593810091264, 0, 35.14175257734135, 73.0530927834766, 64.41475662321815, 26.577835051538212
553, 1581958593820857936, 0, 34.5618556701241, 73.08556701028171, 64.32917845313207, 26.573195876280764
554, 1581958593831624448, 0, 33.98195876290686, 73.11804123708683, 64.24360028304599, 26.56855670102331
555, 1581958593842391296, 0, 33.40206185568962, 73.15051546389194, 64.1580221129599, 26.56391752576586
556, 1581958593853158144, 0, 32.82216494847238, 73.18298969069704, 64.0724439428738, 26.559278350508407
557, 1581958593863924936, 0, 32.24226804125513, 73.21546391750215, 63.98686577278772, 26.554639175250955
558, 1581958593874691840, 0, 31.662371134037883, 73.24793814430726, 63.901287602701636, 26.54999999999351
559, 1581958593885458432, 0, 31.082474226820636, 73.28041237111236, 63.81570943261555, 26.545360824736065
560, 1581958593896225280, 0, 30.50257731960339, 73.31288659791747, 63.73013126252946, 26.54072164947862
561, 1581958593906991936, 0, 29.922680412386143, 73.34536082472258, 63.644553092443374, 26.536082474221175
562, 1581958593917758720, 0, 29.342783505168896, 73.37783505152768, 63.55897492235729, 26.531443298963723
563, 1581958593928525824, 0, 28.762886597951653, 73.41030927833279, 63.4733967522712, 26.52680412370627
564, 1581958593939292928, 0, 28.18298969073441, 73.4427835051379, 63.38781858218512, 26.522164948448818
565, 1581958593950059936, 0, 27.603092783517162, 73.47525773194302, 63.30224041209903, 26.517525773191366
566, 1581958593960826880, 0, 27.023195876299916, 73.50773195874812, 63.216662242012944, 26.512886597933917
567, 1581958593971593472, 0, 26.443298969082672, 73.54020618555323, 63.131084071926864, 26.50824742267647
568, 1581958593982360320, 0, 25.86340206186543, 73.57268041235834, 63.04550590184078, 26.50360824741902
569, 1581958593993126936, 0, 25.283505154648182, 73.60515463916344, 62.95992773175469, 26.49896907216157
570, 1581958594003893504, 0, 24.703608247430935, 73.63762886596855, 62.8743495616686, 26.494329896904123
571, 1581958594014660352, 0, 24.123711340213692, 73.67010309277366, 62.788771391582515, 26.489690721646674
572, 1581958594025427200, 0, 23.54381443299645, 73.70257731957877, 62.70319322149642, 26.485051546389226
573, 1581958594036193936, 0, 22.963917525779202, 73.73505154638387, 62.61761505141033, 26.480412371131777
574, 1581958594046960896, 0, 22.384020618561955, 73.76752577318899, 62.532036881324245, 26.475773195874325
575, 1581958594057727488, 0, 21.80412371134471, 73.7999999999941, 62.446458711238165, 26.471134020616873
576, 1581958594068494336, 0, 21.22422680412747, 73.8324742267992, 62.36088054115208, 26.46649484535942
577, 1581958594079260936, 0, 20.64432989691022, 73.86494845360431, 62.27530237106599, 26.46185567010197
578, 1581958594090027520, 0, 20.064432989692975, 73.89742268040942, 62.18972420097991, 26.457216494844516
579, 1581958594100794368, 0, 19.484536082475728, 73.92989690721453, 62.10414603089382, 26.452577319587068
580, 1581958594111561216, 0, 18.90463917525848, 73.96237113401963, 62.018567860807735, 26.44793814432962
581, 1581958594122327936, 0, 18.324742268041238, 73.99484536082474, 61.932989690721655, 26.443298969072167
582, 1581958594133095168, 0, 17.75209407216495, 74.03108891752578, 61.875, 26.472293814432994
583, 1581958594143862016, 0, 17.17944587628866, 74.0673324742268, 61.81701030927835, 26.50128865979382
584, 1581958594154628864, 0, 16.60679768041237, 74.10357603092783, 61.759020618556704, 26.530283505154642
585, 1581958594165395936, 0, 16.034149484536083, 74.13981958762886, 61.70103092783505, 26.55927835051547
586, 1581958594176162816, 0, 15.461501288659795, 74.1760631443299, 61.6430412371134, 26.588273195876294
587, 1581958594186929408, 0, 14.888853092783506, 74.21230670103093, 61.58505154639175, 26.617268041237118
588, 1581958594197696256, 0, 14.316204896907218, 74.24855025773195, 61.527061855670105, 26.646262886597942
589, 1581958594208462936, 0, 13.74355670103093, 74.28479381443299, 61.46907216494846, 26.675257731958766
590, 1581958594219229440, 0, 13.17090850515464, 74.32103737113403, 61.41108247422681, 26.704252577319593
591, 1581958594229996288, 0, 12.598260309278352, 74.35728092783505, 61.35309278350516, 26.73324742268042
592, 1581958594240763136, 0, 12.025612113402062, 74.39352448453607, 61.295103092783506, 26.76224226804125
593, 1581958594251529936, 0, 11.452963917525773, 74.42976804123711, 61.23711340206186, 26.791237113402076
594, 1581958594262296832, 0, 10.880315721649485, 74.46601159793815, 61.17912371134021, 26.8202319587629
595, 1581958594273063424, 0, 10.307667525773196, 74.50225515463917, 61.121134020618555, 26.849226804123724
596, 1581958594283830272, 0, 9.735019329896907, 74.5384987113402, 61.06314432989691, 26.878221649484548
597, 1581958594294596936, 0, 9.162371134020619, 74.57474226804123, 61.00515463917526, 26.907216494845372
598, 1581958594305363456, 0, 8.58972293814433, 74.61098582474227, 60.94716494845361, 26.936211340206192
599, 1581958594316130304, 0, 8.017074742268042, 74.64722938144331, 60.889175257731964, 26.965206185567013
600, 1581958594326897152, 0, 7.444426546391753, 74.68347293814435, 60.83118556701031, 26.994201030927833
601, 1581958594337663936, 0, 6.871778350515465, 74.71971649484537, 60.77319587628866, 27.023195876288653
602, 1581958594348431104, 0, 6.299130154639176, 74.7559600515464, 60.71520618556701, 27.05219072164948
603, 1581958594359197952, 0, 5.726481958762887, 74.79220360824743, 60.65721649484536, 27.08118556701031
604, 1581958594369965056, 0, 5.153833762886597, 74.82844716494847, 60.59922680412371, 27.110180412371136
605, 1581958594380731936, 0, 4.5811855670103085, 74.8646907216495, 60.54123711340206, 27.139175257731964
606, 1581958594391498496, 0, 4.00853737113402, 74.90093427835052, 60.483247422680414, 27.168170103092788
607, 1581958594402265344, 0, 3.4358891752577314, 74.93717783505156, 60.425257731958766, 27.19716494845361
608, 1581958594413032192, 0, 2.863240979381443, 74.9734213917526, 60.36726804123712, 27.226159793814436
609, 1581958594423798936, 0, 2.2905927835051543, 75.00966494845362, 60.30927835051547, 27.25515463917526
610, 1581958594434565888, 0, 1.7179445876288657, 75.04590850515464, 60.25128865979382, 27.284149484536083
611, 1581958594445332480, 0, 1.1452963917525771, 75.08215206185568, 60.193298969072174, 27.313144329896907
612, 1581958594456099328, 0, 0.5726481958762886, 75.11839561855672, 60.13530927835052, 27.342139175257735
613, 1581958594466865936, 0, 0.0, 75.15463917525774, 60.07731958762887, 27.37113402061856
614, 1581958594477632512, 0, 0.0, 75.21262886597938, 59.37315905743741, 27.280007363770252
615, 1581958594488399360, 0, 0.0, 75.27061855670104, 58.668998527245954, 27.188880706921942
616, 1581958594499166208, 0, 0.0, 75.3286082474227, 57.964837997054495, 27.097754050073636
617, 1581958594509932936, 0, 0.0, 75.38659793814433, 57.26067746686304, 27.00662739322533
618, 1581958594520699904, 0, 0.0, 75.44458762886597, 56.556516936671585, 26.915500736377023
619, 1581958594531466496, 0, 0.0, 75.50257731958763, 55.852356406480126, 26.824374079528717
620, 1581958594542233088, 0, 0.0, 75.56056701030928, 55.14819587628867, 26.73324742268041
621, 1581958594552999936, 0, 0.0, 75.61855670103094, 54.44403534609721, 26.642120765832104
622, 1581958594563766784, 0, 0.0, 75.6765463917526, 53.73987481590575, 26.550994108983797
623, 1581958594574533888, 0, 0.0, 75.73453608247424, 53.03571428571429, 26.45986745213549
624, 1581958594585300992, 0, 0.0, 75.79252577319588, 52.33155375552283, 26.368740795287184
625, 1581958594596067936, 0, 0.0, 75.85051546391753, 51.627393225331375, 26.277614138438878
626, 1581958594606834432, 0, 0.0, 75.90850515463919, 50.923232695139916, 26.18648748159057
627, 1581958594617601280, 0, 0.0, 75.96649484536084, 50.21907216494846, 26.095360824742265
628, 1581958594628368128, 0, 0.0, 76.0244845360825, 49.514911634757, 26.00423416789396
629, 1581958594639134936, 0, 0.0, 76.08247422680414, 48.81075110456554, 25.913107511045652
630, 1581958594649901824, 0, 0.0, 76.14046391752578, 48.10659057437408, 25.821980854197346
631, 1581958594660668416, 0, 0.0, 76.19845360824743, 47.40243004418262, 25.73085419734904
632, 1581958594671435264, 0, 0.0, 76.25644329896909, 46.698269513991164, 25.639727540500733
633, 1581958594682201936, 0, 0.0, 76.31443298969073, 45.994108983799705, 25.548600883652426
634, 1581958594692968448, 0, 0.0, 76.37242268041237, 45.28994845360825, 25.45747422680412
635, 1581958594703735296, 0, 0.0, 76.43041237113403, 44.58578792341679, 25.366347569955813
636, 1581958594714502144, 0, 0.0, 76.48840206185568, 43.88162739322533, 25.275220913107507
637, 1581958594725268936, 0, 0.0, 76.54639175257734, 43.17746686303388, 25.1840942562592
638, 1581958594736035840, 0, 0.0, 76.60438144329899, 42.47330633284242, 25.092967599410898
639, 1581958594746802432, 0, 0.0, 76.66237113402063, 41.76914580265096, 25.00184094256259
640, 1581958594757569280, 0, 0.0, 76.72036082474227, 41.0649852724595, 24.910714285714285
641, 1581958594768335936, 0, 0.0, 76.77835051546393, 40.36082474226804, 24.819587628865982
642, 1581958594779102720, 0, 0.0, 76.84462444771724, 39.68980117820324, 24.811303387334313
643, 1581958594789869824, 0, 0.0, 76.91089837997055, 39.01877761413844, 24.803019145802647
644, 1581958594800636928, 0, 0.0, 76.97717231222387, 38.34775405007364, 24.79473490427098
645, 1581958594811403936, 0, 0.0, 77.04344624447718, 37.676730486008836, 24.786450662739313
646, 1581958594822170880, 0, 0.0, 77.10972017673049, 37.00570692194404, 24.77816642120765
647, 1581958594832937472, 0, 0.0, 77.17599410898382, 36.334683357879236, 24.76988217967599
648, 1581958594843704320, 0, 0.0, 77.24226804123712, 35.66365979381443, 24.761597938144327
649, 1581958594854470936, 0, 0.0, 77.30854197349043, 34.992636229749635, 24.753313696612665
650, 1581958594865237504, 0, 0.0, 77.37481590574374, 34.32161266568483, 24.745029455081
651, 1581958594876004352, 0, 0.0, 77.44108983799705, 33.65058910162003, 24.736745213549334
652, 1581958594886771200, 0, 0.0, 77.50736377025038, 32.97956553755523, 24.72846097201767
653, 1581958594897537936, 0, 0.0, 77.57363770250369, 32.30854197349043, 24.720176730486003
654, 1581958594908304896, 0, 0.0, 77.639911634757, 31.637518409425628, 24.71189248895434
655, 1581958594919071488, 0, 0.0, 77.70618556701032, 30.966494845360828, 24.70360824742268
656, 1581958594929838336, 0, 0.0, 77.77245949926363, 30.295471281296024, 24.695324005891017
657, 1581958594940604936, 0, 0.0, 77.83873343151694, 29.624447717231224, 24.687039764359355
658, 1581958594951371520, 0, 0.0, 77.90500736377025, 28.953424153166424, 24.67875552282769
659, 1581958594962138368, 0, 0.0, 77.97128129602356, 28.28240058910162, 24.670471281296024
660, 1581958594972905216, 0, 0.0, 78.03755522827689, 27.61137702503682, 24.66218703976436
661, 1581958594983671936, 0, 0.0, 78.1038291605302, 26.94035346097202, 24.653902798232693
662, 1581958594994438656, 0, 0.0, 78.1701030927835, 26.269329896907216, 24.64561855670103
663, 1581958595005205760, 0, 0.0, 78.23637702503683, 25.598306332842416, 24.63733431516937
664, 1581958595015972864, 0, 0.0, 78.30265095729014, 24.927282768777616, 24.629050073637707
665, 1581958595026739936, 0, 0.0, 78.36892488954345, 24.256259204712812, 24.620765832106045
666, 1581958595037506816, 0, 0.0, 78.43519882179676, 23.585235640648012, 24.61248159057438
667, 1581958595048273408, 0, 0.0, 78.50147275405007, 22.914212076583212, 24.604197349042714
668, 1581958595059040256, 0, 0.0, 78.5677466863034, 22.243188512518408, 24.59591310751105
669, 1581958595069806936, 0, 0.0, 78.6340206185567, 21.572164948453608, 24.587628865979383
670, 1581958595080573440, 0, 0.0, 78.80798969072166, 20.876288659793815, 24.355670103092784
671, 1581958595091340288, 0, 0.0, 78.98195876288659, 20.180412371134018, 24.123711340206185
672, 1581958595102107136, 0, 0.0, 79.15592783505154, 19.484536082474225, 23.891752577319586
673, 1581958595112873936, 0, 0.0, 79.3298969072165, 18.788659793814432, 23.659793814432987
674, 1581958595123640832, 0, 0.0, 79.50386597938144, 18.09278350515464, 23.42783505154639
675, 1581958595134407424, 0, 0.0, 79.6778350515464, 17.396907216494846, 23.19587628865979
676, 1581958595145174272, 0, 0.0, 79.85180412371135, 16.701030927835053, 22.96391752577319
677, 1581958595155940936, 0, 0.0, 80.0257731958763, 16.00515463917526, 22.731958762886592
678, 1581958595166707456, 0, 0.0, 80.19974226804125, 15.309278350515466, 22.499999999999996
679, 1581958595177474304, 0, 0.0, 80.3737113402062, 14.613402061855671, 22.2680412371134
680, 1581958595188241152, 0, 0.0, 80.54768041237114, 13.917525773195877, 22.036082474226806
681, 1581958595199007936, 0, 0.0, 80.72164948453609, 13.221649484536083, 21.80412371134021
682, 1581958595209775104, 0, 0.0, 80.89561855670104, 12.52577319587629, 21.57216494845361
683, 1581958595220541952, 0, 0.0, 81.06958762886597, 11.829896907216495, 21.340206185567013
684, 1581958595231309056, 0, 0.0, 81.24355670103093, 11.1340206185567, 21.108247422680414
685, 1581958595242075936, 0, 0.0, 81.41752577319588, 10.438144329896907, 20.876288659793815
686, 1581958595252842496, 0, 0.0, 81.50451030927834, 9.800257731958762, 20.586340206185568
687, 1581958595263609344, 0, 0.0, 81.59149484536083, 9.162371134020619, 20.29639175257732
688, 1581958595274376192, 0, 0.0, 81.67847938144331, 8.524484536082475, 20.006443298969074
689, 1581958595285142936, 0, 0.0, 81.76546391752578, 7.88659793814433, 19.716494845360828
690, 1581958595295909888, 0, 0.0, 81.85244845360825, 7.248711340206186, 19.42654639175258
691, 1581958595306676480, 0, 0.0, 81.93943298969073, 6.610824742268042, 19.136597938144334
692, 1581958595317443328, 0, 0.0, 82.02641752577321, 5.9729381443298974, 18.846649484536087
693, 1581958595328209936, 0, 0.0, 82.11340206185568, 5.335051546391753, 18.556701030927837
694, 1581958595338976512, 0, 0.0, 83.38917525773196, 4.639175257731959, 16.817010309278352
695, 1581958595349743360, 0, 0.0, 84.66494845360825, 3.943298969072165, 15.077319587628867
696, 1581958595360510208, 0, 0.0, 85.94072164948454, 3.247422680412371, 13.337628865979383
697, 1581958595371276936, 0, 0.0, 87.21649484536083, 2.551546391752577, 11.597938144329898
698, 1581958595382043904, 0, 0.0, 87.21649484536083, 2.551546391752577, 11.597938144329898
699, 1581958595392810496, 0, 0.0, 87.21649484536083, 2.551546391752577, 11.597938144329898
700, 1581958595403577344, 0, 0.0, 87.21649484536083, 2.551546391752577, 11.597938144329898
701, 1581958595414343936
702, 1581958595425111040
703, 1581958595435877888
704, 1581958595446644992
705, 1581958595457411936
