1, 1603472029387646727
2, 1603472029430713727
3, 1603472029473781727
4, 1603472029516848727, 0, 236.13402061855672, 33.8659793814433, 3.865979381443264, 23.195876288659797
5, 1603472029559915727, 0, 231.05992268039995, 31.733499579558263, 8.940077319600002, 30.675797057577853
6, 1603472029602982727, 0, 225.98582474224975, 31.190525562979076, 14.014175257749969, 33.91703573229722
7, 1603472029646049727, 0, 220.91172680409952, 30.64755154639989, 19.088273195899948, 37.15827440701658
8, 1603472029689117727, 0, 215.83762886600027, 29.574742268000097, 24.162371133999713, 38.52461354746255
9, 1603472029732184727, 0, 210.76353092785072, 28.501932989659867, 29.236469072149276, 39.911501397710325
10, 1603472029775251727, 0, 205.68943298970117, 27.429123711319637, 34.310567010298826, 41.298389247958085
11, 1603472029818318727, 0, 200.61533505155163, 26.356314432979406, 39.384664948448346, 42.685277098205844
12, 1603472029861385727, 0, 195.54123711340208, 25.283505154639176, 44.4587628865979, 44.07216494845361
13, 1603472029904453727, 0, 189.74226804123714, 25.20618556701031, 50.25773195876283, 44.0979381443299
14, 1603472029947520727, 0, 183.94329896907217, 25.128865979381445, 56.0567010309278, 44.123711340206185
15, 1603472029990587727, 0, 178.14432989690724, 25.051546391752577, 61.855670103092734, 44.14948453608248
16, 1603472030033654727, 0, 172.34536082474227, 24.974226804123713, 67.6546391752577, 44.175257731958766
17, 1603472030076721727, 0, 166.54639175257734, 24.896907216494846, 73.45360824742264, 44.201030927835056
18, 1603472030119789727, 0, 160.7474226804124, 24.819587628865982, 79.25257731958757, 44.22680412371134
19, 1603472030162856727, 0, 154.94845360824743, 24.742268041237114, 85.05154639175254, 44.252577319587644
20, 1603472030205923727, 0, 149.14948453608247, 24.66494845360825, 90.8505154639175, 44.27835051546393
21, 1603472030248990727, 0, 143.35051546391753, 24.587628865979383, 96.64948453608244, 44.30412371134021
22, 1603472030292057727, 0, 137.19072164948815, 24.48453608248454, 97.34837911512471, 44.51030927835515
23, 1603472030335125727, 0, 131.03092783505878, 24.38144329898969, 98.04727369416696, 44.71649484537008
24, 1603472030378192727, 0, 124.87113402062938, 24.278350515494843, 98.74616827320925, 44.92268041238503
25, 1603472030421259727, 0, 118.7113402062, 24.175257732, 99.44506285225152, 45.12886597939996
26, 1603472030464326727, 0, 112.55154639176413, 24.0721649484866, 99.82924615808989, 45.335051546406575
27, 1603472030507393727, 0, 106.39175257732825, 23.969072164973195, 100.21342946392824, 45.541237113413175
28, 1603472030550461727, 0, 100.23195876289238, 23.865979381459795, 100.5976127697666, 45.74742268041979
29, 1603472030593528727, 0, 94.0721649484565, 23.76288659794639, 100.98179607560493, 45.95360824742639
30, 1603472030636595727, 0, 87.91237113402062, 23.65979381443299, 101.36597938144331, 46.159793814432994
31, 1603472030679662727, 0, 81.7820324005891, 23.825478645066276, 101.26656848306332, 46.12665684830633
32, 1603472030722729727, 0, 75.65169366715759, 23.991163475699558, 101.16715758468337, 46.093519882179685
33, 1603472030765797727, 0, 69.52135493372606, 24.156848306332844, 101.0677466863034, 46.060382916053015
34, 1603472030808864727, 0, 63.39101620029455, 24.32253313696613, 100.96833578792342, 46.02724594992637
35, 1603472030851931727, 0, 57.26067746686304, 24.488217967599414, 100.86892488954345, 45.994108983799705
36, 1603472030894998727, 0, 51.130338733431515, 24.653902798232696, 100.76951399116349, 45.96097201767306
37, 1603472030938065727, 0, 45, 24.819587628865982, 100.6701030927835, 45.927835051546396
38, 1603472030981133727, 0, 39.20103092783505, 25.046457223510835, 100.13991163475701, 45.50214366014159
39, 1603472031024200727, 0, 33.402061855670105, 25.273326818155688, 99.60972017673049, 45.07645226873681
40, 1603472031067267727, 0, 27.603092783505154, 25.50019641280054, 99.07952871870398, 44.65076087733201
41, 1603472031110334727, 0, 21.804123711340207, 25.727066007445394, 98.54933726067746, 44.225069485927214
42, 1603472031153401727, 0, 16.00515463917526, 25.953935602090247, 98.01914580265097, 43.79937809452242
43, 1603472031196469727, 0, 10.206185567010309, 26.1808051967351, 97.48895434462446, 43.373686703117635
44, 1603472031239536727, 0, 4.407216494845367, 26.407674791379954, 96.95876288659794, 42.94799531171284
45, 1603472031282603727, 0, 0, 26.61781860029991, 95.15463917519985, 42.84094428629986
46, 1603472031325670727, 0, 0, 26.827962409299957, 88.94329896899988, 42.733893260799924
47, 1603472031368737727, 0, 0.0, 27.038106218299944, 82.73195876279985, 42.62684223529992
48, 1603472031411805727, 0, 0, 27.24825002729993, 76.5206185565998, 42.51979120979992
49, 1603472031454872727, 0, 0.0, 27.458393836249936, 70.30927835044986, 42.4127401843499
50, 1603472031497939727, 0, 0, 27.66853764519994, 64.09793814429992, 42.305689158899895
51, 1603472031541006727, 0, 0.0, 27.87868145418828, 57.886597938124346, 42.198638133424666
52, 1603472031584073727, 0, 0.0, 28.088825263176613, 51.67525773194877, 42.09158710794945
53, 1603472031627141727, 0, 0, 28.29896907216495, 45.4639175257732, 41.98453608247423
54, 1603472031670208727, 0, 0.0, 28.91752577319588, 39.123711340206185, 41.443298969072174
55, 1603472031713275727, 0, 0.0, 29.536082474226806, 32.78350515463918, 40.90206185567011
56, 1603472031756342727, 0, 0, 30.154639175257735, 26.443298969072167, 40.36082474226804
57, 1603472031799409727, 0, 0.0, 30.50257731958763, 21.108247422680414, 37.925257731958766
58, 1603472031842477727, 0, 0, 30.850515463917528, 15.77319587628866, 35.48969072164949
59, 1603472031885544727, 0, 0, 31.77835051546392, 10.438144329896907, 33.634020618556704
60, 1603472031928611727, 0, 0, 35.95360824742268, 4.639175257731959, 23.65979381443299
61, 1603472031971678727
62, 1603472032014745727
63, 1603472032057813727
64, 1603472032100880727
65, 1603472032143947727
66, 1603472032187014727
67, 1603472032230081727
68, 1603472032273149727
