7, 0, 236.13402061855672, 33.8659793814433, 3.865979381443264, 23.195876288659797, -1, -1, -1, -1
8, 0, 233.59697164947835, 32.79973948050078, 6.403028350521633, 26.935836673118825, -1, -1, -1, -1
9, 0, 231.05992268039995, 31.733499579558263, 8.940077319600002, 30.675797057577853, -1, -1, -1, -1
10, 0, 228.52287371132485, 31.46201257126867, 11.477126288674985, 32.29641639493754, -1, -1, -1, -1
11, 0, 225.98582474224975, 31.190525562979076, 14.014175257749969, 33.91703573229722, -1, -1, -1, -1
12, 0, 223.44877577317465, 30.919038554689482, 16.551224226824957, 35.5376550696569, -1, -1, -1, -1
13, 0, 220.91172680409952, 30.64755154639989, 19.088273195899948, 37.15827440701658, -1, -1, -1, -1
14, 0, 218.3746778350499, 30.111146907199995, 21.62532216494983, 37.841443977239564, -1, -1, -1, -1
15, 0, 215.83762886600027, 29.574742268000097, 24.162371133999713, 38.52461354746255, -1, -1, -1, -1
16, 0, 213.3005798969255, 29.038337628829982, 26.699420103074495, 39.21805747258644, -1, -1, -1, -1
17, 0, 210.76353092785072, 28.501932989659867, 29.236469072149276, 39.911501397710325, -1, -1, -1, -1
18, 0, 208.22648195877593, 27.965528350489752, 31.77351804122405, 40.604945322834205, -1, -1, -1, -1
19, 0, 205.68943298970117, 27.429123711319637, 34.310567010298826, 41.298389247958085, -1, -1, -1, -1
20, 0, 203.1523840206264, 26.89271907214952, 36.847615979373586, 41.991833173081965, -1, -1, -1, -1
21, 0, 200.61533505155163, 26.356314432979406, 39.384664948448346, 42.685277098205844, -1, -1, -1, -1
22, 0, 198.07828608247684, 25.81990979380929, 41.92171391752312, 43.37872102332973, -1, -1, -1, -1
23, 0, 195.54123711340208, 25.283505154639176, 44.4587628865979, 44.07216494845361, -1, -1, -1, -1
24, 0, 192.6417525773196, 25.24484536082474, 47.358247422680364, 44.08505154639175, -1, -1, -1, -1
25, 0, 189.74226804123714, 25.20618556701031, 50.25773195876283, 44.0979381443299, -1, -1, -1, -1
26, 0, 186.84278350515467, 25.167525773195877, 53.157216494845315, 44.11082474226804, -1, -1, -1, -1
27, 0, 183.94329896907217, 25.128865979381445, 56.0567010309278, 44.123711340206185, -1, -1, -1, -1
28, 0, 181.0438144329897, 25.090206185567013, 58.956185567010266, 44.136597938144334, -1, -1, -1, -1
29, 0, 178.14432989690724, 25.051546391752577, 61.855670103092734, 44.14948453608248, -1, -1, -1, -1
30, 0, 175.24484536082474, 25.012886597938145, 64.75515463917522, 44.162371134020624, -1, -1, -1, -1
31, 0, 172.34536082474227, 24.974226804123713, 67.6546391752577, 44.175257731958766, -1, -1, -1, -1
32, 0, 169.4458762886598, 24.935567010309278, 70.55412371134017, 44.188144329896915, -1, -1, -1, -1
33, 0, 166.54639175257734, 24.896907216494846, 73.45360824742264, 44.201030927835056, -1, -1, -1, -1
34, 0, 163.64690721649487, 24.858247422680414, 76.3530927835051, 44.2139175257732, -1, -1, -1, -1
35, 0, 160.7474226804124, 24.819587628865982, 79.25257731958757, 44.22680412371134, -1, -1, -1, -1
36, 0, 157.84793814432993, 24.78092783505155, 82.15206185567006, 44.239690721649495, -1, -1, -1, -1
37, 0, 154.94845360824743, 24.742268041237114, 85.05154639175254, 44.252577319587644, -1, -1, -1, -1
38, 0, 152.04896907216494, 24.703608247422682, 87.95103092783502, 44.265463917525786, -1, -1, -1, -1
39, 0, 149.14948453608247, 24.66494845360825, 90.8505154639175, 44.27835051546393, -1, -1, -1, -1
40, 0, 146.25, 24.626288659793815, 93.74999999999997, 44.29123711340207, -1, -1, -1, -1
41, 0, 143.35051546391753, 24.587628865979383, 96.64948453608244, 44.30412371134021, -1, -1, -1, -1
42, 0, 140.27061855670286, 24.53608247423196, 96.99893182560358, 44.40721649484768, -1, -1, -1, -1
43, 0, 137.19072164948815, 24.48453608248454, 97.34837911512471, 44.51030927835515, -1, -1, -1, -1
44, 0, 134.11082474227345, 24.432989690737116, 97.69782640464584, 44.613402061862615, -1, -1, -1, -1
45, 0, 131.03092783505878, 24.38144329898969, 98.04727369416696, 44.71649484537008, -1, -1, -1, -1
46, 0, 127.95103092784407, 24.329896907242265, 98.39672098368811, 44.81958762887756, -1, -1, -1, -1
47, 0, 124.87113402062938, 24.278350515494843, 98.74616827320925, 44.92268041238503, -1, -1, -1, -1
48, 0, 121.7912371134147, 24.22680412374742, 99.09561556273039, 45.0257731958925, -1, -1, -1, -1
49, 0, 118.7113402062, 24.175257732, 99.44506285225152, 45.12886597939996, -1, -1, -1, -1
50, 0, 115.63144329898208, 24.123711340243297, 99.63715450517071, 45.23195876290327, -1, -1, -1, -1
51, 0, 112.55154639176413, 24.0721649484866, 99.82924615808989, 45.335051546406575, -1, -1, -1, -1
52, 0, 109.47164948454619, 24.020618556729897, 100.02133781100906, 45.438144329909875, -1, -1, -1, -1
53, 0, 106.39175257732825, 23.969072164973195, 100.21342946392824, 45.541237113413175, -1, -1, -1, -1
54, 0, 103.3118556701103, 23.917525773216497, 100.40552111684741, 45.64432989691648, -1, -1, -1, -1
55, 0, 100.23195876289238, 23.865979381459795, 100.5976127697666, 45.74742268041979, -1, -1, -1, -1
56, 0, 97.15206185567445, 23.814432989703093, 100.78970442268576, 45.85051546392309, -1, -1, -1, -1
57, 0, 94.0721649484565, 23.76288659794639, 100.98179607560493, 45.95360824742639, -1, -1, -1, -1
58, 0, 90.99226804123856, 23.71134020618969, 101.17388772852412, 46.05670103092969, -1, -1, -1, -1
59, 0, 87.91237113402062, 23.65979381443299, 101.36597938144331, 46.159793814432994, -1, -1, -1, -1
60, 0, 84.84720176730485, 23.742636229749635, 101.31627393225332, 46.14322533136966, -1, -1, -1, -1
61, 0, 81.7820324005891, 23.825478645066276, 101.26656848306332, 46.12665684830633, -1, -1, -1, -1
62, 0, 78.71686303387335, 23.908321060382917, 101.21686303387335, 46.11008836524301, -1, -1, -1, -1
63, 0, 75.65169366715759, 23.991163475699558, 101.16715758468337, 46.093519882179685, -1, -1, -1, -1
64, 0, 72.58652430044182, 24.0740058910162, 101.11745213549338, 46.07695139911635, -1, -1, -1, -1
65, 0, 69.52135493372606, 24.156848306332844, 101.0677466863034, 46.060382916053015, -1, -1, -1, -1
66, 0, 66.45618556701031, 24.239690721649488, 101.01804123711341, 46.04381443298969, -1, -1, -1, -1
67, 0, 63.39101620029455, 24.32253313696613, 100.96833578792342, 46.02724594992637, -1, -1, -1, -1
68, 0, 60.325846833578794, 24.40537555228277, 100.91863033873344, 46.01067746686304, -1, -1, -1, -1
69, 0, 57.26067746686304, 24.488217967599414, 100.86892488954345, 45.994108983799705, -1, -1, -1, -1
70, 0, 54.19550810014728, 24.571060382916055, 100.81921944035346, 45.97754050073638, -1, -1, -1, -1
71, 0, 51.130338733431515, 24.653902798232696, 100.76951399116349, 45.96097201767306, -1, -1, -1, -1
72, 0, 48.06516936671576, 24.73674521354934, 100.71980854197349, 45.94440353460973, -1, -1, -1, -1
73, 0, 45, 24.819587628865982, 100.6701030927835, 45.927835051546396, -1, -1, -1, -1
74, 0, 42.100515463917525, 24.93302242618841, 100.40500736377027, 45.714989355844, -1, -1, -1, -1
75, 0, 39.20103092783505, 25.046457223510835, 100.13991163475701, 45.50214366014159, -1, -1, -1, -1
76, 0, 36.30154639175258, 25.15989202083326, 99.87481590574376, 45.2892979644392, -1, -1, -1, -1
77, 0, 33.402061855670105, 25.273326818155688, 99.60972017673049, 45.07645226873681, -1, -1, -1, -1
78, 0, 30.50257731958763, 25.386761615478115, 99.34462444771724, 44.86360657303441, -1, -1, -1, -1
79, 0, 27.603092783505154, 25.50019641280054, 99.07952871870398, 44.65076087733201, -1, -1, -1, -1
80, 0, 24.70360824742268, 25.613631210122968, 98.81443298969072, 44.43791518162961, -1, -1, -1, -1
81, 0, 21.804123711340207, 25.727066007445394, 98.54933726067746, 44.225069485927214, -1, -1, -1, -1
82, 0, 18.904639175257735, 25.84050080476782, 98.28424153166421, 44.012223790224816, -1, -1, -1, -1
83, 0, 16.00515463917526, 25.953935602090247, 98.01914580265097, 43.79937809452242, -1, -1, -1, -1
84, 0, 13.105670103092784, 26.067370399412674, 97.75405007363771, 43.586532398820026, -1, -1, -1, -1
85, 0, 10.206185567010309, 26.1808051967351, 97.48895434462446, 43.373686703117635, -1, -1, -1, -1
86, 0, 7.306701030927838, 26.294239994057527, 97.22385861561119, 43.160841007415236, -1, -1, -1, -1
87, 0, 4.407216494845367, 26.407674791379954, 96.95876288659794, 42.94799531171284, -1, -1, -1, -1
88, 0, 2.2036082474226837, 26.51274669583993, 96.05670103089889, 42.894469799006345, -1, -1, -1, -1
89, 0, 0, 26.61781860029991, 95.15463917519985, 42.84094428629986, -1, -1, -1, -1
90, 0, 0.0, 26.722890504799935, 92.04896907209987, 42.78741877354989, -1, -1, -1, -1
91, 0, 0, 26.827962409299957, 88.94329896899988, 42.733893260799924, -1, -1, -1, -1
92, 0, 0.0, 26.93303431379995, 85.83762886589986, 42.68036774804992, -1, -1, -1, -1
93, 0, 0.0, 27.038106218299944, 82.73195876279985, 42.62684223529992, -1, -1, -1, -1
94, 0, 0.0, 27.143178122799938, 79.62628865969982, 42.57331672254992, -1, -1, -1, -1
95, 0, 0, 27.24825002729993, 76.5206185565998, 42.51979120979992, -1, -1, -1, -1
96, 0, 0.0, 27.353321931774936, 73.41494845352483, 42.46626569707491, -1, -1, -1, -1
97, 0, 0.0, 27.458393836249936, 70.30927835044986, 42.4127401843499, -1, -1, -1, -1
98, 0, 0.0, 27.563465740724936, 67.20360824737489, 42.3592146716249, -1, -1, -1, -1
99, 0, 0, 27.66853764519994, 64.09793814429992, 42.305689158899895, -1, -1, -1, -1
100, 0, 0.0, 27.773609549694108, 60.99226804121213, 42.25216364616228, -1, -1, -1, -1
101, 0, 0.0, 27.87868145418828, 57.886597938124346, 42.198638133424666, -1, -1, -1, -1
102, 0, 0.0, 27.983753358682446, 54.78092783503656, 42.14511262068706, -1, -1, -1, -1
103, 0, 0.0, 28.088825263176613, 51.67525773194877, 42.09158710794945, -1, -1, -1, -1
104, 0, 0.0, 28.193897167670784, 48.56958762886099, 42.03806159521184, -1, -1, -1, -1
105, 0, 0, 28.29896907216495, 45.4639175257732, 41.98453608247423, -1, -1, -1, -1
106, 0, 0.0, 28.608247422680414, 42.29381443298969, 41.7139175257732, -1, -1, -1, -1
107, 0, 0.0, 28.91752577319588, 39.123711340206185, 41.443298969072174, -1, -1, -1, -1
108, 0, 0.0, 29.226804123711343, 35.95360824742268, 41.17268041237114, -1, -1, -1, -1
109, 0, 0.0, 29.536082474226806, 32.78350515463918, 40.90206185567011, -1, -1, -1, -1
110, 0, 0.0, 29.845360824742272, 29.613402061855673, 40.631443298969074, -1, -1, -1, -1
111, 0, 0, 30.154639175257735, 26.443298969072167, 40.36082474226804, -1, -1, -1, -1
112, 0, 0.0, 30.328608247422682, 23.77577319587629, 39.14304123711341, -1, -1, -1, -1
113, 0, 0.0, 30.50257731958763, 21.108247422680414, 37.925257731958766, -1, -1, -1, -1
114, 0, 0.0, 30.67654639175258, 18.440721649484537, 36.70747422680412, -1, -1, -1, -1
115, 0, 0, 30.850515463917528, 15.77319587628866, 35.48969072164949, -1, -1, -1, -1
116, 0, 0.0, 31.314432989690722, 13.105670103092784, 34.5618556701031, -1, -1, -1, -1
117, 0, 0, 31.77835051546392, 10.438144329896907, 33.634020618556704, -1, -1, -1, -1
118, 0, 0.0, 33.865979381443296, 7.538659793814434, 28.646907216494846, -1, -1, -1, -1
119, 0, 0, 35.95360824742268, 4.639175257731959, 23.65979381443299, -1, -1, -1, -1
120, 0, 0.0, 35.95360824742268, 4.639175257731959, 23.65979381443299, -1, -1, -1, -1
