13, 0, 236.13402061855672, 33.8659793814433, 3.865979381443264, 23.195876288659797, -1, -1, -1, -1
14, 0, 234.86549613401752, 33.33285943097204, 5.134503865982449, 25.06585648088931, -1, -1, -1, -1
15, 0, 233.59697164947835, 32.79973948050078, 6.403028350521633, 26.935836673118825, -1, -1, -1, -1
16, 0, 232.32844716493915, 32.26661953002952, 7.671552835060817, 28.80581686534834, -1, -1, -1, -1
17, 0, 231.05992268039995, 31.733499579558263, 8.940077319600002, 30.675797057577853, -1, -1, -1, -1
18, 0, 229.7913981958624, 31.597756075413464, 10.208601804137494, 31.486106726257695, -1, -1, -1, -1
19, 0, 228.52287371132485, 31.46201257126867, 11.477126288674985, 32.29641639493754, -1, -1, -1, -1
20, 0, 227.2543492267873, 31.326269067123874, 12.745650773212477, 33.10672606361738, -1, -1, -1, -1
21, 0, 225.98582474224975, 31.190525562979076, 14.014175257749969, 33.91703573229722, -1, -1, -1, -1
22, 0, 224.7173002577122, 31.054782058834277, 15.282699742287463, 34.72734540097706, -1, -1, -1, -1
23, 0, 223.44877577317465, 30.919038554689482, 16.551224226824957, 35.5376550696569, -1, -1, -1, -1
24, 0, 222.18025128863707, 30.783295050544687, 17.81974871136245, 36.34796473833674, -1, -1, -1, -1
25, 0, 220.91172680409952, 30.64755154639989, 19.088273195899948, 37.15827440701658, -1, -1, -1, -1
26, 0, 219.6432023195747, 30.379349226799942, 20.35679768042489, 37.49985919212807, -1, -1, -1, -1
27, 0, 218.3746778350499, 30.111146907199995, 21.62532216494983, 37.841443977239564, -1, -1, -1, -1
28, 0, 217.1061533505251, 29.842944587600044, 22.89384664947477, 38.18302876235106, -1, -1, -1, -1
29, 0, 215.83762886600027, 29.574742268000097, 24.162371133999713, 38.52461354746255, -1, -1, -1, -1
30, 0, 214.5691043814629, 29.30653994841504, 25.430895618537104, 38.871335510024494, -1, -1, -1, -1
31, 0, 213.3005798969255, 29.038337628829982, 26.699420103074495, 39.21805747258644, -1, -1, -1, -1
32, 0, 212.0320554123881, 28.770135309244925, 27.967944587611886, 39.56477943514838, -1, -1, -1, -1
33, 0, 210.76353092785072, 28.501932989659867, 29.236469072149276, 39.911501397710325, -1, -1, -1, -1
34, 0, 209.49500644331334, 28.23373067007481, 30.504993556686664, 40.25822336027227, -1, -1, -1, -1
35, 0, 208.22648195877593, 27.965528350489752, 31.77351804122405, 40.604945322834205, -1, -1, -1, -1
36, 0, 206.95795747423855, 27.697326030904694, 33.04204252576144, 40.95166728539614, -1, -1, -1, -1
37, 0, 205.68943298970117, 27.429123711319637, 34.310567010298826, 41.298389247958085, -1, -1, -1, -1
38, 0, 204.4209085051638, 27.16092139173458, 35.579091494836206, 41.64511121052003, -1, -1, -1, -1
39, 0, 203.1523840206264, 26.89271907214952, 36.847615979373586, 41.991833173081965, -1, -1, -1, -1
40, 0, 201.883859536089, 26.624516752564464, 38.116140463910966, 42.3385551356439, -1, -1, -1, -1
41, 0, 200.61533505155163, 26.356314432979406, 39.384664948448346, 42.685277098205844, -1, -1, -1, -1
42, 0, 199.34681056701424, 26.08811211339435, 40.653189432985734, 43.03199906076779, -1, -1, -1, -1
43, 0, 198.07828608247684, 25.81990979380929, 41.92171391752312, 43.37872102332973, -1, -1, -1, -1
44, 0, 196.80976159793946, 25.551707474224234, 43.190238402060515, 43.725442985891675, -1, -1, -1, -1
45, 0, 195.54123711340208, 25.283505154639176, 44.4587628865979, 44.07216494845361, -1, -1, -1, -1
46, 0, 194.09149484536084, 25.264175257731956, 45.90850515463913, 44.07860824742268, -1, -1, -1, -1
47, 0, 192.6417525773196, 25.24484536082474, 47.358247422680364, 44.08505154639175, -1, -1, -1, -1
48, 0, 191.19201030927837, 25.225515463917525, 48.8079896907216, 44.09149484536083, -1, -1, -1, -1
49, 0, 189.74226804123714, 25.20618556701031, 50.25773195876283, 44.0979381443299, -1, -1, -1, -1
50, 0, 188.2925257731959, 25.186855670103093, 51.707474226804074, 44.104381443298976, -1, -1, -1, -1
51, 0, 186.84278350515467, 25.167525773195877, 53.157216494845315, 44.11082474226804, -1, -1, -1, -1
52, 0, 185.39304123711344, 25.14819587628866, 54.606958762886556, 44.11726804123711, -1, -1, -1, -1
53, 0, 183.94329896907217, 25.128865979381445, 56.0567010309278, 44.123711340206185, -1, -1, -1, -1
54, 0, 182.49355670103094, 25.10953608247423, 57.50644329896903, 44.13015463917526, -1, -1, -1, -1
55, 0, 181.0438144329897, 25.090206185567013, 58.956185567010266, 44.136597938144334, -1, -1, -1, -1
56, 0, 179.59407216494847, 25.070876288659797, 60.4059278350515, 44.14304123711341, -1, -1, -1, -1
57, 0, 178.14432989690724, 25.051546391752577, 61.855670103092734, 44.14948453608248, -1, -1, -1, -1
58, 0, 176.69458762886597, 25.03221649484536, 63.305412371133976, 44.15592783505156, -1, -1, -1, -1
59, 0, 175.24484536082474, 25.012886597938145, 64.75515463917522, 44.162371134020624, -1, -1, -1, -1
60, 0, 173.7951030927835, 24.99355670103093, 66.20489690721647, 44.16881443298969, -1, -1, -1, -1
61, 0, 172.34536082474227, 24.974226804123713, 67.6546391752577, 44.175257731958766, -1, -1, -1, -1
62, 0, 170.89561855670104, 24.954896907216494, 69.10438144329893, 44.18170103092784, -1, -1, -1, -1
63, 0, 169.4458762886598, 24.935567010309278, 70.55412371134017, 44.188144329896915, -1, -1, -1, -1
64, 0, 167.99613402061857, 24.91623711340206, 72.0038659793814, 44.19458762886599, -1, -1, -1, -1
65, 0, 166.54639175257734, 24.896907216494846, 73.45360824742264, 44.201030927835056, -1, -1, -1, -1
66, 0, 165.0966494845361, 24.87757731958763, 74.90335051546387, 44.20747422680412, -1, -1, -1, -1
67, 0, 163.64690721649487, 24.858247422680414, 76.3530927835051, 44.2139175257732, -1, -1, -1, -1
68, 0, 162.19716494845363, 24.838917525773198, 77.80283505154634, 44.22036082474227, -1, -1, -1, -1
69, 0, 160.7474226804124, 24.819587628865982, 79.25257731958757, 44.22680412371134, -1, -1, -1, -1
70, 0, 159.29768041237116, 24.800257731958766, 80.7023195876288, 44.23324742268042, -1, -1, -1, -1
71, 0, 157.84793814432993, 24.78092783505155, 82.15206185567006, 44.239690721649495, -1, -1, -1, -1
72, 0, 156.3981958762887, 24.761597938144334, 83.6018041237113, 44.24613402061857, -1, -1, -1, -1
73, 0, 154.94845360824743, 24.742268041237114, 85.05154639175254, 44.252577319587644, -1, -1, -1, -1
74, 0, 153.49871134020617, 24.7229381443299, 86.50128865979377, 44.25902061855672, -1, -1, -1, -1
75, 0, 152.04896907216494, 24.703608247422682, 87.95103092783502, 44.265463917525786, -1, -1, -1, -1
76, 0, 150.5992268041237, 24.684278350515466, 89.40077319587627, 44.27190721649485, -1, -1, -1, -1
77, 0, 149.14948453608247, 24.66494845360825, 90.8505154639175, 44.27835051546393, -1, -1, -1, -1
78, 0, 147.69974226804123, 24.64561855670103, 92.30025773195874, 44.284793814433, -1, -1, -1, -1
79, 0, 146.25, 24.626288659793815, 93.74999999999997, 44.29123711340207, -1, -1, -1, -1
80, 0, 144.80025773195877, 24.6069587628866, 95.1997422680412, 44.297680412371136, -1, -1, -1, -1
81, 0, 143.35051546391753, 24.587628865979383, 96.64948453608244, 44.30412371134021, -1, -1, -1, -1
82, 0, 141.8105670103102, 24.561855670105672, 96.82420818084302, 44.35567010309394, -1, -1, -1, -1
83, 0, 140.27061855670286, 24.53608247423196, 96.99893182560358, 44.40721649484768, -1, -1, -1, -1
84, 0, 138.73067010309552, 24.51030927835825, 97.17365547036414, 44.45876288660142, -1, -1, -1, -1
85, 0, 137.19072164948815, 24.48453608248454, 97.34837911512471, 44.51030927835515, -1, -1, -1, -1
86, 0, 135.6507731958808, 24.458762886610828, 97.52310275988528, 44.56185567010888, -1, -1, -1, -1
87, 0, 134.11082474227345, 24.432989690737116, 97.69782640464584, 44.613402061862615, -1, -1, -1, -1
88, 0, 132.5708762886661, 24.407216494863405, 97.8725500494064, 44.66494845361635, -1, -1, -1, -1
89, 0, 131.03092783505878, 24.38144329898969, 98.04727369416696, 44.71649484537008, -1, -1, -1, -1
90, 0, 129.49097938145144, 24.355670103115976, 98.22199733892754, 44.76804123712382, -1, -1, -1, -1
91, 0, 127.95103092784407, 24.329896907242265, 98.39672098368811, 44.81958762887756, -1, -1, -1, -1
92, 0, 126.41108247423674, 24.304123711368554, 98.57144462844869, 44.87113402063129, -1, -1, -1, -1
93, 0, 124.87113402062938, 24.278350515494843, 98.74616827320925, 44.92268041238503, -1, -1, -1, -1
94, 0, 123.33118556702203, 24.252577319621132, 98.92089191796981, 44.974226804138766, -1, -1, -1, -1
95, 0, 121.7912371134147, 24.22680412374742, 99.09561556273039, 45.0257731958925, -1, -1, -1, -1
96, 0, 120.25128865980736, 24.20103092787371, 99.27033920749096, 45.07731958764623, -1, -1, -1, -1
97, 0, 118.7113402062, 24.175257732, 99.44506285225152, 45.12886597939996, -1, -1, -1, -1
98, 0, 117.17139175259103, 24.149484536121648, 99.54110867871111, 45.18041237115162, -1, -1, -1, -1
99, 0, 115.63144329898208, 24.123711340243297, 99.63715450517071, 45.23195876290327, -1, -1, -1, -1
100, 0, 114.0914948453731, 24.097938144364946, 99.7332003316303, 45.28350515465492, -1, -1, -1, -1
101, 0, 112.55154639176413, 24.0721649484866, 99.82924615808989, 45.335051546406575, -1, -1, -1, -1
102, 0, 111.01159793815516, 24.046391752608248, 99.92529198454947, 45.386597938158225, -1, -1, -1, -1
103, 0, 109.47164948454619, 24.020618556729897, 100.02133781100906, 45.438144329909875, -1, -1, -1, -1
104, 0, 107.93170103093722, 23.994845360851546, 100.11738363746865, 45.489690721661525, -1, -1, -1, -1
105, 0, 106.39175257732825, 23.969072164973195, 100.21342946392824, 45.541237113413175, -1, -1, -1, -1
106, 0, 104.85180412371928, 23.943298969094847, 100.30947529038782, 45.59278350516483, -1, -1, -1, -1
107, 0, 103.3118556701103, 23.917525773216497, 100.40552111684741, 45.64432989691648, -1, -1, -1, -1
108, 0, 101.77190721650135, 23.891752577338146, 100.50156694330701, 45.69587628866813, -1, -1, -1, -1
109, 0, 100.23195876289238, 23.865979381459795, 100.5976127697666, 45.74742268041979, -1, -1, -1, -1
110, 0, 98.6920103092834, 23.840206185581444, 100.69365859622619, 45.79896907217144, -1, -1, -1, -1
111, 0, 97.15206185567445, 23.814432989703093, 100.78970442268576, 45.85051546392309, -1, -1, -1, -1
112, 0, 95.61211340206548, 23.788659793824742, 100.88575024914535, 45.90206185567474, -1, -1, -1, -1
113, 0, 94.0721649484565, 23.76288659794639, 100.98179607560493, 45.95360824742639, -1, -1, -1, -1
114, 0, 92.53221649484753, 23.73711340206804, 101.07784190206453, 46.00515463917804, -1, -1, -1, -1
115, 0, 90.99226804123856, 23.71134020618969, 101.17388772852412, 46.05670103092969, -1, -1, -1, -1
116, 0, 89.45231958762959, 23.68556701031134, 101.26993355498371, 46.108247422681345, -1, -1, -1, -1
117, 0, 87.91237113402062, 23.65979381443299, 101.36597938144331, 46.159793814432994, -1, -1, -1, -1
118, 0, 86.37978645066273, 23.70121502209131, 101.34112665684832, 46.15150957290133, -1, -1, -1, -1
119, 0, 84.84720176730485, 23.742636229749635, 101.31627393225332, 46.14322533136966, -1, -1, -1, -1
120, 0, 83.31461708394698, 23.784057437407956, 101.29142120765832, 46.134941089837994, -1, -1, -1, -1
121, 0, 81.7820324005891, 23.825478645066276, 101.26656848306332, 46.12665684830633, -1, -1, -1, -1
122, 0, 80.24944771723122, 23.866899852724597, 101.24171575846833, 46.11837260677467, -1, -1, -1, -1
123, 0, 78.71686303387335, 23.908321060382917, 101.21686303387335, 46.11008836524301, -1, -1, -1, -1
124, 0, 77.18427835051547, 23.949742268041238, 101.19201030927836, 46.10180412371135, -1, -1, -1, -1
125, 0, 75.65169366715759, 23.991163475699558, 101.16715758468337, 46.093519882179685, -1, -1, -1, -1
126, 0, 74.1191089837997, 24.03258468335788, 101.14230486008837, 46.08523564064802, -1, -1, -1, -1
127, 0, 72.58652430044182, 24.0740058910162, 101.11745213549338, 46.07695139911635, -1, -1, -1, -1
128, 0, 71.05393961708394, 24.115427098674523, 101.09259941089839, 46.068667157584684, -1, -1, -1, -1
129, 0, 69.52135493372606, 24.156848306332844, 101.0677466863034, 46.060382916053015, -1, -1, -1, -1
130, 0, 67.98877025036819, 24.198269513991164, 101.0428939617084, 46.05209867452135, -1, -1, -1, -1
131, 0, 66.45618556701031, 24.239690721649488, 101.01804123711341, 46.04381443298969, -1, -1, -1, -1
132, 0, 64.92360088365243, 24.28111192930781, 100.99318851251842, 46.03553019145803, -1, -1, -1, -1
133, 0, 63.39101620029455, 24.32253313696613, 100.96833578792342, 46.02724594992637, -1, -1, -1, -1
134, 0, 61.858431516936676, 24.36395434462445, 100.94348306332843, 46.0189617083947, -1, -1, -1, -1
135, 0, 60.325846833578794, 24.40537555228277, 100.91863033873344, 46.01067746686304, -1, -1, -1, -1
136, 0, 58.79326215022091, 24.446796759941094, 100.89377761413844, 46.002393225331375, -1, -1, -1, -1
137, 0, 57.26067746686304, 24.488217967599414, 100.86892488954345, 45.994108983799705, -1, -1, -1, -1
138, 0, 55.72809278350516, 24.529639175257735, 100.84407216494846, 45.98582474226804, -1, -1, -1, -1
139, 0, 54.19550810014728, 24.571060382916055, 100.81921944035346, 45.97754050073638, -1, -1, -1, -1
140, 0, 52.6629234167894, 24.612481590574376, 100.79436671575849, 45.96925625920472, -1, -1, -1, -1
141, 0, 51.130338733431515, 24.653902798232696, 100.76951399116349, 45.96097201767306, -1, -1, -1, -1
142, 0, 49.59775405007363, 24.695324005891017, 100.7446612665685, 45.95268777614139, -1, -1, -1, -1
143, 0, 48.06516936671576, 24.73674521354934, 100.71980854197349, 45.94440353460973, -1, -1, -1, -1
144, 0, 46.53258468335788, 24.77816642120766, 100.6949558173785, 45.936119293078065, -1, -1, -1, -1
145, 0, 45.0, 24.819587628865982, 100.6701030927835, 45.927835051546396, -1, -1, -1, -1
146, 0, 43.550257731958766, 24.876305027527195, 100.53755522827689, 45.821412203695196, -1, -1, -1, -1
147, 0, 42.100515463917525, 24.93302242618841, 100.40500736377027, 45.714989355844, -1, -1, -1, -1
148, 0, 40.65077319587628, 24.98973982484962, 100.27245949926365, 45.60856650799279, -1, -1, -1, -1
149, 0, 39.20103092783505, 25.046457223510835, 100.13991163475701, 45.50214366014159, -1, -1, -1, -1
150, 0, 37.751288659793815, 25.103174622172048, 100.00736377025038, 45.39572081229039, -1, -1, -1, -1
151, 0, 36.30154639175258, 25.15989202083326, 99.87481590574376, 45.2892979644392, -1, -1, -1, -1
152, 0, 34.85180412371135, 25.216609419494475, 99.74226804123712, 45.18287511658801, -1, -1, -1, -1
153, 0, 33.402061855670105, 25.273326818155688, 99.60972017673049, 45.07645226873681, -1, -1, -1, -1
154, 0, 31.952319587628867, 25.3300442168169, 99.47717231222387, 44.97002942088561, -1, -1, -1, -1
155, 0, 30.50257731958763, 25.386761615478115, 99.34462444771724, 44.86360657303441, -1, -1, -1, -1
156, 0, 29.052835051546392, 25.443479014139328, 99.2120765832106, 44.75718372518321, -1, -1, -1, -1
157, 0, 27.603092783505154, 25.50019641280054, 99.07952871870398, 44.65076087733201, -1, -1, -1, -1
158, 0, 26.153350515463917, 25.556913811461754, 98.94698085419735, 44.54433802948081, -1, -1, -1, -1
159, 0, 24.70360824742268, 25.613631210122968, 98.81443298969072, 44.43791518162961, -1, -1, -1, -1
160, 0, 23.253865979381445, 25.67034860878418, 98.6818851251841, 44.331492333778414, -1, -1, -1, -1
161, 0, 21.804123711340207, 25.727066007445394, 98.54933726067746, 44.225069485927214, -1, -1, -1, -1
162, 0, 20.35438144329897, 25.783783406106608, 98.41678939617083, 44.118646638076015, -1, -1, -1, -1
163, 0, 18.904639175257735, 25.84050080476782, 98.28424153166421, 44.012223790224816, -1, -1, -1, -1
164, 0, 17.454896907216497, 25.897218203429034, 98.15169366715759, 43.90580094237362, -1, -1, -1, -1
165, 0, 16.00515463917526, 25.953935602090247, 98.01914580265097, 43.79937809452242, -1, -1, -1, -1
166, 0, 14.555412371134022, 26.01065300075146, 97.88659793814435, 43.69295524667122, -1, -1, -1, -1
167, 0, 13.105670103092784, 26.067370399412674, 97.75405007363771, 43.586532398820026, -1, -1, -1, -1
168, 0, 11.655927835051546, 26.124087798073887, 97.62150220913108, 43.480109550968834, -1, -1, -1, -1
169, 0, 10.206185567010309, 26.1808051967351, 97.48895434462446, 43.373686703117635, -1, -1, -1, -1
170, 0, 8.756443298969074, 26.237522595396314, 97.35640648011783, 43.267263855266435, -1, -1, -1, -1
171, 0, 7.306701030927838, 26.294239994057527, 97.22385861561119, 43.160841007415236, -1, -1, -1, -1
172, 0, 5.856958762886602, 26.35095739271874, 97.09131075110457, 43.05441815956404, -1, -1, -1, -1
173, 0, 4.407216494845367, 26.407674791379954, 96.95876288659794, 42.94799531171284, -1, -1, -1, -1
174, 0, 3.3054123711340253, 26.46021074360994, 96.50773195874842, 42.921232555359595, -1, -1, -1, -1
175, 0, 2.2036082474226837, 26.51274669583993, 96.05670103089889, 42.894469799006345, -1, -1, -1, -1
176, 0, 1.1018041237113418, 26.565282648069918, 95.60567010304936, 42.8677070426531, -1, -1, -1, -1
177, 0, 0.0, 26.61781860029991, 95.15463917519985, 42.84094428629986, -1, -1, -1, -1
178, 0, 0.0, 26.670354552549924, 93.60180412364986, 42.81418152992487, -1, -1, -1, -1
179, 0, 0.0, 26.722890504799935, 92.04896907209987, 42.78741877354989, -1, -1, -1, -1
180, 0, 0.0, 26.775426457049946, 90.49613402054987, 42.76065601717491, -1, -1, -1, -1
181, 0, 0.0, 26.827962409299957, 88.94329896899988, 42.733893260799924, -1, -1, -1, -1
182, 0, 0.0, 26.880498361549954, 87.39046391744986, 42.707130504424924, -1, -1, -1, -1
183, 0, 0.0, 26.93303431379995, 85.83762886589986, 42.68036774804992, -1, -1, -1, -1
184, 0, 0.0, 26.985570266049947, 84.28479381434985, 42.65360499167492, -1, -1, -1, -1
185, 0, 0.0, 27.038106218299944, 82.73195876279985, 42.62684223529992, -1, -1, -1, -1
186, 0, 0.0, 27.09064217054994, 81.17912371124984, 42.60007947892492, -1, -1, -1, -1
187, 0, 0.0, 27.143178122799938, 79.62628865969982, 42.57331672254992, -1, -1, -1, -1
188, 0, 0.0, 27.195714075049935, 78.0734536081498, 42.54655396617492, -1, -1, -1, -1
189, 0, 0.0, 27.24825002729993, 76.5206185565998, 42.51979120979992, -1, -1, -1, -1
190, 0, 0.0, 27.300785979537434, 74.96778350506231, 42.49302845343742, -1, -1, -1, -1
191, 0, 0.0, 27.353321931774936, 73.41494845352483, 42.46626569707491, -1, -1, -1, -1
192, 0, 0.0, 27.405857884012434, 71.86211340198734, 42.4395029407124, -1, -1, -1, -1
193, 0, 0.0, 27.458393836249936, 70.30927835044986, 42.4127401843499, -1, -1, -1, -1
194, 0, 0.0, 27.510929788487438, 68.75644329891237, 42.3859774279874, -1, -1, -1, -1
195, 0, 0.0, 27.563465740724936, 67.20360824737489, 42.3592146716249, -1, -1, -1, -1
196, 0, 0.0, 27.61600169296244, 65.6507731958374, 42.332451915262396, -1, -1, -1, -1
197, 0, 0.0, 27.66853764519994, 64.09793814429992, 42.305689158899895, -1, -1, -1, -1
198, 0, 0.0, 27.721073597447024, 62.54510309275602, 42.278926402531084, -1, -1, -1, -1
199, 0, 0.0, 27.773609549694108, 60.99226804121213, 42.25216364616228, -1, -1, -1, -1
200, 0, 0.0, 27.82614550194119, 59.439432989668234, 42.22540088979348, -1, -1, -1, -1
201, 0, 0.0, 27.87868145418828, 57.886597938124346, 42.198638133424666, -1, -1, -1, -1
202, 0, 0.0, 27.931217406435362, 56.33376288658045, 42.17187537705586, -1, -1, -1, -1
203, 0, 0.0, 27.983753358682446, 54.78092783503656, 42.14511262068706, -1, -1, -1, -1
204, 0, 0.0, 28.03628931092953, 53.22809278349266, 42.118349864318255, -1, -1, -1, -1
205, 0, 0.0, 28.088825263176613, 51.67525773194877, 42.09158710794945, -1, -1, -1, -1
206, 0, 0.0, 28.1413612154237, 50.12242268040488, 42.06482435158065, -1, -1, -1, -1
207, 0, 0.0, 28.193897167670784, 48.56958762886099, 42.03806159521184, -1, -1, -1, -1
208, 0, 0.0, 28.246433119917867, 47.01675257731709, 42.01129883884303, -1, -1, -1, -1
209, 0, 0.0, 28.29896907216495, 45.4639175257732, 41.98453608247423, -1, -1, -1, -1
210, 0, 0.0, 28.453608247422682, 43.878865979381445, 41.84922680412372, -1, -1, -1, -1
211, 0, 0.0, 28.608247422680414, 42.29381443298969, 41.7139175257732, -1, -1, -1, -1
212, 0, 0.0, 28.76288659793815, 40.70876288659794, 41.578608247422686, -1, -1, -1, -1
213, 0, 0.0, 28.91752577319588, 39.123711340206185, 41.443298969072174, -1, -1, -1, -1
214, 0, 0.0, 29.07216494845361, 37.53865979381443, 41.307989690721655, -1, -1, -1, -1
215, 0, 0.0, 29.226804123711343, 35.95360824742268, 41.17268041237114, -1, -1, -1, -1
216, 0, 0.0, 29.381443298969074, 34.368556701030926, 41.03737113402063, -1, -1, -1, -1
217, 0, 0.0, 29.536082474226806, 32.78350515463918, 40.90206185567011, -1, -1, -1, -1
218, 0, 0.0, 29.690721649484537, 31.198453608247426, 40.76675257731959, -1, -1, -1, -1
219, 0, 0.0, 29.845360824742272, 29.613402061855673, 40.631443298969074, -1, -1, -1, -1
220, 0, 0.0, 30.000000000000004, 28.02835051546392, 40.496134020618555, -1, -1, -1, -1
221, 0, 0.0, 30.154639175257735, 26.443298969072167, 40.36082474226804, -1, -1, -1, -1
222, 0, 0.0, 30.24162371134021, 25.10953608247423, 39.75193298969073, -1, -1, -1, -1
223, 0, 0.0, 30.328608247422682, 23.77577319587629, 39.14304123711341, -1, -1, -1, -1
224, 0, 0.0, 30.415592783505154, 22.442010309278352, 38.53414948453609, -1, -1, -1, -1
225, 0, 0.0, 30.50257731958763, 21.108247422680414, 37.925257731958766, -1, -1, -1, -1
226, 0, 0.0, 30.589561855670105, 19.774484536082475, 37.316365979381445, -1, -1, -1, -1
227, 0, 0.0, 30.67654639175258, 18.440721649484537, 36.70747422680412, -1, -1, -1, -1
228, 0, 0.0, 30.763530927835056, 17.1069587628866, 36.0985824742268, -1, -1, -1, -1
229, 0, 0.0, 30.850515463917528, 15.77319587628866, 35.48969072164949, -1, -1, -1, -1
230, 0, 0.0, 31.082474226804123, 14.439432989690722, 35.0257731958763, -1, -1, -1, -1
231, 0, 0.0, 31.314432989690722, 13.105670103092784, 34.5618556701031, -1, -1, -1, -1
232, 0, 0.0, 31.54639175257732, 11.771907216494846, 34.0979381443299, -1, -1, -1, -1
233, 0, 0.0, 31.77835051546392, 10.438144329896907, 33.634020618556704, -1, -1, -1, -1
234, 0, 0.0, 32.822164948453604, 8.98840206185567, 31.140463917525775, -1, -1, -1, -1
235, 0, 0.0, 33.865979381443296, 7.538659793814434, 28.646907216494846, -1, -1, -1, -1
236, 0, 0.0, 34.90979381443299, 6.088917525773196, 26.15335051546392, -1, -1, -1, -1
237, 0, 0.0, 35.95360824742268, 4.639175257731959, 23.65979381443299, -1, -1, -1, -1
238, 0, 0.0, 35.95360824742268, 4.639175257731959, 23.65979381443299, -1, -1, -1, -1
239, 0, 0.0, 35.95360824742268, 4.639175257731959, 23.65979381443299, -1, -1, -1, -1
240, 0, 0.0, 35.95360824742268, 4.639175257731959, 23.65979381443299, -1, -1, -1, -1
