1, 1603471544513884364
2, 1603471544535417856
3, 1603471544556951364
4, 1603471544578484736
5, 1603471544600018364
6, 1603471544621551872
7, 1603471544643085364
8, 1603471544664619264
9, 1603471544686153364, 0, 6.703787046133342e-15, 83.50515463917532, 8.007862683104962, 34.79381443298973
10, 1603471544707686912, 0, 5.0278402846000065e-15, 82.72229381443154, 11.762034486903715, 36.835827714397865
11, 1603471544729220364, 0, 3.351893523066671e-15, 81.93943298968775, 15.516206290702467, 38.877840995806
12, 1603471544750753792, 0, 1.6759467615333355e-15, 81.15657216494395, 19.27037809450122, 40.91985427721413
13, 1603471544772287364, 0, 0, 80.37371134020017, 23.024549898299973, 42.96186755862225
14, 1603471544793820928, 0, 0.0, 79.59085051545941, 26.778721702075494, 44.45722541123473
15, 1603471544815354364, 0, 0.0, 78.80798969071864, 30.532893505851018, 45.95258326384722
16, 1603471544836887808, 0, 0.0, 78.02512886597788, 34.28706530962654, 47.44794111645969
17, 1603471544858421364, 0, 0, 77.24226804123711, 38.04123711340206, 48.94329896907217
18, 1603471544879955200, 0, 0.0, 76.79846800267754, 41.29210009612654, 49.51757581175441
19, 1603471544901489364, 0, 0.0, 76.35466796411797, 44.54296307885102, 50.091852654436664
20, 1603471544923022848, 0, 0.0, 75.91086792555839, 47.7938260615755, 50.6661294971189
21, 1603471544944556364, 0, 0, 75.46706788699883, 51.04468904429998, 51.24040633980113
22, 1603471544966089728, 0, 1.2477698694772033e-15, 75.52980679207249, 54.29555202701614, 51.30814423885249
23, 1603471544987623364, 0, 2.4955397389544066e-15, 75.59254569714614, 57.546415009732314, 51.375882137903844
24, 1603471545009156864, 0, 3.74330960843161e-15, 75.65528460221978, 60.797277992448485, 51.443620036955195
25, 1603471545030690364, 0, 4.991079477908813e-15, 75.71802350729344, 64.04814097516466, 51.511357936006554
26, 1603471545052223744, 0, 4.1592328982573445e-15, 75.76910034542786, 67.02288120945525, 51.59075790200545
27, 1603471545073757364, 0, 3.3273863186058758e-15, 75.82017718356227, 69.99762144374586, 51.67015786800435
28, 1603471545095291392, 0, 2.495539738954407e-15, 75.87125402169667, 72.97236167803645, 51.74955783400325
29, 1603471545116825364, 0, 1.6636931593029379e-15, 75.92233085983109, 75.94710191232704, 51.828957800002144
30, 1603471545138358784, 0, 8.318465796514689e-16, 75.97340769796551, 78.92184214661765, 51.908357766001046
31, 1603471545159892364, 0, 0, 76.02448453609992, 81.89658238090824, 51.98775773199995
32, 1603471545181425920, 0, 0.0, 75.93750000000873, 84.32457985024794, 52.20521907218554
33, 1603471545202959364, 0, 0, 75.85051546391753, 86.75257731958763, 52.422680412371136
34, 1603471545224492800, 0, 0.0, 75.8698453608131, 89.2219670627479, 52.53865979380332
35, 1603471545246026364, 0, 0.0, 75.88917525770867, 91.69135680590816, 52.6546391752355
36, 1603471545267559680, 0, 0.0, 75.90850515460426, 94.16074654906842, 52.770618556667685
37, 1603471545289093364, 0, 0, 75.92783505149983, 96.63013629222867, 52.88659793809986
38, 1603471545310627328, 0, 8.195662706402742e-16, 75.94716494841288, 98.568239140478, 53.00257731954872
39, 1603471545332161364, 0, 1.6391325412805485e-15, 75.96649484532591, 100.50634198872731, 53.11855670099757
40, 1603471545353694720, 0, 2.4586988119208228e-15, 75.98582474223895, 102.44444483697664, 53.234536082446446
41, 1603471545375228364, 0, 3.278265082561097e-15, 76.005154639152, 104.38254768522597, 53.35051546389532
42, 1603471545396761856, 0, 4.0978313532013714e-15, 76.02448453606505, 106.3206505334753, 53.46649484534418
43, 1603471545418295364, 0, 4.9173976238416455e-15, 76.04381443297808, 108.25875338172463, 53.58247422679304
44, 1603471545439828736, 0, 5.73696389448192e-15, 76.06314432989112, 110.19685622997395, 53.6984536082419
45, 1603471545461362364, 0, 6.556530165122194e-15, 76.08247422680417, 112.13495907822328, 53.81443298969076
46, 1603471545482895872, 0, 0.9090376586917387, 76.07895970010208, 112.14123906646164, 53.81619025304538
47, 1603471545504429364, 0, 1.818075317383471, 76.07544517339998, 112.1475190547, 53.8179475164
48, 1603471545525963264, 0, 3.1616983315653084, 75.93581404738764, 112.21200604715, 53.81970477975
49, 1603471545547497364, 0, 4.505321345747146, 75.79618292137529, 112.2764930396, 53.8214620431
50, 1603471545569030912, 0, 5.463423050310078, 75.85895048295001, 112.34098003205, 53.82321930645
51, 1603471545590564364, 0, 6.421524754873009, 75.92171804452471, 112.4054670245, 53.8249765698
52, 1603471545612097792, 0, 6.852035594604764, 75.90082653149662, 112.53913897573176, 53.82673383316253
53, 1603471545633631364, 0, 7.2825464343365205, 75.87993501846853, 112.67281092696354, 53.828491096525056
54, 1603471545655164928, 0, 7.713057274068276, 75.85904350544044, 112.80648287819531, 53.83024835988756
55, 1603471545676698364, 0, 8.14356811380003, 75.83815199241235, 112.94015482942709, 53.83200562325007
56, 1603471545698231808, 0, 8.574078953531785, 75.81726047938426, 113.07382678065886, 53.83376288661257
57, 1603471545719765364, 0, 9.004589793263541, 75.79636896635618, 113.20749873189064, 53.83552014997507
58, 1603471545741299200, 0, 9.435100632995297, 75.7754774533281, 113.34117068312241, 53.83727741333759
59, 1603471545762833364, 0, 9.865611472727053, 75.7545859403, 113.47484263435419, 53.839034676700116
60, 1603471545784366848, 0, 10.123159915537656, 75.73369442724677, 113.26258979177709, 53.84079194005005
61, 1603471545805900364, 0, 10.380708358348258, 75.71280291419353, 113.0503369492, 53.8425492034
62, 1603471545827433728, 0, 10.354883513455079, 75.63919350051127, 113.11482394167159, 53.844306466750005
63, 1603471545848967364, 0, 10.329058668561899, 75.565584086829, 113.17931093414317, 53.84606373010001
64, 1603471545870500864, 0, 10.30323382366872, 75.49197467314676, 113.24379792661476, 53.84782099345001
65, 1603471545892034364, 0, 10.27740897877554, 75.4183652594645, 113.30828491908635, 53.8495782568
66, 1603471545913567744, 0, 10.25158413388236, 75.34475584578223, 113.37277191155795, 53.85133552014998
67, 1603471545935101364, 0, 10.22575928898918, 75.27114643209998, 113.43725890402953, 53.85309278349996
68, 1603471545956635392, 0, 10.199934444096, 75.19753701841772, 113.50174589650112, 53.85485004684996
69, 1603471545978169364, 0, 10.17410959920282, 75.12392760473546, 113.5662328889727, 53.856607310199955
70, 1603471545999702784, 0, 10.180849897873813, 75.12850750377524, 113.560655894869, 53.85836457355529
71, 1603471546021236364, 0, 10.187590196544807, 75.13308740281501, 113.55507890076531, 53.860121836910636
72, 1603471546042769920, 0, 10.194330495215802, 75.13766730185478, 113.54950190666162, 53.861879100265995
73, 1603471546064303364, 0, 10.201070793886794, 75.14224720089454, 113.54392491255791, 53.86363636362135
74, 1603471546085836800, 0, 10.207811092557787, 75.14682709993431, 113.5383479184542, 53.86539362697669
75, 1603471546107370364, 0, 10.214551391228781, 75.1514069989741, 113.53277092435052, 53.86715089033203
76, 1603471546128903680, 0, 10.221291689899775, 75.15598689801386, 113.52719393024682, 53.868908153687386
77, 1603471546150437364, 0, 10.228031988570768, 75.16056679705363, 113.52161693614312, 53.870665417042744
78, 1603471546171971328, 0, 10.23477228724176, 75.16514669609342, 113.51603994203941, 53.87242268039808
79, 1603471546193505364, 0, 10.241512585912753, 75.16972659513318, 113.51046294793571, 53.87417994375342
80, 1603471546215038720, 0, 10.248252884583746, 75.17430649417295, 113.50488595383202, 53.87593720710877
81, 1603471546236572364, 0, 10.25499318325474, 75.17888639321274, 113.49930895972832, 53.87769447046412
82, 1603471546258105856, 0, 10.261733481925734, 75.1834662922525, 113.49373196562462, 53.879451733819465
83, 1603471546279639364, 0, 10.268473780596727, 75.18804619129227, 113.48815497152093, 53.88120899717481
84, 1603471546301172736, 0, 10.27521407926772, 75.19262609033206, 113.48257797741722, 53.88296626053015
85, 1603471546322706364, 0, 10.281954377938714, 75.19720598937182, 113.47700098331352, 53.884723523885484
86, 1603471546344239872, 0, 10.288694676609708, 75.20178588841159, 113.47142398920982, 53.886480787240835
87, 1603471546365773364, 0, 10.2954349752807, 75.20636578745138, 113.46584699510612, 53.888238050596186
88, 1603471546387307264, 0, 10.302175273951693, 75.21094568649114, 113.46027000100243, 53.88999531395153
89, 1603471546408841364, 0, 10.308915572622688, 75.21552558553091, 113.45469300689874, 53.891752577306875
90, 1603471546430374912, 0, 10.315655871293682, 75.2201054845707, 113.44911601279503, 53.893509840662226
91, 1603471546451908364, 0, 10.322396169964675, 75.22468538361046, 113.44353901869133, 53.89526710401758
92, 1603471546473441792, 0, 10.329136468635667, 75.22926528265023, 113.43796202458762, 53.89702436737292
93, 1603471546494975364, 0, 10.335876767306662, 75.23384518169, 113.43238503048393, 53.898781630728266
94, 1603471546516508928, 0, 10.342617065977656, 75.23842508072977, 113.42680803638022, 53.90053889408362
95, 1603471546538042364, 0, 10.349357364648649, 75.24300497976955, 113.42123104227652, 53.90229615743897
96, 1603471546559575808, 0, 10.356097663319641, 75.24758487880933, 113.41565404817283, 53.904053420794305
97, 1603471546581109364, 0, 10.362837961990634, 75.2521647778491, 113.41007705406913, 53.90581068414964
98, 1603471546602643200, 0, 10.369578260661626, 75.25674467688887, 113.40450005996544, 53.90756794750499
99, 1603471546624177364, 0, 10.37631855933262, 75.26132457592864, 113.39892306586174, 53.90932521086033
100, 1603471546645710848, 0, 10.383058858003615, 75.26590447496841, 113.39334607175803, 53.91108247421568
101, 1603471546667244364, 0, 10.389799156674608, 75.27048437400819, 113.38776907765433, 53.91283973757103
102, 1603471546688777728, 0, 10.3965394553456, 75.27506427304796, 113.38219208355062, 53.91459700092638
103, 1603471546710311364, 0, 10.403279754016594, 75.27964417208773, 113.37661508944693, 53.91635426428172
104, 1603471546731844864, 0, 10.410020052687589, 75.28422407112751, 113.37103809534324, 53.91811152763707
105, 1603471546753378364, 0, 10.416760351358581, 75.28880397016728, 113.36546110123955, 53.919868790992425
106, 1603471546774911744, 0, 10.423500650029574, 75.29338386920705, 113.35988410713584, 53.92162605434776
107, 1603471546796445364, 0, 10.430240948700568, 75.29796376824683, 113.35430711303214, 53.9233833177031
108, 1603471546817979392, 0, 10.436981247371563, 75.3025436672866, 113.34873011892844, 53.92514058105846
109, 1603471546839513364, 0, 10.443721546042555, 75.30712356632637, 113.34315312482474, 53.926897844413816
110, 1603471546861046784, 0, 10.450461844713548, 75.31170346536615, 113.33757613072103, 53.92865510776915
111, 1603471546882580364, 0, 10.457202143384542, 75.31628336440592, 113.33199913661733, 53.93041237112449
112, 1603471546904113920, 0, 10.463942442055536, 75.32086326344569, 113.32642214251364, 53.932169634479834
113, 1603471546925647364, 0, 10.470682740726529, 75.32544316248546, 113.32084514840994, 53.93392689783518
114, 1603471546947180800, 0, 10.477423039397522, 75.33002306152522, 113.31526815430624, 53.93568416119053
115, 1603471546968714364, 0, 10.484163338068514, 75.33460296056501, 113.30969116020255, 53.93744142454588
116, 1603471546990247680, 0, 10.490903636739507, 75.33918285960479, 113.30411416609886, 53.93919868790122
117, 1603471547011781364, 0, 10.497643935410501, 75.34376275864456, 113.29853717199515, 53.940955951256555
118, 1603471547033315328, 0, 10.504384234081495, 75.34834265768433, 113.29296017789144, 53.94271321461191
119, 1603471547054849364, 0, 10.511124532752488, 75.3529225567241, 113.28738318378774, 53.94447047796727
120, 1603471547076382720, 0, 10.51786483142348, 75.35750245576386, 113.28180618968405, 53.94622774132261
121, 1603471547097916364, 0, 10.524605130094475, 75.36208235480365, 113.27622919558036, 53.947985004677946
122, 1603471547119449856, 0, 10.53134542876547, 75.36666225384342, 113.27065220147665, 53.94974226803329
123, 1603471547140983364, 0, 10.538085727436462, 75.37124215288318, 113.26507520737294, 53.951499531388635
124, 1603471547162516736, 0, 10.544826026107454, 75.37582205192297, 113.25949821326924, 53.953256794743986
125, 1603471547184050364, 0, 10.551566324778449, 75.38040195096274, 113.25392121916555, 53.95501405809934
126, 1603471547205583872, 0, 10.558306623449443, 75.3849818500025, 113.24834422506186, 53.956771321454674
127, 1603471547227117364, 0, 10.565046922120436, 75.38956174904229, 113.24276723095817, 53.95852858481001
128, 1603471547248651264, 0, 10.571787220791428, 75.39414164808205, 113.23719023685446, 53.96028584816537
129, 1603471547270185364, 0, 10.578527519462423, 75.39872154712182, 113.23161324275075, 53.96204311152073
130, 1603471547291718912, 0, 10.585267818133417, 75.4033014461616, 113.22603624864706, 53.963800374876065
131, 1603471547313252364, 0, 10.59200811680441, 75.40788134520137, 113.22045925454336, 53.9655576382314
132, 1603471547334785792, 0, 10.598748415475402, 75.41246124424114, 113.21488226043965, 53.967314901586754
133, 1603471547356319364, 0, 10.605488714146395, 75.41704114328093, 113.20930526633596, 53.969072164942105
134, 1603471547377852928, 0, 10.612229012817387, 75.4216210423207, 113.20372827223227, 53.97082942829745
135, 1603471547399386364, 0, 10.618969311488382, 75.42620094136046, 113.19815127812856, 53.97258669165279
136, 1603471547420919808, 0, 10.625709610159376, 75.43078084040025, 113.19257428402486, 53.97434395500813
137, 1603471547442453364, 0, 10.632449908830369, 75.43536073944001, 113.18699728992117, 53.97610121836347
138, 1603471547463987200, 0, 10.639190207501361, 75.43994063847978, 113.18142029581747, 53.977858481718826
139, 1603471547485521364, 0, 10.645930506172355, 75.44452053751955, 113.17584330171377, 53.979615745074184
140, 1603471547507054848, 0, 10.65267080484335, 75.44910043655932, 113.17026630761006, 53.98137300842952
141, 1603471547528588364, 0, 10.659411103514342, 75.4536803355991, 113.16468931350636, 53.98313027178486
142, 1603471547550121728, 0, 10.666151402185335, 75.45826023463889, 113.15911231940267, 53.98488753514021
143, 1603471547571655364, 0, 10.67289170085633, 75.46284013367865, 113.15353532529898, 53.98664479849556
144, 1603471547593188864, 0, 10.679631999527324, 75.46742003271842, 113.14795833119527, 53.988402061850906
145, 1603471547614722364, 0, 10.686372298198316, 75.47199993175819, 113.14238133709156, 53.99015932520625
146, 1603471547636255744, 0, 10.693112596869309, 75.47657983079796, 113.13680434298786, 53.9919165885616
147, 1603471547657789364, 0, 10.699852895540303, 75.48115972983774, 113.13122734888417, 53.99367385191695
148, 1603471547679323392, 0, 10.706593194211298, 75.48573962887751, 113.12565035478048, 53.9954311152723
149, 1603471547700857364, 0, 10.71333349288229, 75.49031952791728, 113.12007336067677, 53.99718837862764
150, 1603471547722390784, 0, 10.720073791553283, 75.49489942695706, 113.11449636657306, 53.99894564198298
151, 1603471547743924364, 0, 10.726814090224275, 75.49947932599683, 113.10891937246937, 54.000702905338315
152, 1603471547765457920, 0, 10.733554388895268, 75.5040592250366, 113.10334237836568, 54.002460168693666
153, 1603471547786991364, 0, 10.740294687566262, 75.50863912407638, 113.09776538426198, 54.00421743204902
154, 1603471547808524800, 0, 10.747034986237257, 75.51321902311615, 113.09218839015827, 54.00597469540436
155, 1603471547830058364, 0, 10.753775284908249, 75.51779892215592, 113.08661139605458, 54.007731958759706
156, 1603471547851591680, 0, 10.760515583579242, 75.5223788211957, 113.08103440195087, 54.00948922211506
157, 1603471547873125364, 0, 10.767255882250236, 75.52695872023547, 113.07545740784717, 54.01124648547041
158, 1603471547894659328, 0, 10.77399618092123, 75.53153861927524, 113.06988041374348, 54.013003748825746
159, 1603471547916193364, 0, 10.780736479592223, 75.53611851831502, 113.06430341963978, 54.01476101218108
160, 1603471547937726720, 0, 10.787476778263215, 75.54069841735479, 113.0587264255361, 54.01651827553644
161, 1603471547959260364, 0, 10.79421707693421, 75.54527831639456, 113.05314943143239, 54.0182755388918
162, 1603471547980793856, 0, 10.800957375605204, 75.54985821543434, 113.04757243732868, 54.02003280224714
163, 1603471548002327364, 0, 10.807697674276197, 75.55443811447411, 113.04199544322498, 54.021790065602474
164, 1603471548023860736, 0, 10.81443797294719, 75.55901801351388, 113.03641844912127, 54.02354732895782
165, 1603471548045394364, 0, 10.821178271618184, 75.56359791255365, 113.03084145501758, 54.02530459231316
166, 1603471548066927872, 0, 10.827918570289178, 75.56817781159342, 113.02526446091389, 54.027061855668514
167, 1603471548088461364, 0, 10.83465886896017, 75.5727577106332, 113.01968746681018, 54.028819119023865
168, 1603471548109995264, 0, 10.841399167631163, 75.57733760967298, 113.01411047270648, 54.0305763823792
169, 1603471548131529364, 0, 10.848139466302156, 75.58191750871275, 113.00853347860279, 54.03233364573454
170, 1603471548153062912, 0, 10.854879764973148, 75.58649740775252, 113.0029564844991, 54.0340909090899
171, 1603471548174596364, 0, 10.861620063644143, 75.59107730679229, 112.99737949039539, 54.035848172445256
172, 1603471548196129792, 0, 10.868360362315137, 75.59565720583205, 112.99180249629168, 54.03760543580059
173, 1603471548217663364, 0, 10.87510066098613, 75.60023710487184, 112.98622550218798, 54.03936269915593
174, 1603471548239196928, 0, 10.881840959657122, 75.6048170039116, 112.98064850808429, 54.04111996251129
175, 1603471548260730364, 0, 10.888581258328117, 75.60939690295137, 112.9750715139806, 54.04287722586665
176, 1603471548282263808, 0, 10.89532155699911, 75.61397680199116, 112.96949451987689, 54.044634489221984
177, 1603471548303797364, 0, 10.902061855670103, 75.61855670103093, 112.9639175257732, 54.04639175257732
178, 1603471548325331200, 0, 10.97716713453091, 75.62684094256254, 113.00533873343024, 54.04224963181191
179, 1603471548346865364, 0, 11.052272413391718, 75.63512518409415, 113.04675994108727, 54.038107511046505
180, 1603471548368398848, 0, 11.127377692252525, 75.64340942562578, 113.08818114874433, 54.03396539028109
181, 1603471548389932364, 0, 11.202482971113332, 75.65169366715739, 113.12960235640138, 54.029823269515674
182, 1603471548411465728, 0, 11.277588249974139, 75.659977908689, 113.17102356405842, 54.02568114875028
183, 1603471548432999364, 0, 11.352693528834946, 75.66826215022061, 113.21244477171545, 54.021539027984886
184, 1603471548454532864, 0, 11.427798807695753, 75.67654639175223, 113.2538659793725, 54.01739690721948
185, 1603471548476066364, 0, 11.50290408655656, 75.68483063328384, 113.29528718702956, 54.01325478645407
186, 1603471548497599744, 0, 11.578009365417365, 75.69311487481545, 113.3367083946866, 54.009112665688654
187, 1603471548519133364, 0, 11.653114644278173, 75.70139911634708, 113.37812960234363, 54.00497054492324
188, 1603471548540667392, 0, 11.72821992313898, 75.70968335787869, 113.41955081000069, 54.00082842415783
189, 1603471548562201364, 0, 11.803325201999787, 75.7179675994103, 113.46097201765774, 53.99668630339242
190, 1603471548583734784, 0, 11.878430480860594, 75.72625184094191, 113.50239322531478, 53.99254418262703
191, 1603471548605268364, 0, 11.953535759721401, 75.73453608247353, 113.54381443297181, 53.988402061861635
192, 1603471548626801920, 0, 12.028641038582208, 75.74282032400515, 113.58523564062887, 53.98425994109622
193, 1603471548648335364, 0, 12.103746317443015, 75.75110456553676, 113.62665684828592, 53.980117820330804
194, 1603471548669868800, 0, 12.178851596303822, 75.75938880706838, 113.66807805594296, 53.9759756995654
195, 1603471548691402364, 0, 12.25395687516463, 75.76767304859999, 113.7094992636, 53.9718335788
196, 1603471548712935680, 0, 12.4900248624761, 75.7759572901318, 113.75092047125909, 53.96769145803181
197, 1603471548734469364, 0, 12.72609284978757, 75.78424153166362, 113.79234167891818, 53.963549337263615
198, 1603471548756003328, 0, 12.96216083709904, 75.79252577319545, 113.83376288657726, 53.95940721649544
199, 1603471548777537364, 0, 13.19822882441051, 75.80081001472726, 113.87518409423636, 53.95526509572727
200, 1603471548799070720, 0, 13.43429681172198, 75.80909425625907, 113.91660530189546, 53.951122974959084
201, 1603471548820604364, 0, 13.67036479903345, 75.8173784977909, 113.95802650955454, 53.9469808541909
202, 1603471548842137856, 0, 13.906432786344919, 75.82566273932272, 113.99944771721363, 53.942838733422725
203, 1603471548863671364, 0, 14.142500773656389, 75.83394698085453, 114.04086892487271, 53.93869661265455
204, 1603471548885204736, 0, 14.378568760967859, 75.84223122238635, 114.08229013253182, 53.93455449188637
205, 1603471548906738364, 0, 14.61463674827933, 75.85051546391817, 114.12371134019092, 53.93041237111818
206, 1603471548928271872, 0, 14.8507047355908, 75.85879970545, 114.16513254785, 53.92627025035
207, 1603471548949805364, 0, 15.08677272290227, 75.86708394698182, 114.20655375550909, 53.92212812958182
208, 1603471548971339264, 0, 15.32284071021374, 75.87536818851365, 114.24797496316819, 53.917986008813635
209, 1603471548992873364, 0, 15.55890869752521, 75.88365243004546, 114.28939617082729, 53.91384388804545
210, 1603471549014406912, 0, 15.79497668483668, 75.89193667157727, 114.33081737848639, 53.90970176727728
211, 1603471549035940364, 0, 16.03104467214815, 75.9002209131091, 114.37223858614547, 53.905559646509104
212, 1603471549057473792, 0, 16.26711265945962, 75.90850515464092, 114.41365979380456, 53.90141752574092
213, 1603471549079007364, 0, 16.50318064677109, 75.91678939617273, 114.45508100146364, 53.89727540497273
214, 1603471549100540928, 0, 16.739248634082557, 75.92507363770454, 114.49650220912274, 53.89313328420456
215, 1603471549122074364, 0, 16.97531662139403, 75.93335787923637, 114.53792341678184, 53.88899116343639
216, 1603471549143607808, 0, 17.2113846087055, 75.9416421207682, 114.57934462444092, 53.88484904266819
217, 1603471549165141364, 0, 17.44745259601697, 75.9499263623, 114.6207658321, 53.8807069219
218, 1603471549186675200, 0, 17.748739386085497, 75.9582106038315, 114.66218703975872, 53.87656480113692
219, 1603471549208209364, 0, 18.050026176154024, 75.96649484536302, 114.70360824741742, 53.872422680373845
220, 1603471549229742848, 0, 18.35131296622255, 75.97477908689453, 114.74502945507611, 53.868280559610774
221, 1603471549251276364, 0, 18.652599756291078, 75.98306332842603, 114.7864506627348, 53.864138438847704
222, 1603471549272809728, 0, 18.953886546359605, 75.99134756995754, 114.8278718703935, 53.85999631808461
223, 1603471549294343364, 0, 19.255173336428133, 75.99963181148905, 114.86929307805221, 53.85585419732152
224, 1603471549315876864, 0, 19.55646012649666, 76.00791605302055, 114.91071428571091, 53.85171207655845
225, 1603471549337410364, 0, 19.857746916565187, 76.01620029455206, 114.95213549336961, 53.84756995579538
226, 1603471549358943744, 0, 20.159033706633714, 76.02448453608358, 114.9935567010283, 53.843427835032294
227, 1603471549380477364, 0, 20.46032049670224, 76.03276877761508, 115.034977908687, 53.83928571426921
228, 1603471549402011392, 0, 20.76160728677077, 76.04105301914659, 115.0763991163457, 53.83514359350612
229, 1603471549423545364, 0, 21.062894076839296, 76.0493372606781, 115.1178203240044, 53.831001472743026
230, 1603471549445078784, 0, 21.364180866907823, 76.0576215022096, 115.1592415316631, 53.826859351979955
231, 1603471549466612364, 0, 21.66546765697635, 76.06590574374111, 115.20066273932179, 53.822717231216885
232, 1603471549488145920, 0, 21.966754447044877, 76.07418998527262, 115.24208394698049, 53.81857511045381
233, 1603471549509679364, 0, 22.268041237113405, 76.08247422680412, 115.28350515463919, 53.81443298969072
234, 1603471549531212800, 0, 22.736047009270763, 76.07219987191145, 115.2875044436557, 53.82043192321345
235, 1603471549552746364, 0, 23.20405278142812, 76.06192551701878, 115.29150373267223, 53.82643085673618
236, 1603471549574279680, 0, 23.67205855358548, 76.0516511621261, 115.29550302168875, 53.832429790258914
237, 1603471549595813364, 0, 24.140064325742838, 76.04137680723343, 115.29950231070528, 53.83842872378165
238, 1603471549617347328, 0, 24.608070097900196, 76.03110245234076, 115.3035015997218, 53.84442765730438
239, 1603471549638881364, 0, 25.07607587005755, 76.02082809744809, 115.30750088873832, 53.85042659082711
240, 1603471549660414720, 0, 25.54408164221491, 76.01055374255542, 115.31150017775482, 53.856425524349845
241, 1603471549681948364, 0, 26.012087414372267, 76.00027938766274, 115.31549946677134, 53.86242445787258
242, 1603471549703481856, 0, 26.480093186529626, 75.99000503277007, 115.31949875578786, 53.86842339139531
243, 1603471549725015364, 0, 26.948098958686984, 75.9797306778774, 115.32349804480438, 53.874422324918044
244, 1603471549746548736, 0, 27.416104730844342, 75.96945632298474, 115.32749733382092, 53.88042125844077
245, 1603471549768082364, 0, 27.8841105030017, 75.95918196809207, 115.33149662283745, 53.886420191963495
246, 1603471549789615872, 0, 28.35211627515906, 75.9489076131994, 115.33549591185397, 53.89241912548623
247, 1603471549811149364, 0, 28.820122047316417, 75.93863325830672, 115.33949520087047, 53.89841805900896
248, 1603471549832683264, 0, 29.288127819473775, 75.92835890341405, 115.34349448988698, 53.904416992531694
249, 1603471549854217364, 0, 29.756133591631134, 75.91808454852138, 115.3474937789035, 53.91041592605443
250, 1603471549875750912, 0, 30.224139363788492, 75.9078101936287, 115.35149306792003, 53.91641485957716
251, 1603471549897284364, 0, 30.69214513594585, 75.89753583873603, 115.35549235693657, 53.92241379309989
252, 1603471549918817792, 0, 31.16015090810321, 75.88726148384336, 115.35949164595309, 53.928412726622625
253, 1603471549940351364, 0, 31.628156680260567, 75.87698712895069, 115.3634909349696, 53.93441166014536
254, 1603471549961884928, 0, 32.09616245241793, 75.86671277405802, 115.36749022398612, 53.94041059366809
255, 1603471549983418364, 0, 32.56416822457528, 75.85643841916534, 115.37148951300263, 53.94640952719082
256, 1603471550004951808, 0, 33.03217399673264, 75.84616406427267, 115.37548880201916, 53.952408460713556
257, 1603471550026485364, 0, 33.50017976888999, 75.83588970938, 115.3794880910357, 53.95840739423629
258, 1603471550048019200, 0, 33.968185541047355, 75.82561535448733, 115.3834873800522, 53.96440632775902
259, 1603471550069553364, 0, 34.436191313204716, 75.81534099959465, 115.38748666906872, 53.970405261281755
260, 1603471550091086848, 0, 34.90419708536207, 75.80506664470198, 115.39148595808524, 53.97640419480449
261, 1603471550112620364, 0, 35.372202857519426, 75.79479228980931, 115.39548524710176, 53.98240312832722
262, 1603471550134153728, 0, 35.84020862967678, 75.78451793491664, 115.3994845361183, 53.988402061849946
263, 1603471550155687364, 0, 36.30821440183414, 75.77424358002398, 115.40348382513483, 53.99440099537267
264, 1603471550177220864, 0, 36.776220173991504, 75.7639692251313, 115.40748311415135, 54.000399928895405
265, 1603471550198754364, 0, 37.24422594614886, 75.75369487023863, 115.41148240316785, 54.00639886241814
266, 1603471550220287744, 0, 37.712231718306214, 75.74342051534596, 115.41548169218436, 54.01239779594087
267, 1603471550241821364, 0, 38.180237490463576, 75.73314616045329, 115.41948098120088, 54.0183967294636
268, 1603471550263355392, 0, 38.64824326262094, 75.72287180556062, 115.4234802702174, 54.024395662986336
269, 1603471550284889364, 0, 39.11624903477829, 75.71259745066794, 115.42747955923392, 54.03039459650907
270, 1603471550306422784, 0, 39.58425480693565, 75.70232309577527, 115.43147884825045, 54.0363935300318
271, 1603471550327956364, 0, 40.05226057909301, 75.6920487408826, 115.43547813726698, 54.042392463554535
272, 1603471550349489920, 0, 40.52026635125037, 75.68177438598993, 115.43947742628349, 54.04839139707727
273, 1603471550371023364, 0, 40.988272123407725, 75.67150003109725, 115.4434767153, 54.0543903306
274, 1603471550392556800, 0, 41.53585908302361, 75.67177040885821, 115.4474760043143, 54.060389264121426
275, 1603471550414090364, 0, 42.083446042639494, 75.67204078661916, 115.45147529332858, 54.06638819764285
276, 1603471550435623680, 0, 42.63103300225538, 75.67231116438012, 115.45547458234287, 54.07238713116429
277, 1603471550457157364, 0, 43.17861996187126, 75.67258154214107, 115.45947387135716, 54.07838606468573
278, 1603471550478691328, 0, 43.72620692148715, 75.67285191990203, 115.46347316037145, 54.08438499820715
279, 1603471550500225364, 0, 44.27379388110304, 75.673122297663, 115.46747244938572, 54.09038393172857
280, 1603471550521758720, 0, 44.82138084071892, 75.67339267542395, 115.4714717384, 54.09638286524999
281, 1603471550543292364, 0, 45.36896780033481, 75.67366305318491, 115.47547102741427, 54.10238179877142
282, 1603471550564825856, 0, 45.91655475995069, 75.67393343094587, 115.47947031642856, 54.10838073229286
283, 1603471550586359364, 0, 46.46414171956658, 75.67420380870682, 115.48346960544285, 54.1143796658143
284, 1603471550607892736, 0, 47.01172867918246, 75.67447418646778, 115.48746889445714, 54.12037859933572
285, 1603471550629426364, 0, 47.559315638798346, 75.67474456422873, 115.49146818347143, 54.12637753285715
286, 1603471550650959872, 0, 48.10690259841424, 75.6750149419897, 115.49546747248571, 54.13237646637858
287, 1603471550672493364, 0, 48.65448955803012, 75.67528531975066, 115.4994667615, 54.13837539990001
288, 1603471550694027264, 0, 49.202076517646006, 75.67555569751161, 115.50346605051429, 54.14437433342144
289, 1603471550715561364, 0, 49.74966347726189, 75.67582607527257, 115.50746533952858, 54.150373266942864
290, 1603471550737094912, 0, 50.297250436877775, 75.67609645303352, 115.51146462854287, 54.15637220046429
291, 1603471550758628364, 0, 50.84483739649366, 75.67636683079448, 115.51546391755716, 54.162371133985715
292, 1603471550780161792, 0, 51.392424356109544, 75.67663720855543, 115.51946320657144, 54.168370067507155
293, 1603471550801695364, 0, 51.94001131572543, 75.67690758631639, 115.52346249558573, 54.174369001028595
294, 1603471550823228928, 0, 52.48759827534131, 75.67717796407734, 115.5274617846, 54.18036793455002
295, 1603471550844762364, 0, 53.0351852349572, 75.6774483418383, 115.53146107361428, 54.186366868071445
296, 1603471550866295808, 0, 53.58277219457308, 75.67771871959926, 115.53546036262857, 54.192365801592864
297, 1603471550887829364, 0, 54.130359154188966, 75.67798909736022, 115.53945965164286, 54.19836473511428
298, 1603471550909363200, 0, 54.67794611380485, 75.67825947512118, 115.54345894065715, 54.20436366863572
299, 1603471550930897364, 0, 55.22553307342074, 75.67852985288214, 115.54745822967143, 54.21036260215716
300, 1603471550952430848, 0, 55.773120033036626, 75.67880023064309, 115.55145751868571, 54.21636153567858
301, 1603471550973964364, 0, 56.32070699265251, 75.67907060840405, 115.5554568077, 54.2223604692
302, 1603471550995497728, 0, 56.963161854818175, 75.68747485045387, 115.57032842993632, 54.228359402725005
303, 1603471551017031364, 0, 57.60561671698384, 75.6958790925037, 115.58520005217264, 54.23435833625001
304, 1603471551038564864, 0, 58.248071579149496, 75.70428333455354, 115.60007167440895, 54.240357269775004
305, 1603471551060098364, 0, 58.89052644131516, 75.71268757660337, 115.61494329664527, 54.246356203299996
306, 1603471551081631744, 0, 59.532981303480824, 75.7210918186532, 115.62981491888158, 54.252355136824995
307, 1603471551103165364, 0, 60.17543616564649, 75.72949606070303, 115.64468654111789, 54.258354070349995
308, 1603471551124699392, 0, 60.81789102781215, 75.73790030275285, 115.6595581633542, 54.264353003874994
309, 1603471551146233364, 0, 61.460345889977816, 75.74630454480268, 115.67442978559052, 54.270351937399994
310, 1603471551167766784, 0, 62.10280075214348, 75.75470878685252, 115.68930140782683, 54.276350870924986
311, 1603471551189300364, 0, 62.745255614309144, 75.76311302890235, 115.70417303006315, 54.28234980444998
312, 1603471551210833920, 0, 63.38771047647481, 75.77151727095219, 115.71904465229946, 54.28834873797498
313, 1603471551232367364, 0, 64.03016533864047, 75.77992151300201, 115.73391627453577, 54.29434767149998
314, 1603471551253900800, 0, 64.67262020080614, 75.78832575505183, 115.7487878967721, 54.30034660502499
315, 1603471551275434364, 0, 65.3150750629718, 75.79672999710166, 115.76365951900843, 54.306345538550005
316, 1603471551296967680, 0, 65.95752992513746, 75.8051342391515, 115.77853114124474, 54.312344472075
317, 1603471551318501364, 0, 66.59998478730313, 75.81353848120133, 115.79340276348105, 54.31834340559999
318, 1603471551340035328, 0, 67.24243964946879, 75.82194272325117, 115.80827438571737, 54.32434233912499
319, 1603471551361569364, 0, 67.88489451163444, 75.83034696530099, 115.8231460079537, 54.33034127264999
320, 1603471551383102720, 0, 68.5273493738001, 75.83875120735081, 115.83801763019001, 54.33634020617499
321, 1603471551404636364, 0, 69.16980423596577, 75.84715544940065, 115.85288925242632, 54.34233913969999
322, 1603471551426169856, 0, 69.81225909813143, 75.85555969145048, 115.86776087466264, 54.34833807322498
323, 1603471551447703364, 0, 70.4547139602971, 75.86396393350032, 115.88263249689895, 54.35433700674997
324, 1603471551469236736, 0, 71.09716882246276, 75.87236817555015, 115.89750411913526, 54.36033594027497
325, 1603471551490770364, 0, 71.73962368462843, 75.88077241759997, 115.91237574137158, 54.36633487379997
326, 1603471551512303872, 0, 72.40382321323283, 75.88917665965015, 115.90550269716495, 54.3723338073229
327, 1603471551533837364, 0, 73.06802274183723, 75.89758090170032, 115.89862965295832, 54.378332740845835
328, 1603471551555371264, 0, 73.73222227044162, 75.90598514375048, 115.89175660875168, 54.38433167436879
329, 1603471551576905364, 0, 74.39642179904602, 75.91438938580066, 115.88488356454504, 54.39033060789174
330, 1603471551598438912, 0, 75.06062132765042, 75.92279362785084, 115.8780105203384, 54.39632954141467
331, 1603471551619972364, 0, 75.72482085625482, 75.93119786990101, 115.87113747613178, 54.402328474937605
332, 1603471551641505792, 0, 76.38902038485922, 75.93960211195119, 115.86426443192515, 54.40832740846054
333, 1603471551663039364, 0, 77.05321991346362, 75.94800635400135, 115.85739138771852, 54.41432634198348
334, 1603471551684572928, 0, 77.71741944206802, 75.95641059605153, 115.85051834351188, 54.42032527550643
335, 1603471551706106364, 0, 78.38161897067242, 75.9648148381017, 115.84364529930524, 54.426324209029374
336, 1603471551727639808, 0, 79.04581849927683, 75.97321908015186, 115.8367722550986, 54.43232314255231
337, 1603471551749173364, 0, 79.71001802788123, 75.98162332220204, 115.82989921089197, 54.43832207607525
338, 1603471551770707200, 0, 80.37421755648563, 75.99002756425222, 115.82302616668534, 54.444321009598184
339, 1603471551792241364, 0, 81.03841708509003, 75.99843180630239, 115.81615312247871, 54.450319943121116
340, 1603471551813774848, 0, 81.70261661369443, 76.00683604835257, 115.80928007827207, 54.45631887664406
341, 1603471551835308364, 0, 82.36681614229883, 76.01524029040274, 115.80240703406542, 54.46231781016701
342, 1603471551856841728, 0, 83.03101567090323, 76.02364453245292, 115.7955339898588, 54.46831674368995
343, 1603471551878375364, 0, 83.69521519950763, 76.03204877450308, 115.78866094565217, 54.474315677212886
344, 1603471551899908864, 0, 84.35941472811203, 76.04045301655326, 115.78178790144554, 54.48031461073582
345, 1603471551921442364, 0, 85.02361425671643, 76.04885725860343, 115.77491485723891, 54.48631354425875
346, 1603471551942975744, 0, 85.68781378532083, 76.0572615006536, 115.76804181303227, 54.4923124777817
347, 1603471551964509364, 0, 86.35201331392523, 76.06566574270377, 115.76116876882563, 54.498311411304655
348, 1603471551986043392, 0, 87.01621284252963, 76.07406998475395, 115.754295724619, 54.50431034482759
349, 1603471552007577364, 0, 87.68041237113403, 76.08247422680412, 115.74742268041237, 54.51030927835052
350, 1603471552029110784, 0, 88.34523817639774, 76.06530434020621, 115.71480347938112, 54.493999677833195
351, 1603471552050644364, 0, 89.01006398166146, 76.04813445360831, 115.68218427834987, 54.47769007731587
352, 1603471552072177920, 0, 89.67488978692518, 76.0309645670104, 115.64956507731864, 54.46138047679854
353, 1603471552093711364, 0, 90.33971559218888, 76.01379468041249, 115.6169458762874, 54.44507087628121
354, 1603471552115244800, 0, 91.0045413974526, 75.99662479381459, 115.58432667525615, 54.42876127576388
355, 1603471552136778364, 0, 91.66936720271632, 75.97945490721668, 115.5517074742249, 54.41245167524656
356, 1603471552158311680, 0, 92.33419300798002, 75.96228502061876, 115.51908827319366, 54.39614207472923
357, 1603471552179845364, 0, 92.99901881324374, 75.94511513402085, 115.48646907216244, 54.379832474211895
358, 1603471552201379328, 0, 93.66384461850745, 75.92794524742294, 115.45384987113118, 54.36352287369457
359, 1603471552222913364, 0, 94.32867042377117, 75.91077536082504, 115.42123067009993, 54.347213273177246
360, 1603471552244446720, 0, 94.99349622903489, 75.89360547422713, 115.38861146906868, 54.330903672659915
361, 1603471552265980364, 0, 95.6583220342986, 75.87643558762922, 115.35599226803743, 54.31459407214258
362, 1603471552287513856, 0, 96.32314783956232, 75.85926570103132, 115.3233730670062, 54.29828447162526
363, 1603471552309047364, 0, 96.98797364482603, 75.8420958144334, 115.29075386597496, 54.281974871107934
364, 1603471552330580736, 0, 97.65279945008974, 75.8249259278355, 115.25813466494371, 54.2656652705906
365, 1603471552352114364, 0, 98.31762525535346, 75.80775604123758, 115.22551546391246, 54.24935567007327
366, 1603471552373647872, 0, 98.98245106061717, 75.79058615463967, 115.19289626288122, 54.23304606955595
367, 1603471552395181364, 0, 99.64727686588088, 75.77341626804177, 115.16027706184997, 54.21673646903862
368, 1603471552416715264, 0, 100.3121026711446, 75.75624638144386, 115.12765786081873, 54.20042686852129
369, 1603471552438249364, 0, 100.97692847640832, 75.73907649484595, 115.09503865978749, 54.18411726800396
370, 1603471552459782912, 0, 101.64175428167204, 75.72190660824805, 115.06241945875624, 54.167807667486635
371, 1603471552481316364, 0, 102.30658008693575, 75.70473672165014, 115.02980025772499, 54.15149806696931
372, 1603471552502849792, 0, 102.97140589219947, 75.68756683505222, 114.99718105669376, 54.13518846645198
373, 1603471552524383364, 0, 103.63623169746317, 75.67039694845431, 114.96456185566252, 54.11887886593465
374, 1603471552545916928, 0, 104.30105750272689, 75.6532270618564, 114.93194265463126, 54.10256926541732
375, 1603471552567450364, 0, 104.96588330799061, 75.6360571752585, 114.8993234536, 54.0862596649
376, 1603471552588983808, 0, 105.72425647878579, 75.64129328567861, 114.75400108993986, 54.06995006438333
377, 1603471552610517364, 0, 106.48262964958097, 75.64652939609874, 114.6086787262797, 54.05364046386666
378, 1603471552632051200, 0, 107.24100282037615, 75.65176550651887, 114.46335636261955, 54.037330863349965
379, 1603471552653585364, 0, 107.99937599117133, 75.657001616939, 114.3180339989594, 54.02102126283327
380, 1603471552675118848, 0, 108.75774916196653, 75.66223772735913, 114.17271163529921, 54.00471166231658
381, 1603471552696652364, 0, 109.51612233276171, 75.66747383777926, 114.02738927163904, 53.98840206179989
382, 1603471552718185728, 0, 110.27449550355689, 75.67270994819938, 113.88206690797888, 53.97209246128322
383, 1603471552739719364, 0, 111.03286867435207, 75.6779460586195, 113.73674454431873, 53.95578286076655
384, 1603471552761252864, 0, 111.79124184514725, 75.68318216903961, 113.59142218065857, 53.939473260249876
385, 1603471552782786364, 0, 112.54961501594244, 75.68841827945974, 113.44609981699841, 53.923163659733206
386, 1603471552804319744, 0, 113.30798818673762, 75.69365438987987, 113.30077745333826, 53.90685405921651
387, 1603471552825853364, 0, 114.0663613575328, 75.6988905003, 113.1554550896781, 53.890544458699814
388, 1603471552847387392, 0, 114.38655317520349, 75.70412661071875, 113.20736326061697, 53.874234858187336
389, 1603471552868921364, 0, 114.70674499287416, 75.7093627211375, 113.25927143155583, 53.85792525767485
390, 1603471552890454784, 0, 115.02693681054484, 75.71459883155624, 113.31117960249469, 53.841615657162365
391, 1603471552911988364, 0, 115.34712862821553, 75.719834941975, 113.36308777343356, 53.82530605664988
392, 1603471552933521920, 0, 115.66732044588622, 75.72507105239374, 113.41499594437244, 53.80899645613739
393, 1603471552955055364, 0, 115.9875122635569, 75.7303071628125, 113.4669041153113, 53.79268685562491
394, 1603471552976588800, 0, 116.30770408122757, 75.73554327323124, 113.51881228625018, 53.77637725511241
395, 1603471552998122364, 0, 116.62789589889826, 75.74077938365, 113.57072045718905, 53.76006765459991
396, 1603471553019655680, 0, 116.94808771656895, 75.74601549406876, 113.62262862812793, 53.743758054087415
397, 1603471553041189364, 0, 117.26827953423962, 75.7512516044875, 113.67453679906679, 53.72744845357492
398, 1603471553062723328, 0, 117.5884713519103, 75.75648771490626, 113.72644497000564, 53.71113885306244
399, 1603471553084257364, 0, 117.90866316958099, 75.761723825325, 113.77835314094452, 53.69482925254995
400, 1603471553105790720, 0, 118.22885498725168, 75.76695993574376, 113.83026131188339, 53.678519652037465
401, 1603471553127324364, 0, 118.54904680492236, 75.7721960461625, 113.88216948282225, 53.66221005152498
402, 1603471553148857856, 0, 118.86923862259303, 75.77743215658126, 113.93407765376112, 53.645900451012494
403, 1603471553170391364, 0, 119.18943044026372, 75.782668267, 113.9859858247, 53.6295908505
404, 1603471553191924736, 0, 119.3725600248857, 75.77711630478076, 113.86325055417167, 53.61328124998461
405, 1603471553213458364, 0, 119.5556896095077, 75.77156434256152, 113.74051528364335, 53.59697164946921
406, 1603471553234991872, 0, 119.73881919412968, 75.76601238034227, 113.61778001311502, 53.580662048953826
407, 1603471553256525364, 0, 119.92194877875166, 75.76046041812303, 113.4950447425867, 53.56435244843844
408, 1603471553278059264, 0, 120.10507836337365, 75.75490845590379, 113.37230947205839, 53.54804284792304
409, 1603471553299593364, 0, 120.28820794799563, 75.74935649368454, 113.24957420153007, 53.531733247407644
410, 1603471553321126912, 0, 120.47133753261761, 75.7438045314653, 113.12683893100174, 53.51542364689226
411, 1603471553342660364, 0, 120.6544671172396, 75.73825256924606, 113.0041036604734, 53.499114046376874
412, 1603471553364193792, 0, 120.83759670186159, 75.73270060702681, 112.8813683899451, 53.482804445861476
413, 1603471553385727364, 0, 121.02072628648357, 75.72714864480757, 112.75863311941679, 53.46649484534608
414, 1603471553407260928, 0, 121.20385587110556, 75.72159668258833, 112.63589784888848, 53.45018524483069
415, 1603471553428794364, 0, 121.38698545572754, 75.71604472036908, 112.51316257836015, 53.43387564431531
416, 1603471553450327808, 0, 121.57011504034952, 75.71049275814984, 112.39042730783183, 53.41756604379991
417, 1603471553471861364, 0, 121.75324462497152, 75.7049407959306, 112.26769203730349, 53.40125644328451
418, 1603471553493395200, 0, 121.93637420959351, 75.69938883371135, 112.14495676677518, 53.384946842769125
419, 1603471553514929364, 0, 122.11950379421549, 75.69383687149211, 112.02222149624686, 53.36863724225374
420, 1603471553536462848, 0, 122.30263337883747, 75.68828490927287, 111.89948622571855, 53.35232764173834
421, 1603471553557996364, 0, 122.48576296345945, 75.68273294705362, 111.77675095519024, 53.33601804122294
422, 1603471553579529728, 0, 122.66889254808143, 75.67718098483438, 111.65401568466191, 53.31970844070756
423, 1603471553601063364, 0, 122.85202213270342, 75.67162902261514, 111.53128041413358, 53.30339884019217
424, 1603471553622596864, 0, 123.03515171732542, 75.66607706039589, 111.40854514360527, 53.287089239676774
425, 1603471553644130364, 0, 123.2182813019474, 75.66052509817665, 111.28580987307694, 53.270779639161375
426, 1603471553665663744, 0, 123.40141088656938, 75.6549731359574, 111.16307460254862, 53.25447003864599
427, 1603471553687197364, 0, 123.58454047119136, 75.64942117373816, 111.0403393320203, 53.238160438130606
428, 1603471553708731392, 0, 123.76767005581334, 75.64386921151892, 110.91760406149197, 53.2218508376152
429, 1603471553730265364, 0, 123.95079964043533, 75.63831724929967, 110.79486879096366, 53.205541237099794
430, 1603471553751798784, 0, 123.92666226521676, 75.63276528708346, 110.87940048028048, 53.189231636584815
431, 1603471553773332364, 0, 123.90252488999819, 75.62721332486724, 110.9639321695973, 53.172922036069835
432, 1603471553794865920, 0, 123.8783875147796, 75.62166136265103, 111.04846385891412, 53.15661243555484
433, 1603471553816399364, 0, 123.85425013956103, 75.6161094004348, 111.13299554823092, 53.14030283503985
434, 1603471553837932800, 0, 123.83011276434246, 75.61055743821858, 111.21752723754774, 53.12399323452486
435, 1603471553859466364, 0, 123.80597538912389, 75.60500547600236, 111.30205892686456, 53.107683634009874
436, 1603471553880999680, 0, 123.78183801390531, 75.59945351378613, 111.38659061618138, 53.09137403349488
437, 1603471553902533364, 0, 123.75770063868674, 75.59390155156991, 111.4711223054982, 53.075064432979886
438, 1603471553924067328, 0, 123.73356326346817, 75.5883495893537, 111.55565399481502, 53.0587548324649
439, 1603471553945601364, 0, 123.7094258882496, 75.58279762713748, 111.64018568413184, 53.04244523194991
440, 1603471553967134720, 0, 123.68528851303103, 75.57724566492126, 111.72471737344864, 53.026135631434926
441, 1603471553988668364, 0, 123.66115113781244, 75.57169370270505, 111.80924906276546, 53.00982603091994
442, 1603471554010201856, 0, 123.63701376259387, 75.56614174048883, 111.89378075208228, 52.993516430404945
443, 1603471554031735364, 0, 123.6128763873753, 75.5605897782726, 111.9783124413991, 52.97720682988995
444, 1603471554053268736, 0, 123.58873901215672, 75.55503781605638, 112.06284413071592, 52.960897229374964
445, 1603471554074802364, 0, 123.56460163693815, 75.54948585384017, 112.14737582003274, 52.94458762885998
446, 1603471554096335872, 0, 123.54046426171956, 75.54393389162394, 112.23190750934955, 52.928278028344984
447, 1603471554117869364, 0, 123.51632688650099, 75.53838192940772, 112.31643919866636, 52.91196842782999
448, 1603471554139403264, 0, 123.49218951128242, 75.5328299671915, 112.40097088798318, 52.895658827314996
449, 1603471554160937364, 0, 123.46805213606385, 75.52727800497529, 112.4855025773, 52.8793492268
450, 1603471554182470912, 0, 123.48226382339882, 75.53053795840584, 112.45288337626977, 52.863039626284696
451, 1603471554204004364, 0, 123.4964755107338, 75.5337979118364, 112.42026417523954, 52.84673002576939
452, 1603471554225537792, 0, 123.51068719806878, 75.53705786526696, 112.38764497420931, 52.830420425254076
453, 1603471554247071364, 0, 123.52489888540377, 75.54031781869752, 112.3550257731791, 52.81411082473876
454, 1603471554268604928, 0, 123.53911057273875, 75.54357777212807, 112.32240657214886, 52.79780122422345
455, 1603471554290138364, 0, 123.55332226007373, 75.54683772555863, 112.28978737111863, 52.781491623708135
456, 1603471554311671808, 0, 123.56753394740872, 75.5500976789892, 112.25716817008839, 52.7651820231928
457, 1603471554333205364, 0, 123.5817456347437, 75.55335763241976, 112.22454896905816, 52.748872422677465
458, 1603471554354739200, 0, 123.59595732207868, 75.55661758585032, 112.19192976802795, 52.73256282216215
459, 1603471554376273364, 0, 123.61016900941365, 75.55987753928088, 112.15931056699773, 52.71625322164684
460, 1603471554397806848, 0, 123.62438069674863, 75.56313749271143, 112.1266913659675, 52.699943621131524
461, 1603471554419340364, 0, 123.63859238408362, 75.56639744614199, 112.09407216493726, 52.68363402061621
462, 1603471554440873728, 0, 123.6528040714186, 75.56965739957255, 112.06145296390704, 52.6673244201009
463, 1603471554462407364, 0, 123.66701575875358, 75.5729173530031, 112.02883376287683, 52.65101481958558
464, 1603471554483940864, 0, 123.68122744608856, 75.57617730643366, 111.9962145618466, 52.63470521907027
465, 1603471554505474364, 0, 123.69543913342353, 75.57943725986422, 111.96359536081637, 52.618395618554956
466, 1603471554527007744, 0, 123.70965082075853, 75.58269721329478, 111.93097615978613, 52.60208601803964
467, 1603471554548541364, 0, 123.7238625080935, 75.58595716672534, 111.8983569587559, 52.58577641752433
468, 1603471554570075392, 0, 123.73807419542848, 75.5892171201559, 111.86573775772568, 52.569466817009015
469, 1603471554591609364, 0, 123.75228588276346, 75.59247707358645, 111.83311855669547, 52.5531572164937
470, 1603471554613142784, 0, 123.76649757009844, 75.59573702701701, 111.80049935566524, 52.53684761597837
471, 1603471554634676364, 0, 123.78070925743343, 75.59899698044758, 111.767880154635, 52.52053801546303
472, 1603471554656209920, 0, 123.7949209447684, 75.60225693387814, 111.73526095360477, 52.50422841494772
473, 1603471554677743364, 0, 123.80913263210338, 75.6055168873087, 111.70264175257454, 52.487918814432405
474, 1603471554699276800, 0, 123.82334431943838, 75.60877684073925, 111.67002255154432, 52.47160921391709
475, 1603471554720810364, 0, 123.83755600677335, 75.61203679416981, 111.63740335051409, 52.45529961340178
476, 1603471554742343680, 0, 123.85176769410833, 75.61529674760037, 111.60478414948386, 52.43899001288646
477, 1603471554763877364, 0, 123.86597938144331, 75.61855670103093, 111.57216494845362, 52.422680412371136
478, 1603471554785411328, 0, 123.96870060612707, 75.62149288790354, 111.55144665396314, 52.43879944581028
479, 1603471554806945364, 0, 124.07142183081085, 75.62442907477616, 111.53072835947266, 52.45491847924943
480, 1603471554828478720, 0, 124.17414305549462, 75.62736526164878, 111.51001006498215, 52.47103751268857
481, 1603471554850012364, 0, 124.2768642801784, 75.6303014485214, 111.48929177049165, 52.48715654612771
482, 1603471554871545856, 0, 124.37958550486218, 75.63323763539401, 111.46857347600115, 52.503275579566846
483, 1603471554893079364, 0, 124.48230672954594, 75.63617382226663, 111.44785518151068, 52.519394613005986
484, 1603471554914612736, 0, 124.58502795422972, 75.63911000913924, 111.42713688702018, 52.535513646445125
485, 1603471554936146364, 0, 124.68774917891349, 75.64204619601186, 111.40641859252969, 52.551632679884264
486, 1603471554957679872, 0, 124.79047040359725, 75.64498238288448, 111.38570029803918, 52.5677517133234
487, 1603471554979213364, 0, 124.89319162828103, 75.6479185697571, 111.36498200354869, 52.58387074676254
488, 1603471555000747264, 0, 124.9959128529648, 75.65085475662971, 111.3442637090582, 52.59998978020168
489, 1603471555022281364, 0, 125.09863407764857, 75.65379094350233, 111.32354541456772, 52.61610881364082
490, 1603471555043814912, 0, 125.20135530233235, 75.65672713037495, 111.30282712007723, 52.63222784707996
491, 1603471555065348364, 0, 125.30407652701612, 75.65966331724756, 111.28210882558673, 52.6483468805191
492, 1603471555086881792, 0, 125.40679775169988, 75.66259950412018, 111.26139053109623, 52.66446591395824
493, 1603471555108415364, 0, 125.50951897638366, 75.6655356909928, 111.24067223660573, 52.68058494739738
494, 1603471555129948928, 0, 125.61224020106744, 75.66847187786541, 111.21995394211524, 52.696703980836496
495, 1603471555151482364, 0, 125.71496142575121, 75.67140806473805, 111.19923564762475, 52.712823014275614
496, 1603471555173015808, 0, 125.81768265043499, 75.67434425161066, 111.17851735313425, 52.72894204771475
497, 1603471555194549364, 0, 125.92040387511875, 75.67728043848328, 111.15779905864375, 52.74506108115389
498, 1603471555216083200, 0, 126.02312509980253, 75.6802166253559, 111.13708076415325, 52.76118011459303
499, 1603471555237617364, 0, 126.1258463244863, 75.68315281222851, 111.11636246966276, 52.77729914803217
500, 1603471555259150848, 0, 126.22856754917007, 75.68608899910113, 111.09564417517228, 52.79341818147131
501, 1603471555280684364, 0, 126.33128877385384, 75.68902518597375, 111.07492588068179, 52.80953721491045
502, 1603471555302217728, 0, 126.43400999853762, 75.69196137284636, 111.0542075861913, 52.82565624834959
503, 1603471555323751364, 0, 126.53673122322138, 75.69489755971898, 111.03348929170079, 52.84177528178873
504, 1603471555345284864, 0, 126.63945244790516, 75.6978337465916, 111.0127709972103, 52.85789431522787
505, 1603471555366818364, 0, 126.74217367258893, 75.70076993346422, 110.9920527027198, 52.874013348667006
506, 1603471555388351744, 0, 126.8448948972727, 75.70370612033683, 110.97133440822932, 52.890132382106145
507, 1603471555409885364, 0, 126.94761612195647, 75.70664230720945, 110.95061611373883, 52.906251415545285
508, 1603471555431419392, 0, 127.05033734664025, 75.70957849408207, 110.92989781924832, 52.922370448984424
509, 1603471555452953364, 0, 127.15305857132402, 75.71251468095468, 110.90917952475782, 52.93848948242356
510, 1603471555474486784, 0, 127.2557797960078, 75.7154508678273, 110.88846123026732, 52.9546085158627
511, 1603471555496020364, 0, 127.35850102069156, 75.71838705469992, 110.86774293577683, 52.970727549301834
512, 1603471555517553920, 0, 127.63311105818553, 75.72132324157491, 110.74094590191051, 52.96268490441001
513, 1603471555539087364, 0, 127.90772109567949, 75.7242594284499, 110.61414886804418, 52.95464225951818
514, 1603471555560620800, 0, 128.18233113317345, 75.72719561532489, 110.48735183417784, 52.94659961462635
515, 1603471555582154364, 0, 128.45694117066742, 75.73013180219988, 110.36055480031152, 52.93855696973452
516, 1603471555603687680, 0, 128.73155120816136, 75.73306798907487, 110.23375776644518, 52.93051432484269
517, 1603471555625221364, 0, 129.00616124565533, 75.73600417594986, 110.10696073257884, 52.92247167995086
518, 1603471555646755328, 0, 129.2807712831493, 75.73894036282485, 109.98016369871252, 52.91442903505902
519, 1603471555668289364, 0, 129.55538132064325, 75.74187654969985, 109.85336666484619, 52.906386390167185
520, 1603471555689822720, 0, 129.82999135813722, 75.74481273657484, 109.72656963097985, 52.898343745275355
521, 1603471555711356364, 0, 130.1046013956312, 75.74774892344983, 109.59977259711351, 52.890301100383525
522, 1603471555732889856, 0, 130.37921143312514, 75.75068511032482, 109.47297556324719, 52.882258455491694
523, 1603471555754423364, 0, 130.6538214706191, 75.75362129719981, 109.34617852938086, 52.874215810599864
524, 1603471555775956736, 0, 131.02215222039314, 75.75655748406982, 108.97784777960683, 52.86617316570487
525, 1603471555797490364, 0, 131.39048297016717, 75.75949367093983, 108.6095170298328, 52.85813052080988
526, 1603471555819023872, 0, 131.7588137199412, 75.76242985780985, 108.24118628005877, 52.85008787591489
527, 1603471555840557364, 0, 132.12714446971523, 75.76536604467985, 107.87285553028474, 52.842045231019895
528, 1603471555862091264, 0, 132.49547521948926, 75.76830223154985, 107.5045247805107, 52.83400258612489
529, 1603471555883625364, 0, 132.8638059692633, 75.77123841841987, 107.13619403073668, 52.82595994122988
530, 1603471555905158912, 0, 133.23213671903733, 75.77417460528989, 106.76786328096264, 52.81791729633489
531, 1603471555926692364, 0, 133.60046746881136, 75.77711079215989, 106.39953253118861, 52.8098746514399
532, 1603471555948225792, 0, 133.9687982185854, 75.78004697902989, 106.0312017814146, 52.801832006544906
533, 1603471555969759364, 0, 134.33712896835942, 75.7829831658999, 105.66287103164058, 52.793789361649914
534, 1603471555991292928, 0, 134.70545971813345, 75.78591935276992, 105.29454028186655, 52.78574671675492
535, 1603471556012826364, 0, 135.0737904679075, 75.78885553963993, 104.92620953209251, 52.77770407185993
536, 1603471556034359808, 0, 135.44212121768152, 75.79179172650993, 104.55787878231848, 52.76966142696494
537, 1603471556055893364, 0, 135.81045196745555, 75.79472791337994, 104.18954803254445, 52.761618782069945
538, 1603471556077427200, 0, 136.17878271722958, 75.79766410024996, 103.82121728277042, 52.75357613717494
539, 1603471556098961364, 0, 136.5471134670036, 75.80060028711996, 103.45288653299639, 52.74553349227993
540, 1603471556120494848, 0, 136.91544421677764, 75.80353647398996, 103.08455578322236, 52.73749084738494
541, 1603471556142028364, 0, 137.28377496655168, 75.80647266085998, 102.71622503344832, 52.72944820248995
542, 1603471556163561728, 0, 137.6521057163257, 75.80940884773, 102.3478942836743, 52.72140555759495
543, 1603471556185095364, 0, 138.02043646609974, 75.8123450346, 101.97956353390026, 52.71336291269996
544, 1603471556206628864, 0, 138.36104483188765, 75.81528122147489, 101.63895516811235, 52.71776719299993
545, 1603471556228162364, 0, 138.70165319767557, 75.8182174083498, 101.29834680232443, 52.72217147329991
546, 1603471556249695744, 0, 139.0422615634635, 75.8211535952247, 100.9577384365365, 52.72657575359988
547, 1603471556271229364, 0, 139.38286992925143, 75.8240897820996, 100.61713007074857, 52.730980033899854
548, 1603471556292763392, 0, 139.867187511109, 75.82702596896962, 100.132812488891, 52.73538431420985
549, 1603471556314297364, 0, 140.35150509296656, 75.82996215583962, 99.64849490703344, 52.73978859451985
550, 1603471556335830784, 0, 140.83582267482413, 75.83289834270963, 99.16417732517587, 52.74419287482984
551, 1603471556357364364, 0, 141.3201402566817, 75.83583452957964, 98.6798597433183, 52.748597155139834
552, 1603471556378897920, 0, 141.80445783853926, 75.83877071644964, 98.19554216146074, 52.753001435449846
553, 1603471556400431364, 0, 142.28877542039683, 75.84170690331965, 97.71122457960317, 52.75740571575986
554, 1603471556421964800, 0, 142.77309300225443, 75.84464309018966, 97.22690699774557, 52.761809996069864
555, 1603471556443498364, 0, 143.257410584112, 75.84757927705967, 96.74258941588798, 52.76621427637987
556, 1603471556465031680, 0, 143.74172816596956, 75.85051546392967, 96.25827183403041, 52.770618556689875
557, 1603471556486565364, 0, 144.22604574782713, 75.85345165079968, 95.77395425217284, 52.77502283699988
558, 1603471556508099328, 0, 144.7103633296847, 75.8563878376697, 95.28963667031528, 52.77942711730987
559, 1603471556529633364, 0, 145.19468091154226, 75.8593240245397, 94.80531908845771, 52.78383139761986
560, 1603471556551166720, 0, 145.67899849339983, 75.8622602114097, 94.32100150660014, 52.78823567792987
561, 1603471556572700364, 0, 146.1633160752574, 75.86519639827972, 93.83668392474257, 52.792639958239874
562, 1603471556594233856, 0, 146.64763365711497, 75.86813258514972, 93.352366342885, 52.79704423854989
563, 1603471556615767364, 0, 147.13195123897253, 75.87106877201973, 92.86804876102744, 52.8014485188599
564, 1603471556637300736, 0, 147.6162688208301, 75.87400495888974, 92.38373117916987, 52.805852799169905
565, 1603471556658834364, 0, 148.10058640268767, 75.87694114575974, 91.8994135973123, 52.81025707947991
566, 1603471556680367872, 0, 148.58490398454524, 75.87987733262975, 91.41509601545474, 52.8146613597899
567, 1603471556701901364, 0, 149.0692215664028, 75.88281351949976, 90.93077843359717, 52.81906564009989
568, 1603471556723435264, 0, 149.55353914826037, 75.88574970636978, 90.4464608517396, 52.8234699204099
569, 1603471556744969364, 0, 150.03785673011794, 75.88868589323978, 89.96214326988203, 52.827874200719904
570, 1603471556766502912, 0, 150.5221743119755, 75.89162208010978, 89.47782568802444, 52.83227848102991
571, 1603471556788036364, 0, 151.0064918938331, 75.8945582669798, 88.99350810616684, 52.836682761339915
572, 1603471556809569792, 0, 151.49080947569067, 75.8974944538498, 88.50919052430928, 52.84108704164993
573, 1603471556831103364, 0, 151.97512705754824, 75.9004306407198, 88.02487294245171, 52.84549132195994
574, 1603471556852636928, 0, 152.4594446394058, 75.90336682758982, 87.54055536059414, 52.84989560226993
575, 1603471556874170364, 0, 152.94376222126337, 75.90630301445982, 87.05623777873657, 52.85429988257992
576, 1603471556895703808, 0, 153.42807980312094, 75.90923920132983, 86.571920196879, 52.858704162889936
577, 1603471556917237364, 0, 153.9123973849785, 75.91217538819984, 86.08760261502142, 52.86310844319994
578, 1603471556938771200, 0, 153.9607793320756, 75.91511157507291, 86.03922066792435, 52.867512723507616
579, 1603471556960305364, 0, 154.00916127917267, 75.91804776194599, 85.99083872082727, 52.8719170038153
580, 1603471556981838848, 0, 154.0575432262698, 75.92098394881904, 85.94245677373017, 52.87632128412299
581, 1603471557003372364, 0, 154.10592517336687, 75.92392013569211, 85.89407482663307, 52.880725564430676
582, 1603471557024905728, 0, 154.15430712046395, 75.92685632256519, 85.84569287953599, 52.88512984473836
583, 1603471557046439364, 0, 154.20268906756104, 75.92979250943826, 85.7973109324389, 52.88953412504604
584, 1603471557067972864, 0, 154.25107101465812, 75.93272869631133, 85.7489289853418, 52.893938405353744
585, 1603471557089506364, 0, 154.29945296175524, 75.93566488318439, 85.70054703824471, 52.89834268566145
586, 1603471557111039744, 0, 154.34783490885232, 75.93860107005746, 85.65216509114762, 52.90274696596913
587, 1603471557132573364, 0, 154.3962168559494, 75.94153725693053, 85.60378314405054, 52.90715124627681
588, 1603471557154107392, 0, 154.44459880304652, 75.9444734438036, 85.55540119695344, 52.91155552658449
589, 1603471557175641364, 0, 154.4929807501436, 75.94740963067667, 85.50701924985634, 52.915959806892175
590, 1603471557197174784, 0, 154.5413626972407, 75.95034581754973, 85.45863730275926, 52.920364087199864
591, 1603471557218708364, 0, 154.58974464433777, 75.9532820044228, 85.41025535566217, 52.92476836750755
592, 1603471557240241920, 0, 154.63812659143485, 75.95621819129587, 85.36187340856507, 52.929172647815236
593, 1603471557261775364, 0, 154.68650853853197, 75.95915437816895, 85.31349146146798, 52.93357692812292
594, 1603471557283308800, 0, 154.73489048562905, 75.96209056504202, 85.26510951437089, 52.9379812084306
595, 1603471557304842364, 0, 154.78327243272614, 75.96502675191509, 85.21672756727381, 52.94238548873828
596, 1603471557326375680, 0, 154.83165437982325, 75.96796293878816, 85.16834562017671, 52.946789769045985
597, 1603471557347909364, 0, 154.88003632692033, 75.97089912566122, 85.11996367307961, 52.95119404935369
598, 1603471557369443328, 0, 154.92841827401742, 75.97383531253429, 85.07158172598253, 52.95559832966137
599, 1603471557390977364, 0, 154.9768002211145, 75.97677149940736, 85.02319977888544, 52.96000260996905
600, 1603471557412510720, 0, 155.0251821682116, 75.97970768628042, 84.97481783178834, 52.96440689027674
601, 1603471557434044364, 0, 155.0735641153087, 75.98264387315349, 84.92643588469124, 52.96881117058443
602, 1603471557455577856, 0, 155.12194606240578, 75.98558006002656, 84.87805393759416, 52.973215450892106
603, 1603471557477111364, 0, 155.17032800950287, 75.98851624689964, 84.82967199049709, 52.97761973119978
604, 1603471557498644736, 0, 155.13984452953122, 75.99145243377109, 84.86015547046873, 52.982024011506944
605, 1603471557520178364, 0, 155.1093610495596, 75.99438862064254, 84.89063895044035, 52.98642829181411
606, 1603471557541711872, 0, 155.07887756958795, 75.99732480751399, 84.921122430412, 52.99083257212126
607, 1603471557563245364, 0, 155.0483940896163, 76.00026099438544, 84.95160591038365, 52.99523685242842
608, 1603471557584779264, 0, 155.01791060964467, 76.0031971812569, 84.98208939035528, 52.999641132735576
609, 1603471557606313364, 0, 154.98742712967302, 76.00613336812835, 85.01257287032692, 53.00404541304273
610, 1603471557627846912, 0, 154.95694364970137, 76.0090695549998, 85.04305635029858, 53.00844969334989
611, 1603471557649380364, 0, 154.92646016972972, 76.01200574187125, 85.07353983027025, 53.012853973657045
612, 1603471557670913792, 0, 154.89597668975807, 76.0149419287427, 85.10402331024189, 53.0172582539642
613, 1603471557692447364, 0, 154.86549320978645, 76.01787811561415, 85.13450679021352, 53.02166253427136
614, 1603471557713980928, 0, 154.8350097298148, 76.0208143024856, 85.16499027018517, 53.02606681457851
615, 1603471557735514364, 0, 154.80452624984315, 76.02375048935706, 85.19547375015682, 53.03047109488567
616, 1603471557757047808, 0, 154.77404276987153, 76.02668667622851, 85.22595723012846, 53.03487537519282
617, 1603471557778581364, 0, 154.74355928989988, 76.02962286309996, 85.2564407101001, 53.03927965549997
618, 1603471557800115200, 0, 154.96411343212262, 76.03255904994998, 84.97339539432744, 53.0436839358
619, 1603471557821649364, 0, 155.18466757434535, 76.03549523679999, 84.69035007855479, 53.04808821610003
620, 1603471557843182848, 0, 155.1334686473765, 76.03843142367498, 84.77279459229862, 53.05249249640001
621, 1603471557864716364, 0, 155.08226972040762, 76.04136761054997, 84.85523910604246, 53.0568967767
622, 1603471557886249728, 0, 155.03107079343877, 76.04430379742496, 84.93768361978627, 53.06130105699998
623, 1603471557907783364, 0, 154.97987186646992, 76.04723998429995, 85.0201281335301, 53.06570533729995
624, 1603471557929316864, 0, 155.01591347209916, 76.0501761711753, 84.98408652790087, 53.07010961761088
625, 1603471557950850364, 0, 155.05195507772837, 76.05311235805064, 84.94804492227163, 53.074513897921804
626, 1603471557972383744, 0, 155.08799668335757, 76.056048544926, 84.91200331664241, 53.078918178232705
627, 1603471557993917364, 0, 155.1240382889868, 76.05898473180135, 84.87596171101319, 53.083322458543606
628, 1603471558015451392, 0, 155.16007989461605, 76.06192091867669, 84.83992010538395, 53.08772673885453
629, 1603471558036985364, 0, 155.19612150024528, 76.06485710555204, 84.80387849975472, 53.09213101916545
630, 1603471558058518784, 0, 155.23216310587452, 76.06779329242738, 84.76783689412548, 53.09653529947637
631, 1603471558080052364, 0, 155.26820471150373, 76.07072947930273, 84.73179528849624, 53.100939579787294
632, 1603471558101585920, 0, 155.30424631713294, 76.07366566617807, 84.69575368286702, 53.105343860098195
633, 1603471558123119364, 0, 155.34028792276217, 76.07660185305343, 84.6597120772378, 53.109748140409096
634, 1603471558144652800, 0, 155.3763295283914, 76.07953803992878, 84.62367047160858, 53.11415242072002
635, 1603471558166186364, 0, 155.41237113402062, 76.08247422680412, 84.58762886597935, 53.11855670103093
636, 1603471558187719680, 0, 155.40505322974542, 76.07971281295927, 84.59494677025455, 53.12407952871959
637, 1603471558209253364, 0, 155.39773532547022, 76.07695139911442, 84.60226467452975, 53.12960235640824
638, 1603471558230787328, 0, 155.39041742119502, 76.07418998526957, 84.60958257880495, 53.13512518409691
639, 1603471558252321364, 0, 155.38309951691983, 76.07142857142472, 84.61690048308014, 53.14064801178557
640, 1603471558273854720, 0, 155.37578161264463, 76.06866715757987, 84.62421838735534, 53.14617083947422
641, 1603471558295388364, 0, 155.36846370836943, 76.06590574373502, 84.63153629163054, 53.151693667162874
642, 1603471558316921856, 0, 155.36114580409424, 76.06314432989018, 84.63885419590574, 53.15721649485153
643, 1603471558338455364, 0, 155.35382789981904, 76.06038291604533, 84.64617210018093, 53.16273932254019
644, 1603471558359988736, 0, 155.34650999554384, 76.05762150220048, 84.65349000445613, 53.16826215022884
645, 1603471558381522364, 0, 155.33919209126864, 76.05486008835562, 84.66080790873133, 53.17378497791749
646, 1603471558403055872, 0, 155.33187418699345, 76.05209867451077, 84.66812581300653, 53.17930780560616
647, 1603471558424589364, 0, 155.32455628271825, 76.04933726066592, 84.67544371728172, 53.18483063329482
648, 1603471558446123264, 0, 155.31723837844305, 76.04657584682107, 84.68276162155692, 53.190353460983474
649, 1603471558467657364, 0, 155.30992047416785, 76.04381443297622, 84.69007952583212, 53.195876288672125
650, 1603471558489190912, 0, 155.30260256989266, 76.04105301913137, 84.69739743010732, 53.201399116360776
651, 1603471558510724364, 0, 155.29528466561746, 76.03829160528652, 84.70471533438251, 53.20692194404943
652, 1603471558532257792, 0, 155.28796676134226, 76.03553019144167, 84.71203323865771, 53.21244477173809
653, 1603471558553791364, 0, 155.28064885706706, 76.03276877759681, 84.71935114293291, 53.21796759942676
654, 1603471558575324928, 0, 155.27333095279187, 76.03000736375196, 84.72666904720808, 53.2234904271154
655, 1603471558596858364, 0, 155.2660130485167, 76.02724594990713, 84.73398695148325, 53.229013254804045
656, 1603471558618391808, 0, 155.2586951442415, 76.02448453606227, 84.74130485575844, 53.23453608249271
657, 1603471558639925364, 0, 155.2513772399663, 76.02172312221742, 84.74862276003364, 53.240058910181375
658, 1603471558661459200, 0, 155.2440593356911, 76.01896170837257, 84.75594066430884, 53.245581737870026
659, 1603471558682993364, 0, 155.2367414314159, 76.01620029452772, 84.76325856858404, 53.25110456555868
660, 1603471558704526848, 0, 155.2294235271407, 76.01343888068287, 84.77057647285923, 53.25662739324733
661, 1603471558726060364, 0, 155.2221056228655, 76.01067746683802, 84.77789437713443, 53.26215022093598
662, 1603471558747593728, 0, 155.21478771859032, 76.00791605299317, 84.78521228140963, 53.267673048624644
663, 1603471558769127364, 0, 155.20746981431512, 76.00515463914832, 84.79253018568483, 53.27319587631331
664, 1603471558790660864, 0, 155.20015191003992, 76.00239322530346, 84.79984808996002, 53.27871870400196
665, 1603471558812194364, 0, 155.19283400576472, 75.99963181145861, 84.80716599423522, 53.28424153169061
666, 1603471558833727744, 0, 155.18551610148953, 75.99687039761378, 84.81448389851042, 53.28976435937927
667, 1603471558855261364, 0, 155.17819819721433, 75.99410898376892, 84.82180180278561, 53.29528718706793
668, 1603471558876795392, 0, 155.17088029293913, 75.99134756992407, 84.82911970706081, 53.30081001475658
669, 1603471558898329364, 0, 155.16356238866393, 75.98858615607922, 84.83643761133601, 53.30633284244523
670, 1603471558919862784, 0, 155.15624448438874, 75.98582474223437, 84.8437555156112, 53.311855670133895
671, 1603471558941396364, 0, 155.14892658011354, 75.98306332838952, 84.8510734198864, 53.31737849782256
672, 1603471558962929920, 0, 155.14160867583834, 75.98030191454467, 84.8583913241616, 53.32290132551121
673, 1603471558984463364, 0, 155.13429077156314, 75.97754050069982, 84.86570922843681, 53.32842415319986
674, 1603471559005996800, 0, 155.1903497784191, 75.97477908685697, 84.80965022158085, 53.33394698088557
675, 1603471559027530364, 0, 155.24640878527504, 75.97201767301412, 84.7535912147249, 53.33946980857128
676, 1603471559049063680, 0, 155.30246779213098, 75.96925625917126, 84.69753220786897, 53.34499263625701
677, 1603471559070597364, 0, 155.3585267989869, 75.96649484532841, 84.64147320101304, 53.35051546394274
678, 1603471559092131328, 0, 155.41458580584285, 75.96373343148557, 84.5854141941571, 53.35603829162845
679, 1603471559113665364, 0, 155.4706448126988, 75.96097201764272, 84.52935518730115, 53.36156111931416
680, 1603471559135198720, 0, 155.52670381955474, 75.95821060379987, 84.4732961804452, 53.367083946999884
681, 1603471559156732364, 0, 155.5827628264107, 75.95544918995702, 84.41723717358926, 53.37260677468561
682, 1603471559178265856, 0, 155.63882183326663, 75.95268777611417, 84.36117816673331, 53.378129602371324
683, 1603471559199799364, 0, 155.69488084012258, 75.94992636227131, 84.30511915987736, 53.38365243005704
684, 1603471559221332736, 0, 155.7509398469785, 75.94716494842847, 84.24906015302143, 53.389175257742764
685, 1603471559242866364, 0, 155.80699885383444, 75.94440353458562, 84.1930011461655, 53.39469808542849
686, 1603471559264399872, 0, 155.8630578606904, 75.94164212074276, 84.13694213930955, 53.400220913114204
687, 1603471559285933364, 0, 155.91911686754634, 75.93888070689991, 84.08088313245361, 53.40574374079992
688, 1603471559307467264, 0, 155.97517587440228, 75.93611929305706, 84.02482412559768, 53.41126656848563
689, 1603471559329001364, 0, 156.03123488125823, 75.93335787921421, 83.96876511874174, 53.41678939617134
690, 1603471559350534912, 0, 156.08729388811417, 75.93059646537137, 83.91270611188581, 53.42231222385706
691, 1603471559372068364, 0, 156.1433528949701, 75.92783505152852, 83.85664710502988, 53.427835051542786
692, 1603471559393601792, 0, 156.19941190182604, 75.92507363768567, 83.80058809817393, 53.4333578792285
693, 1603471559415135364, 0, 156.25547090868199, 75.92231222384281, 83.74452909131799, 53.43888070691422
694, 1603471559436668928, 0, 156.31152991553793, 75.91955080999996, 83.68847008446204, 53.44440353459994
695, 1603471559458202364, 0, 156.36758892239388, 75.91678939615711, 83.6324110776061, 53.449926362285666
696, 1603471559479735808, 0, 156.42364792924982, 75.91402798231427, 83.57635207075015, 53.455449189971375
697, 1603471559501269364, 0, 156.47970693610577, 75.91126656847142, 83.5202930638942, 53.460972017657085
698, 1603471559522803200, 0, 156.5357659429617, 75.90850515462856, 83.46423405703827, 53.466494845342815
699, 1603471559544337364, 0, 156.59182494981764, 75.90574374078571, 83.40817505018234, 53.472017673028546
700, 1603471559565870848, 0, 156.64788395667358, 75.90298232694286, 83.35211604332639, 53.477540500714255
701, 1603471559587404364, 0, 156.70394296352953, 75.90022091310001, 83.29605703647044, 53.48306332839997
702, 1603471559608937728, 0, 156.83837454001156, 75.89745949925654, 83.1616254599884, 53.488586156089085
703, 1603471559630471364, 0, 156.97280611649362, 75.89469808541307, 83.02719388350636, 53.494108983778204
704, 1603471559652004864, 0, 157.10723769297564, 75.8919366715696, 82.89276230702433, 53.499631811467324
705, 1603471559673538364, 0, 157.24166926945767, 75.88917525772612, 82.7583307305423, 53.505154639156444
706, 1603471559695071744, 0, 157.37610084593973, 75.88641384388265, 82.62389915406025, 53.51067746684556
707, 1603471559716605364, 0, 157.51053242242176, 75.88365243003919, 82.48946757757821, 53.51620029453467
708, 1603471559738139392, 0, 157.6449639989038, 75.88089101619572, 82.35503600109618, 53.52172312222379
709, 1603471559759673364, 0, 157.77939557538582, 75.87812960235225, 82.22060442461415, 53.52724594991291
710, 1603471559781206784, 0, 157.91382715186785, 75.87536818850877, 82.08617284813212, 53.532768777602044
711, 1603471559802740364, 0, 158.0482587283499, 75.8726067746653, 81.95174127165009, 53.53829160529118
712, 1603471559824273920, 0, 158.18269030483194, 75.86984536082183, 81.81730969516806, 53.5438144329803
713, 1603471559845807364, 0, 158.31712188131397, 75.86708394697835, 81.68287811868603, 53.54933726066942
714, 1603471559867340800, 0, 158.45155345779602, 75.8643225331349, 81.54844654220399, 53.55486008835853
715, 1603471559888874364, 0, 158.58598503427805, 75.86156111929142, 81.41401496572195, 53.560382916047644
716, 1603471559910407680, 0, 158.72041661076008, 75.85879970544795, 81.27958338923992, 53.565905743736764
717, 1603471559931941364, 0, 158.8548481872421, 75.85603829160448, 81.14515181275789, 53.57142857142588
718, 1603471559953475328, 0, 158.98927976372414, 75.853276877761, 81.01072023627583, 53.576951399115
719, 1603471559975009364, 0, 159.1237113402062, 75.85051546391753, 80.87628865979379, 53.58247422680412
720, 1603471559996542720, 0, 159.40385218052768, 75.80271923540866, 80.5961478194723, 53.617844093011925
721, 1603471560018076364, 0, 159.68399302084916, 75.75492300689979, 80.31600697915081, 53.65321395921973
722, 1603471560039609856, 0, 159.96413386117064, 75.70712677839091, 80.03586613882933, 53.68858382542752
723, 1603471560061143364, 0, 160.24427470149212, 75.65933054988206, 79.75572529850785, 53.723953691635316
724, 1603471560082676736, 0, 160.5244155418136, 75.61153432137318, 79.47558445818635, 53.75932355784312
725, 1603471560104210364, 0, 160.8045563821351, 75.56373809286431, 79.19544361786484, 53.79469342405092
726, 1603471560125743872, 0, 161.08469722245658, 75.51594186435544, 78.91530277754335, 53.83006329025872
727, 1603471560147277364, 0, 161.36483806277806, 75.46814563584657, 78.63516193722185, 53.86543315646652
728, 1603471560168811264, 0, 161.64497890309954, 75.42034940733771, 78.35502109690036, 53.90080302267432
729, 1603471560190345364, 0, 161.92511974342102, 75.37255317882884, 78.07488025657887, 53.93617288888211
730, 1603471560211878912, 0, 162.2052605837425, 75.32475695031997, 77.79473941625739, 53.97154275508993
731, 1603471560233412364, 0, 162.48540142406398, 75.2769607218111, 77.5145985759359, 54.006912621297744
732, 1603471560254945792, 0, 162.76554226438546, 75.22916449330222, 77.23445773561441, 54.042282487505545
733, 1603471560276479364, 0, 163.04568310470694, 75.18136826479335, 76.95431689529292, 54.07765235371335
734, 1603471560298012928, 0, 163.32582394502845, 75.13357203628448, 76.67417605497141, 54.11302221992115
735, 1603471560319546364, 0, 163.60596478534993, 75.0857758077756, 76.3940352146499, 54.14839208612895
736, 1603471560341079808, 0, 163.8861056256714, 75.03797957926673, 76.11389437432842, 54.183761952336745
737, 1603471560362613364, 0, 164.16624646599288, 74.99018335075787, 75.83375353400695, 54.21913181854454
738, 1603471560384147200, 0, 164.44638730631436, 74.942387122249, 75.55361269368545, 54.254501684752334
739, 1603471560405681364, 0, 164.72652814663584, 74.89459089374013, 75.27347185336396, 54.28987155096013
740, 1603471560427214848, 0, 165.1557752711184, 74.95418844889124, 74.84422472888124, 54.21784763351722
741, 1603471560448748364, 0, 165.5850223956009, 75.01378600404237, 74.41497760439853, 54.14582371607432
742, 1603471560470281728, 0, 166.01426952008342, 75.07338355919349, 73.98573047991583, 54.07379979863141
743, 1603471560491815364, 0, 166.44351664456596, 75.1329811143446, 73.55648335543313, 54.00177588118851
744, 1603471560513348864, 0, 166.8727637690485, 75.19257866949573, 73.12723623095042, 53.929751963745595
745, 1603471560534882364, 0, 167.30201089353102, 75.25217622464685, 72.6979891064677, 53.85772804630268
746, 1603471560556415744, 0, 167.73125801801353, 75.31177377979796, 72.26874198198499, 53.785704128859756
747, 1603471560577949364, 0, 168.16050514249608, 75.37137133494909, 71.83949485750227, 53.71368021141683
748, 1603471560599483392, 0, 168.58975226697862, 75.4309688901002, 71.41024773301957, 53.641656293973924
749, 1603471560621017364, 0, 169.01899939146114, 75.49056644525132, 70.98100060853687, 53.56963237653102
750, 1603471560642550784, 0, 169.44824651594365, 75.55016400040245, 70.55175348405416, 53.49760845908811
751, 1603471560664084364, 0, 169.8774936404262, 75.60976155555356, 70.12250635957145, 53.4255845416452
752, 1603471560685617920, 0, 170.8115070067946, 75.44584150721859, 69.18849299320354, 53.57707822768046
753, 1603471560707151364, 0, 171.745520373163, 75.28192145888362, 68.25447962683563, 53.728571913715726
754, 1603471560728684800, 0, 172.6795337395314, 75.11800141054864, 67.32046626046774, 53.88006559975099
755, 1603471560750218364, 0, 173.61354710589978, 74.95408136221367, 66.38645289409985, 54.03155928578626
756, 1603471560771751680, 0, 174.54756047225428, 75.10328451059783, 65.45243952774537, 53.86992977510519
757, 1603471560793285364, 0, 175.48157383860877, 75.25248765898199, 64.51842616139089, 53.708300264424125
758, 1603471560814819328, 0, 176.4155872049633, 75.40169080736615, 63.5844127950364, 53.546670753743065
759, 1603471560836353364, 0, 177.34960057131778, 75.55089395575033, 62.65039942868191, 53.385041243062005
760, 1603471560857886720, 0, 178.28361393767227, 75.70009710413449, 61.716386062327445, 53.22341173238094
761, 1603471560879420364, 0, 179.21762730402676, 75.84930025251865, 60.78237269597298, 53.06178222169987
762, 1603471560900953856, 0, 180.15164067038125, 75.9985034009028, 59.8483593296185, 52.900152711018805
763, 1603471560922487364, 0, 181.08565403673575, 76.14770654928697, 58.914345963264026, 52.73852320033774
764, 1603471560944020736, 0, 182.01966740309024, 76.29690969767113, 57.980332596909534, 52.57689368965667
765, 1603471560965554364, 0, 182.95368076944476, 76.44611284605529, 57.04631923055504, 52.415264178975605
766, 1603471560987087872, 0, 183.88769413579925, 76.59531599443946, 56.112305864200565, 52.253634668294545
767, 1603471561008621364, 0, 184.82170750215374, 76.74451914282362, 55.17829249784609, 52.092005157613485
768, 1603471561030155264, 0, 185.75572086850823, 76.89372229120778, 54.24427913149161, 51.93037564693242
769, 1603471561051689364, 0, 186.68973423486273, 77.04292543959194, 53.31026576513713, 51.76874613625135
770, 1603471561073222912, 0, 187.62374760121722, 77.1921285879761, 52.37625239878267, 51.607116625570285
771, 1603471561094756364, 0, 188.5577609675717, 77.34133173636026, 51.442239032428205, 51.44548711488922
772, 1603471561116289792, 0, 189.49177433392623, 77.49053488474442, 50.50822566607371, 51.28385760420816
773, 1603471561137823364, 0, 190.42578770028072, 77.6397380331286, 49.57421229971922, 51.1222280935271
774, 1603471561159356928, 0, 191.3598010666352, 77.78894118151275, 48.64019893336474, 50.960598582846025
775, 1603471561180890364, 0, 192.2938144329897, 77.93814432989691, 47.70618556701027, 50.79896907216495
776, 1603471561202423808, 0, 193.58662973397657, 78.01641486313252, 46.413370266023406, 50.615819885475446
777, 1603471561223957364, 0, 194.87944503496342, 78.09468539636812, 45.12055496503655, 50.43267069878594
778, 1603471561245491200, 0, 196.17226033595028, 78.17295592960372, 43.82773966404969, 50.24952151209643
779, 1603471561267025364, 0, 197.46507563693714, 78.25122646283933, 42.53492436306283, 50.06637232540692
780, 1603471561288558848, 0, 198.757890937924, 78.32949699607494, 41.242109062075954, 49.8832231387174
781, 1603471561310092364, 0, 200.05070623891086, 78.40776752931055, 39.94929376108908, 49.70007395202788
782, 1603471561331625728, 0, 201.34352153989772, 78.48603806254616, 38.65647846010222, 49.51692476533836
783, 1603471561353159364, 0, 202.63633684088458, 78.56430859578175, 37.36366315911536, 49.33377557864884
784, 1603471561374692864, 0, 203.92915214187144, 78.64257912901735, 36.0708478581285, 49.15062639195932
785, 1603471561396226364, 0, 205.2219674428583, 78.72084966225296, 34.77803255714164, 48.9674772052698
786, 1603471561417759744, 0, 206.51478274384516, 78.79912019548857, 33.48521725615478, 48.78432801858029
787, 1603471561439293364, 0, 207.80759804483202, 78.87739072872417, 32.192401955167924, 48.60117883189078
788, 1603471561460827392, 0, 209.12822689840215, 78.94945756768134, 30.871773101597825, 48.282128048907026
789, 1603471561482361364, 0, 210.44885575197225, 79.0215244066385, 29.551144248027725, 47.963077265923275
790, 1603471561503894784, 0, 211.76948460554235, 79.09359124559568, 28.230515394457644, 47.64402648293952
791, 1603471561525428364, 0, 213.09011345911244, 79.16565808455285, 26.909886540887562, 47.324975699955765
792, 1603471561546961920, 0, 214.5669434998108, 79.3909609588184, 25.43305650018917, 46.322800852231154
793, 1603471561568495364, 0, 216.04377354050914, 79.61626383308395, 23.95622645949078, 45.320626004506536
794, 1603471561590028800, 0, 217.52060358120747, 79.8415667073495, 22.479396418792405, 44.31845115678192
795, 1603471561611562364, 0, 218.9974336219058, 80.06686958161507, 21.00256637809403, 43.3162763090573
796, 1603471561633095680, 0, 220.47426366260413, 80.29217245588062, 19.525736337395657, 42.31410146133269
797, 1603471561654629364, 0, 221.9510937033025, 80.51747533014617, 18.048906296697282, 41.31192661360808
798, 1603471561676163328, 0, 223.42792374400085, 80.74277820441172, 16.572076255998894, 40.30975176588346
799, 1603471561697697364, 0, 224.90475378469918, 80.96808107867727, 15.095246215300506, 39.307576918158844
800, 1603471561719230720, 0, 226.3815838253975, 81.19338395294284, 13.618416174602132, 38.30540207043422
801, 1603471561740764364, 0, 227.85841386609584, 81.41868682720839, 12.141586133903758, 37.303227222709594
802, 1603471561762297856, 0, 229.33524390679418, 81.64398970147394, 10.664756093205364, 36.301052374984984
803, 1603471561783831364, 0, 230.81207394749254, 81.8692925757395, 9.18792605250697, 35.29887752726037
804, 1603471561805364736, 0, 232.42923285004616, 82.37195089298179, 7.570767149953479, 34.383042663667965
805, 1603471561826898364, 0, 234.0463917525998, 82.87460921022408, 5.953608247399987, 33.467207800075556
806, 1603471561848431872, 0, 235.43814432990814, 83.76977883191617, 4.561855670091728, 32.158861631996544
807, 1603471561869965364, 0, 236.8298969072165, 84.66494845360825, 3.17010309278347, 30.850515463917528
808, 1603471561891499264, 0, 236.8298969072165, 84.66494845360825, 3.17010309278347, 30.850515463917528
809, 1603471561913033364
810, 1603471561934566912
811, 1603471561956100364
812, 1603471561977633792
813, 1603471561999167364
814, 1603471562020700928
815, 1603471562042234364
816, 1603471562063767808
817, 1603471562085301364
818, 1603471562106835200
819, 1603471562128369364
