5, 0, 6.703787046133342e-15, 83.50515463917532, 8.007862683104962, 34.79381443298973, -1, -1, -1, -1
6, 0, 3.351893523066671e-15, 81.93943298968775, 15.516206290702467, 38.877840995806, -1, -1, -1, -1
7, 0, 0, 80.37371134020017, 23.024549898299973, 42.96186755862225, -1, -1, -1, -1
8, 0, 0.0, 78.80798969071864, 30.532893505851018, 45.95258326384722, -1, -1, -1, -1
9, 0, 0, 77.24226804123711, 38.04123711340206, 48.94329896907217, -1, -1, -1, -1
10, 0, 0.0, 76.35466796411797, 44.54296307885102, 50.091852654436664, -1, -1, -1, -1
11, 0, 0, 75.46706788699883, 51.04468904429998, 51.24040633980113, -1, -1, -1, -1
12, 0, 2.4955397389544066e-15, 75.59254569714614, 57.546415009732314, 51.375882137903844, -1, -1, -1, -1
13, 0, 4.991079477908813e-15, 75.71802350729344, 64.04814097516466, 51.511357936006554, -1, -1, -1, -1
14, 0, 3.3273863186058758e-15, 75.82017718356227, 69.99762144374586, 51.67015786800435, -1, -1, -1, -1
15, 0, 1.6636931593029379e-15, 75.92233085983109, 75.94710191232704, 51.828957800002144, -1, -1, -1, -1
16, 0, 0, 76.02448453609992, 81.89658238090824, 51.98775773199995, -1, -1, -1, -1
17, 0, 0, 75.85051546391753, 86.75257731958763, 52.422680412371136, -1, -1, -1, -1
18, 0, 0.0, 75.88917525770867, 91.69135680590816, 52.6546391752355, -1, -1, -1, -1
19, 0, 0, 75.92783505149983, 96.63013629222867, 52.88659793809986, -1, -1, -1, -1
20, 0, 1.6391325412805485e-15, 75.96649484532591, 100.50634198872731, 53.11855670099757, -1, -1, -1, -1
21, 0, 3.278265082561097e-15, 76.005154639152, 104.38254768522597, 53.35051546389532, -1, -1, -1, -1
22, 0, 4.9173976238416455e-15, 76.04381443297808, 108.25875338172463, 53.58247422679304, -1, -1, -1, -1
23, 0, 6.556530165122194e-15, 76.08247422680417, 112.13495907822328, 53.81443298969076, -1, -1, -1, -1
24, 0, 1.818075317383471, 76.07544517339998, 112.1475190547, 53.8179475164, -1, -1, -1, -1
25, 0, 4.505321345747146, 75.79618292137529, 112.2764930396, 53.8214620431, -1, -1, -1, -1
26, 0, 6.421524754873009, 75.92171804452471, 112.4054670245, 53.8249765698, -1, -1, -1, -1
27, 0, 7.2825464343365205, 75.87993501846853, 112.67281092696354, 53.828491096525056, -1, -1, -1, -1
28, 0, 8.14356811380003, 75.83815199241235, 112.94015482942709, 53.83200562325007, -1, -1, -1, -1
29, 0, 9.004589793263541, 75.79636896635618, 113.20749873189064, 53.83552014997507, -1, -1, -1, -1
30, 0, 9.865611472727053, 75.7545859403, 113.47484263435419, 53.839034676700116, -1, -1, -1, -1
31, 0, 10.380708358348258, 75.71280291419353, 113.0503369492, 53.8425492034, -1, -1, -1, -1
32, 0, 10.329058668561899, 75.565584086829, 113.17931093414317, 53.84606373010001, -1, -1, -1, -1
33, 0, 10.27740897877554, 75.4183652594645, 113.30828491908635, 53.8495782568, -1, -1, -1, -1
34, 0, 10.22575928898918, 75.27114643209998, 113.43725890402953, 53.85309278349996, -1, -1, -1, -1
35, 0, 10.17410959920282, 75.12392760473546, 113.5662328889727, 53.856607310199955, -1, -1, -1, -1
36, 0, 10.187590196544807, 75.13308740281501, 113.55507890076531, 53.860121836910636, -1, -1, -1, -1
37, 0, 10.201070793886794, 75.14224720089454, 113.54392491255791, 53.86363636362135, -1, -1, -1, -1
38, 0, 10.214551391228781, 75.1514069989741, 113.53277092435052, 53.86715089033203, -1, -1, -1, -1
39, 0, 10.228031988570768, 75.16056679705363, 113.52161693614312, 53.870665417042744, -1, -1, -1, -1
40, 0, 10.241512585912753, 75.16972659513318, 113.51046294793571, 53.87417994375342, -1, -1, -1, -1
41, 0, 10.25499318325474, 75.17888639321274, 113.49930895972832, 53.87769447046412, -1, -1, -1, -1
42, 0, 10.268473780596727, 75.18804619129227, 113.48815497152093, 53.88120899717481, -1, -1, -1, -1
43, 0, 10.281954377938714, 75.19720598937182, 113.47700098331352, 53.884723523885484, -1, -1, -1, -1
44, 0, 10.2954349752807, 75.20636578745138, 113.46584699510612, 53.888238050596186, -1, -1, -1, -1
45, 0, 10.308915572622688, 75.21552558553091, 113.45469300689874, 53.891752577306875, -1, -1, -1, -1
46, 0, 10.322396169964675, 75.22468538361046, 113.44353901869133, 53.89526710401758, -1, -1, -1, -1
47, 0, 10.335876767306662, 75.23384518169, 113.43238503048393, 53.898781630728266, -1, -1, -1, -1
48, 0, 10.349357364648649, 75.24300497976955, 113.42123104227652, 53.90229615743897, -1, -1, -1, -1
49, 0, 10.362837961990634, 75.2521647778491, 113.41007705406913, 53.90581068414964, -1, -1, -1, -1
50, 0, 10.37631855933262, 75.26132457592864, 113.39892306586174, 53.90932521086033, -1, -1, -1, -1
51, 0, 10.389799156674608, 75.27048437400819, 113.38776907765433, 53.91283973757103, -1, -1, -1, -1
52, 0, 10.403279754016594, 75.27964417208773, 113.37661508944693, 53.91635426428172, -1, -1, -1, -1
53, 0, 10.416760351358581, 75.28880397016728, 113.36546110123955, 53.919868790992425, -1, -1, -1, -1
54, 0, 10.430240948700568, 75.29796376824683, 113.35430711303214, 53.9233833177031, -1, -1, -1, -1
55, 0, 10.443721546042555, 75.30712356632637, 113.34315312482474, 53.926897844413816, -1, -1, -1, -1
56, 0, 10.457202143384542, 75.31628336440592, 113.33199913661733, 53.93041237112449, -1, -1, -1, -1
57, 0, 10.470682740726529, 75.32544316248546, 113.32084514840994, 53.93392689783518, -1, -1, -1, -1
58, 0, 10.484163338068514, 75.33460296056501, 113.30969116020255, 53.93744142454588, -1, -1, -1, -1
59, 0, 10.497643935410501, 75.34376275864456, 113.29853717199515, 53.940955951256555, -1, -1, -1, -1
60, 0, 10.511124532752488, 75.3529225567241, 113.28738318378774, 53.94447047796727, -1, -1, -1, -1
61, 0, 10.524605130094475, 75.36208235480365, 113.27622919558036, 53.947985004677946, -1, -1, -1, -1
62, 0, 10.538085727436462, 75.37124215288318, 113.26507520737294, 53.951499531388635, -1, -1, -1, -1
63, 0, 10.551566324778449, 75.38040195096274, 113.25392121916555, 53.95501405809934, -1, -1, -1, -1
64, 0, 10.565046922120436, 75.38956174904229, 113.24276723095817, 53.95852858481001, -1, -1, -1, -1
65, 0, 10.578527519462423, 75.39872154712182, 113.23161324275075, 53.96204311152073, -1, -1, -1, -1
66, 0, 10.59200811680441, 75.40788134520137, 113.22045925454336, 53.9655576382314, -1, -1, -1, -1
67, 0, 10.605488714146395, 75.41704114328093, 113.20930526633596, 53.969072164942105, -1, -1, -1, -1
68, 0, 10.618969311488382, 75.42620094136046, 113.19815127812856, 53.97258669165279, -1, -1, -1, -1
69, 0, 10.632449908830369, 75.43536073944001, 113.18699728992117, 53.97610121836347, -1, -1, -1, -1
70, 0, 10.645930506172355, 75.44452053751955, 113.17584330171377, 53.979615745074184, -1, -1, -1, -1
71, 0, 10.659411103514342, 75.4536803355991, 113.16468931350636, 53.98313027178486, -1, -1, -1, -1
72, 0, 10.67289170085633, 75.46284013367865, 113.15353532529898, 53.98664479849556, -1, -1, -1, -1
73, 0, 10.686372298198316, 75.47199993175819, 113.14238133709156, 53.99015932520625, -1, -1, -1, -1
74, 0, 10.699852895540303, 75.48115972983774, 113.13122734888417, 53.99367385191695, -1, -1, -1, -1
75, 0, 10.71333349288229, 75.49031952791728, 113.12007336067677, 53.99718837862764, -1, -1, -1, -1
76, 0, 10.726814090224275, 75.49947932599683, 113.10891937246937, 54.000702905338315, -1, -1, -1, -1
77, 0, 10.740294687566262, 75.50863912407638, 113.09776538426198, 54.00421743204902, -1, -1, -1, -1
78, 0, 10.753775284908249, 75.51779892215592, 113.08661139605458, 54.007731958759706, -1, -1, -1, -1
79, 0, 10.767255882250236, 75.52695872023547, 113.07545740784717, 54.01124648547041, -1, -1, -1, -1
80, 0, 10.780736479592223, 75.53611851831502, 113.06430341963978, 54.01476101218108, -1, -1, -1, -1
81, 0, 10.79421707693421, 75.54527831639456, 113.05314943143239, 54.0182755388918, -1, -1, -1, -1
82, 0, 10.807697674276197, 75.55443811447411, 113.04199544322498, 54.021790065602474, -1, -1, -1, -1
83, 0, 10.821178271618184, 75.56359791255365, 113.03084145501758, 54.02530459231316, -1, -1, -1, -1
84, 0, 10.83465886896017, 75.5727577106332, 113.01968746681018, 54.028819119023865, -1, -1, -1, -1
85, 0, 10.848139466302156, 75.58191750871275, 113.00853347860279, 54.03233364573454, -1, -1, -1, -1
86, 0, 10.861620063644143, 75.59107730679229, 112.99737949039539, 54.035848172445256, -1, -1, -1, -1
87, 0, 10.87510066098613, 75.60023710487184, 112.98622550218798, 54.03936269915593, -1, -1, -1, -1
88, 0, 10.888581258328117, 75.60939690295137, 112.9750715139806, 54.04287722586665, -1, -1, -1, -1
89, 0, 10.902061855670103, 75.61855670103093, 112.9639175257732, 54.04639175257732, -1, -1, -1, -1
90, 0, 11.052272413391718, 75.63512518409415, 113.04675994108727, 54.038107511046505, -1, -1, -1, -1
91, 0, 11.202482971113332, 75.65169366715739, 113.12960235640138, 54.029823269515674, -1, -1, -1, -1
92, 0, 11.352693528834946, 75.66826215022061, 113.21244477171545, 54.021539027984886, -1, -1, -1, -1
93, 0, 11.50290408655656, 75.68483063328384, 113.29528718702956, 54.01325478645407, -1, -1, -1, -1
94, 0, 11.653114644278173, 75.70139911634708, 113.37812960234363, 54.00497054492324, -1, -1, -1, -1
95, 0, 11.803325201999787, 75.7179675994103, 113.46097201765774, 53.99668630339242, -1, -1, -1, -1
96, 0, 11.953535759721401, 75.73453608247353, 113.54381443297181, 53.988402061861635, -1, -1, -1, -1
97, 0, 12.103746317443015, 75.75110456553676, 113.62665684828592, 53.980117820330804, -1, -1, -1, -1
98, 0, 12.25395687516463, 75.76767304859999, 113.7094992636, 53.9718335788, -1, -1, -1, -1
99, 0, 12.72609284978757, 75.78424153166362, 113.79234167891818, 53.963549337263615, -1, -1, -1, -1
100, 0, 13.19822882441051, 75.80081001472726, 113.87518409423636, 53.95526509572727, -1, -1, -1, -1
101, 0, 13.67036479903345, 75.8173784977909, 113.95802650955454, 53.9469808541909, -1, -1, -1, -1
102, 0, 14.142500773656389, 75.83394698085453, 114.04086892487271, 53.93869661265455, -1, -1, -1, -1
103, 0, 14.61463674827933, 75.85051546391817, 114.12371134019092, 53.93041237111818, -1, -1, -1, -1
104, 0, 15.08677272290227, 75.86708394698182, 114.20655375550909, 53.92212812958182, -1, -1, -1, -1
105, 0, 15.55890869752521, 75.88365243004546, 114.28939617082729, 53.91384388804545, -1, -1, -1, -1
106, 0, 16.03104467214815, 75.9002209131091, 114.37223858614547, 53.905559646509104, -1, -1, -1, -1
107, 0, 16.50318064677109, 75.91678939617273, 114.45508100146364, 53.89727540497273, -1, -1, -1, -1
108, 0, 16.97531662139403, 75.93335787923637, 114.53792341678184, 53.88899116343639, -1, -1, -1, -1
109, 0, 17.44745259601697, 75.9499263623, 114.6207658321, 53.8807069219, -1, -1, -1, -1
110, 0, 18.050026176154024, 75.96649484536302, 114.70360824741742, 53.872422680373845, -1, -1, -1, -1
111, 0, 18.652599756291078, 75.98306332842603, 114.7864506627348, 53.864138438847704, -1, -1, -1, -1
112, 0, 19.255173336428133, 75.99963181148905, 114.86929307805221, 53.85585419732152, -1, -1, -1, -1
113, 0, 19.857746916565187, 76.01620029455206, 114.95213549336961, 53.84756995579538, -1, -1, -1, -1
114, 0, 20.46032049670224, 76.03276877761508, 115.034977908687, 53.83928571426921, -1, -1, -1, -1
115, 0, 21.062894076839296, 76.0493372606781, 115.1178203240044, 53.831001472743026, -1, -1, -1, -1
116, 0, 21.66546765697635, 76.06590574374111, 115.20066273932179, 53.822717231216885, -1, -1, -1, -1
117, 0, 22.268041237113405, 76.08247422680412, 115.28350515463919, 53.81443298969072, -1, -1, -1, -1
118, 0, 23.20405278142812, 76.06192551701878, 115.29150373267223, 53.82643085673618, -1, -1, -1, -1
119, 0, 24.140064325742838, 76.04137680723343, 115.29950231070528, 53.83842872378165, -1, -1, -1, -1
120, 0, 25.07607587005755, 76.02082809744809, 115.30750088873832, 53.85042659082711, -1, -1, -1, -1
121, 0, 26.012087414372267, 76.00027938766274, 115.31549946677134, 53.86242445787258, -1, -1, -1, -1
122, 0, 26.948098958686984, 75.9797306778774, 115.32349804480438, 53.874422324918044, -1, -1, -1, -1
123, 0, 27.8841105030017, 75.95918196809207, 115.33149662283745, 53.886420191963495, -1, -1, -1, -1
124, 0, 28.820122047316417, 75.93863325830672, 115.33949520087047, 53.89841805900896, -1, -1, -1, -1
125, 0, 29.756133591631134, 75.91808454852138, 115.3474937789035, 53.91041592605443, -1, -1, -1, -1
126, 0, 30.69214513594585, 75.89753583873603, 115.35549235693657, 53.92241379309989, -1, -1, -1, -1
127, 0, 31.628156680260567, 75.87698712895069, 115.3634909349696, 53.93441166014536, -1, -1, -1, -1
128, 0, 32.56416822457528, 75.85643841916534, 115.37148951300263, 53.94640952719082, -1, -1, -1, -1
129, 0, 33.50017976888999, 75.83588970938, 115.3794880910357, 53.95840739423629, -1, -1, -1, -1
130, 0, 34.436191313204716, 75.81534099959465, 115.38748666906872, 53.970405261281755, -1, -1, -1, -1
131, 0, 35.372202857519426, 75.79479228980931, 115.39548524710176, 53.98240312832722, -1, -1, -1, -1
132, 0, 36.30821440183414, 75.77424358002398, 115.40348382513483, 53.99440099537267, -1, -1, -1, -1
133, 0, 37.24422594614886, 75.75369487023863, 115.41148240316785, 54.00639886241814, -1, -1, -1, -1
134, 0, 38.180237490463576, 75.73314616045329, 115.41948098120088, 54.0183967294636, -1, -1, -1, -1
135, 0, 39.11624903477829, 75.71259745066794, 115.42747955923392, 54.03039459650907, -1, -1, -1, -1
136, 0, 40.05226057909301, 75.6920487408826, 115.43547813726698, 54.042392463554535, -1, -1, -1, -1
137, 0, 40.988272123407725, 75.67150003109725, 115.4434767153, 54.0543903306, -1, -1, -1, -1
138, 0, 42.083446042639494, 75.67204078661916, 115.45147529332858, 54.06638819764285, -1, -1, -1, -1
139, 0, 43.17861996187126, 75.67258154214107, 115.45947387135716, 54.07838606468573, -1, -1, -1, -1
140, 0, 44.27379388110304, 75.673122297663, 115.46747244938572, 54.09038393172857, -1, -1, -1, -1
141, 0, 45.36896780033481, 75.67366305318491, 115.47547102741427, 54.10238179877142, -1, -1, -1, -1
142, 0, 46.46414171956658, 75.67420380870682, 115.48346960544285, 54.1143796658143, -1, -1, -1, -1
143, 0, 47.559315638798346, 75.67474456422873, 115.49146818347143, 54.12637753285715, -1, -1, -1, -1
144, 0, 48.65448955803012, 75.67528531975066, 115.4994667615, 54.13837539990001, -1, -1, -1, -1
145, 0, 49.74966347726189, 75.67582607527257, 115.50746533952858, 54.150373266942864, -1, -1, -1, -1
146, 0, 50.84483739649366, 75.67636683079448, 115.51546391755716, 54.162371133985715, -1, -1, -1, -1
147, 0, 51.94001131572543, 75.67690758631639, 115.52346249558573, 54.174369001028595, -1, -1, -1, -1
148, 0, 53.0351852349572, 75.6774483418383, 115.53146107361428, 54.186366868071445, -1, -1, -1, -1
149, 0, 54.130359154188966, 75.67798909736022, 115.53945965164286, 54.19836473511428, -1, -1, -1, -1
150, 0, 55.22553307342074, 75.67852985288214, 115.54745822967143, 54.21036260215716, -1, -1, -1, -1
151, 0, 56.32070699265251, 75.67907060840405, 115.5554568077, 54.2223604692, -1, -1, -1, -1
152, 0, 57.60561671698384, 75.6958790925037, 115.58520005217264, 54.23435833625001, -1, -1, -1, -1
153, 0, 58.89052644131516, 75.71268757660337, 115.61494329664527, 54.246356203299996, -1, -1, -1, -1
154, 0, 60.17543616564649, 75.72949606070303, 115.64468654111789, 54.258354070349995, -1, -1, -1, -1
155, 0, 61.460345889977816, 75.74630454480268, 115.67442978559052, 54.270351937399994, -1, -1, -1, -1
156, 0, 62.745255614309144, 75.76311302890235, 115.70417303006315, 54.28234980444998, -1, -1, -1, -1
157, 0, 64.03016533864047, 75.77992151300201, 115.73391627453577, 54.29434767149998, -1, -1, -1, -1
158, 0, 65.3150750629718, 75.79672999710166, 115.76365951900843, 54.306345538550005, -1, -1, -1, -1
159, 0, 66.59998478730313, 75.81353848120133, 115.79340276348105, 54.31834340559999, -1, -1, -1, -1
160, 0, 67.88489451163444, 75.83034696530099, 115.8231460079537, 54.33034127264999, -1, -1, -1, -1
161, 0, 69.16980423596577, 75.84715544940065, 115.85288925242632, 54.34233913969999, -1, -1, -1, -1
162, 0, 70.4547139602971, 75.86396393350032, 115.88263249689895, 54.35433700674997, -1, -1, -1, -1
163, 0, 71.73962368462843, 75.88077241759997, 115.91237574137158, 54.36633487379997, -1, -1, -1, -1
164, 0, 73.06802274183723, 75.89758090170032, 115.89862965295832, 54.378332740845835, -1, -1, -1, -1
165, 0, 74.39642179904602, 75.91438938580066, 115.88488356454504, 54.39033060789174, -1, -1, -1, -1
166, 0, 75.72482085625482, 75.93119786990101, 115.87113747613178, 54.402328474937605, -1, -1, -1, -1
167, 0, 77.05321991346362, 75.94800635400135, 115.85739138771852, 54.41432634198348, -1, -1, -1, -1
168, 0, 78.38161897067242, 75.9648148381017, 115.84364529930524, 54.426324209029374, -1, -1, -1, -1
169, 0, 79.71001802788123, 75.98162332220204, 115.82989921089197, 54.43832207607525, -1, -1, -1, -1
170, 0, 81.03841708509003, 75.99843180630239, 115.81615312247871, 54.450319943121116, -1, -1, -1, -1
171, 0, 82.36681614229883, 76.01524029040274, 115.80240703406542, 54.46231781016701, -1, -1, -1, -1
172, 0, 83.69521519950763, 76.03204877450308, 115.78866094565217, 54.474315677212886, -1, -1, -1, -1
173, 0, 85.02361425671643, 76.04885725860343, 115.77491485723891, 54.48631354425875, -1, -1, -1, -1
174, 0, 86.35201331392523, 76.06566574270377, 115.76116876882563, 54.498311411304655, -1, -1, -1, -1
175, 0, 87.68041237113403, 76.08247422680412, 115.74742268041237, 54.51030927835052, -1, -1, -1, -1
176, 0, 89.01006398166146, 76.04813445360831, 115.68218427834987, 54.47769007731587, -1, -1, -1, -1
177, 0, 90.33971559218888, 76.01379468041249, 115.6169458762874, 54.44507087628121, -1, -1, -1, -1
178, 0, 91.66936720271632, 75.97945490721668, 115.5517074742249, 54.41245167524656, -1, -1, -1, -1
179, 0, 92.99901881324374, 75.94511513402085, 115.48646907216244, 54.379832474211895, -1, -1, -1, -1
180, 0, 94.32867042377117, 75.91077536082504, 115.42123067009993, 54.347213273177246, -1, -1, -1, -1
181, 0, 95.6583220342986, 75.87643558762922, 115.35599226803743, 54.31459407214258, -1, -1, -1, -1
182, 0, 96.98797364482603, 75.8420958144334, 115.29075386597496, 54.281974871107934, -1, -1, -1, -1
183, 0, 98.31762525535346, 75.80775604123758, 115.22551546391246, 54.24935567007327, -1, -1, -1, -1
184, 0, 99.64727686588088, 75.77341626804177, 115.16027706184997, 54.21673646903862, -1, -1, -1, -1
185, 0, 100.97692847640832, 75.73907649484595, 115.09503865978749, 54.18411726800396, -1, -1, -1, -1
186, 0, 102.30658008693575, 75.70473672165014, 115.02980025772499, 54.15149806696931, -1, -1, -1, -1
187, 0, 103.63623169746317, 75.67039694845431, 114.96456185566252, 54.11887886593465, -1, -1, -1, -1
188, 0, 104.96588330799061, 75.6360571752585, 114.8993234536, 54.0862596649, -1, -1, -1, -1
189, 0, 106.48262964958097, 75.64652939609874, 114.6086787262797, 54.05364046386666, -1, -1, -1, -1
190, 0, 107.99937599117133, 75.657001616939, 114.3180339989594, 54.02102126283327, -1, -1, -1, -1
191, 0, 109.51612233276171, 75.66747383777926, 114.02738927163904, 53.98840206179989, -1, -1, -1, -1
192, 0, 111.03286867435207, 75.6779460586195, 113.73674454431873, 53.95578286076655, -1, -1, -1, -1
193, 0, 112.54961501594244, 75.68841827945974, 113.44609981699841, 53.923163659733206, -1, -1, -1, -1
194, 0, 114.0663613575328, 75.6988905003, 113.1554550896781, 53.890544458699814, -1, -1, -1, -1
195, 0, 114.70674499287416, 75.7093627211375, 113.25927143155583, 53.85792525767485, -1, -1, -1, -1
196, 0, 115.34712862821553, 75.719834941975, 113.36308777343356, 53.82530605664988, -1, -1, -1, -1
197, 0, 115.9875122635569, 75.7303071628125, 113.4669041153113, 53.79268685562491, -1, -1, -1, -1
198, 0, 116.62789589889826, 75.74077938365, 113.57072045718905, 53.76006765459991, -1, -1, -1, -1
199, 0, 117.26827953423962, 75.7512516044875, 113.67453679906679, 53.72744845357492, -1, -1, -1, -1
200, 0, 117.90866316958099, 75.761723825325, 113.77835314094452, 53.69482925254995, -1, -1, -1, -1
201, 0, 118.54904680492236, 75.7721960461625, 113.88216948282225, 53.66221005152498, -1, -1, -1, -1
202, 0, 119.18943044026372, 75.782668267, 113.9859858247, 53.6295908505, -1, -1, -1, -1
203, 0, 119.5556896095077, 75.77156434256152, 113.74051528364335, 53.59697164946921, -1, -1, -1, -1
204, 0, 119.92194877875166, 75.76046041812303, 113.4950447425867, 53.56435244843844, -1, -1, -1, -1
205, 0, 120.28820794799563, 75.74935649368454, 113.24957420153007, 53.531733247407644, -1, -1, -1, -1
206, 0, 120.6544671172396, 75.73825256924606, 113.0041036604734, 53.499114046376874, -1, -1, -1, -1
207, 0, 121.02072628648357, 75.72714864480757, 112.75863311941679, 53.46649484534608, -1, -1, -1, -1
208, 0, 121.38698545572754, 75.71604472036908, 112.51316257836015, 53.43387564431531, -1, -1, -1, -1
209, 0, 121.75324462497152, 75.7049407959306, 112.26769203730349, 53.40125644328451, -1, -1, -1, -1
210, 0, 122.11950379421549, 75.69383687149211, 112.02222149624686, 53.36863724225374, -1, -1, -1, -1
211, 0, 122.48576296345945, 75.68273294705362, 111.77675095519024, 53.33601804122294, -1, -1, -1, -1
212, 0, 122.85202213270342, 75.67162902261514, 111.53128041413358, 53.30339884019217, -1, -1, -1, -1
213, 0, 123.2182813019474, 75.66052509817665, 111.28580987307694, 53.270779639161375, -1, -1, -1, -1
214, 0, 123.58454047119136, 75.64942117373816, 111.0403393320203, 53.238160438130606, -1, -1, -1, -1
215, 0, 123.95079964043533, 75.63831724929967, 110.79486879096366, 53.205541237099794, -1, -1, -1, -1
216, 0, 123.90252488999819, 75.62721332486724, 110.9639321695973, 53.172922036069835, -1, -1, -1, -1
217, 0, 123.85425013956103, 75.6161094004348, 111.13299554823092, 53.14030283503985, -1, -1, -1, -1
218, 0, 123.80597538912389, 75.60500547600236, 111.30205892686456, 53.107683634009874, -1, -1, -1, -1
219, 0, 123.75770063868674, 75.59390155156991, 111.4711223054982, 53.075064432979886, -1, -1, -1, -1
220, 0, 123.7094258882496, 75.58279762713748, 111.64018568413184, 53.04244523194991, -1, -1, -1, -1
221, 0, 123.66115113781244, 75.57169370270505, 111.80924906276546, 53.00982603091994, -1, -1, -1, -1
222, 0, 123.6128763873753, 75.5605897782726, 111.9783124413991, 52.97720682988995, -1, -1, -1, -1
223, 0, 123.56460163693815, 75.54948585384017, 112.14737582003274, 52.94458762885998, -1, -1, -1, -1
224, 0, 123.51632688650099, 75.53838192940772, 112.31643919866636, 52.91196842782999, -1, -1, -1, -1
225, 0, 123.46805213606385, 75.52727800497529, 112.4855025773, 52.8793492268, -1, -1, -1, -1
226, 0, 123.4964755107338, 75.5337979118364, 112.42026417523954, 52.84673002576939, -1, -1, -1, -1
227, 0, 123.52489888540377, 75.54031781869752, 112.3550257731791, 52.81411082473876, -1, -1, -1, -1
228, 0, 123.55332226007373, 75.54683772555863, 112.28978737111863, 52.781491623708135, -1, -1, -1, -1
229, 0, 123.5817456347437, 75.55335763241976, 112.22454896905816, 52.748872422677465, -1, -1, -1, -1
230, 0, 123.61016900941365, 75.55987753928088, 112.15931056699773, 52.71625322164684, -1, -1, -1, -1
231, 0, 123.63859238408362, 75.56639744614199, 112.09407216493726, 52.68363402061621, -1, -1, -1, -1
232, 0, 123.66701575875358, 75.5729173530031, 112.02883376287683, 52.65101481958558, -1, -1, -1, -1
233, 0, 123.69543913342353, 75.57943725986422, 111.96359536081637, 52.618395618554956, -1, -1, -1, -1
234, 0, 123.7238625080935, 75.58595716672534, 111.8983569587559, 52.58577641752433, -1, -1, -1, -1
235, 0, 123.75228588276346, 75.59247707358645, 111.83311855669547, 52.5531572164937, -1, -1, -1, -1
236, 0, 123.78070925743343, 75.59899698044758, 111.767880154635, 52.52053801546303, -1, -1, -1, -1
237, 0, 123.80913263210338, 75.6055168873087, 111.70264175257454, 52.487918814432405, -1, -1, -1, -1
238, 0, 123.83755600677335, 75.61203679416981, 111.63740335051409, 52.45529961340178, -1, -1, -1, -1
239, 0, 123.86597938144331, 75.61855670103093, 111.57216494845362, 52.422680412371136, -1, -1, -1, -1
240, 0, 124.07142183081085, 75.62442907477616, 111.53072835947266, 52.45491847924943, -1, -1, -1, -1
241, 0, 124.2768642801784, 75.6303014485214, 111.48929177049165, 52.48715654612771, -1, -1, -1, -1
242, 0, 124.48230672954594, 75.63617382226663, 111.44785518151068, 52.519394613005986, -1, -1, -1, -1
243, 0, 124.68774917891349, 75.64204619601186, 111.40641859252969, 52.551632679884264, -1, -1, -1, -1
244, 0, 124.89319162828103, 75.6479185697571, 111.36498200354869, 52.58387074676254, -1, -1, -1, -1
245, 0, 125.09863407764857, 75.65379094350233, 111.32354541456772, 52.61610881364082, -1, -1, -1, -1
246, 0, 125.30407652701612, 75.65966331724756, 111.28210882558673, 52.6483468805191, -1, -1, -1, -1
247, 0, 125.50951897638366, 75.6655356909928, 111.24067223660573, 52.68058494739738, -1, -1, -1, -1
248, 0, 125.71496142575121, 75.67140806473805, 111.19923564762475, 52.712823014275614, -1, -1, -1, -1
249, 0, 125.92040387511875, 75.67728043848328, 111.15779905864375, 52.74506108115389, -1, -1, -1, -1
250, 0, 126.1258463244863, 75.68315281222851, 111.11636246966276, 52.77729914803217, -1, -1, -1, -1
251, 0, 126.33128877385384, 75.68902518597375, 111.07492588068179, 52.80953721491045, -1, -1, -1, -1
252, 0, 126.53673122322138, 75.69489755971898, 111.03348929170079, 52.84177528178873, -1, -1, -1, -1
253, 0, 126.74217367258893, 75.70076993346422, 110.9920527027198, 52.874013348667006, -1, -1, -1, -1
254, 0, 126.94761612195647, 75.70664230720945, 110.95061611373883, 52.906251415545285, -1, -1, -1, -1
255, 0, 127.15305857132402, 75.71251468095468, 110.90917952475782, 52.93848948242356, -1, -1, -1, -1
256, 0, 127.35850102069156, 75.71838705469992, 110.86774293577683, 52.970727549301834, -1, -1, -1, -1
257, 0, 127.90772109567949, 75.7242594284499, 110.61414886804418, 52.95464225951818, -1, -1, -1, -1
258, 0, 128.45694117066742, 75.73013180219988, 110.36055480031152, 52.93855696973452, -1, -1, -1, -1
259, 0, 129.00616124565533, 75.73600417594986, 110.10696073257884, 52.92247167995086, -1, -1, -1, -1
260, 0, 129.55538132064325, 75.74187654969985, 109.85336666484619, 52.906386390167185, -1, -1, -1, -1
261, 0, 130.1046013956312, 75.74774892344983, 109.59977259711351, 52.890301100383525, -1, -1, -1, -1
262, 0, 130.6538214706191, 75.75362129719981, 109.34617852938086, 52.874215810599864, -1, -1, -1, -1
263, 0, 131.39048297016717, 75.75949367093983, 108.6095170298328, 52.85813052080988, -1, -1, -1, -1
264, 0, 132.12714446971523, 75.76536604467985, 107.87285553028474, 52.842045231019895, -1, -1, -1, -1
265, 0, 132.8638059692633, 75.77123841841987, 107.13619403073668, 52.82595994122988, -1, -1, -1, -1
266, 0, 133.60046746881136, 75.77711079215989, 106.39953253118861, 52.8098746514399, -1, -1, -1, -1
267, 0, 134.33712896835942, 75.7829831658999, 105.66287103164058, 52.793789361649914, -1, -1, -1, -1
268, 0, 135.0737904679075, 75.78885553963993, 104.92620953209251, 52.77770407185993, -1, -1, -1, -1
269, 0, 135.81045196745555, 75.79472791337994, 104.18954803254445, 52.761618782069945, -1, -1, -1, -1
270, 0, 136.5471134670036, 75.80060028711996, 103.45288653299639, 52.74553349227993, -1, -1, -1, -1
271, 0, 137.28377496655168, 75.80647266085998, 102.71622503344832, 52.72944820248995, -1, -1, -1, -1
272, 0, 138.02043646609974, 75.8123450346, 101.97956353390026, 52.71336291269996, -1, -1, -1, -1
273, 0, 138.70165319767557, 75.8182174083498, 101.29834680232443, 52.72217147329991, -1, -1, -1, -1
274, 0, 139.38286992925143, 75.8240897820996, 100.61713007074857, 52.730980033899854, -1, -1, -1, -1
275, 0, 140.35150509296656, 75.82996215583962, 99.64849490703344, 52.73978859451985, -1, -1, -1, -1
276, 0, 141.3201402566817, 75.83583452957964, 98.6798597433183, 52.748597155139834, -1, -1, -1, -1
277, 0, 142.28877542039683, 75.84170690331965, 97.71122457960317, 52.75740571575986, -1, -1, -1, -1
278, 0, 143.257410584112, 75.84757927705967, 96.74258941588798, 52.76621427637987, -1, -1, -1, -1
279, 0, 144.22604574782713, 75.85345165079968, 95.77395425217284, 52.77502283699988, -1, -1, -1, -1
280, 0, 145.19468091154226, 75.8593240245397, 94.80531908845771, 52.78383139761986, -1, -1, -1, -1
281, 0, 146.1633160752574, 75.86519639827972, 93.83668392474257, 52.792639958239874, -1, -1, -1, -1
282, 0, 147.13195123897253, 75.87106877201973, 92.86804876102744, 52.8014485188599, -1, -1, -1, -1
283, 0, 148.10058640268767, 75.87694114575974, 91.8994135973123, 52.81025707947991, -1, -1, -1, -1
284, 0, 149.0692215664028, 75.88281351949976, 90.93077843359717, 52.81906564009989, -1, -1, -1, -1
285, 0, 150.03785673011794, 75.88868589323978, 89.96214326988203, 52.827874200719904, -1, -1, -1, -1
286, 0, 151.0064918938331, 75.8945582669798, 88.99350810616684, 52.836682761339915, -1, -1, -1, -1
287, 0, 151.97512705754824, 75.9004306407198, 88.02487294245171, 52.84549132195994, -1, -1, -1, -1
288, 0, 152.94376222126337, 75.90630301445982, 87.05623777873657, 52.85429988257992, -1, -1, -1, -1
289, 0, 153.9123973849785, 75.91217538819984, 86.08760261502142, 52.86310844319994, -1, -1, -1, -1
290, 0, 154.00916127917267, 75.91804776194599, 85.99083872082727, 52.8719170038153, -1, -1, -1, -1
291, 0, 154.10592517336687, 75.92392013569211, 85.89407482663307, 52.880725564430676, -1, -1, -1, -1
292, 0, 154.20268906756104, 75.92979250943826, 85.7973109324389, 52.88953412504604, -1, -1, -1, -1
293, 0, 154.29945296175524, 75.93566488318439, 85.70054703824471, 52.89834268566145, -1, -1, -1, -1
294, 0, 154.3962168559494, 75.94153725693053, 85.60378314405054, 52.90715124627681, -1, -1, -1, -1
295, 0, 154.4929807501436, 75.94740963067667, 85.50701924985634, 52.915959806892175, -1, -1, -1, -1
296, 0, 154.58974464433777, 75.9532820044228, 85.41025535566217, 52.92476836750755, -1, -1, -1, -1
297, 0, 154.68650853853197, 75.95915437816895, 85.31349146146798, 52.93357692812292, -1, -1, -1, -1
298, 0, 154.78327243272614, 75.96502675191509, 85.21672756727381, 52.94238548873828, -1, -1, -1, -1
299, 0, 154.88003632692033, 75.97089912566122, 85.11996367307961, 52.95119404935369, -1, -1, -1, -1
300, 0, 154.9768002211145, 75.97677149940736, 85.02319977888544, 52.96000260996905, -1, -1, -1, -1
301, 0, 155.0735641153087, 75.98264387315349, 84.92643588469124, 52.96881117058443, -1, -1, -1, -1
302, 0, 155.17032800950287, 75.98851624689964, 84.82967199049709, 52.97761973119978, -1, -1, -1, -1
303, 0, 155.1093610495596, 75.99438862064254, 84.89063895044035, 52.98642829181411, -1, -1, -1, -1
304, 0, 155.0483940896163, 76.00026099438544, 84.95160591038365, 52.99523685242842, -1, -1, -1, -1
305, 0, 154.98742712967302, 76.00613336812835, 85.01257287032692, 53.00404541304273, -1, -1, -1, -1
306, 0, 154.92646016972972, 76.01200574187125, 85.07353983027025, 53.012853973657045, -1, -1, -1, -1
307, 0, 154.86549320978645, 76.01787811561415, 85.13450679021352, 53.02166253427136, -1, -1, -1, -1
308, 0, 154.80452624984315, 76.02375048935706, 85.19547375015682, 53.03047109488567, -1, -1, -1, -1
309, 0, 154.74355928989988, 76.02962286309996, 85.2564407101001, 53.03927965549997, -1, -1, -1, -1
310, 0, 155.18466757434535, 76.03549523679999, 84.69035007855479, 53.04808821610003, -1, -1, -1, -1
311, 0, 155.08226972040762, 76.04136761054997, 84.85523910604246, 53.0568967767, -1, -1, -1, -1
312, 0, 154.97987186646992, 76.04723998429995, 85.0201281335301, 53.06570533729995, -1, -1, -1, -1
313, 0, 155.05195507772837, 76.05311235805064, 84.94804492227163, 53.074513897921804, -1, -1, -1, -1
314, 0, 155.1240382889868, 76.05898473180135, 84.87596171101319, 53.083322458543606, -1, -1, -1, -1
315, 0, 155.19612150024528, 76.06485710555204, 84.80387849975472, 53.09213101916545, -1, -1, -1, -1
316, 0, 155.26820471150373, 76.07072947930273, 84.73179528849624, 53.100939579787294, -1, -1, -1, -1
317, 0, 155.34028792276217, 76.07660185305343, 84.6597120772378, 53.109748140409096, -1, -1, -1, -1
318, 0, 155.41237113402062, 76.08247422680412, 84.58762886597935, 53.11855670103093, -1, -1, -1, -1
319, 0, 155.39773532547022, 76.07695139911442, 84.60226467452975, 53.12960235640824, -1, -1, -1, -1
320, 0, 155.38309951691983, 76.07142857142472, 84.61690048308014, 53.14064801178557, -1, -1, -1, -1
321, 0, 155.36846370836943, 76.06590574373502, 84.63153629163054, 53.151693667162874, -1, -1, -1, -1
322, 0, 155.35382789981904, 76.06038291604533, 84.64617210018093, 53.16273932254019, -1, -1, -1, -1
323, 0, 155.33919209126864, 76.05486008835562, 84.66080790873133, 53.17378497791749, -1, -1, -1, -1
324, 0, 155.32455628271825, 76.04933726066592, 84.67544371728172, 53.18483063329482, -1, -1, -1, -1
325, 0, 155.30992047416785, 76.04381443297622, 84.69007952583212, 53.195876288672125, -1, -1, -1, -1
326, 0, 155.29528466561746, 76.03829160528652, 84.70471533438251, 53.20692194404943, -1, -1, -1, -1
327, 0, 155.28064885706706, 76.03276877759681, 84.71935114293291, 53.21796759942676, -1, -1, -1, -1
328, 0, 155.2660130485167, 76.02724594990713, 84.73398695148325, 53.229013254804045, -1, -1, -1, -1
329, 0, 155.2513772399663, 76.02172312221742, 84.74862276003364, 53.240058910181375, -1, -1, -1, -1
330, 0, 155.2367414314159, 76.01620029452772, 84.76325856858404, 53.25110456555868, -1, -1, -1, -1
331, 0, 155.2221056228655, 76.01067746683802, 84.77789437713443, 53.26215022093598, -1, -1, -1, -1
332, 0, 155.20746981431512, 76.00515463914832, 84.79253018568483, 53.27319587631331, -1, -1, -1, -1
333, 0, 155.19283400576472, 75.99963181145861, 84.80716599423522, 53.28424153169061, -1, -1, -1, -1
334, 0, 155.17819819721433, 75.99410898376892, 84.82180180278561, 53.29528718706793, -1, -1, -1, -1
335, 0, 155.16356238866393, 75.98858615607922, 84.83643761133601, 53.30633284244523, -1, -1, -1, -1
336, 0, 155.14892658011354, 75.98306332838952, 84.8510734198864, 53.31737849782256, -1, -1, -1, -1
337, 0, 155.13429077156314, 75.97754050069982, 84.86570922843681, 53.32842415319986, -1, -1, -1, -1
338, 0, 155.24640878527504, 75.97201767301412, 84.7535912147249, 53.33946980857128, -1, -1, -1, -1
339, 0, 155.3585267989869, 75.96649484532841, 84.64147320101304, 53.35051546394274, -1, -1, -1, -1
340, 0, 155.4706448126988, 75.96097201764272, 84.52935518730115, 53.36156111931416, -1, -1, -1, -1
341, 0, 155.5827628264107, 75.95544918995702, 84.41723717358926, 53.37260677468561, -1, -1, -1, -1
342, 0, 155.69488084012258, 75.94992636227131, 84.30511915987736, 53.38365243005704, -1, -1, -1, -1
343, 0, 155.80699885383444, 75.94440353458562, 84.1930011461655, 53.39469808542849, -1, -1, -1, -1
344, 0, 155.91911686754634, 75.93888070689991, 84.08088313245361, 53.40574374079992, -1, -1, -1, -1
345, 0, 156.03123488125823, 75.93335787921421, 83.96876511874174, 53.41678939617134, -1, -1, -1, -1
346, 0, 156.1433528949701, 75.92783505152852, 83.85664710502988, 53.427835051542786, -1, -1, -1, -1
347, 0, 156.25547090868199, 75.92231222384281, 83.74452909131799, 53.43888070691422, -1, -1, -1, -1
348, 0, 156.36758892239388, 75.91678939615711, 83.6324110776061, 53.449926362285666, -1, -1, -1, -1
349, 0, 156.47970693610577, 75.91126656847142, 83.5202930638942, 53.460972017657085, -1, -1, -1, -1
350, 0, 156.59182494981764, 75.90574374078571, 83.40817505018234, 53.472017673028546, -1, -1, -1, -1
351, 0, 156.70394296352953, 75.90022091310001, 83.29605703647044, 53.48306332839997, -1, -1, -1, -1
352, 0, 156.97280611649362, 75.89469808541307, 83.02719388350636, 53.494108983778204, -1, -1, -1, -1
353, 0, 157.24166926945767, 75.88917525772612, 82.7583307305423, 53.505154639156444, -1, -1, -1, -1
354, 0, 157.51053242242176, 75.88365243003919, 82.48946757757821, 53.51620029453467, -1, -1, -1, -1
355, 0, 157.77939557538582, 75.87812960235225, 82.22060442461415, 53.52724594991291, -1, -1, -1, -1
356, 0, 158.0482587283499, 75.8726067746653, 81.95174127165009, 53.53829160529118, -1, -1, -1, -1
357, 0, 158.31712188131397, 75.86708394697835, 81.68287811868603, 53.54933726066942, -1, -1, -1, -1
358, 0, 158.58598503427805, 75.86156111929142, 81.41401496572195, 53.560382916047644, -1, -1, -1, -1
359, 0, 158.8548481872421, 75.85603829160448, 81.14515181275789, 53.57142857142588, -1, -1, -1, -1
360, 0, 159.1237113402062, 75.85051546391753, 80.87628865979379, 53.58247422680412, -1, -1, -1, -1
361, 0, 159.68399302084916, 75.75492300689979, 80.31600697915081, 53.65321395921973, -1, -1, -1, -1
362, 0, 160.24427470149212, 75.65933054988206, 79.75572529850785, 53.723953691635316, -1, -1, -1, -1
363, 0, 160.8045563821351, 75.56373809286431, 79.19544361786484, 53.79469342405092, -1, -1, -1, -1
364, 0, 161.36483806277806, 75.46814563584657, 78.63516193722185, 53.86543315646652, -1, -1, -1, -1
365, 0, 161.92511974342102, 75.37255317882884, 78.07488025657887, 53.93617288888211, -1, -1, -1, -1
366, 0, 162.48540142406398, 75.2769607218111, 77.5145985759359, 54.006912621297744, -1, -1, -1, -1
367, 0, 163.04568310470694, 75.18136826479335, 76.95431689529292, 54.07765235371335, -1, -1, -1, -1
368, 0, 163.60596478534993, 75.0857758077756, 76.3940352146499, 54.14839208612895, -1, -1, -1, -1
369, 0, 164.16624646599288, 74.99018335075787, 75.83375353400695, 54.21913181854454, -1, -1, -1, -1
370, 0, 164.72652814663584, 74.89459089374013, 75.27347185336396, 54.28987155096013, -1, -1, -1, -1
371, 0, 165.5850223956009, 75.01378600404237, 74.41497760439853, 54.14582371607432, -1, -1, -1, -1
372, 0, 166.44351664456596, 75.1329811143446, 73.55648335543313, 54.00177588118851, -1, -1, -1, -1
373, 0, 167.30201089353102, 75.25217622464685, 72.6979891064677, 53.85772804630268, -1, -1, -1, -1
374, 0, 168.16050514249608, 75.37137133494909, 71.83949485750227, 53.71368021141683, -1, -1, -1, -1
375, 0, 169.01899939146114, 75.49056644525132, 70.98100060853687, 53.56963237653102, -1, -1, -1, -1
376, 0, 169.8774936404262, 75.60976155555356, 70.12250635957145, 53.4255845416452, -1, -1, -1, -1
377, 0, 171.745520373163, 75.28192145888362, 68.25447962683563, 53.728571913715726, -1, -1, -1, -1
378, 0, 173.61354710589978, 74.95408136221367, 66.38645289409985, 54.03155928578626, -1, -1, -1, -1
379, 0, 175.48157383860877, 75.25248765898199, 64.51842616139089, 53.708300264424125, -1, -1, -1, -1
380, 0, 177.34960057131778, 75.55089395575033, 62.65039942868191, 53.385041243062005, -1, -1, -1, -1
381, 0, 179.21762730402676, 75.84930025251865, 60.78237269597298, 53.06178222169987, -1, -1, -1, -1
382, 0, 181.08565403673575, 76.14770654928697, 58.914345963264026, 52.73852320033774, -1, -1, -1, -1
383, 0, 182.95368076944476, 76.44611284605529, 57.04631923055504, 52.415264178975605, -1, -1, -1, -1
384, 0, 184.82170750215374, 76.74451914282362, 55.17829249784609, 52.092005157613485, -1, -1, -1, -1
385, 0, 186.68973423486273, 77.04292543959194, 53.31026576513713, 51.76874613625135, -1, -1, -1, -1
386, 0, 188.5577609675717, 77.34133173636026, 51.442239032428205, 51.44548711488922, -1, -1, -1, -1
387, 0, 190.42578770028072, 77.6397380331286, 49.57421229971922, 51.1222280935271, -1, -1, -1, -1
388, 0, 192.2938144329897, 77.93814432989691, 47.70618556701027, 50.79896907216495, -1, -1, -1, -1
389, 0, 194.87944503496342, 78.09468539636812, 45.12055496503655, 50.43267069878594, -1, -1, -1, -1
390, 0, 197.46507563693714, 78.25122646283933, 42.53492436306283, 50.06637232540692, -1, -1, -1, -1
391, 0, 200.05070623891086, 78.40776752931055, 39.94929376108908, 49.70007395202788, -1, -1, -1, -1
392, 0, 202.63633684088458, 78.56430859578175, 37.36366315911536, 49.33377557864884, -1, -1, -1, -1
393, 0, 205.2219674428583, 78.72084966225296, 34.77803255714164, 48.9674772052698, -1, -1, -1, -1
394, 0, 207.80759804483202, 78.87739072872417, 32.192401955167924, 48.60117883189078, -1, -1, -1, -1
395, 0, 210.44885575197225, 79.0215244066385, 29.551144248027725, 47.963077265923275, -1, -1, -1, -1
396, 0, 213.09011345911244, 79.16565808455285, 26.909886540887562, 47.324975699955765, -1, -1, -1, -1
397, 0, 216.04377354050914, 79.61626383308395, 23.95622645949078, 45.320626004506536, -1, -1, -1, -1
398, 0, 218.9974336219058, 80.06686958161507, 21.00256637809403, 43.3162763090573, -1, -1, -1, -1
399, 0, 221.9510937033025, 80.51747533014617, 18.048906296697282, 41.31192661360808, -1, -1, -1, -1
400, 0, 224.90475378469918, 80.96808107867727, 15.095246215300506, 39.307576918158844, -1, -1, -1, -1
401, 0, 227.85841386609584, 81.41868682720839, 12.141586133903758, 37.303227222709594, -1, -1, -1, -1
402, 0, 230.81207394749254, 81.8692925757395, 9.18792605250697, 35.29887752726037, -1, -1, -1, -1
403, 0, 234.0463917525998, 82.87460921022408, 5.953608247399987, 33.467207800075556, -1, -1, -1, -1
404, 0, 236.8298969072165, 84.66494845360825, 3.17010309278347, 30.850515463917528, -1, -1, -1, -1
