5, 0, 236.99999999999997, 72.85714285714285, 3, 12.214285714285714, -1, -1, -1, -1
6, 0, 235.97775343395, 72.68839363087142, 4.022246566049974, 13.56234507277522, -1, -1, -1, -1
7, 0, 234.9555068679, 72.51964440459997, 5.044493132099947, 14.910404431264723, -1, -1, -1, -1
8, 0, 233.93326030188655, 72.35089517829998, 6.0667396981133965, 15.548433865193324, -1, -1, -1, -1
9, 0, 232.91101373587313, 72.18214595199998, 7.088986264126845, 16.186463299121925, -1, -1, -1, -1
10, 0, 231.8887671698597, 72.0133967257, 8.11123283014029, 16.824492733050526, -1, -1, -1, -1
11, 0, 230.86652060384625, 71.84464749940001, 9.133479396153735, 17.462522166979127, -1, -1, -1, -1
12, 0, 229.97205540133461, 71.6758982731298, 10.027944598665295, 17.911290364017155, -1, -1, -1, -1
13, 0, 229.077590198823, 71.50714904685961, 10.922409801176855, 18.360058561055183, -1, -1, -1, -1
14, 0, 228.1831249963114, 71.33839982058942, 11.816875003688416, 18.80882675809321, -1, -1, -1, -1
15, 0, 227.28865979379975, 71.16965059431922, 12.711340206199976, 19.257594955131236, -1, -1, -1, -1
16, 0, 226.31752577317485, 70.68025832252802, 13.68247422682493, 20.00580906373486, -1, -1, -1, -1
17, 0, 225.34639175254995, 70.19086605073682, 14.653608247449881, 20.754023172338478, -1, -1, -1, -1
18, 0, 224.37525773192505, 69.70147377894563, 15.624742268074835, 21.50223728094209, -1, -1, -1, -1
19, 0, 223.40412371130017, 69.21208150715442, 16.595876288699788, 22.2504513895457, -1, -1, -1, -1
20, 0, 222.4329896906883, 69.08137376455309, 17.567010309311677, 22.639980968951313, -1, -1, -1, -1
21, 0, 221.4618556700764, 68.95066602195175, 18.53814432992357, 23.029510548356924, -1, -1, -1, -1
22, 0, 220.49072164946452, 68.8199582793504, 19.509278350535453, 23.419040127762543, -1, -1, -1, -1
23, 0, 219.51958762885263, 68.68925053674907, 20.480412371147338, 23.80856970716816, -1, -1, -1, -1
24, 0, 218.54845360824075, 68.55854279414774, 21.45154639175922, 24.198099286573772, -1, -1, -1, -1
25, 0, 217.57731958762886, 68.4278350515464, 22.4226804123711, 24.587628865979383, -1, -1, -1, -1
26, 0, 216.72197164948454, 68.38434278350516, 23.278028350515438, 24.67461340206185, -1, -1, -1, -1
27, 0, 215.8666237113402, 68.34085051546393, 24.133376288659775, 24.76159793814432, -1, -1, -1, -1
28, 0, 215.01127577319588, 68.2973582474227, 24.988724226804095, 24.848582474226802, -1, -1, -1, -1
29, 0, 214.15592783505156, 68.25386597938144, 25.844072164948415, 24.935567010309285, -1, -1, -1, -1
30, 0, 213.3005798969072, 68.21037371134021, 26.69942010309275, 25.02255154639176, -1, -1, -1, -1
31, 0, 212.4452319587629, 68.16688144329898, 27.554768041237082, 25.109536082474236, -1, -1, -1, -1
32, 0, 211.58988402061857, 68.12338917525773, 28.41011597938143, 25.19652061855671, -1, -1, -1, -1
33, 0, 210.73453608247422, 68.0798969072165, 29.26546391752578, 25.283505154639187, -1, -1, -1, -1
34, 0, 209.8791881443299, 68.03640463917526, 30.120811855670098, 25.370489690721655, -1, -1, -1, -1
35, 0, 209.02384020618558, 67.99291237113403, 30.976159793814418, 25.457474226804123, -1, -1, -1, -1
36, 0, 208.16849226804123, 67.94942010309279, 31.83150773195875, 25.5444587628866, -1, -1, -1, -1
37, 0, 207.31314432989691, 67.90592783505156, 32.686855670103085, 25.631443298969074, -1, -1, -1, -1
38, 0, 206.4577963917526, 67.86243556701032, 33.542203608247405, 25.718427835051557, -1, -1, -1, -1
39, 0, 205.60244845360828, 67.81894329896907, 34.397551546391725, 25.80541237113404, -1, -1, -1, -1
40, 0, 204.74710051546396, 67.77545103092784, 35.25289948453605, 25.892396907216504, -1, -1, -1, -1
41, 0, 203.8917525773196, 67.7319587628866, 36.10824742268038, 25.97938144329897, -1, -1, -1, -1
42, 0, 203.0442109436955, 67.75872323552737, 36.95578905630449, 26.02398889770024, -1, -1, -1, -1
43, 0, 202.1966693100714, 67.78548770816813, 37.8033306899286, 26.06859635210151, -1, -1, -1, -1
44, 0, 201.34912767644727, 67.81225218080888, 38.65087232355272, 26.11320380650278, -1, -1, -1, -1
45, 0, 200.50158604282316, 67.83901665344965, 39.49841395717684, 26.157811260904055, -1, -1, -1, -1
46, 0, 199.65404440919906, 67.86578112609041, 40.34595559080094, 26.20241871530532, -1, -1, -1, -1
47, 0, 198.80650277557496, 67.89254559873118, 41.193497224425045, 26.247026169706587, -1, -1, -1, -1
48, 0, 197.95896114195085, 67.91931007137194, 42.04103885804915, 26.29163362410786, -1, -1, -1, -1
49, 0, 197.11141950832675, 67.94607454401269, 42.88858049167325, 26.336241078509133, -1, -1, -1, -1
50, 0, 196.26387787470264, 67.97283901665345, 43.73612212529737, 26.3808485329104, -1, -1, -1, -1
51, 0, 195.4163362410785, 67.99960348929422, 44.58366375892149, 26.425455987311665, -1, -1, -1, -1
52, 0, 194.5687946074544, 68.02636796193498, 45.43120539254559, 26.47006344171293, -1, -1, -1, -1
53, 0, 193.7212529738303, 68.05313243457574, 46.2787470261697, 26.514670896114197, -1, -1, -1, -1
54, 0, 192.8737113402062, 68.0798969072165, 47.12628865979379, 26.55927835051547, -1, -1, -1, -1
55, 0, 192.0261697065821, 68.10666137985726, 47.973830293417876, 26.603885804916743, -1, -1, -1, -1
56, 0, 191.178628072958, 68.13342585249802, 48.82137192704198, 26.64849325931801, -1, -1, -1, -1
57, 0, 190.3310864393339, 68.16019032513879, 49.668913560666084, 26.693100713719275, -1, -1, -1, -1
58, 0, 189.48354480570976, 68.18695479777955, 50.5164551942902, 26.73770816812054, -1, -1, -1, -1
59, 0, 188.63600317208565, 68.21371927042031, 51.36399682791432, 26.782315622521807, -1, -1, -1, -1
60, 0, 187.78846153846155, 68.24048374306108, 52.211538461538424, 26.82692307692308, -1, -1, -1, -1
61, 0, 186.94091990483744, 68.26724821570183, 53.05908009516253, 26.871530531324353, -1, -1, -1, -1
62, 0, 186.09337827121334, 68.29401268834259, 53.90662172878663, 26.91613798572562, -1, -1, -1, -1
63, 0, 185.24583663758924, 68.32077716098335, 54.754163362410736, 26.960745440126885, -1, -1, -1, -1
64, 0, 184.39829500396513, 68.3475416336241, 55.601704996034854, 27.00535289452816, -1, -1, -1, -1
65, 0, 183.550753370341, 68.37430610626487, 56.44924662965897, 27.04996034892943, -1, -1, -1, -1
66, 0, 182.7032117367169, 68.40107057890563, 57.29678826328308, 27.094567803330698, -1, -1, -1, -1
67, 0, 181.8556701030928, 68.4278350515464, 58.14432989690719, 27.13917525773196, -1, -1, -1, -1
68, 0, 181.10180412371136, 68.4471649484536, 58.344072164948415, 27.15850515463918, -1, -1, -1, -1
69, 0, 180.3479381443299, 68.46649484536083, 58.54381443298965, 27.177835051546396, -1, -1, -1, -1
70, 0, 179.59407216494844, 68.48582474226805, 58.7435567010309, 27.19716494845361, -1, -1, -1, -1
71, 0, 178.840206185567, 68.50515463917526, 58.943298969072146, 27.216494845360828, -1, -1, -1, -1
72, 0, 178.08634020618558, 68.52448453608247, 59.14304123711338, 27.235824742268044, -1, -1, -1, -1
73, 0, 177.33247422680415, 68.54381443298969, 59.342783505154614, 27.25515463917526, -1, -1, -1, -1
74, 0, 176.57860824742272, 68.56314432989691, 59.54252577319585, 27.274484536082475, -1, -1, -1, -1
75, 0, 175.82474226804126, 68.58247422680412, 59.74226804123708, 27.29381443298969, -1, -1, -1, -1
76, 0, 175.0708762886598, 68.60180412371133, 59.94201030927832, 27.313144329896907, -1, -1, -1, -1
77, 0, 174.31701030927837, 68.62113402061856, 60.14175257731955, 27.332474226804123, -1, -1, -1, -1
78, 0, 173.56314432989694, 68.64046391752578, 60.341494845360806, 27.35180412371134, -1, -1, -1, -1
79, 0, 172.80927835051548, 68.65979381443299, 60.54123711340206, 27.37113402061856, -1, -1, -1, -1
80, 0, 172.15520836217286, 68.67640999087955, 60.59285397488694, 27.36115322359263, -1, -1, -1, -1
81, 0, 171.50113837383026, 68.69302616732611, 60.64447083637182, 27.351172426566706, -1, -1, -1, -1
82, 0, 170.84706838548763, 68.70964234377267, 60.696087697856726, 27.341191629540774, -1, -1, -1, -1
83, 0, 170.192998397145, 68.72625852021923, 60.74770455934163, 27.33121083251484, -1, -1, -1, -1
84, 0, 169.53892840880238, 68.7428746966658, 60.799321420826544, 27.32123003548891, -1, -1, -1, -1
85, 0, 168.88485842045975, 68.75949087311236, 60.85093828231146, 27.311249238462977, -1, -1, -1, -1
86, 0, 168.23078843211715, 68.77610704955892, 60.90255514379635, 27.301268441437053, -1, -1, -1, -1
87, 0, 167.57671844377452, 68.79272322600548, 60.95417200528124, 27.291287644411128, -1, -1, -1, -1
88, 0, 166.9226484554319, 68.80933940245204, 61.005788866766125, 27.281306847385203, -1, -1, -1, -1
89, 0, 166.2685784670893, 68.8259555788986, 61.05740572825101, 27.271326050359278, -1, -1, -1, -1
90, 0, 165.61450847874667, 68.84257175534515, 61.109022589735915, 27.261345253333353, -1, -1, -1, -1
91, 0, 164.96043849040404, 68.85918793179171, 61.16063945122082, 27.251364456307428, -1, -1, -1, -1
92, 0, 164.30636850206142, 68.87580410823827, 61.21225631270572, 27.241383659281496, -1, -1, -1, -1
93, 0, 163.6522985137188, 68.89242028468483, 61.26387317419062, 27.231402862255564, -1, -1, -1, -1
94, 0, 162.9982285253762, 68.9090364611314, 61.31549003567552, 27.22142206522964, -1, -1, -1, -1
95, 0, 162.34415853703356, 68.92565263757795, 61.367106897160426, 27.211441268203714, -1, -1, -1, -1
96, 0, 161.69008854869094, 68.94226881402452, 61.418723758645314, 27.20146047117779, -1, -1, -1, -1
97, 0, 161.03601856034834, 68.95888499047108, 61.4703406201302, 27.191479674151864, -1, -1, -1, -1
98, 0, 160.3819485720057, 68.97550116691764, 61.521957481615104, 27.181498877125932, -1, -1, -1, -1
99, 0, 159.72787858366308, 68.9921173433642, 61.573574343100006, 27.1715180801, -1, -1, -1, -1
100, 0, 159.2803829264954, 69.02250514189245, 61.62519120457981, 27.161537283076264, -1, -1, -1, -1
101, 0, 158.83288726932773, 69.05289294042072, 61.67680806605961, 27.151556486052527, -1, -1, -1, -1
102, 0, 158.38539161216005, 69.08328073894899, 61.72842492753941, 27.141575689028798, -1, -1, -1, -1
103, 0, 157.93789595499234, 69.11366853747724, 61.78004178901921, 27.13159489200507, -1, -1, -1, -1
104, 0, 157.49040029782466, 69.1440563360055, 61.83165865049901, 27.121614094981325, -1, -1, -1, -1
105, 0, 157.04290464065699, 69.17444413453377, 61.88327551197881, 27.11163329795758, -1, -1, -1, -1
106, 0, 156.59540898348928, 69.20483193306202, 61.93489237345861, 27.101652500933845, -1, -1, -1, -1
107, 0, 156.1479133263216, 69.23521973159029, 61.98650923493841, 27.09167170391011, -1, -1, -1, -1
108, 0, 155.70041766915392, 69.26560753011856, 62.03812609641821, 27.08169090688638, -1, -1, -1, -1
109, 0, 155.25292201198624, 69.29599532864681, 62.08974295789801, 27.07171010986265, -1, -1, -1, -1
110, 0, 154.80542635481856, 69.32638312717506, 62.14135981937781, 27.061729312838914, -1, -1, -1, -1
111, 0, 154.35793069765086, 69.35677092570333, 62.19297668085761, 27.051748515815177, -1, -1, -1, -1
112, 0, 153.91043504048318, 69.3871587242316, 62.24459354233741, 27.041767718791434, -1, -1, -1, -1
113, 0, 153.4629393833155, 69.41754652275986, 62.29621040381721, 27.03178692176769, -1, -1, -1, -1
114, 0, 153.0154437261478, 69.44793432128813, 62.34782726529701, 27.02180612474396, -1, -1, -1, -1
115, 0, 152.56794806898012, 69.47832211981638, 62.399444126776814, 27.01182532772023, -1, -1, -1, -1
116, 0, 152.12045241181244, 69.50870991834464, 62.451060988256614, 27.001844530696495, -1, -1, -1, -1
117, 0, 151.67295675464476, 69.5390977168729, 62.50267784973641, 26.991863733672762, -1, -1, -1, -1
118, 0, 151.20725295617908, 69.54906360352715, 62.55080047007239, 27.01701277591367, -1, -1, -1, -1
119, 0, 150.7415491577134, 69.55902949018137, 62.59892309040836, 27.042161818154582, -1, -1, -1, -1
120, 0, 150.2758453592477, 69.5689953768356, 62.64704571074434, 27.067310860395487, -1, -1, -1, -1
121, 0, 149.81014156078203, 69.57896126348984, 62.69516833108031, 27.092459902636392, -1, -1, -1, -1
122, 0, 149.34443776231635, 69.58892715014409, 62.743290951416284, 27.117608944877304, -1, -1, -1, -1
123, 0, 148.87873396385066, 69.59889303679832, 62.79141357175226, 27.142757987118216, -1, -1, -1, -1
124, 0, 148.41303016538498, 69.60885892345256, 62.83953619208823, 27.167907029359114, -1, -1, -1, -1
125, 0, 147.9473263669193, 69.6188248101068, 62.887658812424206, 27.19305607160001, -1, -1, -1, -1
126, 0, 147.48162256845362, 69.62879069676103, 62.93578143276018, 27.218205113840924, -1, -1, -1, -1
127, 0, 147.01591876998793, 69.63875658341527, 62.983904053096154, 27.243354156081836, -1, -1, -1, -1
128, 0, 146.55021497152225, 69.64872247006952, 63.03202667343213, 27.26850319832274, -1, -1, -1, -1
129, 0, 146.08451117305657, 69.65868835672374, 63.0801492937681, 27.293652240563645, -1, -1, -1, -1
130, 0, 145.6188073745909, 69.66865424337797, 63.128271914104076, 27.318801282804557, -1, -1, -1, -1
131, 0, 145.1531035761252, 69.67862013003221, 63.17639453444005, 27.34395032504547, -1, -1, -1, -1
132, 0, 144.68739977765955, 69.68858601668646, 63.224517154775995, 27.369099367286374, -1, -1, -1, -1
133, 0, 144.22169597919387, 69.69855190334069, 63.27263977511194, 27.39424840952728, -1, -1, -1, -1
134, 0, 143.75599218072819, 69.70851778999491, 63.320762395447915, 27.41939745176819, -1, -1, -1, -1
135, 0, 143.2902883822625, 69.71848367664916, 63.36888501578389, 27.444546494009103, -1, -1, -1, -1
136, 0, 142.82458458379682, 69.7284495633034, 63.41700763611986, 27.469695536250008, -1, -1, -1, -1
137, 0, 142.35888078533114, 69.73841544995763, 63.465130256455836, 27.494844578490913, -1, -1, -1, -1
138, 0, 141.89317698686546, 69.74838133661186, 63.51325287679181, 27.519993620731825, -1, -1, -1, -1
139, 0, 141.42747318839977, 69.7583472232661, 63.561375497127784, 27.545142662972737, -1, -1, -1, -1
140, 0, 140.9617693899341, 69.76831310992034, 63.60949811746376, 27.570291705213634, -1, -1, -1, -1
141, 0, 140.4960655914684, 69.77827899657458, 63.65762073779973, 27.595440747454532, -1, -1, -1, -1
142, 0, 140.03036179300273, 69.78824488322883, 63.705743358135706, 27.620589789695444, -1, -1, -1, -1
143, 0, 139.56465799453704, 69.79821076988306, 63.75386597847168, 27.645738831936356, -1, -1, -1, -1
144, 0, 139.09895419607136, 69.80817665653728, 63.801988598807654, 27.67088787417726, -1, -1, -1, -1
145, 0, 138.63325039760568, 69.81814254319153, 63.85011121914363, 27.696036916418166, -1, -1, -1, -1
146, 0, 138.16754659914, 69.82810842984577, 63.8982338394796, 27.721185958659078, -1, -1, -1, -1
147, 0, 137.7018428006743, 69.8380743165, 63.94635645981557, 27.746335000899986, -1, -1, -1, -1
148, 0, 137.04679768899695, 69.8480402031687, 64.33142565258818, 27.771484043160154, -1, -1, -1, -1
149, 0, 136.3917525773196, 69.8580060898374, 64.7164948453608, 27.79663308542032, -1, -1, -1, -1
149, 1, 238.68556701030928, 75.61855670103093, 1.314432989690686, 10.902061855670103, -1, -1, -1, -1
150, 0, 135.90125833217814, 69.88049591340135, 64.72068362819309, 27.7967733850657, -1, -1, -1, -1
150, 1, 238.01868556701032, 75.61855670103093, 1.9813144329896484, 11.423969072164947, -1, -1, -1, -1
151, 0, 135.41076408703668, 69.90298573696529, 64.72487241102536, 27.796913684711072, -1, -1, -1, -1
151, 1, 237.35180412371136, 75.61855670103093, 2.648195876288611, 11.94587628865979, -1, -1, -1, -1
152, 0, 134.92026984189522, 69.92547556052924, 64.72906119385763, 27.797053984356445, -1, -1, -1, -1
152, 1, 236.6849226804124, 75.61855670103093, 3.315077319587587, 12.467783505154635, -1, -1, -1, -1
153, 0, 134.42977559675379, 69.94796538409318, 64.7332499766899, 27.79719428400182, -1, -1, -1, -1
153, 1, 236.0180412371134, 75.61855670103093, 3.9819587628865634, 12.989690721649481, -1, -1, -1, -1
154, 0, 133.93928135161232, 69.97045520765712, 64.73743875952218, 27.797334583647192, -1, -1, -1, -1
154, 1, 235.35115979381442, 75.61855670103093, 4.64884020618554, 13.511597938144327, -1, -1, -1, -1
155, 0, 133.44878710647086, 69.99294503122107, 64.74162754235445, 27.797474883292566, -1, -1, -1, -1
155, 1, 234.68427835051546, 75.61855670103093, 5.315721649484516, 14.033505154639172, -1, -1, -1, -1
156, 0, 132.95829286132943, 70.01543485478501, 64.74581632518672, 27.797615182937932, -1, -1, -1, -1
156, 1, 234.0173969072165, 75.61855670103093, 5.982603092783478, 14.55541237113402, -1, -1, -1, -1
157, 0, 132.46779861618796, 70.03792467834897, 64.750005108019, 27.797755482583298, -1, -1, -1, -1
157, 1, 233.35051546391753, 75.61855670103093, 6.649484536082439, 15.077319587628867, -1, -1, -1, -1
158, 0, 131.9773043710465, 70.06041450191292, 64.75419389085128, 27.79789578222867, -1, -1, -1, -1
158, 1, 232.938788659794, 75.47938144329771, 7.061211340205958, 15.401552769052069, -1, -1, -1, -1
159, 0, 131.48681012590504, 70.08290432547686, 64.75838267368357, 27.798036081874045, -1, -1, -1, -1
159, 1, 232.5270618556705, 75.34020618556448, 7.472938144329476, 15.72578595047527, -1, -1, -1, -1
160, 0, 130.99631588076358, 70.1053941490408, 64.76257145651584, 27.79817638151942, -1, -1, -1, -1
160, 1, 232.11533505154696, 75.20103092783125, 7.884664948453008, 16.05001913189848, -1, -1, -1, -1
161, 0, 130.50582163562214, 70.12788397260475, 64.76676023934812, 27.798316681164792, -1, -1, -1, -1
161, 1, 231.70360824742343, 75.06185567009803, 8.29639175257654, 16.37425231332169, -1, -1, -1, -1
162, 0, 130.01532739048068, 70.1503737961687, 64.77094902218039, 27.79845698081016, -1, -1, -1, -1
162, 1, 231.29188144329993, 74.9226804123648, 8.708118556700057, 16.698485494744894, -1, -1, -1, -1
163, 0, 129.52483314533922, 70.17286361973264, 64.77513780501266, 27.798597280455525, -1, -1, -1, -1
163, 1, 230.8801546391764, 74.78350515463158, 9.119845360823575, 17.022718676168097, -1, -1, -1, -1
164, 0, 129.03433890019775, 70.19535344329658, 64.77932658784495, 27.798737580100898, -1, -1, -1, -1
164, 1, 230.46842783505286, 74.64432989689836, 9.531572164947093, 17.346951857591307, -1, -1, -1, -1
165, 0, 128.5438446550563, 70.21784326686053, 64.78351537067724, 27.79887787974627, -1, -1, -1, -1
165, 1, 230.05670103092936, 74.50515463916513, 9.94329896907061, 17.671185039014517, -1, -1, -1, -1
166, 0, 128.05335040991486, 70.24033309042447, 64.78770415350951, 27.799018179391645, -1, -1, -1, -1
166, 1, 229.64497422680583, 74.36597938143191, 10.355025773194143, 17.99541822043772, -1, -1, -1, -1
167, 0, 127.5628561647734, 70.26282291398842, 64.79189293634178, 27.79915847903702, -1, -1, -1, -1
167, 1, 229.2332474226823, 74.22680412369868, 10.766752577317675, 18.319651401860924, -1, -1, -1, -1
168, 0, 127.07236191963193, 70.28531273755237, 64.79608171917407, 27.799298778682385, -1, -1, -1, -1
168, 1, 228.8215206185588, 74.08762886596546, 11.178479381441207, 18.643884583284134, -1, -1, -1, -1
169, 0, 126.58186767449047, 70.30780256111632, 64.80027050200636, 27.79943907832775, -1, -1, -1, -1
169, 1, 228.40979381443526, 73.94845360823223, 11.590206185564739, 18.968117764707344, -1, -1, -1, -1
170, 0, 126.091373429349, 70.33029238468026, 64.80445928483863, 27.799579377973124, -1, -1, -1, -1
170, 1, 227.99806701031173, 73.809278350499, 12.001932989688271, 19.292350946130547, -1, -1, -1, -1
171, 0, 125.60087918420756, 70.35278220824421, 64.80864806767089, 27.799719677618498, -1, -1, -1, -1
171, 1, 227.5863402061882, 73.67010309276579, 12.413659793811803, 19.61658412755375, -1, -1, -1, -1
172, 0, 125.11038493906611, 70.37527203180815, 64.81283685050317, 27.79985997726387, -1, -1, -1, -1
172, 1, 227.17461340206467, 73.53092783503256, 12.82538659793532, 19.94081730897696, -1, -1, -1, -1
173, 0, 124.61989069392465, 70.3977618553721, 64.81702563333545, 27.800000276909245, -1, -1, -1, -1
173, 1, 226.76288659794116, 73.39175257729933, 13.237113402058839, 20.26505049040017, -1, -1, -1, -1
174, 0, 124.12939644878318, 70.42025167893604, 64.82121441616772, 27.80014057655462, -1, -1, -1, -1
174, 1, 226.35115979381766, 73.25257731956611, 13.648840206182356, 20.589283671823374, -1, -1, -1, -1
175, 0, 123.63890220364173, 70.44274150249998, 64.825403199, 27.8002808762, -1, -1, -1, -1
175, 1, 225.93943298969413, 73.11340206183289, 14.060567010305874, 20.913516853246577, -1, -1, -1, -1
176, 0, 123.02306155331277, 70.46523132605832, 64.82959198183333, 27.80042117585, -1, -1, -1, -1
176, 1, 225.5277061855706, 72.97422680409966, 14.472293814429406, 21.237750034669787, -1, -1, -1, -1
177, 0, 122.4072209029838, 70.48772114961665, 64.83378076466667, 27.800561475500004, -1, -1, -1, -1
177, 1, 225.11597938144706, 72.83505154636643, 14.884020618552938, 21.561983216092997, -1, -1, -1, -1
178, 0, 121.79138025265483, 70.51021097317499, 64.83796954750001, 27.800701775149996, -1, -1, -1, -1
178, 1, 224.70425257732353, 72.6958762886332, 15.295747422676461, 21.8862163975162, -1, -1, -1, -1
179, 0, 121.17553960232587, 70.53270079673332, 64.84215833033335, 27.800842074799988, -1, -1, -1, -1
179, 1, 224.29252577320003, 72.55670103089999, 15.707474226799985, 22.210449578939407, -1, -1, -1, -1
180, 0, 120.55969895199691, 70.55519062029165, 64.84634711316667, 27.800982374449987, -1, -1, -1, -1
180, 1, 223.88079896907607, 72.41752577316957, 16.119201030923925, 22.316741899009784, -1, -1, -1, -1
181, 0, 119.94385830166794, 70.57768044385, 64.850535896, 27.801122674099986, -1, -1, -1, -1
181, 1, 223.46907216495214, 72.27835051543916, 16.530927835047862, 22.423034219080165, -1, -1, -1, -1
182, 0, 119.32801765133897, 70.60017026740833, 64.85472467883332, 27.801262973749992, -1, -1, -1, -1
182, 1, 223.0573453608282, 72.13917525770876, 16.942654639171806, 22.52932653915054, -1, -1, -1, -1
183, 0, 118.71217700101, 70.62266009096666, 64.85891346166666, 27.8014032734, -1, -1, -1, -1
183, 1, 222.64561855670425, 71.99999999997834, 17.35438144329575, 22.635618859220912, -1, -1, -1, -1
184, 0, 118.09633635068104, 70.64514991452499, 64.8631022445, 27.801543573049997, -1, -1, -1, -1
184, 1, 222.23389175258032, 71.86082474224793, 17.76610824741968, 22.741911179291293, -1, -1, -1, -1
185, 0, 117.48049570035207, 70.66763973808332, 64.86729102733335, 27.801683872699996, -1, -1, -1, -1
185, 1, 221.8221649484564, 71.72164948451751, 18.17783505154361, 22.848203499361674, -1, -1, -1, -1
186, 0, 116.8646550500231, 70.69012956164167, 64.87147981016668, 27.80182417235, -1, -1, -1, -1
186, 1, 221.41043814433243, 71.5824742267871, 18.589561855667554, 22.954495819432047, -1, -1, -1, -1
187, 0, 116.24881439969414, 70.7126193852, 64.875668593, 27.801964472, -1, -1, -1, -1
187, 1, 220.9987113402085, 71.4432989690567, 19.0012886597915, 23.06078813950242, -1, -1, -1, -1
188, 0, 115.47998910268575, 70.73510920876664, 64.87985737583658, 27.80210477164579, -1, -1, -1, -1
188, 1, 220.58698453608457, 71.30412371132628, 19.41301546391543, 23.167080459572794, -1, -1, -1, -1
189, 0, 114.71116380567736, 70.75759903233329, 64.88404615867316, 27.80224507129158, -1, -1, -1, -1
189, 1, 220.1752577319606, 71.16494845359587, 19.82474226803936, 23.273372779643168, -1, -1, -1, -1
190, 0, 113.94233850866897, 70.78008885589992, 64.88823494150974, 27.80238537093738, -1, -1, -1, -1
190, 1, 219.76353092783665, 71.02577319586547, 20.236469072163302, 23.37966509971354, -1, -1, -1, -1
191, 0, 113.17351321166058, 70.80257867946656, 64.89242372434632, 27.80252567058318, -1, -1, -1, -1
191, 1, 219.35180412371272, 70.88659793813505, 20.648195876287247, 23.485957419783915, -1, -1, -1, -1
192, 0, 112.40468791465219, 70.82506850303321, 64.89661250718288, 27.80266597022898, -1, -1, -1, -1
192, 1, 218.9400773195888, 70.74742268040464, 21.059922680411177, 23.592249739854296, -1, -1, -1, -1
193, 0, 111.63586261764381, 70.84755832659985, 64.90080129001946, 27.80280626987478, -1, -1, -1, -1
193, 1, 218.52835051546487, 70.60824742267422, 21.471649484535106, 23.698542059924677, -1, -1, -1, -1
194, 0, 110.86703732063542, 70.8700481501665, 64.90499007285604, 27.80294656952057, -1, -1, -1, -1
194, 1, 218.11662371134094, 70.46907216494381, 21.88337628865905, 23.80483437999505, -1, -1, -1, -1
195, 0, 110.09821202362703, 70.89253797373314, 64.90917885569262, 27.803086869166364, -1, -1, -1, -1
195, 1, 217.70489690721698, 70.32989690721341, 22.295103092782995, 23.911126700065424, -1, -1, -1, -1
196, 0, 109.20363741013891, 70.92716678717574, 64.92315641898192, 27.791088178929343, -1, -1, -1, -1
196, 1, 217.29317010309302, 70.190721649483, 22.706829896906946, 24.017419020135804, -1, -1, -1, -1
197, 0, 108.30906279665079, 70.96179560061834, 64.93713398227122, 27.77908948869232, -1, -1, -1, -1
197, 1, 216.8814432989691, 70.05154639175258, 23.118556701030894, 24.123711340206185, -1, -1, -1, -1
198, 0, 107.41448818316269, 70.99642441406095, 64.95111154556051, 27.767090798455307, -1, -1, -1, -1
198, 1, 216.362947240752, 70.06519102486357, 23.637052759247986, 24.14417828987265, -1, -1, -1, -1
199, 0, 106.51991356967457, 71.03105322750355, 64.96508910884981, 27.755092108218292, -1, -1, -1, -1
199, 1, 215.8444511825349, 70.07883565797454, 24.155548817465075, 24.164645239539112, -1, -1, -1, -1
200, 0, 105.62533895618645, 71.06568204094616, 64.97906667213911, 27.743093417981264, -1, -1, -1, -1
200, 1, 215.32595512431777, 70.09248029108551, 24.674044875682185, 24.185112189205576, -1, -1, -1, -1
201, 0, 104.73076434269834, 71.10031085438877, 64.99304423542841, 27.731094727744235, -1, -1, -1, -1
201, 1, 214.80745906610068, 70.1061249241965, 25.192540933899295, 24.20557913887204, -1, -1, -1, -1
202, 0, 103.83618972921022, 71.13493966783136, 65.00702179871772, 27.71909603750722, -1, -1, -1, -1
202, 1, 214.28896300788358, 70.11976955730746, 25.71103699211639, 24.22604608853851, -1, -1, -1, -1
203, 0, 102.94161511572212, 71.16956848127397, 65.020999362007, 27.707097347270206, -1, -1, -1, -1
203, 1, 213.77046694966648, 70.13341419041843, 26.229533050333487, 24.24651303820498, -1, -1, -1, -1
204, 0, 102.047040502234, 71.20419729471658, 65.0349769252963, 27.695098657033185, -1, -1, -1, -1
204, 1, 213.2519708914494, 70.14705882352942, 26.748029108550597, 24.266979987871444, -1, -1, -1, -1
205, 0, 101.15246588874588, 71.23882610815917, 65.04895448858561, 27.683099966796163, -1, -1, -1, -1
205, 1, 212.73347483323226, 70.16070345664039, 27.266525166767707, 24.287446937537908, -1, -1, -1, -1
206, 0, 100.25789127525778, 71.27345492160177, 65.0629320518749, 27.67110127655915, -1, -1, -1, -1
206, 1, 212.21497877501517, 70.17434808975136, 27.785021224984803, 24.30791388720437, -1, -1, -1, -1
207, 0, 99.36331666176966, 71.30808373504438, 65.0769096151642, 27.659102586322135, -1, -1, -1, -1
207, 1, 211.69648271679807, 70.18799272286235, 28.3035172832019, 24.328380836870835, -1, -1, -1, -1
208, 0, 98.46874204828154, 71.34271254848699, 65.0908871784535, 27.647103896085106, -1, -1, -1, -1
208, 1, 211.17798665858098, 70.20163735597333, 28.822013341418995, 24.34884778653729, -1, -1, -1, -1
209, 0, 97.57416743479342, 71.3773413619296, 65.1048647417428, 27.635105205848078, -1, -1, -1, -1
209, 1, 210.65949060036388, 70.2152819890843, 29.34050939963609, 24.369314736203748, -1, -1, -1, -1
210, 0, 96.6795928213053, 71.4119701753722, 65.1188423050321, 27.623106515611063, -1, -1, -1, -1
210, 1, 210.14099454214676, 70.22892662219527, 29.8590054578532, 24.38978168587022, -1, -1, -1, -1
211, 0, 95.78501820781719, 71.4465989888148, 65.1328198683214, 27.61110782537405, -1, -1, -1, -1
211, 1, 209.62249848392966, 70.24257125530625, 30.37750151607031, 24.41024863553669, -1, -1, -1, -1
212, 0, 94.89044359432907, 71.4812278022574, 65.14679743161071, 27.599109135137024, -1, -1, -1, -1
212, 1, 209.10400242571257, 70.25621588841722, 30.895997574287406, 24.430715585203153, -1, -1, -1, -1
213, 0, 93.99586898084097, 71.5158566157, 65.1607749949, 27.5871104449, -1, -1, -1, -1
213, 1, 208.58550636749547, 70.2698605215282, 31.414493632504502, 24.451182534869616, -1, -1, -1, -1
214, 0, 92.91047419782747, 71.55048542914622, 65.17475255818447, 27.575111754662142, -1, -1, -1, -1
214, 1, 208.06701030927837, 70.28350515463919, 31.932989690721598, 24.47164948453608, -1, -1, -1, -1
215, 0, 91.82507941481397, 71.58511424259244, 65.18873012146894, 27.563113064424286, -1, -1, -1, -1
215, 1, 207.54851425106128, 70.29714978775016, 32.451485748938694, 24.492116434202543, -1, -1, -1, -1
216, 0, 90.73968463180046, 71.61974305603866, 65.20270768475342, 27.551114374186433, -1, -1, -1, -1
216, 1, 207.03001819284418, 70.31079442086113, 32.969981807155804, 24.512583383869007, -1, -1, -1, -1
217, 0, 89.65428984878696, 71.65437186948488, 65.21668524803792, 27.53911568394858, -1, -1, -1, -1
217, 1, 206.51152213462706, 70.32443905397211, 33.488477865372914, 24.53305033353547, -1, -1, -1, -1
218, 0, 88.56889506577346, 71.6890006829311, 65.23066281132239, 27.527116993710713, -1, -1, -1, -1
218, 1, 205.99302607640996, 70.33808368708308, 34.00697392359001, 24.55351728320194, -1, -1, -1, -1
219, 0, 87.48350028275996, 71.72362949637733, 65.24464037460686, 27.515118303472846, -1, -1, -1, -1
219, 1, 205.47453001819287, 70.35172832019406, 34.525469981807106, 24.573984232868412, -1, -1, -1, -1
220, 0, 86.39810549974646, 71.75825830982355, 65.25861793789136, 27.503119613234993, -1, -1, -1, -1
220, 1, 204.95603395997574, 70.36537295330504, 35.043966040024216, 24.594451182534875, -1, -1, -1, -1
221, 0, 85.31271071673295, 71.79288712326976, 65.27259550117584, 27.49112092299714, -1, -1, -1, -1
221, 1, 204.43753790175865, 70.37901758641601, 35.562462098241326, 24.61491813220134, -1, -1, -1, -1
222, 0, 84.22731593371945, 71.82751593671598, 65.28657306446031, 27.47912223275928, -1, -1, -1, -1
222, 1, 203.91904184354155, 70.39266221952698, 36.08095815645842, 24.635385081867803, -1, -1, -1, -1
223, 0, 83.14192115070595, 71.8621447501622, 65.30055062774478, 27.46712354252142, -1, -1, -1, -1
223, 1, 203.40054578532445, 70.40630685263797, 36.59945421467552, 24.655852031534266, -1, -1, -1, -1
224, 0, 82.05652636769244, 71.89677356360842, 65.31452819102927, 27.455124852283568, -1, -1, -1, -1
224, 1, 202.88204972710736, 70.41995148574895, 37.117950272892614, 24.67631898120073, -1, -1, -1, -1
225, 0, 80.97113158467894, 71.93140237705464, 65.32850575431377, 27.443126162045715, -1, -1, -1, -1
225, 1, 202.36355366889026, 70.43359611885992, 37.63644633110971, 24.696785930867193, -1, -1, -1, -1
226, 0, 79.88573680166544, 71.96603119050087, 65.34248331759824, 27.431127471807848, -1, -1, -1, -1
226, 1, 201.84505761067317, 70.4472407519709, 38.15494238932682, 24.717252880533664, -1, -1, -1, -1
227, 0, 78.80034201865195, 72.00066000394709, 65.35646088088271, 27.41912878156998, -1, -1, -1, -1
227, 1, 201.32656155245604, 70.46088538508187, 38.67343844754393, 24.737719830200135, -1, -1, -1, -1
228, 0, 77.71494723563845, 72.03528881739331, 65.37043844416719, 27.407130091332128, -1, -1, -1, -1
228, 1, 200.80806549423895, 70.47453001819284, 39.191934505761026, 24.758186779866598, -1, -1, -1, -1
229, 0, 76.62955245262495, 72.06991763083953, 65.38441600745168, 27.395131401094275, -1, -1, -1, -1
229, 1, 200.28956943602185, 70.48817465130382, 39.71043056397812, 24.778653729533062, -1, -1, -1, -1
230, 0, 75.54415766961145, 72.10454644428575, 65.39839357073615, 27.383132710856415, -1, -1, -1, -1
230, 1, 199.77107337780475, 70.50181928441481, 40.22892662219522, 24.79912067919952, -1, -1, -1, -1
231, 0, 74.45876288659794, 72.13917525773196, 65.41237113402062, 27.37113402061856, -1, -1, -1, -1
231, 1, 199.25257731958766, 70.51546391752578, 40.74742268041231, 24.819587628865975, -1, -1, -1, -1
232, 0, 73.29180591641028, 72.17916814788683, 65.3937471673263, 27.355136864552946, -1, -1, -1, -1
232, 1, 198.73408126137053, 70.52910855063675, 41.26591873862942, 24.84005457853244, -1, -1, -1, -1
233, 0, 72.12484894622261, 72.21916103804168, 65.37512320063198, 27.339139708487338, -1, -1, -1, -1
233, 1, 198.21558520315344, 70.54275318374773, 41.784414796846534, 24.860521528198902, -1, -1, -1, -1
234, 0, 70.95789197603494, 72.25915392819654, 65.35649923393764, 27.32314255242172, -1, -1, -1, -1
234, 1, 197.69708914493634, 70.55639781685872, 42.30291085506363, 24.880988477865365, -1, -1, -1, -1
235, 0, 69.79093500584727, 72.2991468183514, 65.3378752672433, 27.307145396356105, -1, -1, -1, -1
235, 1, 197.17859308671925, 70.57004244996969, 42.821406913280725, 24.90145542753183, -1, -1, -1, -1
236, 0, 68.6239780356596, 72.33913970850625, 65.31925130054898, 27.291148240290497, -1, -1, -1, -1
236, 1, 196.66009702850215, 70.58368708308066, 43.339902971497835, 24.9219223771983, -1, -1, -1, -1
237, 0, 67.45702106547193, 72.37913259866112, 65.30062733385466, 27.275151084224888, -1, -1, -1, -1
237, 1, 196.14160097028503, 70.59733171619163, 43.858399029714946, 24.94238932686477, -1, -1, -1, -1
238, 0, 66.29006409528427, 72.41912548881598, 65.28200336716031, 27.25915392815928, -1, -1, -1, -1
238, 1, 195.62310491206793, 70.6109763493026, 44.37689508793204, 24.962856276531234, -1, -1, -1, -1
239, 0, 65.12310712509661, 72.45911837897084, 65.26337940046598, 27.24315677209367, -1, -1, -1, -1
239, 1, 195.10460885385083, 70.62462098241359, 44.89539114614914, 24.983323226197697, -1, -1, -1, -1
240, 0, 63.95615015490894, 72.4991112691257, 65.24475543377164, 27.22715961602806, -1, -1, -1, -1
240, 1, 194.58611279563374, 70.63826561552457, 45.41388720436623, 25.00379017586416, -1, -1, -1, -1
241, 0, 62.78919318472128, 72.53910415928055, 65.22613146707732, 27.211162459962452, -1, -1, -1, -1
241, 1, 194.06761673741664, 70.65191024863555, 45.93238326258333, 25.024257125530625, -1, -1, -1, -1
242, 0, 61.622236214533615, 72.57909704943542, 65.207507500383, 27.195165303896836, -1, -1, -1, -1
242, 1, 193.54912067919952, 70.66555488174652, 46.45087932080044, 25.044724075197088, -1, -1, -1, -1
243, 0, 60.455279244345945, 72.61908993959028, 65.18888353368867, 27.17916814783122, -1, -1, -1, -1
243, 1, 193.03062462098242, 70.6791995148575, 46.96937537901755, 25.06519102486355, -1, -1, -1, -1
244, 0, 59.288322274158276, 72.65908282974513, 65.17025956699433, 27.16317099176561, -1, -1, -1, -1
244, 1, 192.51212856276533, 70.69284414796847, 47.487871437234645, 25.085657974530022, -1, -1, -1, -1
245, 0, 58.12136530397061, 72.6990757199, 65.1516356003, 27.1471738357, -1, -1, -1, -1
245, 1, 191.99363250454823, 70.70648878107944, 48.00636749545174, 25.106124924196493, -1, -1, -1, -1
246, 0, 56.639697060585334, 72.73906861004996, 65.13301163361481, 27.13117667964999, -1, -1, -1, -1
246, 1, 191.47513644633113, 70.72013341419043, 48.52486355366885, 25.126591873862957, -1, -1, -1, -1
247, 0, 55.158028817200055, 72.77906150019992, 65.11438766692964, 27.115179523599984, -1, -1, -1, -1
247, 1, 190.956640388114, 70.7337780473014, 49.04335961188596, 25.14705882352942, -1, -1, -1, -1
248, 0, 53.95173293784998, 72.81905439034995, 65.2870011150396, 27.255383554699993, -1, -1, -1, -1
248, 1, 190.43814432989691, 70.74742268041237, 49.56185567010306, 25.167525773195884, -1, -1, -1, -1
249, 0, 52.74543705849992, 72.8590472805, 65.45961456314957, 27.3955875858, -1, -1, -1, -1
249, 1, 189.91964827167982, 70.76106731352336, 50.08035172832015, 25.187992722862347, -1, -1, -1, -1
250, 0, 51.539141179174884, 72.89904017064995, 65.28452362071215, 27.535791616868572, -1, -1, -1, -1
250, 1, 189.40115221346272, 70.77471194663434, 50.59884778653725, 25.20845967252881, -1, -1, -1, -1
251, 0, 50.33284529984985, 72.93903306079991, 65.10943267827474, 27.675995647937143, -1, -1, -1, -1
251, 1, 188.88265615524563, 70.78835657974531, 51.117343844754345, 25.228926622195274, -1, -1, -1, -1
252, 0, 49.126549420524825, 72.97902595094988, 64.93434173583732, 27.816199679005706, -1, -1, -1, -1
252, 1, 188.3641600970285, 70.80200121285628, 51.635839902971455, 25.249393571861745, -1, -1, -1, -1
253, 0, 47.92025354119979, 73.01901884109985, 64.7592507933999, 27.956403710074273, -1, -1, -1, -1
253, 1, 187.8456640388114, 70.81564584596725, 52.154335961188565, 25.269860521528216, -1, -1, -1, -1
254, 0, 46.71395766185002, 73.05901173124988, 64.7000613144866, 27.78420536687856, -1, -1, -1, -1
254, 1, 187.3271679805943, 70.82929047907822, 52.67283201940566, 25.290327471194672, -1, -1, -1, -1
255, 0, 45.50766178250024, 73.0990046213999, 64.64087183557331, 27.61200702368285, -1, -1, -1, -1
255, 1, 186.80867192237721, 70.84293511218921, 53.19132807762276, 25.31079442086113, -1, -1, -1, -1
256, 0, 44.30136590315047, 73.13899751154992, 64.58168235666001, 27.439808680487133, -1, -1, -1, -1
256, 1, 186.29017586416012, 70.8565797453002, 53.70982413583987, 25.331261370527592, -1, -1, -1, -1
257, 0, 43.095070023800695, 73.17899040169995, 64.52249287774671, 27.267610337291416, -1, -1, -1, -1
257, 1, 185.771679805943, 70.87022437841117, 54.22832019405698, 25.351728320194056, -1, -1, -1, -1
258, 0, 41.88877414445092, 73.21898329184998, 64.4633033988334, 27.095411994095706, -1, -1, -1, -1
258, 1, 185.2531837477259, 70.88386901152214, 54.74681625227407, 25.37219526986052, -1, -1, -1, -1
259, 0, 40.682478265101146, 73.258976182, 64.4041139199201, 26.923213650899992, -1, -1, -1, -1
259, 1, 184.7346876895088, 70.89751364463312, 55.26531231049117, 25.392662219526983, -1, -1, -1, -1
260, 0, 39.33670181850722, 73.29896907215833, 64.34899264536352, 26.907216494841656, -1, -1, -1, -1
260, 1, 184.2161916312917, 70.9111582777441, 55.783808368708264, 25.413129169193454, -1, -1, -1, -1
261, 0, 37.99092537191329, 73.33896196231666, 64.29387137080694, 26.891219338783316, -1, -1, -1, -1
261, 1, 183.6976955730746, 70.92480291085506, 56.30230442692536, 25.433596118859924, -1, -1, -1, -1
262, 0, 36.64514892531937, 73.37895485247498, 64.23875009625036, 26.875222182724983, -1, -1, -1, -1
262, 1, 183.1791995148575, 70.93844754396605, 56.82080048514247, 25.454063068526388, -1, -1, -1, -1
263, 0, 35.299372478725445, 73.4189477426333, 64.18362882169377, 26.85922502666665, -1, -1, -1, -1
263, 1, 182.6607034566404, 70.95209217707702, 57.33929654335958, 25.47453001819285, -1, -1, -1, -1
264, 0, 33.953596032131514, 73.45894063279164, 64.12850754713719, 26.843227870608317, -1, -1, -1, -1
264, 1, 182.1422073984233, 70.96573681018799, 57.857792601576676, 25.494996967859315, -1, -1, -1, -1
265, 0, 32.60781958553759, 73.49893352294995, 64.07338627258059, 26.827230714549984, -1, -1, -1, -1
265, 1, 181.6237113402062, 70.97938144329898, 58.37628865979378, 25.515463917525775, -1, -1, -1, -1
266, 0, 31.262043138943664, 73.53892641310829, 64.01826499802401, 26.81123355849165, -1, -1, -1, -1
266, 1, 181.04771570704645, 70.97938144329923, 58.557702522820335, 25.55025773196933, -1, -1, -1, -1
267, 0, 29.916266692349737, 73.57891930326662, 63.963143723467425, 26.795236402433318, -1, -1, -1, -1
267, 1, 180.47172007388667, 70.97938144329949, 58.7391163858469, 25.585051546412885, -1, -1, -1, -1
268, 0, 28.570490245755813, 73.61891219342495, 63.90802244891084, 26.779239246374978, -1, -1, -1, -1
268, 1, 179.8957244407269, 70.97938144329974, 58.92053024887345, 25.619845360856445, -1, -1, -1, -1
269, 0, 27.224713799161886, 73.65890508358328, 63.85290117435426, 26.763242090316638, -1, -1, -1, -1
269, 1, 179.31972880756715, 70.9793814433, 59.1019441119, 25.6546391753, -1, -1, -1, -1
270, 0, 25.87893735256796, 73.6988979737416, 63.79777989979767, 26.74724493425831, -1, -1, -1, -1
270, 1, 178.50585617277136, 70.9793814433, 59.28335797492805, 25.689432989725, -1, -1, -1, -1
271, 0, 24.533160905974036, 73.73889086389993, 63.74265862524108, 26.73124777819998, -1, -1, -1, -1
271, 1, 177.69198353797555, 70.9793814433, 59.46477183795611, 25.724226804149993, -1, -1, -1, -1
272, 0, 23.168071710756642, 73.77888375404993, 63.630741137524225, 26.715250622139973, -1, -1, -1, -1
272, 1, 176.87811090317973, 70.9793814433, 59.64618570098419, 25.759020618574986, -1, -1, -1, -1
273, 0, 21.80298251553925, 73.81887664419995, 63.51882364980738, 26.699253466079966, -1, -1, -1, -1
273, 1, 176.06423826838392, 70.9793814433, 59.827599564012274, 25.79381443299998, -1, -1, -1, -1
274, 0, 20.437893320321855, 73.85886953434995, 63.406906162090536, 26.68325631001997, -1, -1, -1, -1
274, 1, 175.2503656335881, 70.9793814433, 60.00901342704036, 25.828608247424967, -1, -1, -1, -1
275, 0, 19.072804125104465, 73.89886242449995, 63.294988674373684, 26.667259153959975, -1, -1, -1, -1
275, 1, 174.4364929987923, 70.9793814433, 60.19042729006844, 25.863402061849953, -1, -1, -1, -1
276, 0, 17.707714929887075, 73.93885531464997, 63.18307118665683, 26.65126199789998, -1, -1, -1, -1
276, 1, 173.62262036399648, 70.9793814433, 60.3718411530965, 25.898195876274947, -1, -1, -1, -1
277, 0, 16.34262573466968, 73.97884820479997, 63.07115369893998, 26.635264841839984, -1, -1, -1, -1
277, 1, 172.8087477292007, 70.9793814433, 60.553255016124545, 25.932989690699937, -1, -1, -1, -1
278, 0, 14.977536539452288, 74.01884109494998, 62.959236211223136, 26.619267685779988, -1, -1, -1, -1
278, 1, 172.0741674282756, 70.97938144329987, 60.59052311821392, 25.967783505135642, -1, -1, -1, -1
279, 0, 13.612447344234894, 74.05883398509998, 62.84731872350629, 26.603270529719993, -1, -1, -1, -1
279, 1, 171.33958712735046, 70.97938144329974, 60.627791220303294, 26.002577319571344, -1, -1, -1, -1
280, 0, 12.2473581490175, 74.09882687524998, 62.73540123578944, 26.58727337365999, -1, -1, -1, -1
280, 1, 170.60500682642535, 70.97938144329962, 60.66505932239265, 26.037371134007053, -1, -1, -1, -1
281, 0, 10.882268953800109, 74.1388197654, 62.62348374807259, 26.571276217599987, -1, -1, -1, -1
281, 1, 169.87042652550025, 70.97938144329949, 60.70232742448201, 26.07216494844276, -1, -1, -1, -1
282, 0, 9.544646808846064, 74.17881265554998, 62.5435053619925, 26.555279061537476, -1, -1, -1, -1
282, 1, 169.13584622457515, 70.97938144329936, 60.73959552657135, 26.106958762878463, -1, -1, -1, -1
283, 0, 8.20702466389202, 74.21880554569995, 62.46352697591242, 26.539281905474965, -1, -1, -1, -1
283, 1, 168.40126592365004, 70.97938144329923, 60.77686362866069, 26.141752577314165, -1, -1, -1, -1
284, 0, 6.869402518937974, 74.25879843584993, 62.383548589832344, 26.523284749412447, -1, -1, -1, -1
284, 1, 167.6666856227249, 70.9793814432991, 60.81413173075006, 26.176546391749866, -1, -1, -1, -1
285, 0, 5.53178037398393, 74.2987913259999, 62.303570203752265, 26.50728759334993, -1, -1, -1, -1
285, 1, 166.9321053217998, 70.97938144329898, 60.85139983283943, 26.211340206185568, -1, -1, -1, -1
286, 0, 4.194158229029886, 74.33878421614986, 62.22359181767219, 26.491290437287425, -1, -1, -1, -1
286, 1, 165.9888561021777, 70.99387886598029, 60.943189206618214, 26.218588917523967, -1, -1, -1, -1
287, 0, 2.8565360840758416, 74.37877710629984, 62.1436134315921, 26.47529328122492, -1, -1, -1, -1
287, 1, 165.0456068825556, 71.00837628866161, 61.034978580396995, 26.225837628862365, -1, -1, -1, -1
288, 0, 1.5189139391217967, 74.41876999644981, 62.063635045512015, 26.459296125162414, -1, -1, -1, -1
288, 1, 164.1023576629335, 71.02287371134292, 61.12676795417579, 26.23308634020077, -1, -1, -1, -1
289, 0, 0.181291794167752, 74.45876288659979, 61.98365665943193, 26.443298969099907, -1, -1, -1, -1
289, 1, 163.1591084433114, 71.03737113402423, 61.218557327954585, 26.240335051539176, -1, -1, -1, -1
290, 0, 0.090645897083876, 74.52319587629984, 60.59234379361594, 26.391752577349926, -1, -1, -1, -1
290, 1, 162.21585922368928, 71.05186855670554, 61.310346701733366, 26.247583762877582, -1, -1, -1, -1
291, 0, 0, 74.5876288659999, 59.20103092779994, 26.340206185599946, -1, -1, -1, -1
291, 1, 161.2726100040672, 71.06636597938686, 61.402136075512146, 26.254832474215988, -1, -1, -1, -1
292, 0, 0.0, 74.65206185568326, 57.719072164916625, 26.288659793849963, -1, -1, -1, -1
292, 1, 160.3293607844451, 71.08086340206818, 61.49392544929093, 26.262081185554386, -1, -1, -1, -1
293, 0, 0.0, 74.7164948453666, 56.23711340203331, 26.23711340209998, -1, -1, -1, -1
293, 1, 159.38611156482298, 71.09536082474949, 61.58571482306971, 26.269329896892785, -1, -1, -1, -1
294, 0, 0.0, 74.78092783504995, 54.75515463914999, 26.185567010349978, -1, -1, -1, -1
294, 1, 158.44286234520087, 71.10985824743081, 61.6775041968485, 26.276578608231183, -1, -1, -1, -1
295, 0, 0.0, 74.8453608247333, 53.273195876266676, 26.134020618599976, -1, -1, -1, -1
295, 1, 157.49961312557878, 71.12435567011212, 61.7692935706273, 26.283827319569582, -1, -1, -1, -1
296, 0, 0.0, 74.90979381441664, 51.79123711338336, 26.08247422684999, -1, -1, -1, -1
296, 1, 156.5563639059567, 71.13885309279344, 61.86108294440608, 26.291076030907988, -1, -1, -1, -1
297, 0, 0, 74.9742268041, 50.309278350500044, 26.0309278351, -1, -1, -1, -1
297, 1, 155.61311468633457, 71.15335051547476, 61.95287231818486, 26.298324742246393, -1, -1, -1, -1
298, 0, 0.0, 75.0386597937931, 48.82731958761499, 25.979381443342575, -1, -1, -1, -1
298, 1, 154.66986546671245, 71.16784793815606, 62.044661691963654, 26.3055734535848, -1, -1, -1, -1
299, 0, 0.0, 75.10309278348619, 47.34536082472993, 25.92783505158515, -1, -1, -1, -1
299, 1, 153.72661624709036, 71.18234536083737, 62.13645106574245, 26.312822164923205, -1, -1, -1, -1
300, 0, 0.0, 75.16752577317928, 45.86340206184488, 25.87628865982773, -1, -1, -1, -1
300, 1, 152.78336702746827, 71.19684278351869, 62.22824043952123, 26.320070876261603, -1, -1, -1, -1
301, 0, 0.0, 75.23195876287237, 44.38144329895982, 25.82474226807031, -1, -1, -1, -1
301, 1, 151.84011780784616, 71.2113402062, 62.3200298133, 26.3273195876, -1, -1, -1, -1
302, 0, 0.0, 75.29639175256546, 42.899484536074766, 25.77319587631289, -1, -1, -1, -1
302, 1, 150.65713364073207, 71.22583762887952, 62.41181918708217, 26.33456829894201, -1, -1, -1, -1
303, 0, 0.0, 75.36082474225856, 41.41752577318971, 25.72164948455547, -1, -1, -1, -1
303, 1, 149.47414947361796, 71.24033505155903, 62.503608560864336, 26.341817010284018, -1, -1, -1, -1
304, 0, 0.0, 75.42525773195165, 39.93556701030465, 25.67010309279805, -1, -1, -1, -1
304, 1, 148.29116530650387, 71.25483247423854, 62.59539793464647, 26.349065721626026, -1, -1, -1, -1
305, 0, 0.0, 75.48969072164473, 38.453608247419595, 25.61855670104063, -1, -1, -1, -1
305, 1, 147.10818113938979, 71.26932989691805, 62.687187308428605, 26.356314432968034, -1, -1, -1, -1
306, 0, 0.0, 75.55412371133784, 36.97164948453454, 25.567010309283205, -1, -1, -1, -1
306, 1, 145.92519697227567, 71.28382731959756, 62.778976682210754, 26.36356314431005, -1, -1, -1, -1
307, 0, 0, 75.61855670103093, 35.48969072164949, 25.515463917525775, -1, -1, -1, -1
307, 1, 144.74221280516159, 71.29832474227707, 62.8707660559929, 26.370811855652065, -1, -1, -1, -1
308, 0, 5.890864745137288e-15, 75.67680580448706, 34.036227591149995, 25.43824770947041, -1, -1, -1, -1
308, 1, 143.5592286380475, 71.31282216495657, 62.962555429775065, 26.37806056699408, -1, -1, -1, -1
309, 0, 1.1781729490274576e-14, 75.7350549079432, 32.58276446065051, 25.36103150141504, -1, -1, -1, -1
309, 1, 142.3762444709334, 71.32731958763608, 63.05434480355723, 26.385309278336095, -1, -1, -1, -1
310, 0, 1.7672594235411864e-14, 75.79330401139933, 31.129301330151023, 25.28381529335968, -1, -1, -1, -1
310, 1, 141.19326030381927, 71.3418170103156, 63.14613417733939, 26.392557989678103, -1, -1, -1, -1
311, 0, 2.3563458980549153e-14, 75.85155311485546, 29.675838199651537, 25.20659908530432, -1, -1, -1, -1
311, 1, 140.0102761367052, 71.3563144329951, 63.237923551121554, 26.39980670102011, -1, -1, -1, -1
312, 0, 2.945432372568644e-14, 75.9098022183116, 28.22237506915205, 25.12938287724895, -1, -1, -1, -1
312, 1, 138.8272919695911, 71.37081185567462, 63.3297129249037, 26.407055412362126, -1, -1, -1, -1
313, 0, 3.534518847082373e-14, 75.96805132176773, 26.768911938652565, 25.052166669193582, -1, -1, -1, -1
313, 1, 137.644307802477, 71.38530927835413, 63.42150229868585, 26.41430412370414, -1, -1, -1, -1
314, 0, 4.1236053215961017e-14, 76.02630042522387, 25.31544880815308, 24.974950461138214, -1, -1, -1, -1
314, 1, 136.4613236353629, 71.39980670103364, 63.513291672467986, 26.42155283504615, -1, -1, -1, -1
315, 0, 4.7126917961098306e-14, 76.08454952868, 23.86198567765359, 24.897734253082845, -1, -1, -1, -1
315, 1, 135.27833946824882, 71.41430412371315, 63.60508104625012, 26.428801546388158, -1, -1, -1, -1
316, 0, 5.3017782706235595e-14, 76.14279863213613, 22.4085225471541, 24.820518045027484, -1, -1, -1, -1
316, 1, 134.0953553011347, 71.42880154639266, 63.69687042003228, 26.436050257730162, -1, -1, -1, -1
317, 0, 5.890864745137288e-14, 76.20104773559227, 20.955059416654613, 24.743301836972122, -1, -1, -1, -1
317, 1, 132.91237113402062, 71.44329896907217, 63.78865979381444, 26.443298969072167, -1, -1, -1, -1
318, 0, 6.479951219651017e-14, 76.2592968390484, 19.501596286155127, 24.666085628916754, -1, -1, -1, -1
318, 1, 131.51465831822856, 71.47809278350496, 63.912094642531, 26.47195654899495, -1, -1, -1, -1
319, 0, 7.069037694164746e-14, 76.31754594250454, 18.04813315565564, 24.58886942086139, -1, -1, -1, -1
319, 1, 130.1169455024365, 71.51288659793774, 64.03552949124756, 26.500614128917732, -1, -1, -1, -1
320, 0, 6.325882417849119e-14, 76.70343459555869, 16.63706618915171, 23.792706439505956, -1, -1, -1, -1
320, 1, 128.71923268664443, 71.54768041237051, 64.1589643399641, 26.52927170884051, -1, -1, -1, -1
321, 0, 5.582727141533492e-14, 77.08932324861284, 15.225999222647776, 22.996543458150526, -1, -1, -1, -1
321, 1, 127.32151987085237, 71.5824742268033, 64.28239918868064, 26.55792928876329, -1, -1, -1, -1
322, 0, 4.839571865217865e-14, 77.475211901667, 13.814932256143841, 22.20038047679509, -1, -1, -1, -1
322, 1, 125.92380705506031, 71.61726804123609, 64.4058340373972, 26.586586868686076, -1, -1, -1, -1
323, 0, 4.096416588902238e-14, 77.86110055472115, 12.403865289639908, 21.404217495439653, -1, -1, -1, -1
323, 1, 124.52609423926825, 71.65206185566886, 64.52926888611375, 26.615244448608863, -1, -1, -1, -1
324, 0, 3.3532613125866115e-14, 78.2469892077753, 10.992798323135975, 20.608054514084223, -1, -1, -1, -1
324, 1, 123.12838142347618, 71.68685567010164, 64.6527037348303, 26.64390202853164, -1, -1, -1, -1
325, 0, 2.610106036270985e-14, 78.63287786082945, 9.58173135663204, 19.81189153272879, -1, -1, -1, -1
325, 1, 121.73066860768412, 71.72164948453442, 64.77613858354684, 26.67255960845442, -1, -1, -1, -1
326, 0, 3.2851756467306596e-14, 79.07613386653483, 8.181636662410039, 18.878151858767488, -1, -1, -1, -1
326, 1, 120.33295579189206, 71.75644329896721, 64.8995734322634, 26.7012171883772, -1, -1, -1, -1
327, 0, 3.960245257190334e-14, 79.51938987224021, 6.781541968188035, 17.944412184806183, -1, -1, -1, -1
327, 1, 118.9352429761, 71.79123711339999, 65.02300828097994, 26.729874768299975, -1, -1, -1, -1
328, 0, 2.9690223123849965e-14, 79.68134052668101, 5.4920843111940165, 16.554397614042177, -1, -1, -1, -1
328, 1, 117.53753016030561, 71.82603092783333, 65.03254249596739, 26.758532348226446, -1, -1, -1, -1
329, 0, 1.9777993675796593e-14, 79.84329118112181, 4.202626654199999, 15.164383043278173, -1, -1, -1, -1
329, 1, 116.1398173445112, 71.86082474226666, 65.04207671095484, 26.787189928152912, -1, -1, -1, -1
330, 0, 9.888996837898296e-15, 81.67422291014853, 2.913168997203092, 12.105387397927746, -1, -1, -1, -1
330, 1, 114.7421045287168, 71.89561855669999, 65.05161092594228, 26.81584750807938, -1, -1, -1, -1
331, 0, 0, 83.50515463917526, 1.6237113402061851, 9.04639175257732, -1, -1, -1, -1
331, 1, 113.34439171292239, 71.93041237113331, 65.06114514092972, 26.844505088005846, -1, -1, -1, -1
332, 0, 0.0, 83.50515463917526, 1.6237113402061851, 9.04639175257732, -1, -1, -1, -1
332, 1, 111.94667889712798, 71.96520618556664, 65.07067935591718, 26.873162667932313, -1, -1, -1, -1
333, 1, 110.54896608133359, 71.99999999999999, 65.08021357090462, 26.90182024785878, -1, -1, -1, -1
334, 1, 109.1512532655392, 72.03479381443333, 65.08974778589206, 26.930477827785246, -1, -1, -1, -1
335, 1, 107.75354044974479, 72.06958762886666, 65.09928200087951, 26.959135407711713, -1, -1, -1, -1
336, 1, 106.35582763395038, 72.10438144329999, 65.10881621586695, 26.98779298763818, -1, -1, -1, -1
337, 1, 104.95811481815598, 72.13917525773331, 65.11835043085439, 27.016450567564647, -1, -1, -1, -1
338, 1, 103.56040200236157, 72.17396907216664, 65.12788464584185, 27.045108147491113, -1, -1, -1, -1
339, 1, 102.16268918656718, 72.20876288659998, 65.1374188608293, 27.07376572741758, -1, -1, -1, -1
340, 1, 100.70090175753108, 72.24355670103286, 65.10114759536512, 27.080739197166416, -1, -1, -1, -1
341, 1, 99.23911432849499, 72.27835051546573, 65.06487632990095, 27.08771266691525, -1, -1, -1, -1
342, 1, 97.7773268994589, 72.31314432989862, 65.02860506443679, 27.094686136664073, -1, -1, -1, -1
343, 1, 96.3155394704228, 72.3479381443315, 64.99233379897262, 27.101659606412895, -1, -1, -1, -1
344, 1, 94.85375204138671, 72.38273195876437, 64.95606253350843, 27.10863307616173, -1, -1, -1, -1
345, 1, 93.39196461235063, 72.41752577319724, 64.91979126804425, 27.115606545910566, -1, -1, -1, -1
346, 1, 91.93017718331454, 72.45231958763011, 64.88352000258008, 27.122580015659402, -1, -1, -1, -1
347, 1, 90.46838975427845, 72.48711340206299, 64.84724873711592, 27.129553485408238, -1, -1, -1, -1
348, 1, 89.00660232524235, 72.52190721649586, 64.81097747165175, 27.13652695515706, -1, -1, -1, -1
349, 1, 87.54481489620626, 72.55670103092875, 64.77470620618759, 27.14350042490588, -1, -1, -1, -1
350, 1, 86.08302746717017, 72.59149484536162, 64.73843494072342, 27.150473894654716, -1, -1, -1, -1
351, 1, 84.62124003813408, 72.6262886597945, 64.70216367525926, 27.157447364403552, -1, -1, -1, -1
352, 1, 83.159452609098, 72.66108247422737, 64.66589240979508, 27.164420834152388, -1, -1, -1, -1
353, 1, 81.6976651800619, 72.69587628866024, 64.62962114433088, 27.171394303901224, -1, -1, -1, -1
354, 1, 80.23587775102581, 72.73067010309313, 64.59334987886672, 27.178367773650045, -1, -1, -1, -1
355, 1, 78.77409032198972, 72.765463917526, 64.55707861340255, 27.185341243398867, -1, -1, -1, -1
356, 1, 77.31230289295362, 72.80025773195888, 64.52080734793839, 27.192314713147706, -1, -1, -1, -1
357, 1, 75.85051546391753, 72.83505154639175, 64.48453608247422, 27.199288182896545, -1, -1, -1, -1
358, 1, 74.32775978276682, 72.88526182332146, 64.4622202466362, 27.164719956646667, -1, -1, -1, -1
359, 1, 72.8050041016161, 72.93547210025118, 64.43990441079819, 27.13015173039679, -1, -1, -1, -1
360, 1, 71.28224842046538, 72.9856823771809, 64.4175885749602, 27.095583504146923, -1, -1, -1, -1
361, 1, 69.75949273931467, 73.0358926541106, 64.3952727391222, 27.061015277897056, -1, -1, -1, -1
362, 1, 68.23673705816395, 73.0861029310403, 64.37295690328419, 27.02644705164718, -1, -1, -1, -1
363, 1, 66.71398137701324, 73.13631320797002, 64.35064106744618, 26.991878825397308, -1, -1, -1, -1
364, 1, 65.19122569586253, 73.18652348489972, 64.32832523160818, 26.957310599147448, -1, -1, -1, -1
365, 1, 63.6684700147118, 73.23673376182943, 64.30600939577019, 26.922742372897588, -1, -1, -1, -1
366, 1, 62.14571433356109, 73.28694403875915, 64.28369355993219, 26.888174146647714, -1, -1, -1, -1
367, 1, 60.62295865241037, 73.33715431568885, 64.26137772409419, 26.85360592039784, -1, -1, -1, -1
368, 1, 59.10020297125965, 73.38736459261855, 64.23906188825617, 26.819037694147966, -1, -1, -1, -1
369, 1, 57.577447290108935, 73.43757486954827, 64.21674605241817, 26.78446946789809, -1, -1, -1, -1
370, 1, 56.05469160895822, 73.48778514647799, 64.19443021658016, 26.749901241648224, -1, -1, -1, -1
371, 1, 54.53193592780751, 73.5379954234077, 64.17211438074214, 26.715333015398357, -1, -1, -1, -1
372, 1, 53.00918024665679, 73.5882057003374, 64.14979854490414, 26.680764789148483, -1, -1, -1, -1
373, 1, 51.48642456550607, 73.63841597726712, 64.12748270906616, 26.64619656289861, -1, -1, -1, -1
374, 1, 49.96366888435536, 73.68862625419683, 64.10516687322814, 26.611628336648735, -1, -1, -1, -1
375, 1, 48.440913203204644, 73.73883653112654, 64.08285103739013, 26.57706011039886, -1, -1, -1, -1
376, 1, 46.918157522053924, 73.78904680805624, 64.06053520155214, 26.542491884149, -1, -1, -1, -1
377, 1, 45.395401840903205, 73.83925708498595, 64.03821936571414, 26.50792365789914, -1, -1, -1, -1
378, 1, 43.87264615975249, 73.88946736191565, 64.01590352987613, 26.473355431649267, -1, -1, -1, -1
379, 1, 42.34989047860178, 73.93967763884537, 63.99358769403811, 26.438787205399393, -1, -1, -1, -1
380, 1, 40.827134797451066, 73.98988791577509, 63.97127185820011, 26.404218979149526, -1, -1, -1, -1
381, 1, 39.304379116300346, 74.04009819270479, 63.948956022362104, 26.36965075289966, -1, -1, -1, -1
382, 1, 37.781623435149626, 74.0903084696345, 63.926640186524104, 26.33508252664978, -1, -1, -1, -1
383, 1, 36.25886775399891, 74.14051874656421, 63.9043243506861, 26.300514300399904, -1, -1, -1, -1
384, 1, 34.92052357092038, 74.20390127335757, 63.77663051594859, 26.265946074150687, -1, -1, -1, -1
385, 1, 33.58217938784184, 74.26728380015093, 63.648936681211076, 26.23137784790147, -1, -1, -1, -1
386, 1, 32.2438352047633, 74.33066632694428, 63.52124284647357, 26.196809621652264, -1, -1, -1, -1
387, 1, 30.905491021684764, 74.39404885373764, 63.393549011736056, 26.162241395403058, -1, -1, -1, -1
388, 1, 29.567146838606227, 74.457431380531, 63.26585517699854, 26.127673169153837, -1, -1, -1, -1
389, 1, 28.228802655527687, 74.52081390732437, 63.13816134226103, 26.093104942904617, -1, -1, -1, -1
390, 1, 26.89045847244915, 74.58419643411773, 63.010467507523515, 26.058536716655404, -1, -1, -1, -1
391, 1, 25.552114289370614, 74.64757896091109, 62.88277367278601, 26.02396849040619, -1, -1, -1, -1
392, 1, 24.213770106292078, 74.71096148770445, 62.7550798380485, 25.98940026415697, -1, -1, -1, -1
393, 1, 22.87542592321354, 74.77434401449781, 62.62738600331099, 25.95483203790775, -1, -1, -1, -1
394, 1, 21.537081740135, 74.83772654129118, 62.499692168573475, 25.92026381165853, -1, -1, -1, -1
395, 1, 20.198737557056464, 74.90110906808454, 62.37199833383596, 25.88569558540931, -1, -1, -1, -1
396, 1, 18.860393373977928, 74.9644915948779, 62.24430449909845, 25.851127359160103, -1, -1, -1, -1
397, 1, 17.522049190899388, 75.02787412167125, 62.11661066436094, 25.816559132910896, -1, -1, -1, -1
398, 1, 16.18370500782085, 75.09125664846461, 61.98891682962343, 25.781990906661676, -1, -1, -1, -1
399, 1, 14.845360824742315, 75.15463917525797, 61.861222994885914, 25.747422680412452, -1, -1, -1, -1
400, 1, 13.448424124356418, 75.18363402061495, 61.85415240451709, 25.696681701027032, -1, -1, -1, -1
401, 1, 12.051487423970519, 75.21262886597192, 61.84708181414826, 25.645940721641608, -1, -1, -1, -1
402, 1, 10.65455072358462, 75.2416237113289, 61.84001122377944, 25.59519974225619, -1, -1, -1, -1
403, 1, 9.257614023198723, 75.27061855668587, 61.832940633410615, 25.544458762870775, -1, -1, -1, -1
404, 1, 7.860677322812826, 75.29961340204285, 61.82587004304179, 25.49371778348535, -1, -1, -1, -1
405, 1, 6.46374062242693, 75.32860824739983, 61.81879945267296, 25.442976804099928, -1, -1, -1, -1
406, 1, 5.386450518689108, 75.35760309276644, 61.4920822656607, 25.39223582471658, -1, -1, -1, -1
407, 1, 4.309160414951286, 75.38659793813305, 61.16536507864843, 25.34149484533323, -1, -1, -1, -1
408, 1, 3.2318703112134646, 75.41559278349965, 60.83864789163616, 25.29075386594989, -1, -1, -1, -1
409, 1, 2.154580207475643, 75.44458762886626, 60.51193070462389, 25.240012886566547, -1, -1, -1, -1
410, 1, 1.0772901037378215, 75.47358247423287, 60.18521351761163, 25.189271907183198, -1, -1, -1, -1
411, 1, 0, 75.50257731959948, 59.858496330599365, 25.13853092779985, -1, -1, -1, -1
412, 1, 0.0, 75.53157216495971, 58.45448903984259, 25.087789948420166, -1, -1, -1, -1
413, 1, 0.0, 75.56056701031994, 57.05048174908582, 25.037048969040484, -1, -1, -1, -1
414, 1, 0.0, 75.58956185568017, 55.64647445832905, 24.9863079896608, -1, -1, -1, -1
415, 1, 0.0, 75.6185567010404, 54.24246716757228, 24.93556701028112, -1, -1, -1, -1
416, 1, 0.0, 75.64755154640065, 52.838459876815506, 24.88482603090143, -1, -1, -1, -1
417, 1, 0.0, 75.67654639176088, 51.43445258605873, 24.83408505152174, -1, -1, -1, -1
418, 1, 0.0, 75.70554123712111, 50.03044529530196, 24.783344072142057, -1, -1, -1, -1
419, 1, 0.0, 75.73453608248134, 48.626438004545186, 24.732603092762375, -1, -1, -1, -1
420, 1, 0.0, 75.76353092784157, 47.22243071378841, 24.681862113382692, -1, -1, -1, -1
421, 1, 0.0, 75.7925257732018, 45.818423423031646, 24.63112113400301, -1, -1, -1, -1
422, 1, 0.0, 75.82152061856203, 44.41441613227487, 24.580380154623334, -1, -1, -1, -1
423, 1, 0.0, 75.85051546392226, 43.0104088415181, 24.52963917524366, -1, -1, -1, -1
424, 1, 0.0, 75.8795103092825, 41.606401550761326, 24.478898195863977, -1, -1, -1, -1
425, 1, 0.0, 75.90850515464273, 40.20239426000455, 24.428157216484294, -1, -1, -1, -1
426, 1, 0.0, 75.93750000000296, 38.79838696924778, 24.377416237104605, -1, -1, -1, -1
427, 1, 0.0, 75.9664948453632, 37.394379678491006, 24.326675257724915, -1, -1, -1, -1
428, 1, 0.0, 75.99548969072343, 35.99037238773424, 24.275934278345233, -1, -1, -1, -1
429, 1, 0.0, 76.02448453608366, 34.58636509697747, 24.22519329896555, -1, -1, -1, -1
430, 1, 0.0, 76.05347938144389, 33.18235780622069, 24.174452319585868, -1, -1, -1, -1
431, 1, 0, 76.08247422680412, 31.77835051546392, 24.123711340206185, -1, -1, -1, -1
432, 1, 0.0, 76.10180412370343, 30.425257731953252, 24.26521642217721, -1, -1, -1, -1
433, 1, 0.0, 76.12113402060275, 29.072164948442584, 24.406721504148237, -1, -1, -1, -1
434, 1, 0.0, 76.14046391750207, 27.719072164931916, 24.548226586119263, -1, -1, -1, -1
435, 1, 0.0, 76.15979381440138, 26.365979381421248, 24.68973166809029, -1, -1, -1, -1
436, 1, 0.0, 76.17912371130069, 25.01288659791058, 24.831236750061315, -1, -1, -1, -1
437, 1, 0, 76.19845360820001, 23.65979381439991, 24.97274183203234, -1, -1, -1, -1
438, 1, 0.0, 76.21778350511514, 22.306701030900268, 24.956462486313256, -1, -1, -1, -1
439, 1, 0.0, 76.23711340203026, 20.953608247400624, 24.940183140594172, -1, -1, -1, -1
440, 1, 0.0, 76.25644329894538, 19.60051546390098, 24.923903794875088, -1, -1, -1, -1
441, 1, 0.0, 76.27577319586051, 18.247422680401336, 24.907624449156003, -1, -1, -1, -1
442, 1, 0.0, 76.29510309277563, 16.89432989690169, 24.89134510343692, -1, -1, -1, -1
443, 1, 0, 76.31443298969076, 15.54123711340205, 24.87506575771783, -1, -1, -1, -1
444, 1, 0.0, 76.67659909129208, 14.219072164951681, 23.921674734166245, -1, -1, -1, -1
445, 1, 0.0, 77.03876519289338, 12.896907216501313, 22.968283710614656, -1, -1, -1, -1
446, 1, 0.0, 77.40093129449468, 11.574742268050944, 22.014892687063075, -1, -1, -1, -1
447, 1, 0.0, 77.76309739609599, 10.252577319600576, 21.061501663511493, -1, -1, -1, -1
448, 1, 0.0, 78.12526349769729, 8.930412371150208, 20.1081106399599, -1, -1, -1, -1
449, 1, 0, 78.48742959929861, 7.608247422699841, 19.154719616408308, -1, -1, -1, -1
450, 1, 2.8842907443870046e-15, 78.75262924605101, 6.286082474249916, 18.110456443302354, -1, -1, -1, -1
451, 1, 5.768581488774009e-15, 79.01782889280341, 4.963917525799992, 17.066193270196404, -1, -1, -1, -1
452, 1, 3.708373814211864e-15, 80.88575098205945, 3.6417525773329844, 14.41920765463179, -1, -1, -1, -1
453, 1, 1.6481661396497182e-15, 82.75367307131548, 2.319587628865977, 11.772222039067175, -1, -1, -1, -1
454, 1, 1.6481661396497182e-15, 82.75367307131548, 2.319587628865977, 11.772222039067175, -1, -1, -1, -1
531, 2, 0, 116.67525773195877, 1.6237113402061851, 7.88659793814433, -1, -1, -1, -1
532, 2, 8.240830698248581e-16, 114.26674323312885, 3.0913766958530733, 11.659324928072643, -1, -1, -1, -1
533, 2, 1.6481661396497162e-15, 111.85822873429893, 4.5590420514999614, 15.432051918000953, -1, -1, -1, -1
534, 2, 8.240830698248581e-16, 110.93039435841527, 6.026707407149975, 17.724098784985415, -1, -1, -1, -1
535, 2, 0, 110.00255998253162, 7.494372762799989, 20.01614565196988, -1, -1, -1, -1
536, 2, 0.0, 109.36518588565716, 8.962038118424967, 21.06622423335868, -1, -1, -1, -1
537, 2, 0.0, 108.7278117887827, 10.429703474049948, 22.116302814747485, -1, -1, -1, -1
538, 2, 0.0, 108.09043769190825, 11.897368829674928, 23.166381396136288, -1, -1, -1, -1
539, 2, 0, 107.4530635950338, 13.365034185299908, 24.216459977525094, -1, -1, -1, -1
540, 2, 2.28806896628028e-19, 107.32772481716731, 14.832699540926999, 24.31698125274857, -1, -1, -1, -1
541, 2, 4.57613793256056e-19, 107.20238603930083, 16.30036489655409, 24.417502527972047, -1, -1, -1, -1
542, 2, 6.864206898840839e-19, 107.07704726143436, 17.768030252181177, 24.518023803195504, -1, -1, -1, -1
543, 2, 9.15227586512112e-19, 106.95170848356788, 19.235695607808267, 24.61854507841896, -1, -1, -1, -1
544, 2, 1.14403448314014e-18, 106.82636970570141, 20.703360963435358, 24.719066353642443, -1, -1, -1, -1
545, 2, 1.372841379768168e-18, 106.70103092783492, 22.17102631906245, 24.819587628865925, -1, -1, -1, -1
546, 2, 1.2584379314541539e-18, 106.36517837181412, 23.748580985182237, 25.103893793128318, -1, -1, -1, -1
547, 2, 1.14403448314014e-18, 106.02932581579331, 25.326135651302028, 25.38819995739071, -1, -1, -1, -1
548, 2, 1.029631034826126e-18, 105.6934732597725, 26.90369031742182, 25.67250612165313, -1, -1, -1, -1
549, 2, 9.152275865121121e-19, 105.35762070375169, 28.481244983541607, 25.956812285915547, -1, -1, -1, -1
550, 2, 8.008241381980981e-19, 105.02176814773088, 30.058799649661395, 26.241118450177943, -1, -1, -1, -1
551, 2, 6.864206898840841e-19, 104.68591559171008, 31.636354315781187, 26.52542461444034, -1, -1, -1, -1
552, 2, 5.720172415700701e-19, 104.35006303568929, 33.21390898190098, 26.809730778702736, -1, -1, -1, -1
553, 2, 4.576137932560561e-19, 104.01421047966848, 34.791463648020766, 27.094036942965133, -1, -1, -1, -1
554, 2, 3.4321034494204205e-19, 103.67835792364767, 36.369018314140554, 27.37834310722755, -1, -1, -1, -1
555, 2, 2.2880689662802803e-19, 103.34250536762686, 37.94657298026034, 27.66264927148997, -1, -1, -1, -1
556, 2, 1.1440344831401402e-19, 103.00665281160605, 39.52412764638014, 27.946955435752358, -1, -1, -1, -1
557, 2, 0, 102.67080025558525, 41.101682312499925, 28.23126160001475, -1, -1, -1, -1
558, 2, 0.0, 102.4980326978621, 42.67923697862494, 28.35248276598788, -1, -1, -1, -1
559, 2, 0.0, 102.32526514013895, 44.25679164474995, 28.473703931961012, -1, -1, -1, -1
560, 2, 0.0, 102.1524975824158, 45.83434631087496, 28.59492509793415, -1, -1, -1, -1
561, 2, 0, 101.97973002469264, 47.41190097699997, 28.71614626390729, -1, -1, -1, -1
562, 2, 0.0, 101.90481346595456, 48.989455643139166, 28.73951643092272, -1, -1, -1, -1
563, 2, 0, 101.8298969072165, 50.56701030927835, 28.762886597938145, -1, -1, -1, -1
564, 2, 0.0, 101.6646881501583, 52.29348163493914, 31.196353023379338, -1, -1, -1, -1
565, 2, 0, 101.4994793931001, 54.01995296059994, 33.629819448820534, -1, -1, -1, -1
566, 2, 0.0, 101.33427063604009, 55.746424286259945, 33.57057277397848, -1, -1, -1, -1
567, 2, 0.0, 101.16906187898007, 57.47289561191995, 33.511326099136426, -1, -1, -1, -1
568, 2, 0.0, 101.00385312192006, 59.19936693757995, 33.45207942429437, -1, -1, -1, -1
569, 2, 0.0, 100.83864436486004, 60.92583826323996, 33.39283274945231, -1, -1, -1, -1
570, 2, 0.0, 100.67343560780003, 62.65230958889997, 33.33358607461027, -1, -1, -1, -1
571, 2, 0.0, 100.50822685074002, 64.37878091455997, 33.27433939976822, -1, -1, -1, -1
572, 2, 0.0, 100.34301809368, 66.10525224021998, 33.215092724926166, -1, -1, -1, -1
573, 2, 0.0, 100.17780933661999, 67.83172356587998, 33.15584605008411, -1, -1, -1, -1
574, 2, 0.0, 100.01260057955997, 69.55819489153998, 33.09659937524205, -1, -1, -1, -1
575, 2, 0, 99.84739182249996, 71.2846662172, 33.0373527004, -1, -1, -1, -1
576, 2, 0.579896907216513, 99.68218306541795, 72.43124063561693, 33.39355820892011, -1, -1, -1, -1
577, 2, 1.159793814433026, 99.51697430833592, 73.57781505403386, 33.749763717440224, -1, -1, -1, -1
578, 2, 2.963972201641419, 99.46318901574233, 73.66522660826048, 33.70962609626619, -1, -1, -1, -1
579, 2, 4.768150588849812, 99.40940372314874, 73.7526381624871, 33.669488475092166, -1, -1, -1, -1
580, 2, 6.5723289760582055, 99.35561843055515, 73.84004971671371, 33.62935085391815, -1, -1, -1, -1
581, 2, 8.3765073632666, 99.30183313796155, 73.92746127094033, 33.58921323274413, -1, -1, -1, -1
582, 2, 10.180685750474993, 99.24804784536796, 74.01487282516695, 33.5490756115701, -1, -1, -1, -1
583, 2, 11.984864137683385, 99.19426255277438, 74.10228437939355, 33.50893799039608, -1, -1, -1, -1
584, 2, 13.789042524891778, 99.14047726018077, 74.18969593362016, 33.46880036922206, -1, -1, -1, -1
585, 2, 15.593220912100172, 99.08669196758719, 74.27710748784676, 33.42866274804804, -1, -1, -1, -1
586, 2, 17.397399299308567, 99.0329066749936, 74.36451904207338, 33.38852512687402, -1, -1, -1, -1
587, 2, 19.20157768651696, 98.97912138240001, 74.4519305963, 33.3483875057, -1, -1, -1, -1
588, 2, 21.026268011717345, 98.83214466221551, 74.539342150525, 33.308249884537496, -1, -1, -1, -1
589, 2, 22.85095833691773, 98.68516794203101, 74.62675370475, 33.26811226337499, -1, -1, -1, -1
590, 2, 24.675648662118114, 98.53819122184652, 74.714165258975, 33.22797464221248, -1, -1, -1, -1
591, 2, 26.5003389873185, 98.39121450166203, 74.8015768132, 33.18783702104997, -1, -1, -1, -1
592, 2, 28.325029312518886, 98.24423778147754, 74.888988367425, 33.147699399887486, -1, -1, -1, -1
593, 2, 30.149719637719272, 98.09726106129304, 74.97639992165, 33.107561778725, -1, -1, -1, -1
594, 2, 31.97440996291966, 97.95028434110854, 75.063811475875, 33.0674241575625, -1, -1, -1, -1
595, 2, 33.799100288120044, 97.80330762092404, 75.1512230301, 33.0272865364, -1, -1, -1, -1
596, 2, 35.779109659321534, 97.84271375593741, 75.2386345843272, 32.987148915226285, -1, -1, -1, -1
597, 2, 37.759119030523024, 97.88211989095078, 75.32604613855439, 32.94701129405257, -1, -1, -1, -1
598, 2, 39.739128401724514, 97.92152602596414, 75.41345769278158, 32.90687367287885, -1, -1, -1, -1
599, 2, 41.719137772926004, 97.96093216097749, 75.50086924700877, 32.86673605170513, -1, -1, -1, -1
600, 2, 43.699147144127494, 98.00033829599084, 75.58828080123595, 32.826598430531426, -1, -1, -1, -1
601, 2, 45.679156515328984, 98.03974443100421, 75.67569235546314, 32.78646080935772, -1, -1, -1, -1
602, 2, 47.659165886530474, 98.07915056601757, 75.76310390969033, 32.746323188184014, -1, -1, -1, -1
603, 2, 49.639175257731964, 98.11855670103094, 75.85051546391753, 32.70618556701031, -1, -1, -1, -1
604, 2, 51.684343709528584, 98.04123711340401, 75.86162575189682, 32.68298969072215, -1, -1, -1, -1
605, 2, 53.729512161325204, 97.96391752577706, 75.87273603987612, 32.659793814433996, -1, -1, -1, -1
606, 2, 55.774680613121824, 97.88659793815012, 75.88384632785542, 32.63659793814585, -1, -1, -1, -1
607, 2, 57.819849064918444, 97.80927835052319, 75.89495661583472, 32.6134020618577, -1, -1, -1, -1
608, 2, 59.865017516715056, 97.73195876289626, 75.90606690381401, 32.59020618556955, -1, -1, -1, -1
609, 2, 61.910185968511676, 97.65463917526931, 75.91717719179331, 32.5670103092814, -1, -1, -1, -1
610, 2, 63.955354420308296, 97.57731958764236, 75.9282874797726, 32.54381443299325, -1, -1, -1, -1
611, 2, 66.00052287210491, 97.50000000001543, 75.9393977677519, 32.5206185567051, -1, -1, -1, -1
612, 2, 68.04569132390154, 97.42268041238849, 75.95050805573119, 32.49742268041696, -1, -1, -1, -1
613, 2, 70.09085977569816, 97.34536082476154, 75.96161834371048, 32.47422680412882, -1, -1, -1, -1
614, 2, 72.13602822749478, 97.26804123713461, 75.97272863168979, 32.45103092784067, -1, -1, -1, -1
615, 2, 74.18119667929139, 97.19072164950767, 75.9838389196691, 32.42783505155252, -1, -1, -1, -1
616, 2, 76.22636513108802, 97.11340206188072, 75.99494920764838, 32.40463917526437, -1, -1, -1, -1
617, 2, 78.27153358288463, 97.03608247425379, 76.00605949562767, 32.38144329897622, -1, -1, -1, -1
618, 2, 80.31670203468124, 96.95876288662686, 76.01716978360696, 32.35824742268808, -1, -1, -1, -1
619, 2, 82.36187048647787, 96.88144329899991, 76.02828007158627, 32.33505154639994, -1, -1, -1, -1
620, 2, 84.56429947234801, 96.80412371136885, 75.89960321816665, 32.31185567011068, -1, -1, -1, -1
621, 2, 86.76672845821814, 96.72680412373778, 75.77092636474701, 32.288659793821424, -1, -1, -1, -1
622, 2, 88.96915744408828, 96.64948453610671, 75.64224951132736, 32.265463917532195, -1, -1, -1, -1
623, 2, 91.17158642995842, 96.57216494847563, 75.51357265790772, 32.242268041242966, -1, -1, -1, -1
624, 2, 93.37401541582855, 96.49484536084456, 75.38489580448808, 32.219072164953715, -1, -1, -1, -1
625, 2, 95.5764444016987, 96.4175257732135, 75.25621895106846, 32.195876288664465, -1, -1, -1, -1
626, 2, 97.77887338756884, 96.34020618558243, 75.12754209764881, 32.172680412375215, -1, -1, -1, -1
627, 2, 99.98130237343898, 96.26288659795136, 74.99886524422917, 32.149484536085964, -1, -1, -1, -1
628, 2, 102.18373135930912, 96.1855670103203, 74.87018839080955, 32.12628865979673, -1, -1, -1, -1
629, 2, 104.38616034517925, 96.10824742268923, 74.74151153738991, 32.10309278350749, -1, -1, -1, -1
630, 2, 106.58858933104938, 96.03092783505815, 74.61283468397028, 32.07989690721825, -1, -1, -1, -1
631, 2, 108.79101831691952, 95.95360824742708, 74.48415783055063, 32.056701030929005, -1, -1, -1, -1
632, 2, 110.99344730278966, 95.87628865979602, 74.35548097713098, 32.03350515463976, -1, -1, -1, -1
633, 2, 113.1958762886598, 95.79896907216495, 74.22680412371135, 32.01030927835052, -1, -1, -1, -1
634, 2, 115.34467415423413, 95.72601780783, 74.09730019657653, 32.00296712476292, -1, -1, -1, -1
635, 2, 117.49347201980845, 95.65306654349507, 73.96779626944169, 31.995624971175317, -1, -1, -1, -1
636, 2, 119.64226988538277, 95.58011527916014, 73.83829234230689, 31.98828281758771, -1, -1, -1, -1
637, 2, 121.79106775095708, 95.5071640148252, 73.70878841517207, 31.9809406640001, -1, -1, -1, -1
638, 2, 123.9398656165314, 95.43421275049025, 73.57928448803723, 31.9735985104125, -1, -1, -1, -1
639, 2, 126.08866348210573, 95.36126148615531, 73.4497805609024, 31.9662563568249, -1, -1, -1, -1
640, 2, 128.23746134768004, 95.28831022182038, 73.32027663376758, 31.958914203237292, -1, -1, -1, -1
641, 2, 130.38625921325436, 95.21535895748545, 73.19077270663274, 31.951572049649684, -1, -1, -1, -1
642, 2, 132.5350570788287, 95.14240769315052, 73.06126877949791, 31.944229896062083, -1, -1, -1, -1
643, 2, 134.683854944403, 95.06945642881557, 72.93176485236307, 31.936887742474482, -1, -1, -1, -1
644, 2, 136.83265280997733, 94.99650516448062, 72.80226092522825, 31.929545588886874, -1, -1, -1, -1
645, 2, 138.98145067555166, 94.92355390014569, 72.67275699809343, 31.922203435299267, -1, -1, -1, -1
646, 2, 141.13024854112598, 94.85060263581076, 72.5432530709586, 31.91486128171167, -1, -1, -1, -1
647, 2, 143.2790464067003, 94.77765137147581, 72.41374914382376, 31.907519128124072, -1, -1, -1, -1
648, 2, 145.42784427227286, 94.66946221079442, 72.20034546347397, 31.935414870883495, -1, -1, -1, -1
649, 2, 147.5766421378454, 94.56127305011304, 71.98694178312417, 31.963310613642918, -1, -1, -1, -1
650, 2, 149.72544000341796, 94.45308388943167, 71.77353810277434, 31.99120635640235, -1, -1, -1, -1
651, 2, 151.87423786899052, 94.34489472875028, 71.56013442242451, 32.019102099161785, -1, -1, -1, -1
652, 2, 154.02303573456308, 94.23670556806888, 71.34673074207468, 32.04699784192121, -1, -1, -1, -1
653, 2, 156.17183360013564, 94.12851640738751, 71.13332706172486, 32.07489358468064, -1, -1, -1, -1
654, 2, 158.32063146570817, 94.02032724670612, 70.91992338137506, 32.10278932744007, -1, -1, -1, -1
655, 2, 160.46942933128074, 93.91213808602473, 70.70651970102526, 32.130685070199505, -1, -1, -1, -1
656, 2, 162.6182271968533, 93.80394892534335, 70.49311602067546, 32.15858081295894, -1, -1, -1, -1
657, 2, 164.76702506242583, 93.69575976466196, 70.27971234032566, 32.18647655571837, -1, -1, -1, -1
658, 2, 166.9158229279984, 93.58757060398057, 70.06630865997583, 32.2143722984778, -1, -1, -1, -1
659, 2, 169.06462079357095, 93.47938144329919, 69.852904979626, 32.24226804123723, -1, -1, -1, -1
660, 2, 171.10215759273547, 93.35776184674958, 68.35660529386303, 32.191328619368605, -1, -1, -1, -1
661, 2, 173.13969439189995, 93.23614225019996, 66.86030560810003, 32.14038919749997, -1, -1, -1, -1
662, 2, 175.1772311910642, 93.11452265365963, 64.82276880893576, 32.089449775655744, -1, -1, -1, -1
663, 2, 177.2147679902285, 92.99290305711929, 62.785232009771505, 32.03851035381152, -1, -1, -1, -1
664, 2, 179.25230478939275, 92.87128346057895, 60.74769521060723, 31.987570931967298, -1, -1, -1, -1
665, 2, 181.289841588557, 92.74966386403862, 58.71015841144296, 31.936631510123078, -1, -1, -1, -1
666, 2, 183.3273783877213, 92.6280442674983, 56.67262161227869, 31.88569208827885, -1, -1, -1, -1
667, 2, 185.36491518688555, 92.50642467095795, 54.63508481311442, 31.834752666434625, -1, -1, -1, -1
668, 2, 187.4024519860498, 92.38480507441761, 52.59754801395016, 31.783813244590405, -1, -1, -1, -1
669, 2, 189.43998878521407, 92.26318547787727, 50.5600112147859, 31.732873822746186, -1, -1, -1, -1
670, 2, 191.47752558437833, 92.14156588133693, 48.52247441562163, 31.68193440090196, -1, -1, -1, -1
671, 2, 193.5150623835426, 92.0199462847966, 46.48493761645736, 31.630994979057732, -1, -1, -1, -1
672, 2, 195.55259918270687, 91.89832668825628, 44.44740081729309, 31.580055557213512, -1, -1, -1, -1
673, 2, 197.59013598187113, 91.77670709171593, 42.409864018128815, 31.529116135369293, -1, -1, -1, -1
674, 2, 199.62767278103541, 91.6550874951756, 40.37232721896454, 31.478176713525066, -1, -1, -1, -1
675, 2, 201.66520958019967, 91.53346789863527, 38.334790419800264, 31.427237291680836, -1, -1, -1, -1
676, 2, 203.7027463793636, 91.56568811908102, 36.297253620636354, 31.183998098595232, -1, -1, -1, -1
677, 2, 205.7402831785275, 91.59790833952677, 34.25971682147244, 30.940758905509625, -1, -1, -1, -1
678, 2, 207.77781997769142, 91.63012855997252, 32.22218002230852, 30.69751971242401, -1, -1, -1, -1
679, 2, 209.81535677685534, 91.66234878041827, 30.184643223144604, 30.454280519338397, -1, -1, -1, -1
680, 2, 211.85289357601926, 91.69456900086402, 28.147106423980688, 30.21104132625279, -1, -1, -1, -1
681, 2, 213.8904303751832, 91.72678922130977, 26.10956962481677, 29.967802133167183, -1, -1, -1, -1
682, 2, 215.92796717434712, 91.75900944175552, 24.072032825652855, 29.72456294008157, -1, -1, -1, -1
683, 2, 217.96550397351103, 91.79122966220127, 22.034496026488938, 29.481323746995955, -1, -1, -1, -1
684, 2, 220.00304077267495, 91.82344988264703, 19.99695922732502, 29.238084553910348, -1, -1, -1, -1
685, 2, 222.04057757183887, 91.85567010309278, 17.9594224281611, 28.994845360824737, -1, -1, -1, -1
686, 2, 223.84824763287915, 91.87795435349369, 16.151752367120835, 27.890086883619446, -1, -1, -1, -1
687, 2, 225.65591769391943, 91.90023860389462, 14.344082306080566, 26.785328406414152, -1, -1, -1, -1
688, 2, 227.46358775495972, 91.92252285429555, 12.536412245040282, 25.68056992920885, -1, -1, -1, -1
689, 2, 229.271257816, 91.94480710469647, 10.728742183999998, 24.575811452003553, -1, -1, -1, -1
690, 2, 231.07892787707218, 92.82807365544102, 8.921072122927816, 22.610070674455386, -1, -1, -1, -1
691, 2, 232.88659793814435, 93.71134020618557, 7.113402061855635, 20.644329896907216, -1, -1, -1, -1
692, 2, 235.32216494845363, 96.49484536082474, 4.6778350515463565, 14.149484536082474, -1, -1, -1, -1
693, 2, 237.7577319587629, 99.27835051546393, 2.242268041237078, 7.654639175257732, -1, -1, -1, -1
694, 2, 237.7577319587629, 99.27835051546393, 2.242268041237078, 7.654639175257732, -1, -1, -1, -1
