25, 0, 233.81443298969074, 29.226804123711343, 6.185567010309244, 28.530927835051546, -1, -1, -1, -1
26, 0, 233.1068377570419, 28.710287788415144, 6.893162242958089, 29.81786186043187, -1, -1, -1, -1
27, 0, 232.399242524393, 28.19377145311894, 7.600757475606934, 31.104795885812194, -1, -1, -1, -1
28, 0, 231.69164729174412, 27.677255117822742, 8.308352708255779, 32.39172991119252, -1, -1, -1, -1
29, 0, 230.98405205909526, 27.160738782526543, 9.015947940904624, 33.678663936572846, -1, -1, -1, -1
30, 0, 230.2764568264464, 26.644222447230344, 9.72354317355347, 34.96559796195317, -1, -1, -1, -1
31, 0, 229.56886159379752, 26.127706111934145, 10.431138406202315, 36.2525319873335, -1, -1, -1, -1
32, 0, 228.86126636114864, 25.611189776637943, 11.13873363885116, 37.53946601271382, -1, -1, -1, -1
33, 0, 228.15367112849978, 25.094673441341744, 11.846328871500006, 38.82640003809414, -1, -1, -1, -1
34, 0, 227.44607589585848, 24.961501196618713, 12.553924104141332, 39.35722426251738, -1, -1, -1, -1
35, 0, 226.73848066321716, 24.828328951895678, 13.261519336782658, 39.88804848694062, -1, -1, -1, -1
36, 0, 226.03088543057584, 24.695156707172643, 13.969114569423985, 40.41887271136386, -1, -1, -1, -1
37, 0, 225.3232901979345, 24.561984462449608, 14.67670980206531, 40.9496969357871, -1, -1, -1, -1
38, 0, 224.6156949652932, 24.428812217726573, 15.384305034706637, 41.480521160210344, -1, -1, -1, -1
39, 0, 223.9080997326519, 24.29563997300354, 16.091900267347963, 42.011345384633586, -1, -1, -1, -1
40, 0, 223.2005045000106, 24.162467728280504, 16.79949549998929, 42.54216960905683, -1, -1, -1, -1
41, 0, 222.49290926736927, 24.02929548355747, 17.507090732630616, 43.07299383348006, -1, -1, -1, -1
42, 0, 221.78531403472795, 23.896123238834434, 18.21468596527194, 43.6038180579033, -1, -1, -1, -1
43, 0, 221.07771880208665, 23.7629509941114, 18.922281197913268, 44.13464228232654, -1, -1, -1, -1
44, 0, 220.37012356944535, 23.629778749388365, 19.629876430554596, 44.66546650674977, -1, -1, -1, -1
45, 0, 219.66252833680403, 23.496606504665333, 20.33747166319592, 45.19629073117301, -1, -1, -1, -1
46, 0, 218.9549331041627, 23.363434259942302, 21.045066895837248, 45.72711495559624, -1, -1, -1, -1
47, 0, 218.24733787152138, 23.230262015219267, 21.752662128478576, 46.25793918001948, -1, -1, -1, -1
48, 0, 217.53974263888006, 23.097089770496233, 22.4602573611199, 46.78876340444272, -1, -1, -1, -1
49, 0, 216.83214740623876, 22.963917525773198, 23.16785259376123, 47.31958762886595, -1, -1, -1, -1
50, 0, 216.0406486308051, 22.656188623335677, 23.95935136919489, 47.63214900552603, -1, -1, -1, -1
51, 0, 215.24914985537146, 22.348459720898155, 24.750850144628558, 47.9447103821861, -1, -1, -1, -1
52, 0, 214.4576510799378, 22.040730818460634, 25.54234892006222, 48.25727175884618, -1, -1, -1, -1
53, 0, 213.66615230450412, 21.733001916023113, 26.333847695495884, 48.56983313550626, -1, -1, -1, -1
54, 0, 212.87465352907046, 21.425273013585592, 27.12534647092955, 48.88239451216633, -1, -1, -1, -1
55, 0, 212.0831547536368, 21.11754411114807, 27.916845246363213, 49.19495588882641, -1, -1, -1, -1
56, 0, 211.29165597820312, 20.80981520871055, 28.708344021796876, 49.507517265486484, -1, -1, -1, -1
57, 0, 210.50015720276946, 20.50208630627303, 29.499842797230542, 49.820078642146555, -1, -1, -1, -1
58, 0, 209.7086584273358, 20.194357403835507, 30.291341572664205, 50.132640018806626, -1, -1, -1, -1
59, 0, 208.91715965190213, 19.886628501397986, 31.082840348097868, 50.445201395466704, -1, -1, -1, -1
60, 0, 208.12566087646846, 19.578899598960465, 31.87433912353153, 50.75776277212678, -1, -1, -1, -1
61, 0, 207.3341621010348, 19.271170696522944, 32.665837898965194, 51.07032414878685, -1, -1, -1, -1
62, 0, 206.54266332560113, 18.963441794085423, 33.45733667439886, 51.38288552544692, -1, -1, -1, -1
63, 0, 205.75116455016746, 18.6557128916479, 34.24883544983252, 51.695446902106994, -1, -1, -1, -1
64, 0, 204.9596657747338, 18.347983989210384, 35.04033422526618, 52.008008278767065, -1, -1, -1, -1
65, 0, 204.16816699930013, 18.040255086772863, 35.831833000699845, 52.32056965542714, -1, -1, -1, -1
66, 0, 203.37666822387501, 17.980886463297754, 36.62333177612484, 52.38477075313972, -1, -1, -1, -1
67, 0, 202.5851694484499, 17.921517839822645, 37.41483055154985, 52.44897185085229, -1, -1, -1, -1
68, 0, 201.7936706730248, 17.862149216347536, 38.20632932697485, 52.513172948564865, -1, -1, -1, -1
69, 0, 201.00217189759968, 17.802780592872427, 38.99782810239985, 52.57737404627744, -1, -1, -1, -1
70, 0, 200.21067312217457, 17.743411969397318, 39.78932687782485, 52.64157514399001, -1, -1, -1, -1
71, 0, 199.41917434674946, 17.68404334592221, 40.58082565324985, 52.70577624170259, -1, -1, -1, -1
72, 0, 198.62767557132435, 17.6246747224471, 41.37232442867486, 52.76997733941516, -1, -1, -1, -1
73, 0, 197.83617679589926, 17.56530609897199, 42.163823204099856, 52.83417843712773, -1, -1, -1, -1
74, 0, 197.04467802046875, 17.49063483969352, 42.9553219795304, 52.91368217063229, -1, -1, -1, -1
75, 0, 196.25317924503824, 17.415963580415045, 43.74682075496095, 52.99318590413685, -1, -1, -1, -1
76, 0, 195.46168046960773, 17.341292321136574, 44.5383195303915, 53.0726896376414, -1, -1, -1, -1
77, 0, 194.67018169417722, 17.266621061858103, 45.329818305822045, 53.15219337114596, -1, -1, -1, -1
78, 0, 193.8786829187467, 17.191949802579632, 46.12131708125259, 53.23169710465052, -1, -1, -1, -1
79, 0, 193.0871841433162, 17.11727854330116, 46.91281585668314, 53.311200838155074, -1, -1, -1, -1
80, 0, 192.29568536788568, 17.042607284022687, 47.704314632113686, 53.39070457165963, -1, -1, -1, -1
81, 0, 191.50418659245517, 16.967936024744215, 48.49581340754423, 53.47020830516419, -1, -1, -1, -1
82, 0, 190.7126878170247, 16.893264765465744, 49.28731218297477, 53.54971203866875, -1, -1, -1, -1
83, 0, 189.92118904159418, 16.81859350618727, 50.07881095840532, 53.62921577217331, -1, -1, -1, -1
84, 0, 189.12969026616366, 16.7439222469088, 50.87030973383587, 53.70871950567786, -1, -1, -1, -1
85, 0, 188.33819149073315, 16.669250987630328, 51.66180850926641, 53.78822323918242, -1, -1, -1, -1
86, 0, 187.54669271530264, 16.594579728351853, 52.45330728469695, 53.86772697268698, -1, -1, -1, -1
87, 0, 186.75519393987213, 16.519908469073382, 53.244806060127495, 53.94723070619153, -1, -1, -1, -1
88, 0, 185.96369516444162, 16.44523720979491, 54.03630483555804, 54.02673443969609, -1, -1, -1, -1
89, 0, 185.1721963890111, 16.370565950516436, 54.82780361098858, 54.10623817320065, -1, -1, -1, -1
90, 0, 184.3806976135806, 16.295894691237965, 55.61930238641913, 54.18574190670521, -1, -1, -1, -1
91, 0, 183.58919883815008, 16.221223431959494, 56.410801161849676, 54.26524564020977, -1, -1, -1, -1
92, 0, 182.79770006271957, 16.14655217268102, 57.20229993728022, 54.34474937371433, -1, -1, -1, -1
93, 0, 182.00620128728906, 16.07188091340255, 57.99379871271077, 54.42425310721889, -1, -1, -1, -1
94, 0, 181.21470251185855, 15.997209654124077, 58.78529748814132, 54.50375684072345, -1, -1, -1, -1
95, 0, 180.42320373642804, 15.922538394845605, 59.576796263571865, 54.58326057422801, -1, -1, -1, -1
96, 0, 179.63170496099752, 15.847867135567132, 60.36829503900241, 54.66276430773256, -1, -1, -1, -1
97, 0, 178.840206185567, 15.77319587628866, 61.15979381443296, 54.74226804123712, -1, -1, -1, -1
98, 0, 177.9869293078056, 15.735916789396171, 62.013070692194376, 54.79611561119293, -1, -1, -1, -1
99, 0, 177.13365243004418, 15.698637702503682, 62.866347569955785, 54.84996318114875, -1, -1, -1, -1
100, 0, 176.28037555228275, 15.661358615611192, 63.719624447717194, 54.90381075110457, -1, -1, -1, -1
101, 0, 175.42709867452135, 15.624079528718704, 64.57290132547861, 54.95765832106039, -1, -1, -1, -1
102, 0, 174.57382179675994, 15.586800441826217, 65.42617820324003, 55.01150589101621, -1, -1, -1, -1
103, 0, 173.72054491899854, 15.549521354933727, 66.27945508100143, 55.06535346097203, -1, -1, -1, -1
104, 0, 172.86726804123714, 15.512242268041238, 67.13273195876285, 55.11920103092784, -1, -1, -1, -1
105, 0, 172.0139911634757, 15.474963181148748, 67.98600883652426, 55.17304860088366, -1, -1, -1, -1
106, 0, 171.16071428571428, 15.437684094256259, 68.83928571428568, 55.22689617083948, -1, -1, -1, -1
107, 0, 170.30743740795288, 15.400405007363771, 69.6925625920471, 55.280743740795295, -1, -1, -1, -1
108, 0, 169.45416053019147, 15.363125920471283, 70.5458394698085, 55.33459131075111, -1, -1, -1, -1
109, 0, 168.60088365243007, 15.325846833578794, 71.39911634756992, 55.38843888070693, -1, -1, -1, -1
110, 0, 167.74760677466867, 15.288567746686304, 72.25239322533133, 55.44228645066275, -1, -1, -1, -1
111, 0, 166.89432989690724, 15.251288659793815, 73.10567010309273, 55.49613402061856, -1, -1, -1, -1
112, 0, 166.0410530191458, 15.214009572901325, 73.95894698085415, 55.549981590574376, -1, -1, -1, -1
113, 0, 165.1877761413844, 15.176730486008838, 74.81222385861557, 55.603829160530196, -1, -1, -1, -1
114, 0, 164.334499263623, 15.13945139911635, 75.66550073637698, 55.65767673048602, -1, -1, -1, -1
115, 0, 163.48122238586157, 15.10217231222386, 76.5187776141384, 55.71152430044183, -1, -1, -1, -1
116, 0, 162.62794550810014, 15.064893225331371, 77.37205449189982, 55.765371870397644, -1, -1, -1, -1
117, 0, 161.77466863033874, 15.027614138438881, 78.22533136966123, 55.819219440353464, -1, -1, -1, -1
118, 0, 160.92139175257734, 14.990335051546392, 79.07860824742265, 55.873067010309285, -1, -1, -1, -1
119, 0, 160.0681148748159, 14.953055964653903, 79.93188512518407, 55.926914580265105, -1, -1, -1, -1
120, 0, 159.21483799705447, 14.915776877761413, 80.78516200294548, 55.980762150220926, -1, -1, -1, -1
121, 0, 158.36156111929307, 14.878497790868925, 81.6384388807069, 56.03460972017674, -1, -1, -1, -1
122, 0, 157.50828424153167, 14.841218703976438, 82.49171575846832, 56.08845729013255, -1, -1, -1, -1
123, 0, 156.65500736377024, 14.803939617083948, 83.34499263622973, 56.14230486008837, -1, -1, -1, -1
124, 0, 155.8017304860088, 14.766660530191459, 84.19826951399115, 56.19615243004419, -1, -1, -1, -1
125, 0, 154.9484536082474, 14.72938144329897, 85.05154639175257, 56.25, -1, -1, -1, -1
126, 0, 154.095176730486, 14.69210235640648, 85.90482326951398, 56.30384756995582, -1, -1, -1, -1
127, 0, 153.2418998527246, 14.654823269513992, 86.7581001472754, 56.357695139911634, -1, -1, -1, -1
128, 0, 152.3886229749632, 14.617544182621504, 87.61137702503682, 56.41154270986745, -1, -1, -1, -1
129, 0, 151.53534609720177, 14.580265095729015, 88.46465390279823, 56.46539027982327, -1, -1, -1, -1
130, 0, 150.68206921944034, 14.542986008836525, 89.31793078055965, 56.51923784977909, -1, -1, -1, -1
131, 0, 149.82879234167893, 14.505706921944036, 90.17120765832107, 56.57308541973491, -1, -1, -1, -1
132, 0, 148.97551546391753, 14.468427835051546, 91.02448453608247, 56.62693298969073, -1, -1, -1, -1
133, 0, 148.12223858615613, 14.431148748159059, 91.87776141384388, 56.68078055964654, -1, -1, -1, -1
134, 0, 147.26896170839473, 14.39386966126657, 92.7310382916053, 56.734628129602356, -1, -1, -1, -1
135, 0, 146.4156848306333, 14.356590574374081, 93.5843151693667, 56.78847569955818, -1, -1, -1, -1
136, 0, 145.56240795287187, 14.319311487481592, 94.43759204712812, 56.842323269514, -1, -1, -1, -1
137, 0, 144.70913107511046, 14.282032400589102, 95.29086892488954, 56.89617083946982, -1, -1, -1, -1
138, 0, 143.85585419734906, 14.244753313696613, 96.14414580265095, 56.95001840942564, -1, -1, -1, -1
139, 0, 143.00257731958763, 14.207474226804125, 96.99742268041237, 57.00386597938145, -1, -1, -1, -1
140, 0, 142.1493004418262, 14.170195139911637, 97.85069955817377, 57.057713549337265, -1, -1, -1, -1
141, 0, 141.2960235640648, 14.132916053019148, 98.70397643593519, 57.111561119293086, -1, -1, -1, -1
142, 0, 140.4427466863034, 14.095636966126659, 99.5572533136966, 57.1654086892489, -1, -1, -1, -1
143, 0, 139.589469808542, 14.058357879234169, 100.41053019145801, 57.21925625920471, -1, -1, -1, -1
144, 0, 138.7361929307806, 14.02107879234168, 101.26380706921942, 57.27310382916053, -1, -1, -1, -1
145, 0, 137.88291605301916, 13.983799705449192, 102.11708394698084, 57.326951399116346, -1, -1, -1, -1
146, 0, 137.02963917525773, 13.946520618556704, 102.97036082474224, 57.38079896907216, -1, -1, -1, -1
147, 0, 136.17636229749633, 13.909241531664215, 103.82363770250366, 57.43464653902798, -1, -1, -1, -1
148, 0, 135.32308541973492, 13.871962444771725, 104.67691458026508, 57.4884941089838, -1, -1, -1, -1
149, 0, 134.46980854197352, 13.834683357879236, 105.53019145802648, 57.54234167893962, -1, -1, -1, -1
150, 0, 133.61653166421212, 13.797404270986746, 106.3834683357879, 57.59618924889544, -1, -1, -1, -1
151, 0, 132.7632547864507, 13.760125184094257, 107.23674521354931, 57.650036818851255, -1, -1, -1, -1
152, 0, 131.90997790868926, 13.722846097201767, 108.09002209131071, 57.70388438880707, -1, -1, -1, -1
153, 0, 131.05670103092785, 13.68556701030928, 108.94329896907213, 57.75773195876289, -1, -1, -1, -1
154, 0, 130.15786082474486, 13.656572164946201, 109.84213917525511, 57.75524690175896, -1, -1, -1, -1
155, 0, 129.25902061856186, 13.627577319583121, 110.74097938143811, 57.75276184475503, -1, -1, -1, -1
156, 0, 128.3601804123789, 13.598582474220041, 111.6398195876211, 57.7502767877511, -1, -1, -1, -1
157, 0, 127.4613402061959, 13.569587628856961, 112.53865979380409, 57.74779173074717, -1, -1, -1, -1
158, 0, 126.5625000000129, 13.540592783493882, 113.43749999998707, 57.74530667374324, -1, -1, -1, -1
159, 0, 125.66365979382991, 13.511597938130802, 114.33634020617006, 57.742821616739306, -1, -1, -1, -1
160, 0, 124.76481958764691, 13.482603092767722, 115.23518041235306, 57.740336559735375, -1, -1, -1, -1
161, 0, 123.86597938146393, 13.453608247404642, 116.13402061853604, 57.737851502731445, -1, -1, -1, -1
162, 0, 122.96713917528095, 13.424613402041562, 117.03286082471902, 57.735366445727514, -1, -1, -1, -1
163, 0, 122.06829896909795, 13.395618556678482, 117.93170103090202, 57.732881388723584, -1, -1, -1, -1
164, 0, 121.16945876291496, 13.366623711315402, 118.830541237085, 57.730396331719646, -1, -1, -1, -1
165, 0, 120.27061855673196, 13.337628865952322, 119.72938144326798, 57.727911274715716, -1, -1, -1, -1
166, 0, 119.37177835054896, 13.308634020589242, 120.62822164945098, 57.725426217711785, -1, -1, -1, -1
167, 0, 118.47293814436598, 13.279639175226162, 121.52706185563396, 57.72294116070785, -1, -1, -1, -1
168, 0, 117.574097938183, 13.250644329863082, 122.42590206181694, 57.72045610370392, -1, -1, -1, -1
169, 0, 116.675257732, 13.221649484500004, 123.32474226799994, 57.71797104669999, -1, -1, -1, -1
170, 0, 115.77641752580928, 13.192654639143697, 124.102829085662, 57.71548598969804, -1, -1, -1, -1
171, 0, 114.87757731961855, 13.163659793787389, 124.88091590332405, 57.71300093269609, -1, -1, -1, -1
172, 0, 113.97873711342783, 13.13466494843108, 125.65900272098611, 57.71051587569414, -1, -1, -1, -1
173, 0, 113.0798969072371, 13.105670103074774, 126.43708953864818, 57.708030818692194, -1, -1, -1, -1
174, 0, 112.18105670104637, 13.076675257718467, 127.21517635631025, 57.705545761690246, -1, -1, -1, -1
175, 0, 111.28221649485565, 13.047680412362158, 127.99326317397231, 57.7030607046883, -1, -1, -1, -1
176, 0, 110.38337628866492, 13.01868556700585, 128.77134999163437, 57.70057564768635, -1, -1, -1, -1
177, 0, 109.48453608247418, 12.989690721649543, 129.54943680929642, 57.69809059068441, -1, -1, -1, -1
178, 0, 108.57119845360859, 12.978817654639144, 129.67139046455267, 57.68452506438089, -1, -1, -1, -1
179, 0, 107.65786082474298, 12.967944587628747, 129.79334411980892, 57.67095953807737, -1, -1, -1, -1
180, 0, 106.74452319587739, 12.95707152061835, 129.91529777506514, 57.657394011773846, -1, -1, -1, -1
181, 0, 105.8311855670118, 12.946198453607952, 130.0372514303214, 57.64382848547032, -1, -1, -1, -1
182, 0, 104.91784793814621, 12.935325386597555, 130.15920508557764, 57.6302629591668, -1, -1, -1, -1
183, 0, 104.00451030928062, 12.924452319587157, 130.28115874083386, 57.61669743286328, -1, -1, -1, -1
184, 0, 103.09117268041501, 12.91357925257676, 130.4031123960901, 57.60313190655977, -1, -1, -1, -1
185, 0, 102.17783505154942, 12.902706185566363, 130.52506605134636, 57.589566380256244, -1, -1, -1, -1
186, 0, 101.26449742268383, 12.891833118555965, 130.6470197066026, 57.57600085395272, -1, -1, -1, -1
187, 0, 100.35115979381823, 12.880960051545568, 130.76897336185885, 57.562435327649204, -1, -1, -1, -1
188, 0, 99.43782216495264, 12.87008698453517, 130.89092701711508, 57.54886980134569, -1, -1, -1, -1
189, 0, 98.52448453608704, 12.859213917524771, 131.01288067237132, 57.535304275042165, -1, -1, -1, -1
190, 0, 97.61114690722145, 12.848340850514372, 131.13483432762757, 57.52173874873864, -1, -1, -1, -1
191, 0, 96.69780927835586, 12.837467783503975, 131.2567879828838, 57.508173222435126, -1, -1, -1, -1
192, 0, 95.78447164949026, 12.826594716493577, 131.37874163814004, 57.49460769613161, -1, -1, -1, -1
193, 0, 94.87113402062467, 12.81572164948318, 131.5006952933963, 57.481042169828086, -1, -1, -1, -1
194, 0, 93.95779639175908, 12.804848582472783, 131.62264894865254, 57.46747664352456, -1, -1, -1, -1
195, 0, 93.04445876289347, 12.793975515462385, 131.7446026039088, 57.45391111722105, -1, -1, -1, -1
196, 0, 92.13112113402788, 12.783102448451988, 131.866556259165, 57.44034559091753, -1, -1, -1, -1
197, 0, 91.21778350516229, 12.77222938144159, 131.98850991442126, 57.42678006461401, -1, -1, -1, -1
198, 0, 90.3044458762967, 12.761356314431193, 132.1104635696775, 57.413214538310484, -1, -1, -1, -1
199, 0, 89.3911082474311, 12.750483247420796, 132.23241722493373, 57.39964901200696, -1, -1, -1, -1
200, 0, 88.4777706185655, 12.739610180410398, 132.35437088018998, 57.38608348570344, -1, -1, -1, -1
201, 0, 87.56443298969991, 12.7287371134, 132.47632453544622, 57.37251795939992, -1, -1, -1, -1
202, 0, 86.6510953608337, 12.717864046389739, 132.47041955203656, 57.358952433095325, -1, -1, -1, -1
203, 0, 85.73775773196749, 12.70699097937948, 132.4645145686269, 57.345386906790736, -1, -1, -1, -1
204, 0, 84.82442010310128, 12.696117912369221, 132.45860958521723, 57.33182138048615, -1, -1, -1, -1
205, 0, 83.91108247423506, 12.685244845358962, 132.45270460180757, 57.31825585418155, -1, -1, -1, -1
206, 0, 82.99774484536884, 12.674371778348704, 132.4467996183979, 57.304690327876955, -1, -1, -1, -1
207, 0, 82.08440721650263, 12.663498711338443, 132.44089463498824, 57.291124801572366, -1, -1, -1, -1
208, 0, 81.17106958763641, 12.652625644328182, 132.43498965157858, 57.27755927526778, -1, -1, -1, -1
209, 0, 80.2577319587702, 12.641752577317924, 132.42908466816894, 57.26399374896318, -1, -1, -1, -1
210, 0, 79.34439432990398, 12.630879510307665, 132.42317968475928, 57.250428222658584, -1, -1, -1, -1
211, 0, 78.43105670103776, 12.620006443297406, 132.4172747013496, 57.236862696353995, -1, -1, -1, -1
212, 0, 77.51771907217156, 12.609133376287147, 132.41136971793995, 57.223297170049406, -1, -1, -1, -1
213, 0, 76.60438144330534, 12.598260309276887, 132.40546473453028, 57.20973164374482, -1, -1, -1, -1
214, 0, 75.69104381443913, 12.587387242266626, 132.39955975112062, 57.19616611744023, -1, -1, -1, -1
215, 0, 74.77770618557292, 12.576514175256367, 132.39365476771096, 57.18260059113564, -1, -1, -1, -1
216, 0, 73.86436855670671, 12.565641108246108, 132.3877497843013, 57.16903506483105, -1, -1, -1, -1
217, 0, 72.95103092784049, 12.55476804123585, 132.38184480089163, 57.15546953852646, -1, -1, -1, -1
218, 0, 72.03769329897428, 12.54389497422559, 132.37593981748196, 57.14190401222187, -1, -1, -1, -1
219, 0, 71.12435567010806, 12.53302190721533, 132.3700348340723, 57.128338485917276, -1, -1, -1, -1
220, 0, 70.21101804124186, 12.52214884020507, 132.36412985066264, 57.11477295961268, -1, -1, -1, -1
221, 0, 69.29768041237564, 12.51127577319481, 132.35822486725297, 57.10120743330809, -1, -1, -1, -1
222, 0, 68.38434278350942, 12.500402706184552, 132.3523198838433, 57.0876419070035, -1, -1, -1, -1
223, 0, 67.47100515464322, 12.489529639174293, 132.34641490043364, 57.074076380698905, -1, -1, -1, -1
224, 0, 66.557667525777, 12.478656572164034, 132.34050991702398, 57.06051085439431, -1, -1, -1, -1
225, 0, 65.64432989691079, 12.467783505153774, 132.33460493361432, 57.04694532808972, -1, -1, -1, -1
226, 0, 64.73099226804457, 12.456910438143513, 132.32869995020468, 57.03337980178513, -1, -1, -1, -1
227, 0, 63.81765463917836, 12.446037371133254, 132.32279496679502, 57.01981427548054, -1, -1, -1, -1
228, 0, 62.90431701031214, 12.435164304122996, 132.31688998338535, 57.00624874917595, -1, -1, -1, -1
229, 0, 61.99097938144593, 12.424291237112737, 132.3109849999757, 56.992683222871364, -1, -1, -1, -1
230, 0, 61.07764175257972, 12.413418170102478, 132.30508001656602, 56.979117696566774, -1, -1, -1, -1
231, 0, 60.16430412371351, 12.40254510309222, 132.29917503315636, 56.965552170262185, -1, -1, -1, -1
232, 0, 59.25096649484729, 12.39167203608196, 132.2932700497467, 56.951986643957596, -1, -1, -1, -1
233, 0, 58.337628865981074, 12.3807989690717, 132.28736506633703, 56.938421117653, -1, -1, -1, -1
234, 0, 57.42429123711486, 12.36992590206144, 132.28146008292737, 56.924855591348404, -1, -1, -1, -1
235, 0, 56.51095360824865, 12.35905283505118, 132.2755550995177, 56.911290065043815, -1, -1, -1, -1
236, 0, 55.59761597938244, 12.348179768040922, 132.26965011610804, 56.897724538739226, -1, -1, -1, -1
237, 0, 54.68427835051622, 12.337306701030663, 132.26374513269838, 56.88415901243464, -1, -1, -1, -1
238, 0, 53.77094072165001, 12.326433634020404, 132.2578401492887, 56.87059348613005, -1, -1, -1, -1
239, 0, 52.85760309278379, 12.315560567010143, 132.25193516587905, 56.85702795982545, -1, -1, -1, -1
240, 0, 51.944265463917574, 12.304687499999883, 132.24603018246938, 56.843462433520855, -1, -1, -1, -1
241, 0, 51.030927835051365, 12.293814432989624, 132.24012519905972, 56.829896907216266, -1, -1, -1, -1
242, 0, 50.177650957289956, 12.30209867452129, 132.14857657160965, 56.84232326951377, -1, -1, -1, -1
243, 0, 49.32437407952854, 12.310382916052955, 132.05702794415959, 56.854749631811266, -1, -1, -1, -1
244, 0, 48.47109720176713, 12.31866715758462, 131.9654793167095, 56.86717599410876, -1, -1, -1, -1
245, 0, 47.61782032400572, 12.326951399116286, 131.87393068925942, 56.87960235640627, -1, -1, -1, -1
246, 0, 46.76454344624431, 12.335235640647952, 131.78238206180936, 56.89202871870377, -1, -1, -1, -1
247, 0, 45.9112665684829, 12.343519882179617, 131.69083343435926, 56.90445508100127, -1, -1, -1, -1
248, 0, 45.05798969072149, 12.351804123711283, 131.5992848069092, 56.91688144329876, -1, -1, -1, -1
249, 0, 44.20471281296008, 12.360088365242948, 131.50773617945913, 56.92930780559627, -1, -1, -1, -1
250, 0, 43.35143593519867, 12.368372606774614, 131.41618755200906, 56.94173416789377, -1, -1, -1, -1
251, 0, 42.49815905743726, 12.376656848306279, 131.324638924559, 56.95416053019127, -1, -1, -1, -1
252, 0, 41.64488217967585, 12.384941089837945, 131.2330902971089, 56.96658689248876, -1, -1, -1, -1
253, 0, 40.79160530191444, 12.39322533136961, 131.14154166965884, 56.97901325478627, -1, -1, -1, -1
254, 0, 39.93832842415303, 12.401509572901276, 131.04999304220877, 56.99143961708377, -1, -1, -1, -1
255, 0, 39.08505154639161, 12.409793814432941, 130.95844441475867, 57.00386597938127, -1, -1, -1, -1
256, 0, 38.2317746686302, 12.418078055964607, 130.8668957873086, 57.01629234167876, -1, -1, -1, -1
257, 0, 37.37849779086879, 12.42636229749627, 130.77534715985854, 57.02871870397627, -1, -1, -1, -1
258, 0, 36.52522091310738, 12.434646539027936, 130.68379853240847, 57.04114506627377, -1, -1, -1, -1
259, 0, 35.67194403534597, 12.442930780559601, 130.5922499049584, 57.05357142857127, -1, -1, -1, -1
260, 0, 34.818667157584564, 12.451215022091267, 130.50070127750834, 57.065997790868764, -1, -1, -1, -1
261, 0, 33.965390279823154, 12.459499263622932, 130.40915265005827, 57.07842415316627, -1, -1, -1, -1
262, 0, 33.112113402061745, 12.467783505154598, 130.3176040226082, 57.09085051546377, -1, -1, -1, -1
263, 0, 32.258836524300335, 12.476067746686264, 130.22605539515814, 57.10327687776127, -1, -1, -1, -1
264, 0, 31.405559646538922, 12.484351988217929, 130.13450676770807, 57.115703240058764, -1, -1, -1, -1
265, 0, 30.55228276877751, 12.492636229749595, 130.042958140258, 57.12812960235627, -1, -1, -1, -1
266, 0, 29.6990058910161, 12.500920471281258, 129.95140951280794, 57.14055596465377, -1, -1, -1, -1
267, 0, 28.84572901325469, 12.509204712812924, 129.85986088535788, 57.152982326951275, -1, -1, -1, -1
268, 0, 27.99245213549328, 12.51748895434459, 129.76831225790778, 57.16540868924878, -1, -1, -1, -1
269, 0, 27.139175257731868, 12.525773195876255, 129.6767636304577, 57.177835051546275, -1, -1, -1, -1
270, 0, 26.285898379970455, 12.53405743740792, 129.58521500300765, 57.19026141384377, -1, -1, -1, -1
271, 0, 25.432621502209045, 12.542341678939586, 129.49366637555755, 57.202687776141275, -1, -1, -1, -1
272, 0, 24.579344624447636, 12.550625920471251, 129.4021177481075, 57.21511413843878, -1, -1, -1, -1
273, 0, 23.726067746686226, 12.558910162002917, 129.31056912065742, 57.22754050073628, -1, -1, -1, -1
274, 0, 22.872790868924817, 12.567194403534582, 129.21902049320735, 57.239966863033786, -1, -1, -1, -1
275, 0, 22.019513991163407, 12.575478645066248, 129.1274718657573, 57.25239322533128, -1, -1, -1, -1
276, 0, 21.166237113401998, 12.583762886597913, 129.0359232383072, 57.26481958762878, -1, -1, -1, -1
277, 0, 20.312960235640585, 12.592047128129579, 128.94437461085712, 57.27724594992628, -1, -1, -1, -1
278, 0, 19.45968335787917, 12.600331369661244, 128.85282598340706, 57.289672312223786, -1, -1, -1, -1
279, 0, 18.606406480117762, 12.60861561119291, 128.76127735595696, 57.30209867452128, -1, -1, -1, -1
280, 0, 17.753129602356353, 12.616899852724575, 128.6697287285069, 57.31452503681878, -1, -1, -1, -1
281, 0, 16.899852724594943, 12.625184094256241, 128.57818010105683, 57.32695139911628, -1, -1, -1, -1
282, 0, 16.046575846833534, 12.633468335787907, 128.48663147360676, 57.339377761413786, -1, -1, -1, -1
283, 0, 15.19329896907212, 12.641752577319572, 128.3950828461567, 57.35180412371128, -1, -1, -1, -1
284, 0, 14.34002209131071, 12.650036818851238, 128.30353421870663, 57.36423048600878, -1, -1, -1, -1
285, 0, 13.486745213549298, 12.658321060382903, 128.21198559125656, 57.37665684830628, -1, -1, -1, -1
286, 0, 12.633468335787887, 12.666605301914569, 128.1204369638065, 57.389083210603786, -1, -1, -1, -1
287, 0, 11.780191458026476, 12.674889543446234, 128.02888833635643, 57.40150957290128, -1, -1, -1, -1
288, 0, 10.926914580265064, 12.6831737849779, 127.93733970890635, 57.41393593519878, -1, -1, -1, -1
289, 0, 10.073637702503653, 12.691458026509563, 127.84579108145627, 57.42636229749628, -1, -1, -1, -1
290, 0, 9.220360824742244, 12.699742268041229, 127.7542424540062, 57.43878865979379, -1, -1, -1, -1
291, 0, 8.367083946980832, 12.708026509572894, 127.66269382655612, 57.45121502209128, -1, -1, -1, -1
292, 0, 7.513807069219422, 12.71631075110456, 127.57114519910604, 57.46364138438878, -1, -1, -1, -1
293, 0, 6.660530191458012, 12.724594992636225, 127.47959657165597, 57.47606774668628, -1, -1, -1, -1
294, 0, 5.807253313696601, 12.732879234167891, 127.38804794420591, 57.48849410898379, -1, -1, -1, -1
295, 0, 4.953976435935191, 12.741163475699556, 127.29649931675583, 57.50092047128129, -1, -1, -1, -1
296, 0, 4.1006995581737815, 12.749447717231222, 127.20495068930575, 57.513346833578794, -1, -1, -1, -1
297, 0, 3.247422680412371, 12.757731958762887, 127.11340206185568, 57.52577319587629, -1, -1, -1, -1
298, 0, 2.841494845360825, 12.837467783505023, 126.57699742267367, 57.43153994845423, -1, -1, -1, -1
299, 0, 2.4355670103092786, 12.917203608247156, 126.04059278349166, 57.33730670103216, -1, -1, -1, -1
300, 0, 2.0296391752577323, 12.996939432989292, 125.50418814430967, 57.243073453610094, -1, -1, -1, -1
301, 0, 1.6237113402061856, 13.076675257731427, 124.96778350512766, 57.148840206188034, -1, -1, -1, -1
302, 0, 1.2177835051546393, 13.156411082473563, 124.43137886594565, 57.05460695876597, -1, -1, -1, -1
303, 0, 0.8118556701030928, 13.236146907215698, 123.89497422676365, 56.960373711343905, -1, -1, -1, -1
304, 0, 0.4059278350515464, 13.315882731957831, 123.35856958758164, 56.86614046392184, -1, -1, -1, -1
305, 0, 0.0, 13.395618556699967, 122.82216494839963, 56.77190721649978, -1, -1, -1, -1
306, 0, 0.0, 13.47535438143747, 121.87983247417468, 56.6776739690748, -1, -1, -1, -1
307, 0, 0.0, 13.555090206174974, 120.93749999994972, 56.583440721649836, -1, -1, -1, -1
308, 0, 0.0, 13.634826030912478, 119.99516752572477, 56.48920747422486, -1, -1, -1, -1
309, 0, 0.0, 13.714561855649983, 119.05283505149981, 56.39497422679989, -1, -1, -1, -1
310, 0, 0.0, 13.794297680387487, 118.11050257727486, 56.300740979374915, -1, -1, -1, -1
311, 0, 0.0, 13.874033505124991, 117.1681701030499, 56.20650773194994, -1, -1, -1, -1
312, 0, 0.0, 13.953769329862496, 116.22583762882496, 56.112274484524974, -1, -1, -1, -1
313, 0, 0.0, 14.0335051546, 115.28350515460001, 56.0180412371, -1, -1, -1, -1
314, 0, 0.0, 14.113240979344717, 114.34117268037565, 55.92380798967815, -1, -1, -1, -1
315, 0, 0.0, 14.192976804089433, 113.3988402061513, 55.82957474225631, -1, -1, -1, -1
316, 0, 0.0, 14.27271262883415, 112.45650773192695, 55.73534149483447, -1, -1, -1, -1
317, 0, 0.0, 14.352448453578866, 111.51417525770259, 55.64110824741263, -1, -1, -1, -1
318, 0, 0.0, 14.432184278323582, 110.57184278347823, 55.54687499999079, -1, -1, -1, -1
319, 0, 0.0, 14.511920103068299, 109.62951030925387, 55.45264175256895, -1, -1, -1, -1
320, 0, 0.0, 14.591655927813015, 108.68717783502952, 55.35840850514711, -1, -1, -1, -1
321, 0, 0.0, 14.671391752557732, 107.74484536080516, 55.26417525772526, -1, -1, -1, -1
322, 0, 0.0, 14.751127577302448, 106.8025128865808, 55.169942010303416, -1, -1, -1, -1
323, 0, 0.0, 14.830863402047164, 105.86018041235644, 55.075708762881575, -1, -1, -1, -1
324, 0, 0.0, 14.91059922679188, 104.91784793813208, 54.981475515459735, -1, -1, -1, -1
325, 0, 0.0, 14.990335051536597, 103.97551546390773, 54.887242268037895, -1, -1, -1, -1
326, 0, 0.0, 15.070070876281314, 103.03318298968337, 54.793009020616054, -1, -1, -1, -1
327, 0, 0.0, 15.14980670102603, 102.09085051545901, 54.69877577319421, -1, -1, -1, -1
328, 0, 0.0, 15.229542525770746, 101.14851804123467, 54.60454252577236, -1, -1, -1, -1
329, 0, 0.0, 15.309278350515465, 100.20618556701031, 54.51030927835052, -1, -1, -1, -1
330, 0, 0.0, 15.337169524590873, 99.35912187039762, 54.456523022392886, -1, -1, -1, -1
331, 0, 0.0, 15.36506069866628, 98.51205817378494, 54.40273676643526, -1, -1, -1, -1
332, 0, 0.0, 15.392951872741689, 97.66499447717226, 54.348950510477636, -1, -1, -1, -1
333, 0, 0.0, 15.420843046817097, 96.81793078055956, 54.29516425452, -1, -1, -1, -1
334, 0, 0.0, 15.448734220892506, 95.97086708394687, 54.24137799856238, -1, -1, -1, -1
335, 0, 0.0, 15.476625394967915, 95.12380338733419, 54.18759174260475, -1, -1, -1, -1
336, 0, 0.0, 15.504516569043323, 94.27673969072151, 54.13380548664712, -1, -1, -1, -1
337, 0, 0.0, 15.532407743118732, 93.42967599410882, 54.080019230689494, -1, -1, -1, -1
338, 0, 0.0, 15.56029891719414, 92.58261229749613, 54.02623297473187, -1, -1, -1, -1
339, 0, 0.0, 15.58819009126955, 91.73554860088345, 53.972446718774236, -1, -1, -1, -1
340, 0, 0.0, 15.616081265344958, 90.88848490427077, 53.918660462816604, -1, -1, -1, -1
341, 0, 0.0, 15.643972439420367, 90.04142120765809, 53.86487420685898, -1, -1, -1, -1
342, 0, 0.0, 15.671863613495775, 89.19435751104541, 53.81108795090135, -1, -1, -1, -1
343, 0, 0.0, 15.699754787571184, 88.34729381443272, 53.75730169494372, -1, -1, -1, -1
344, 0, 0.0, 15.72764596164659, 87.50023011782002, 53.70351543898609, -1, -1, -1, -1
345, 0, 0.0, 15.755537135722, 86.65316642120735, 53.64972918302846, -1, -1, -1, -1
346, 0, 0.0, 15.783428309797408, 85.80610272459467, 53.59594292707084, -1, -1, -1, -1
347, 0, 0.0, 15.811319483872815, 84.95903902798197, 53.542156671113204, -1, -1, -1, -1
348, 0, 0.0, 15.839210657948223, 84.11197533136928, 53.48837041515558, -1, -1, -1, -1
349, 0, 0.0, 15.867101832023632, 83.2649116347566, 53.434584159197954, -1, -1, -1, -1
350, 0, 0.0, 15.89499300609904, 82.41784793814392, 53.38079790324032, -1, -1, -1, -1
351, 0, 0.0, 15.92288418017445, 81.57078424153123, 53.327011647282696, -1, -1, -1, -1
352, 0, 0.0, 15.950775354249858, 80.72372054491854, 53.27322539132507, -1, -1, -1, -1
353, 0, 0.0, 15.978666528325267, 79.87665684830586, 53.21943913536744, -1, -1, -1, -1
354, 0, 0.0, 16.006557702400677, 79.02959315169318, 53.165652879409805, -1, -1, -1, -1
355, 0, 0.0, 16.034448876476084, 78.18252945508048, 53.11186662345217, -1, -1, -1, -1
356, 0, 0.0, 16.06234005055149, 77.33546575846779, 53.05808036749454, -1, -1, -1, -1
357, 0, 0.0, 16.090231224626898, 76.48840206185511, 53.004294111536915, -1, -1, -1, -1
358, 0, 0.0, 16.118122398702305, 75.64133836524243, 52.95050785557929, -1, -1, -1, -1
359, 0, 0.0, 16.146013572777715, 74.79427466862975, 52.89672159962166, -1, -1, -1, -1
360, 0, 0.0, 16.173904746853125, 73.94721097201707, 52.842935343664024, -1, -1, -1, -1
361, 0, 0.0, 16.201795920928532, 73.10014727540438, 52.78914908770639, -1, -1, -1, -1
362, 0, 0.0, 16.22968709500394, 72.25308357879169, 52.73536283174876, -1, -1, -1, -1
363, 0, 0.0, 16.25757826907935, 71.40601988217901, 52.681576575791134, -1, -1, -1, -1
364, 0, 0.0, 16.28546944315476, 70.55895618556633, 52.62779031983351, -1, -1, -1, -1
365, 0, 0.0, 16.313360617230167, 69.71189248895364, 52.574004063875876, -1, -1, -1, -1
366, 0, 0.0, 16.341251791305574, 68.86482879234094, 52.52021780791824, -1, -1, -1, -1
367, 0, 0.0, 16.369142965380984, 68.01776509572827, 52.46643155196062, -1, -1, -1, -1
368, 0, 0.0, 16.397034139456395, 67.17070139911559, 52.41264529600299, -1, -1, -1, -1
369, 0, 0.0, 16.4249253135318, 66.3236377025029, 52.35885904004536, -1, -1, -1, -1
370, 0, 0.0, 16.45281648760721, 65.4765740058902, 52.30507278408773, -1, -1, -1, -1
371, 0, 0.0, 16.48070766168262, 64.62951030927752, 52.2512865281301, -1, -1, -1, -1
372, 0, 0.0, 16.50859883575803, 63.782446612664835, 52.197500272172476, -1, -1, -1, -1
373, 0, 0.0, 16.536490009833436, 62.93538291605215, 52.143714016214844, -1, -1, -1, -1
374, 0, 0.0, 16.564381183908843, 62.08831921943946, 52.08992776025721, -1, -1, -1, -1
375, 0, 0.0, 16.592272357984253, 61.241255522826776, 52.036141504299586, -1, -1, -1, -1
376, 0, 0.0, 16.620163532059664, 60.3941918262141, 51.98235524834196, -1, -1, -1, -1
377, 0, 0.0, 16.64805470613507, 59.54712812960141, 51.92856899238433, -1, -1, -1, -1
378, 0, 0.0, 16.675945880210477, 58.700064432988725, 51.874782736426695, -1, -1, -1, -1
379, 0, 0.0, 16.703837054285888, 57.853000736376046, 51.82099648046907, -1, -1, -1, -1
380, 0, 0.0, 16.7317282283613, 57.00593703976336, 51.767210224511444, -1, -1, -1, -1
381, 0, 0.0, 16.759619402436705, 56.158873343150674, 51.71342396855381, -1, -1, -1, -1
382, 0, 0.0, 16.787510576512112, 55.31180964653799, 51.65963771259619, -1, -1, -1, -1
383, 0, 0.0, 16.81540175058752, 54.4647459499253, 51.60585145663856, -1, -1, -1, -1
384, 0, 0.0, 16.843292924662926, 53.617682253312616, 51.55206520068093, -1, -1, -1, -1
385, 0, 0.0, 16.871184098738336, 52.77061855669993, 51.4982789447233, -1, -1, -1, -1
386, 0, 0.0, 16.992941880810662, 51.92355486008743, 51.419015718742486, -1, -1, -1, -1
387, 0, 0.0, 17.114699662882984, 51.07649116347493, 51.33975249276166, -1, -1, -1, -1
388, 0, 0.0, 17.236457444955306, 50.229427466862425, 51.260489266780844, -1, -1, -1, -1
389, 0, 0.0, 17.35821522702763, 49.382363770249924, 51.18122604080003, -1, -1, -1, -1
390, 0, 0.0, 17.479973009099957, 48.53530007363742, 51.10196281481921, -1, -1, -1, -1
391, 0, 0.0, 17.60173079117228, 47.68823637702492, 51.02269958883839, -1, -1, -1, -1
392, 0, 0.0, 17.7234885732446, 46.84117268041242, 50.943436362857575, -1, -1, -1, -1
393, 0, 0.0, 17.845246355316927, 45.99410898379992, 50.86417313687676, -1, -1, -1, -1
394, 0, 0.0, 17.967004137389253, 45.14704528718742, 50.78490991089594, -1, -1, -1, -1
395, 0, 0.0, 18.088761919461575, 44.299981590574916, 50.70564668491512, -1, -1, -1, -1
396, 0, 0.0, 18.210519701533897, 43.452917893962415, 50.6263834589343, -1, -1, -1, -1
397, 0, 0.0, 18.332277483606223, 42.60585419734991, 50.54712023295348, -1, -1, -1, -1
398, 0, 0.0, 18.45403526567855, 41.75879050073741, 50.467857006972665, -1, -1, -1, -1
399, 0, 0.0, 18.57579304775087, 40.91172680412491, 50.38859378099184, -1, -1, -1, -1
400, 0, 0.0, 18.697550829823193, 40.064663107512416, 50.30933055501102, -1, -1, -1, -1
401, 0, 0.0, 18.81930861189552, 39.217599410899915, 50.230067329030206, -1, -1, -1, -1
402, 0, 0.0, 18.941066393967844, 38.37053571428741, 50.15080410304939, -1, -1, -1, -1
403, 0, 0.0, 19.062824176040166, 37.52347201767491, 50.07154087706857, -1, -1, -1, -1
404, 0, 0.0, 19.18458195811249, 36.67640832106241, 49.992277651087754, -1, -1, -1, -1
405, 0, 0.0, 19.306339740184814, 35.82934462444991, 49.91301442510694, -1, -1, -1, -1
406, 0, 0.0, 19.42809752225714, 34.98228092783741, 49.83375119912612, -1, -1, -1, -1
407, 0, 0.0, 19.549855304329462, 34.13521723122491, 49.7544879731453, -1, -1, -1, -1
408, 0, 0.0, 19.671613086401784, 33.288153534612405, 49.675224747164485, -1, -1, -1, -1
409, 0, 0.0, 19.79337086847411, 32.441089837999904, 49.59596152118367, -1, -1, -1, -1
410, 0, 0.0, 19.837028056983392, 31.59402614138739, 49.303399561743305, -1, -1, -1, -1
411, 0, 0.0, 19.88068524549267, 30.746962444774873, 49.01083760230294, -1, -1, -1, -1
412, 0, 0.0, 19.92434243400195, 29.899898748162357, 48.71827564286258, -1, -1, -1, -1
413, 0, 0.0, 19.967999622511233, 29.05283505154984, 48.42571368342222, -1, -1, -1, -1
414, 0, 0.0, 20.011656811020515, 28.205771354937326, 48.133151723981854, -1, -1, -1, -1
415, 0, 0.0, 20.055313999529794, 27.35870765832481, 47.84058976454149, -1, -1, -1, -1
416, 0, 0.0, 20.098971188039073, 26.511643961712295, 47.54802780510113, -1, -1, -1, -1
417, 0, 0.0, 20.142628376548355, 25.664580265099783, 47.255465845660765, -1, -1, -1, -1
418, 0, 0.0, 20.186285565057638, 24.81751656848727, 46.9629038862204, -1, -1, -1, -1
419, 0, 0.0, 20.229942753566917, 23.970452871874755, 46.67034192678004, -1, -1, -1, -1
420, 0, 0.0, 20.273599942076196, 23.12338917526224, 46.37777996733968, -1, -1, -1, -1
421, 0, 0.0, 20.317257130585478, 22.276325478649724, 46.085218007899314, -1, -1, -1, -1
422, 0, 0.0, 20.36091431909476, 21.42926178203721, 45.79265604845895, -1, -1, -1, -1
423, 0, 0.0, 20.40457150760404, 20.582198085424693, 45.50009408901859, -1, -1, -1, -1
424, 0, 0.0, 20.44822869611332, 19.735134388812178, 45.207532129578226, -1, -1, -1, -1
425, 0, 0.0, 20.4918858846226, 18.888070692199662, 44.91497017013786, -1, -1, -1, -1
426, 0, 0.0, 20.535543073131883, 18.041006995587146, 44.6224082106975, -1, -1, -1, -1
427, 0, 0.0, 20.579200261641162, 17.19394329897463, 44.32984625125714, -1, -1, -1, -1
428, 0, 0.0, 20.62285745015044, 16.346879602362115, 44.037284291816775, -1, -1, -1, -1
429, 0, 0.0, 20.666514638659724, 15.499815905749603, 43.74472233237641, -1, -1, -1, -1
430, 0, 0.0, 20.710171827169006, 14.652752209137088, 43.45216037293605, -1, -1, -1, -1
431, 0, 0.0, 20.753829015678285, 13.805688512524572, 43.15959841349569, -1, -1, -1, -1
432, 0, 0.0, 20.797486204187564, 12.958624815912057, 42.867036454055324, -1, -1, -1, -1
433, 0, 0.0, 20.841143392696846, 12.111561119299543, 42.57447449461497, -1, -1, -1, -1
434, 0, 0.0, 21.367443767578813, 11.26449742268607, 40.09416002814892, -1, -1, -1, -1
435, 0, 0.0, 21.89374414246078, 10.417433726072595, 37.61384556168288, -1, -1, -1, -1
436, 0, 0.0, 22.420044517342745, 9.570370029459122, 35.13353109521683, -1, -1, -1, -1
437, 0, 0.0, 22.94634489222471, 8.723306332845649, 32.65321662875078, -1, -1, -1, -1
438, 0, 0.0, 23.472645267106678, 7.876242636232175, 30.172902162284736, -1, -1, -1, -1
439, 0, 0.0, 23.998945641988644, 7.029178939618701, 27.69258769581869, -1, -1, -1, -1
440, 0, 0.0, 24.52524601687061, 6.182115243005227, 25.212273229352647, -1, -1, -1, -1
441, 0, 0.0, 25.051546391752577, 5.335051546391753, 22.7319587628866, -1, -1, -1, -1
442, 0, 0.0, 25.051546391752577, 5.335051546391753, 22.7319587628866, -1, -1, -1, -1
443, 0, 0.0, 25.051546391752577, 5.335051546391753, 22.7319587628866, -1, -1, -1, -1
444, 0, 0.0, 25.051546391752577, 5.335051546391753, 22.7319587628866, -1, -1, -1, -1
445, 0, 0.0, 25.051546391752577, 5.335051546391753, 22.7319587628866, -1, -1, -1, -1
446, 0, 0.0, 25.051546391752577, 5.335051546391753, 22.7319587628866, -1, -1, -1, -1
447, 0, 0.0, 25.051546391752577, 5.335051546391753, 22.7319587628866, -1, -1, -1, -1
448, 0, 0.0, 25.051546391752577, 5.335051546391753, 22.7319587628866, -1, -1, -1, -1
